32.4718
30.0036
29.1244
29.1244
28.2072
27.746
27.0128
26.7911
26.4669
25.8883
24.0674
23.3183
23.2899
22.3222
22.3222
20.5181
19.9982
19.9982
19.8668
19.8668
19.8668
19.5941
19.5941
19.5941
19.2295
19.1441
18.9934
18.9934
18.9934
17.4839
16.3853
16.3853
16.3853
16.1588
16.1588
16.0308
16.0308
15.8857
15.8857
15.7576
15.5949
15.3318
15.0327
14.8824
14.8824
14.7543
14.7543
14.7543
14.7543
14.7114
14.7114
13.9119
13.9119
13.9119
13.9119
13.9119
13.9119
13.8974
13.754
13.6307
13.6131
13.4899
13.4899
13.4899
13.303
12.2119
12.2119
12.1888
11.1009
11.1009
10.7977
10.7977
10.76
10.76
10.76
10.76
10.76
10.76
10.76
10.76
10.76
10.561
10.561
9.80867
9.80867
9.80867
9.80867
9.79908
9.79908
9.79908
9.79908
9.79908
9.79908
9.79908
9.79908
9.79908
9.79908
9.79908
9.79908
9.78545
9.78545
9.55331
9.53968
9.40643
9.3928
9.3928
9.3928
9.3928
9.3928
9.3928
9.3928
9.3928
9.3928
9.38965
9.38761
9.38761
9.37584
8.82463
8.82463
8.95453
8.95453
8.95453
8.95453
8.95453
8.95453
8.95453
8.95453
8.95453
8.95453
8.95453
8.95453
8.95453
8.95453
8.2927
8.0078
8.0078
8.0078
7.87539
7.87539
7.87539
7.87539
7.87539
7.87539
7.87539
7.87539
7.87539
7.87539
7.87539
7.87539
7.87539
7.87539
7.87539
7.82045
7.82045
7.82045
7.82045
7.82045
7.82045
7.82045
7.82045
7.82045
7.82045
7.73285
7.73285
7.73285
7.73285
7.46534
7.46534
7.46534
7.46534
7.46534
7.46534
7.46534
7.46534
7.42868
7.42868
7.42868
7.42868
7.42868
7.42868
7.42868
7.42868
7.42868
7.42868
7.42868
7.42868
7.42868
7.42868
7.42868
7.42868
7.42868
7.42868
7.42868
7.42868
7.42868
7.42868
7.42868
7.42868
7.42868
7.42868
7.42868
7.42868
7.42868
7.42868
7.42868
7.42868
7.42868
7.42868
7.42868
7.42865
7.42865
7.42865
7.42865
7.42865
7.42865
7.42865
7.42865
7.42865
7.42865
7.26884
7.26884
7.26884
7.26884
7.26884
7.26884
7.26884
7.21455
7.21455
7.21455
7.21455
7.21455
7.21455
7.21455
7.21455
7.21455
7.21455
7.21455
7.21455
7.21455
7.21455
7.21455
7.21455
7.21455
7.21455
7.21455
7.21455
7.21455
7.21455
7.21455
7.21455
7.21455
7.21455
7.21455
7.21455
7.21455
7.21455
7.21455
7.21455
7.21455
7.21455
7.21455
7.21455
7.21455
7.21455
7.21455
7.21455
7.21455
6.67979
6.67979
6.67979
6.67979
6.67979
6.67979
6.67979
6.67979
6.67979
6.67979
6.67979
6.67979
6.67979
6.67979
6.67979
6.67979
6.67979
6.48425
6.48425
6.48425
6.48425
6.48425
6.48425
6.48425
6.48425
6.48425
6.48425
6.48425
6.48425
6.48425
6.48425
6.48425
6.48425
6.48425
6.48425
6.48425
6.48425
6.48425
6.48425
6.48425
6.29333
6.29333
6.29333
6.29333
6.29333
6.29333
6.29333
6.29333
6.29333
6.29333
6.29333
6.29333
6.29333
6.29333
6.29333
6.29333
6.29333
6.29333
6.29333
6.29333
6.29333
6.29333
6.29333
6.29333
6.29333
6.29333
6.29333
6.29333
6.29333
6.29333
6.29333
6.29333
6.29333
6.29333
6.29333
6.29333
6.29333
6.29333
6.29333
6.29333
6.29333
6.29333
6.29333
6.29333
6.29333
6.29333
6.29333
6.29333
6.29333
6.29333
6.29333
6.29333
6.29333
6.29333
6.29333
6.29333
6.29333
6.29333
6.29333
6.29333
6.29333
6.29333
6.29333
6.29333
6.29333
6.29333
6.29333
6.29333
6.29333
6.29333
6.29333
6.29333
6.29333
6.29333
6.29333
6.29333
6.29333
6.29333
6.29333
6.29333
6.29333
6.29333
6.29333
6.29333
6.29333
6.29333
6.29333
6.29333
6.29333
6.29333
6.29333
6.29333
6.29333
6.29333
6.29333
6.29333
6.29333
6.29333
6.29333
6.29333
6.29333
6.29333
6.29333
6.29333
6.29333
6.29333
6.29333
6.29333
6.29333
6.29333
6.20232
6.20232
6.20232
6.20232
6.20232
6.20232
6.20232
6.20232
6.20232
6.20232
6.20232
6.20232
6.20232
6.20232
6.20232
6.20232
6.20232
6.20232
6.20232
6.20232
6.20232
6.20232
6.20232
6.20232
6.20232
6.20232
6.20232
6.20232
6.20232
6.20232
6.20232
6.20232
6.20232
6.20232
6.20232
6.20232
6.20232
6.20232
6.20232
6.20232
6.20232
6.20232
6.20232
6.20232
6.20232
6.20232
6.20232
6.20232
6.20232
6.20232
6.20232
6.20232
6.20232
6.20232
6.20232
6.20232
6.20232
6.20232
6.20232
6.20232
6.20232
6.20232
6.20232
6.20232
6.20232
6.20232
6.20232
6.20232
6.20232
6.20232
6.20232
6.20232
6.20232
6.20232
6.20232
6.20232
6.20232
6.20232
6.20232
6.20232
6.20232
6.20232
6.20232
6.20232
6.20232
6.20232
6.20232
6.20232
6.20232
6.20232
6.20232
6.20232
6.20232
6.20232
6.20232
6.20232
6.20232
6.20232
6.20232
6.20232
6.20232
6.20232
6.20232
6.20232
6.20232
6.20232
6.20232
6.20232
6.20232
6.20232
6.20232
6.20232
6.20232
6.20232
6.20232
6.20232
6.20232
6.20232
6.20232
6.20232
6.20232
6.20232
6.20232
6.20232
6.20232
6.20232
6.20232
6.20232
6.20232
6.20232
6.20232
6.20232
6.20232
6.20232
6.20232
6.20232
6.20232
6.20232
6.20232
6.20232
6.20232
6.20232
6.20232
6.20232
6.20232
6.20232
6.20232
6.20232
6.20232
6.20232
6.20232
6.20232
6.20232
6.20232
6.20232
6.20232
6.20232
6.20232
6.20232
6.20232
6.20232
6.20232
6.20232
6.20232
6.20232
6.20232
6.20232
6.20232
6.20232
6.20232
6.20232
6.20232
6.20232
6.20232
6.20232
6.20232
6.20232
6.20232
6.20232
6.20232
6.20232
6.20232
6.20232
6.20232
6.20232
6.20232
6.20232
6.20232
6.20232
6.20232
6.20232
6.20232
6.20232
6.20232
6.20232
6.20232
6.20232
6.20232
6.20232
6.20232
6.20232
6.20232
6.20232
6.20232
6.20232
6.20232
6.20232
6.20232
6.20232
6.20232
6.20232
6.20232
6.20232
6.20232
6.20232
6.20232
6.20232
6.20232
6.20232
6.20232
6.20232
6.20232
6.20232
6.20232
6.20232
6.20232
6.20232
6.20232
6.20232
6.20232
6.20232
6.20232
6.20232
6.20232
6.20232
6.20232
6.20232
6.20232
6.20232
6.20232
6.20232
6.20232
6.20232
6.20232
6.20232
6.20232
6.20232
6.20232
6.20232
6.20232
6.20232
6.20232
6.20232
6.20232
6.20232
6.20232
6.20232
6.20232
6.20232
6.20232
6.20232
6.20232
6.20232
6.20232
6.20232
6.20232
6.20232
6.20232
6.20232
6.20232
6.20232
6.20232
6.20232
6.20232
6.20232
6.20232
6.20232
6.20232
6.20232
6.20232
6.20232
6.20232
6.20232
6.20232
6.20232
6.20232
6.20232
6.20232
6.20232
6.20232
6.20232
6.20232
6.20232
6.20232
6.20232
6.20232
6.20232
6.20232
6.20232
6.20232
6.20232
6.20232
6.20232
6.20232
6.20232
6.20232
6.20232
6.20232
6.20232
6.20232
6.20232
6.20232
6.20232
6.20232
6.20232
6.20232
6.20232
6.20232
6.20232
6.20232
6.20232
6.20232
6.20232
6.20232
6.20232
6.20232
6.20232
6.20232
6.20232
6.20232
6.20232
6.20232
6.20232
6.20232
6.20232
6.20232
6.20232
6.20232
6.20232
6.20232
6.20232
6.20232
6.20232
6.20232
6.20232
6.20232
6.20232
6.20232
6.20232
6.20232
6.20232
6.20232
6.20232
6.20232
6.20232
6.20232
6.20232
6.20232
6.20232
6.20232
6.20232
6.20232
6.20232
6.20232
6.20232
6.20232
6.20232
6.20232
6.20232
6.20232
6.20232
6.20232
6.20232
6.20232
6.20232
6.20232
6.20232
6.20232
6.20232
6.20232
6.20232
6.20232
6.20232
6.20232
6.20232
6.20232
6.20232
6.20232
6.20232
6.20232
6.20232
6.20232
6.20232
6.20232
6.20232
6.20232
6.20232
6.20232
6.20232
6.20232
6.20232
6.20232
6.20232
6.20232
6.20232
6.20232
6.20232
6.20232
6.20232
6.20232
6.20232
6.20232
6.20232
6.20232
6.20232
6.20232
6.20232
6.20232
6.20232
6.20232
6.20232
6.20232
6.20232
6.20232
6.20232
6.20232
6.20232
6.20232
6.20232
6.20232
6.20232
6.20232
6.20232
6.20232
6.20232
6.20232
6.20232
6.20232
6.20232
6.20232
6.20232
6.20232
6.20232
6.20232
6.20232
6.20232
6.20232
6.20232
6.20232
6.20232
6.20232
6.20232
6.20232
6.20232
6.20232
6.20232
6.20232
6.20232
6.20232
6.20232
6.20232
6.20232
6.20232
6.20232
6.20232
6.20232
6.20232
6.20232
6.20232
6.20232
6.20232
6.20232
6.20232
6.20232
6.20232
6.20232
6.20232
6.20232
6.20232
6.20232
6.20232
6.20232
6.20232
6.20232
6.20232
6.20232
6.20232
6.20232
6.20232
6.20232
6.20232
6.20232
6.20232
6.20232
6.20232
6.20232
6.20232
6.20232
6.20232
6.20232
6.20232
6.20232
6.20232
6.20232
6.20232
6.20232
6.20232
6.20232
6.20232
6.20232
6.20232
6.20232
6.20232
6.20232
6.20232
6.20232
6.20232
6.20232
6.20232
6.20232
6.20232
6.20232
6.20232
6.20232
6.20232
6.20232
6.20232
6.20232
6.20232
6.20232
6.20232
6.20232
6.20232
6.20232
6.20232
6.20232
6.20232
6.20232
6.20232
6.20232
6.20232
6.20232
6.20232
6.20232
6.20232
6.20232
6.20232
6.20232
6.20232
6.20232
6.20232
6.20232
6.20232
6.20232
6.20232
6.20232
6.20232
6.20232
6.20232
6.20232
6.20232
6.20232
6.20232
6.20232
6.20232
6.20232
6.20232
6.20232
6.20232
6.20232
6.20232
6.20232
6.20232
6.20232
6.20232
6.20232
6.20232
6.20232
6.20232
6.20232
6.20232
6.20232
6.20232
