13.51
12.7898
12.4033
12.1878
12.1508
12.0738
11.6475
11.6069
11.4535
10.7934
10.7934
10.662
10.7602
10.5051
10.4476
10.4843
10.4843
10.1894
10.1537
9.8807
9.71095
9.40957
9.19962
9.19962
8.94113
8.94113
8.94113
8.92207
8.92207
8.823
8.92207
8.92207
8.92207
8.92207
8.83163
8.69764
8.69489
8.52954
8.35589
8.35589
8.35589
7.96507
7.96507
7.82142
7.82142
7.82142
7.81828
7.81828
7.81828
7.7367
7.7367
7.71693
7.71179
7.71114
7.71114
7.71114
7.71114
7.53985
7.48717
7.48717
7.48717
7.48717
7.48717
7.48717
6.96198
6.96198
6.96198
6.96198
6.47638
6.47638
6.47638
6.47638
6.47638
6.47638
6.47638
6.43505
6.32492
6.32492
6.32492
6.32492
6.32492
6.32492
6.32492
6.32492
6.32492
6.32492
6.32492
6.32492
6.32492
6.32492
6.32492
6.32492
6.32492
6.32492
6.32492
6.32492
6.32492
6.32492
6.32492
6.32492
6.32492
6.32492
6.32492
6.32214
6.32214
6.32214
6.32214
6.27418
6.23004
6.23004
6.23004
6.10542
6.10542
6.10542
6.10542
6.10542
6.10542
6.10542
6.10542
6.04974
6.04974
6.04974
6.04974
6.04974
6.04974
6.04974
6.04974
6.04974
6.04974
6.04974
6.04974
6.04974
6.04974
6.04974
6.04974
6.04974
6.04974
6.04974
6.04974
6.04974
6.04974
6.04974
6.04974
6.04974
6.04974
6.04974
6.04974
6.04974
6.04974
6.04974
6.04974
6.04974
5.89749
5.89749
5.89749
5.89749
5.89749
5.89749
5.89749
5.89749
5.89749
5.89749
5.89749
5.89749
5.89749
5.89749
5.74776
5.74776
5.74776
5.74776
5.74776
5.74776
5.74776
5.74776
5.74776
5.74776
5.74589
5.74589
5.74589
5.74589
5.74589
5.701
5.701
5.701
5.701
5.701
5.701
5.67267
5.67267
5.6214
5.6214
5.6214
5.6214
5.6214
5.6214
5.6214
5.6214
5.54346
5.54346
5.54346
5.54346
5.54346
5.54346
5.54346
5.54346
5.54346
5.54346
5.54346
5.54346
5.54346
5.54346
5.54346
5.54346
5.54346
5.54346
5.54346
5.54346
5.54346
5.54346
5.54346
5.54346
5.54346
5.54346
5.54346
5.54346
5.54346
5.54346
5.54346
5.54346
5.54346
5.54346
5.54346
5.54346
5.54346
5.54346
5.54346
5.54346
5.54346
5.54346
5.54346
5.54346
5.54346
5.54346
5.54346
5.54346
5.53904
5.53195
5.53195
5.45164
5.45164
5.45164
5.44722
5.44722
5.4019
5.4019
5.31008
5.31008
5.31008
5.31008
5.31008
5.31008
5.31008
5.31008
5.31008
5.31008
5.31008
5.31008
5.31008
5.31008
5.31008
5.31008
5.31008
5.31008
5.31008
5.31008
5.31008
5.31008
5.31008
5.31008
5.31008
5.31008
5.31008
5.31008
5.31008
5.31008
5.31008
5.31008
5.31008
5.31008
5.31008
5.31008
5.31008
5.31008
5.31008
5.31008
5.31008
5.31008
5.31008
5.31008
5.31008
5.31008
5.31008
5.31008
5.31008
5.31008
5.31008
5.31008
5.31008
5.31008
5.31008
5.31008
5.31008
5.31008
5.31008
5.31008
5.31008
5.31008
5.31008
5.31008
5.31008
5.31008
5.31008
5.31008
5.31008
5.31008
5.31008
5.31008
5.30525
5.30525
5.30525
5.30525
5.30525
5.30525
5.30525
5.30525
5.30525
5.30525
5.30525
5.30525
5.30525
5.30525
5.30525
5.30525
5.30525
5.30525
5.30525
5.30525
5.30525
5.30525
5.30525
5.30525
5.30525
5.30525
5.30525
5.30525
5.30525
5.30525
5.30525
5.30525
5.30525
5.30525
5.30525
5.30525
5.30525
5.30525
5.30525
5.30525
5.30525
5.30525
5.30525
5.30525
5.30525
5.30525
5.30525
5.30525
5.30525
5.30525
5.30525
5.30525
5.30525
5.30525
5.30525
5.30525
5.30525
5.30525
5.30525
5.30525
5.30525
5.30525
5.30525
5.30525
5.30525
5.30525
5.30525
5.30525
5.30525
5.30525
5.30525
5.30525
5.30525
5.30525
5.30525
5.30525
5.30525
5.30525
5.30525
5.30525
5.30525
5.30525
5.30525
5.30525
5.30525
5.30525
5.30525
5.30525
5.30525
5.30525
5.30525
5.30525
5.30525
5.30525
5.30525
5.30525
5.30525
5.30525
5.30525
5.30525
5.30525
5.30525
5.30525
5.30525
5.30525
5.30525
5.30525
5.30525
5.30525
5.30525
5.30525
5.30525
5.30525
5.30525
5.30525
5.30525
5.30525
5.30525
5.30525
5.30525
5.30525
5.30525
5.30525
5.30525
5.30525
5.30525
5.30525
5.30525
5.30525
5.30525
5.30525
5.30525
5.30525
5.30525
5.30525
5.30525
5.30525
5.30525
5.30525
5.30525
5.30525
5.30525
5.30525
5.30525
5.30525
5.30525
5.30525
5.30525
5.30525
5.30525
5.30525
5.30525
5.30525
5.30525
5.30525
5.30525
5.30525
5.30525
5.30525
5.30525
5.30525
5.30525
5.30525
5.30525
5.30525
5.30525
5.30525
5.30525
5.30525
5.30525
5.30525
5.30525
5.30525
5.30525
5.30525
5.30525
5.30525
5.30525
5.30525
5.30525
5.30525
5.30525
5.30525
5.30525
5.30525
5.30525
5.30525
5.30525
5.30525
5.30525
5.30525
5.30525
5.30525
5.30525
5.30525
5.30525
5.30525
5.30525
5.30525
5.30525
5.30525
5.30525
5.30525
5.30525
5.30525
5.30525
5.30525
5.30525
5.30525
5.30525
5.30525
5.30525
5.30525
5.30525
5.30525
5.30525
5.30525
5.30525
5.30525
5.30525
5.30525
5.30525
5.30525
5.30525
5.30525
5.30525
5.30525
5.30525
5.30525
5.30525
5.30525
5.30525
5.30525
5.30525
5.30525
5.30525
5.30525
5.30525
5.30525
5.30525
5.30525
5.30525
5.30525
5.30525
5.30525
5.30525
5.30525
5.30525
5.30525
5.30525
5.30525
5.30525
5.30525
5.30525
5.30525
5.30525
5.30525
5.30525
5.30525
5.30525
5.30525
5.30525
5.30525
5.30525
5.30525
5.30525
5.30525
5.30525
5.30525
5.30525
5.30525
5.30525
5.30525
5.30525
5.30525
5.30525
5.30525
5.30525
5.30525
5.30525
5.30525
5.30525
5.30525
5.30525
5.30525
5.30525
5.30525
5.30525
5.30525
5.30525
5.30525
5.30525
5.30525
5.30525
5.30525
5.30525
5.30525
5.30525
5.30525
5.30525
5.30525
5.30525
5.30525
5.30525
5.30525
5.30525
5.30525
5.30525
5.30525
5.30525
5.30525
5.30525
5.30525
5.30525
5.30525
5.30525
5.30525
5.30525
5.30525
5.30525
5.30525
5.30525
5.30525
5.30525
5.30525
5.30525
5.30525
5.30525
5.30525
5.30525
5.30525
5.30525
5.30525
5.30525
5.30525
5.30525
5.30525
5.30525
5.30525
5.30525
5.30525
5.30525
5.30525
5.30525
5.30525
5.30525
5.24326
5.24326
5.24326
5.24326
5.24326
5.24326
5.24326
5.24326
5.20808
5.13812
5.13812
5.13812
5.13812
5.13812
5.12927
5.12927
5.11148
5.11148
5.11148
5.11148
5.11148
5.11148
5.11148
5.11148
5.11148
5.11148
5.11148
5.11148
5.11148
5.11148
5.11148
5.11148
5.11148
5.11148
5.11148
5.11148
5.11148
5.11148
5.11148
5.0409
5.0409
5.0409
5.0409
5.0409
5.0409
5.0409
5.0409
5.0409
5.0409
5.0409
5.0409
5.0409
5.0409
5.0409
5.0409
5.0409
5.0409
5.0409
5.0409
5.0409
5.0409
5.0409
5.0409
5.0409
5.0409
5.0409
5.0409
5.0409
5.0409
5.0409
5.0409
5.0409
5.0409
5.0409
5.0409
5.0409
5.0409
5.0409
5.0409
5.0409
5.0409
5.0409
5.0409
5.0409
5.0409
5.0409
5.0409
5.0409
5.0409
5.0409
5.0409
5.0409
5.0409
5.0409
5.0409
5.0409
5.0409
5.0409
5.0409
5.0409
5.0409
5.0409
5.0409
5.0409
5.0409
5.0409
5.0409
5.0409
5.0409
5.0409
5.0409
5.0409
5.0409
5.0409
5.0409
5.0409
5.0409
5.0409
5.0409
5.0409
5.0409
5.0409
5.0409
5.0409
5.0409
5.0409
5.0409
5.0409
5.0409
5.0409
5.0409
5.0409
5.0409
5.0409
5.0409
5.0409
5.0409
5.0409
5.0409
5.0409
5.0409
5.0409
5.0409
5.0409
5.0409
5.0409
5.0409
5.0409
5.0409
5.0409
5.0409
5.0409
5.0409
5.0409
5.0409
5.0409
5.0409
5.0409
5.0409
5.0409
5.0409
5.0409
5.0409
5.0409
5.0409
5.0409
5.0409
5.0409
5.0409
5.0409
5.0409
5.0409
5.0409
5.0409
5.0409
5.0409
5.0409
5.0409
5.0409
5.0409
5.0409
5.0409
5.0409
5.0409
5.0409
5.0409
5.0409
5.0409
5.0409
5.0409
5.0409
5.0409
5.0409
5.0409
5.0409
5.0409
5.0409
5.0409
5.0409
5.0409
5.0409
5.0409
5.0409
5.0409
5.0409
5.0409
5.0409
5.0409
5.0409
5.0409
5.0409
5.0409
5.0409
5.0409
5.0409
5.0409
5.0409
5.0409
5.0409
5.0409
5.0409
5.0409
5.0409
5.0409
5.0409
5.0409
5.0409
5.0409
5.0409
5.0409
5.0409
5.0409
5.0409
5.0409
5.0409
5.0409
5.0409
5.0409
5.0409
5.0409
5.0409
5.0409
5.0409
5.0409
5.0409
5.0409
5.0409
5.0409
5.0409
5.0409
5.0409
5.0409
5.0409
5.0409
5.0409
5.0409
5.0409
5.0409
5.0409
5.0409
5.0409
5.0409
5.0409
5.0409
5.0409
5.0409
5.0409
5.0409
5.0409
5.0409
5.0409
5.0409
5.0409
5.0409
5.0409
5.0409
5.0409
5.0409
5.0409
5.0409
5.0409
5.0409
5.0409
5.0409
5.0409
5.0409
5.0409
5.0409
5.0409
5.0409
5.0409
5.0409
5.0409
5.0409
5.0409
5.0409
5.0409
5.0409
5.0409
5.0409
5.0409
5.0409
5.0409
5.0409
5.0409
5.0409
5.0409
5.0409
5.0409
5.0409
5.0409
5.0409
5.0409
5.0409
5.0409
5.0409
5.0409
5.0409
5.0409
5.0409
5.0409
5.0409
5.0409
5.0409
5.0409
5.0409
5.0409
