16.8362
15.8797
15.208
14.1679
13.626
13.0951
12.775
12.6775
12.5382
12.2715
12.0663
11.8285
11.8966
11.5016
11.2849
11.1902
11.0673
11.052
10.892
10.6189
10.7549
10.6253
10.3838
10.3313
10.1527
10.0083
9.52273
9.28134
9.2081
9.38476
9.44708
9.39891
9.22897
9.29363
9.43032
9.27746
9.35003
9.27629
9.25354
9.25352
9.25241
8.96076
8.77375
8.83824
8.63265
8.41398
8.28599
8.32731
8.32325
8.30286
8.32988
8.1424
8.03931
8.29505
8.52479
8.37472
8.04817
8.26026
8.26789
8.25415
8.24386
8.25421
8.44174
8.17053
8.00782
7.94573
7.81548
7.74106
7.34195
7.34944
7.43413
7.16214
6.83215
6.72846
6.65613
6.78646
6.8398
6.79783
6.89443
7.06663
6.98877
6.62394
6.60482
6.8814
6.83283
6.73912
6.87525
6.91383
7.10012
6.96026
6.97339
6.89312
7.37117
6.97678
6.85279
7.03543
6.95368
7.08407
7.26043
7.16607
7.02511
7.19409
6.97497
6.86101
6.86635
7.06238
7.02763
6.87331
6.68852
6.74549
6.91495
6.74696
6.88099
7.11193
7.26782
7.00128
6.83864
6.85962
6.92142
6.94608
6.72689
6.61221
6.56456
6.71384
6.52232
6.51871
6.48542
6.45689
6.50224
6.86113
6.6915
6.80755
6.81143
6.82886
6.92609
7.18471
7.16964
6.75715
6.48161
6.43653
6.43991
6.06994
6.14556
6.19098
6.38894
6.34549
6.55827
6.47196
6.63639
6.44755
6.56733
6.91001
6.72914
6.69272
6.84695
6.86737
6.98251
7.3751
6.91468
6.61537
6.62602
6.77915
6.7525
6.6054
6.62735
6.3093
6.40992
6.2479
6.0619
6.07185
5.99108
5.93045
6.20435
6.24932
6.35312
6.41147
6.49222
6.27325
6.27333
6.42216
6.58946
6.81861
6.66682
6.49455
6.23046
6.31392
6.07627
6.08885
6.30082
6.27704
5.9238
6.20136
6.17315
6.07263
6.03946
6.11099
6.1368
6.29129
6.09255
6.15065
6.00611
6.02884
5.85243
5.78874
6.12525
6.02763
5.85385
5.99033
6.19255
6.04864
6.14477
6.12379
6.02158
5.81204
5.81962
6.09714
6.14273
6.0248
6.03051
6.15004
6.0839
5.92636
6.0739
5.91965
5.84908
5.76922
5.74514
5.76546
5.87962
5.73255
5.98462
5.90508
5.91218
5.79438
5.60625
5.89377
5.84628
5.70791
5.63811
5.87149
5.72473
6.05636
6.24933
5.94327
6.10424
6.01209
6.11948
5.80021
5.85365
5.95664
5.74656
6.02879
6.04732
5.78531
5.82005
5.78238
6.00944
6.26484
6.15416
6.02113
5.97625
5.88597
5.76403
5.86078
5.84292
5.85859
6.00449
5.80025
5.69229
5.59831
5.68216
5.71151
5.62053
5.73662
5.82352
5.76447
5.68435
5.72107
5.54647
5.58506
5.80264
5.58271
5.43423
5.71843
5.65474
5.90392
5.82212
5.80487
5.8293
5.92372
5.69044
5.76216
5.84621
5.71011
5.65096
5.9898
6.11151
5.90755
5.63197
5.67391
5.58882
5.624
5.62579
5.60222
5.73485
5.69708
5.82687
5.84398
5.73245
5.77518
5.90871
5.80686
5.73698
5.68626
5.73679
5.64442
5.71339
5.67691
5.92202
5.98203
5.75472
5.84381
5.9596
6.15449
6.02344
5.97216
6.09703
5.86376
5.79246
6.0111
6.02026
5.95573
5.91246
5.78092
5.66789
5.63067
5.56093
5.75997
5.87705
6.2268
5.98793
5.94822
5.8452
5.72352
5.75959
5.68076
5.88963
5.77777
5.57907
5.60809
5.5494
5.66582
5.51426
5.74657
5.54384
5.60657
5.63669
5.74577
5.66967
5.71835
5.66025
5.72069
5.67268
5.54675
5.66706
5.80026
5.6173
5.58447
5.50901
5.56265
5.52814
5.50557
5.39062
5.50092
5.55625
5.55015
6.00577
5.98028
5.78629
5.68536
5.71118
5.91266
5.99956
5.71772
5.58787
5.70873
5.68547
5.87996
5.69271
5.75951
5.61512
5.8964
5.8611
5.92427
5.99936
5.85502
5.59585
5.61559
5.63189
5.78547
5.87756
6.17171
5.85225
5.79956
5.73851
5.98783
5.77195
5.83049
5.89374
6.02201
5.94607
5.77148
5.93574
6.17085
5.99415
5.58253
5.49597
5.80329
5.7306
5.56891
5.38322
5.53577
5.40961
5.52252
5.64355
5.68936
5.69443
6.07959
5.80271
5.48986
5.72158
5.75698
5.605
5.38408
5.46689
5.60882
5.5795
5.61624
5.75679
5.49702
5.49964
5.6037
5.7744
5.85208
5.98748
5.84362
5.67001
5.7573
5.68316
5.62355
5.50012
5.62282
5.45165
5.71267
5.78197
5.72694
5.55541
5.69595
5.93337
6.10654
5.9051
5.75353
5.67646
5.76164
5.72769
5.89111
6.068
6.48212
6.58328
6.52927
6.65183
6.28784
6.13034
5.72856
6.01416
5.88542
5.86007
5.94117
5.87857
5.73327
5.73675
5.65846
5.64356
5.74902
5.56397
5.70801
5.66969
5.65419
5.62597
5.78974
5.89807
5.95637
5.91349
6.09106
5.92415
5.72895
5.74999
5.8376
5.54231
5.65069
5.76466
5.90181
6.31202
6.05265
5.83057
5.78153
5.61226
5.75286
5.8387
5.77054
5.61437
5.51977
5.66361
5.736
5.9252
5.87871
5.79756
6.03514
5.88122
5.6151
5.71886
5.86161
5.84293
5.87129
5.70474
5.62958
5.68394
5.91939
5.82933
5.72663
5.83224
5.83248
5.81318
5.70951
5.83266
5.78802
5.87321
5.92286
5.84558
5.91337
5.68398
5.80315
5.67442
5.52685
5.52567
5.55534
5.70281
5.64737
5.73689
5.97188
6.04817
5.76876
5.62017
5.64324
5.61933
5.55299
5.57623
5.53209
5.57649
5.62523
5.41821
5.6063
5.65979
5.76171
5.5898
5.5214
5.56403
5.4775
5.72502
5.78875
5.79217
5.84519
5.76907
5.87391
5.87993
5.80821
5.78577
6.00556
5.72314
5.59432
5.69379
5.63045
5.42434
5.56925
5.68579
5.82957
5.76586
5.67904
5.40568
5.40604
5.40861
5.55762
5.53103
5.56318
5.57871
5.72554
5.74685
5.89084
5.98763
5.91413
6.19635
6.26836
6.34792
6.41958
6.07047
5.94299
6.01009
5.87417
5.76693
5.96939
5.95045
6.10788
6.00051
5.81008
5.98996
5.7133
5.53799
5.78894
5.77609
5.87022
5.8608
5.99907
5.76499
5.77983
5.65076
5.59508
5.60712
5.61317
5.53658
5.46604
5.6165
5.61219
5.54519
5.5994
5.73967
5.57938
5.71164
5.62919
5.84271
5.85815
5.7296
6.00993
5.84093
5.81028
5.76766
5.88639
5.83251
5.90765
5.7158
5.65707
6.02994
5.96641
5.83111
5.78981
5.62796
5.68371
5.73445
5.72596
5.88167
5.6011
5.63263
5.73879
5.67121
5.70977
5.61369
5.64785
5.50752
5.53457
5.51475
5.59608
5.68811
5.44174
5.53996
5.53468
5.37314
5.53995
5.50768
5.62169
5.80946
5.59196
5.72256
5.78202
5.50836
5.76699
5.61516
5.60579
5.75411
6.01242
5.95788
6.05977
6.00461
5.60914
5.63979
5.63359
5.78711
5.86941
5.61812
5.44427
5.46525
5.44858
5.73739
5.87374
5.60773
5.55259
5.78809
5.6692
5.47408
5.52038
5.60058
5.62318
5.69901
5.55335
5.43664
5.45969
5.57986
5.66242
5.81325
5.7587
5.7355
5.61874
5.27603
5.25132
5.22203
5.3736
5.35883
5.24109
5.22242
5.24238
5.20774
5.3698
5.28375
5.48673
5.59967
5.38465
5.31839
5.17336
5.49765
5.33696
5.46338
5.3304
5.47483
5.51252
5.75484
5.75961
5.79225
5.69211
5.46733
5.60632
5.55854
5.55717
5.61923
5.51906
5.66715
5.57564
5.43931
5.54864
5.88936
5.78054
5.68156
5.68197
5.48297
5.62813
5.49967
5.58202
5.48484
5.57847
5.96723
6.09491
5.83636
6.04347
6.20404
6.19577
5.95446
6.17602
6.15722
5.98306
5.47631
5.49311
5.60924
5.17914
5.40941
5.45233
5.19198
5.32803
5.23031
5.55667
5.5973
5.52784
5.28708
5.37399
5.34688
5.52999
5.4265
5.25179
5.23403
5.25487
5.57535
5.38379
5.42221
5.4682
5.42607
5.5098
5.28872
5.29494
5.38594
5.53576
5.35483
5.21833
5.32548
5.38443
5.56527
5.84499
5.92963
6.1279
5.9454
6.02018
5.85759
5.91305
5.77337
5.5252
5.57277
5.60132
5.66446
5.46562
5.4801
5.45099
5.52004
5.48833
5.5124
5.71857
5.54208
5.33058
5.71023
5.84556
5.58206
5.45569
5.58353
5.76385
5.65651
5.30672
5.38304
5.74997
5.52328
5.82433
5.74459
5.90025
5.88459
5.84895
5.77801
5.62719
5.62903
5.57132
5.65894
5.77953
5.85921
5.59136
5.51918
5.96829
6.0477
5.98853
5.80553
5.7074
5.89932
6.00224
5.58255
5.56977
5.57217
5.56668
5.74983
5.65881
5.5635
5.21892
5.19088
5.11185
5.15383
5.73081
5.78471
5.76501
5.71347
5.62327
5.53573
5.41584
5.80101
5.55718
5.63636
5.57288
5.74152
5.59986
5.60166
5.66969
5.688
5.80217
5.62412
5.66642
5.43514
5.31856
5.32888
5.59797
5.59477
5.59489
5.80017
5.76155
5.69979
5.6747
5.55408
5.53708
5.6351
5.39661
5.53385
5.71375
5.6476
5.53889
5.81418
5.68933
5.84601
5.69416
5.96869
5.96824
6.05298
5.81135
5.75608
5.48406
5.61172
5.43716
5.39978
5.34837
5.2493
5.13012
5.29741
5.3737
5.56898
5.55624
5.50276
5.38884
5.54943
5.62109
5.60216
5.33086
5.37433
5.29001
5.23824
5.43218
5.28641
5.47662
5.45105
5.46182
5.49244
5.4883
5.60319
5.70334
5.74818
5.68351
6.15568
5.83923
5.54693
5.27247
5.3375
5.40946
5.47196
5.33274
5.46887
5.48319
5.29549
5.35106
5.54081
5.38229
5.38463
5.36231
5.3419
5.53304
5.64487
5.51028
5.3582
5.65737
5.56318
6.17431
5.96251
5.69757
5.73825
5.57064
5.56784
5.54456
5.59769
5.8731
5.86563
5.90595
5.73392
5.67956
5.50109
5.47706
5.46329
5.5514
5.61856
5.5924
5.30772
5.46898
5.33271
5.21608
5.27662
5.36547
