38.0939
35.4809
34.6067
32.5459
31.6818
30.6381
29.4834
29.728
28.9263
27.9061
26.8879
25.84
25.0688
24.2447
23.9462
23.3218
22.5707
22.2956
22.147
21.5038
22.1816
21.7904
21.527
21.6935
21.3915
21.2445
20.5621
19.9823
19.5526
19.8756
19.59
19.4876
18.4544
18.4945
18.4729
18.3758
18.29
17.9071
17.7794
17.4673
17.8002
16.9735
16.4681
16.5702
16.3823
16.188
16.0236
16.3971
16.8743
16.5577
16.2252
15.6034
15.2887
15.8122
16.3035
15.3074
14.6873
15.0958
15.4374
15.2313
15.3419
15.0327
15.2603
14.8587
14.9128
14.7057
14.2249
14.121
13.3402
13.0842
13.0565
12.2693
11.9812
11.7338
11.7322
11.7976
11.6789
11.4727
11.7286
12.4243
12.139
11.3041
11.8017
12.6238
12.5424
12.495
13.0082
12.4139
12.933
11.4629
11.3294
10.8868
11.4665
10.7747
10.7086
10.9919
11.413
11.2932
11.4806
11.6116
11.2563
11.7045
11.5132
10.9313
10.7648
11.3793
11.0693
10.644
10.243
10.5279
10.9771
10.5838
10.0474
10.5038
11.5592
11.604
11.0557
11.2756
11.8546
12.1987
11.566
11.1579
11.2175
11.0952
10.5267
10.6415
10.9056
10.4844
10.6244
11.4507
10.4191
9.9913
9.78619
9.62841
9.58639
10.4663
10.0306
9.40733
8.96669
8.93231
8.72733
8.0052
8.07372
8.20792
8.5535
8.61528
9.01715
8.85271
8.90211
8.62959
8.88438
10.1088
9.47207
9.72823
10.2675
10.2308
10.6084
11.6437
10.5179
10.0117
10.2198
10.1727
9.9975
9.68795
9.74851
8.68446
8.96326
8.73027
8.26855
8.3583
8.17962
8.12007
8.59486
8.97111
8.80222
8.96893
9.14571
8.67723
8.95818
9.24437
9.36576
10.1222
10.0694
9.50472
8.75538
8.85093
8.32656
8.19411
8.76146
8.91453
8.44149
9.09961
8.97135
8.88865
8.79378
8.81326
8.97006
9.19624
8.50885
8.45551
8.65019
8.89685
8.67688
8.50906
9.0614
8.77875
8.29893
8.81218
9.33827
8.72777
9.35508
9.3993
9.07427
8.33005
8.43941
9.04457
9.17199
8.89437
9.22307
9.16108
8.9222
8.65716
8.7383
8.14671
7.98084
7.7257
7.74421
7.74171
8.2139
7.89914
8.26745
8.02875
8.1583
8.04556
7.63298
8.1217
7.92373
7.65311
7.4563
7.92685
7.42746
8.49614
9.14786
8.42352
8.85967
8.19881
8.55339
7.9039
8.10177
8.3818
7.84257
8.37348
8.48985
7.57499
7.87759
7.86723
8.18185
8.7346
8.71025
8.53963
8.52903
8.22741
8.21878
8.85389
8.83071
8.8838
9.2534
8.54119
8.23345
7.88001
7.99401
7.78731
7.49156
7.7522
8.06256
8.00378
7.66169
7.88251
7.30865
7.75034
8.10474
7.37123
7.06012
7.66419
7.61976
8.3248
8.31158
8.39634
8.03192
8.32968
7.73345
7.68953
7.75203
7.34766
7.28707
8.34777
8.65014
7.75222
7.54917
7.38767
7.42395
7.01783
7.01837
6.98728
7.45606
7.3687
7.776
7.65454
7.49008
7.59431
7.71568
7.55871
7.19577
7.17454
7.18387
7.24079
7.38048
7.02726
7.64117
7.27393
7.30184
7.60812
8.05926
8.44285
8.56646
8.16474
7.93366
7.00345
7.09894
7.66319
7.90653
7.41804
7.68423
7.55687
7.3884
7.30202
7.08058
7.90719
8.20936
8.54065
8.07024
8.3514
8.29832
8.20719
8.12364
7.63952
8.20786
7.65028
7.30853
7.1496
7.14243
7.46563
7.07148
7.29828
6.95636
7.06691
7.05164
7.31965
7.22495
7.21187
7.35402
7.14635
6.99027
6.55863
6.94019
7.53584
6.93284
6.69632
6.68059
7.01673
6.90155
6.93402
6.51131
6.87174
7.20169
6.87337
8.21499
8.0687
7.74181
7.59587
7.37474
7.77141
7.90447
7.17344
7.12926
7.48734
7.44649
7.83789
7.42024
7.57552
7.29435
7.73803
7.75151
7.99449
8.15349
7.71699
7.26772
6.85292
7.06904
7.29879
7.52847
8.2645
7.70775
7.92232
7.77189
8.07721
7.46337
7.40027
7.41073
7.63022
7.5185
7.18306
7.85098
8.31791
7.8102
6.69639
6.89055
7.48859
7.37564
7.06161
6.40675
6.89405
6.75074
7.18892
7.81336
7.69798
7.54482
8.37795
7.89121
7.13489
7.57403
7.96069
7.62782
6.88483
7.2719
7.3162
7.38674
7.26877
7.29776
6.57473
6.56145
6.96742
7.3754
7.6196
8.05274
7.63273
6.98048
7.15687
7.07546
7.31214
6.81374
7.22378
6.71238
7.14282
7.54162
7.36876
6.95982
7.15325
7.85443
8.32198
8.14635
7.96571
7.92576
8.41556
7.87731
7.96822
8.0191
9.04293
9.3546
8.82324
9.16374
8.28725
8.33318
7.52234
8.16207
8.01752
7.84257
7.9678
7.65059
7.06145
7.20309
7.00252
6.71676
7.10321
6.58666
6.93125
7.10959
6.86437
6.55807
6.9803
7.36886
7.41743
7.55611
7.90439
7.58322
7.32105
7.62221
7.71749
6.87986
7.24433
7.27916
7.48682
8.7195
8.35348
7.87652
8.02586
7.42682
7.78297
7.93433
7.65487
7.25054
6.8748
7.34143
7.60725
7.98687
7.95782
7.68194
7.99861
7.6048
6.68582
6.9302
7.67286
7.65026
7.79906
7.649
7.20634
7.15914
8.02458
7.8314
7.47344
7.56574
7.82466
7.85903
7.76194
8.15717
7.94211
8.01085
8.27257
7.98725
8.14835
7.76532
7.81601
7.40336
7.00339
6.83292
6.87911
7.40609
7.25437
7.4268
8.17842
8.50784
7.22313
7.14422
7.11189
7.22272
7.0428
6.98187
6.68294
6.79847
7.0873
6.87799
7.16483
7.14227
7.45002
6.83728
6.84915
7.3031
7.09373
7.40018
7.96755
7.93466
7.94068
7.85927
7.99215
8.30366
7.89681
7.99861
8.28498
7.72491
7.09273
7.26168
6.91605
6.58222
6.86483
7.22105
7.68247
7.46848
7.26259
6.37566
6.49091
6.35905
6.85661
6.7441
6.73981
6.5827
6.93892
7.01958
7.46468
7.97327
8.03567
8.68838
9.00003
9.02522
8.90841
8.28766
7.92353
8.54149
8.20046
7.91561
8.49442
8.71785
8.8694
8.62037
8.1423
8.66763
7.47566
6.84215
7.55066
7.55868
7.77088
7.98606
8.10947
7.64094
8.08964
7.28939
7.35228
7.26502
7.3256
7.0044
6.75741
7.2463
7.47081
7.33676
7.5343
7.72669
7.03198
7.40502
7.20865
7.45188
6.95471
6.92134
7.87769
7.62272
7.4582
7.09532
7.47409
7.21578
7.79531
7.77652
7.38935
8.03543
7.72482
7.32511
7.05005
6.9352
7.28815
7.63845
7.61135
7.73283
6.98595
7.10125
7.56557
7.49655
7.37776
7.06677
7.17806
7.12069
7.13317
6.82155
7.41495
7.56277
6.88588
7.08837
7.06932
6.3464
6.81755
6.89472
7.08997
7.52377
6.99487
7.53339
7.8826
7.08641
7.95371
7.88554
7.87458
8.06098
8.62218
8.57127
8.81953
8.50214
7.49569
7.28952
7.31772
7.68105
7.7035
7.38038
7.01188
7.02823
6.97903
7.6754
7.73958
7.35417
7.41775
7.97617
7.65023
7.30206
7.36902
7.49657
7.27011
7.50504
7.2568
6.80268
6.95101
7.23376
7.76666
8.08804
8.11673
7.92841
7.40718
6.57038
6.6364
6.59137
7.19343
7.06099
6.75064
6.46748
6.5884
6.5749
7.07032
6.75385
7.74441
7.88169
7.50945
7.39936
7.00083
7.96067
7.71829
8.04504
7.63181
7.68484
7.75378
8.04893
8.05474
7.96594
7.78381
7.17651
7.57283
7.45548
7.14254
7.23651
6.81816
7.69186
7.56365
7.13513
7.44291
8.38864
7.95664
7.50747
7.54576
7.06834
7.57254
7.13528
7.4705
7.44637
7.71932
8.56999
8.61187
8.09867
8.61318
8.61119
8.4154
7.92068
8.70026
8.91755
8.95841
7.91863
7.99348
8.11944
6.85299
7.37258
7.20094
6.65589
7.27932
7.0191
7.74432
7.77895
7.77654
7.34938
7.20459
7.20405
7.38527
7.30461
6.62298
6.43143
6.59644
7.35934
6.84666
6.82254
7.14389
7.14102
7.2304
7.01337
6.7162
6.90261
7.35252
7.04127
6.71959
7.1525
6.84876
7.07145
7.24808
7.54923
7.9907
7.67995
7.66401
7.11224
7.39562
7.17896
6.74504
7.06207
7.15101
7.31448
7.1524
7.11211
7.07176
6.93773
6.7981
7.25879
7.87767
7.42805
7.00452
8.07045
7.90347
7.43433
7.21298
7.58004
7.83196
7.5253
6.49955
6.62879
7.65837
7.37497
8.00507
8.08039
8.20309
8.14445
8.03748
8.16072
7.38542
7.43708
7.27576
7.32823
7.82607
8.16965
7.58864
7.53124
8.30449
8.68185
8.60257
8.02167
7.6758
8.14479
8.02626
7.3435
7.18536
7.26242
7.55393
8.10547
7.52938
7.94958
6.75287
6.5946
6.56432
6.68803
8.1121
7.7389
7.60673
7.76
7.32097
7.11651
6.70496
7.40821
7.38557
7.90737
7.3824
7.68719
7.4336
7.2363
7.7129
7.51979
7.44662
7.39764
7.74663
7.34515
6.63367
6.72568
7.77054
7.25154
7.24239
7.77378
8.03592
7.72293
7.36345
7.04763
7.25096
7.55138
7.11835
7.48499
8.08683
7.70072
7.57567
7.88586
8.2442
8.62737
8.47281
9.30279
8.99926
9.20633
8.21979
8.06833
7.37416
7.81069
7.3171
7.15251
7.05675
6.86103
6.52983
6.88669
7.07434
7.28459
7.45182
7.33981
6.86992
7.37896
7.46522
7.48865
7.08675
6.96408
6.78328
6.59659
7.24109
6.93212
7.39545
7.55494
7.85819
7.89493
7.98833
8.46054
8.43009
8.28346
8.04624
9.30702
8.52468
7.97841
7.33508
7.02242
7.33925
7.66263
7.13959
7.60229
7.55104
7.01148
7.30802
7.84514
7.35773
7.39307
7.49835
7.17988
7.92798
8.45627
7.96084
7.16003
7.85675
7.61258
8.83011
8.54079
7.71097
7.68346
7.06114
7.2728
7.4093
7.5183
8.16276
8.3485
8.29478
7.82465
7.4865
7.04849
7.08497
7.14447
7.45059
8.16039
8.09945
7.24476
7.42876
7.01161
6.90843
7.18475
7.34262
