#     BLOCK:   ACTUAL_TE:    TE_AVE:      ERROR:
           1     1.58978     1.58978           0
           2     1.59389     1.59183  0.00145008
           3     1.59476     1.59281  0.00125301
           4     1.59541     1.59346  0.00109515
           5     1.59577     1.59392 0.000968934
           6      1.5965     1.59435 0.000897873
           7     1.59613     1.59461 0.000804742
           8     1.59617      1.5948 0.000727437
           9     1.59604     1.59494 0.000659502
          10     1.59584     1.59503 0.000599609
          11     1.59594     1.59511 0.000550799
          12     1.59606     1.59519 0.000510487
          13     1.59571     1.59523 0.000472746
          14     1.59624      1.5953 0.000444434
          15     1.59639     1.59538 0.000420636
          16     1.59614     1.59542 0.000397082
          17     1.59615     1.59547 0.000375999
          18     1.59613      1.5955 0.000356908
          19       1.596     1.59553 0.000339074
          20     1.59629     1.59557 0.000324233
          21     1.59638     1.59561 0.000311109
          22      1.5963     1.59564 0.000298583
          23     1.59687     1.59569 0.000290364
          24     1.59641     1.59572 0.000279811
          25     1.59656     1.59575 0.000270602
          26     1.59653     1.59578 0.000261815
          27     1.59653     1.59581 0.000253572
          28     1.59649     1.59584 0.000245683
          29     1.59673     1.59587 0.000239157
          30     1.59656     1.59589 0.000232289
          31      1.5969     1.59592 0.000227079
          32      1.5966     1.59594 0.000220973
          33     1.59667     1.59597 0.000215367
          34     1.59683     1.59599 0.000210534
          35     1.59675     1.59601 0.000205641
          36     1.59659     1.59603  0.00020055
          37     1.59645     1.59604 0.000195445
          38     1.59665     1.59606 0.000190949
          39     1.59699     1.59608  0.00018756
          40      1.5962     1.59608 0.000182893
          41     1.59668      1.5961 0.000179011
          42     1.59655     1.59611 0.000175074
          43     1.59672     1.59612 0.000171582
          44     1.59678     1.59614 0.000168327
          45     1.59634     1.59614 0.000164648
          46     1.59635     1.59615 0.000161131
          47     1.59661     1.59616 0.000158011
          48     1.59679     1.59617  0.00015526
          49     1.59625     1.59617   0.0001521
          50     1.59678     1.59618 0.000149544
          51     1.59698      1.5962 0.000147429
          52     1.59632      1.5962 0.000144614
          53     1.59696     1.59622 0.000142598
          54     1.59687     1.59623 0.000140465
          55     1.59657     1.59623 0.000138048
          56     1.59684     1.59624 0.000136002
          57     1.59678     1.59625 0.000133934
          58      1.5963     1.59626 0.000131628
          59     1.59661     1.59626 0.000129537
          60     1.59646     1.59626 0.000127421
          61     1.59699     1.59628  0.00012588
          62       1.597     1.59629 0.000124392
          63     1.59655     1.59629 0.000122485
          64     1.59682      1.5963 0.000120853
          65     1.59642      1.5963 0.000119008
          66     1.59621      1.5963 0.000117213
          67     1.59659     1.59631 0.000115543
          68     1.59685     1.59631 0.000114119
          69      1.5967     1.59632 0.000112599
          70     1.59648     1.59632 0.000111015
          71     1.59623     1.59632 0.000109459
          72     1.59644     1.59632 0.000107951
          73     1.59663     1.59633 0.000106555
          74     1.59677     1.59633 0.000105286
          75     1.59704     1.59634 0.000104304
          76     1.59645     1.59634 0.000102941
          77     1.59652     1.59634 0.000101629
          78     1.59654     1.59635 0.000100359
          79     1.59697     1.59636 9.93965e-05
          80     1.59659     1.59636 9.81967e-05
          81     1.59684     1.59636 9.71679e-05
          82     1.59654     1.59637 9.60062e-05
          83     1.59682     1.59637 9.50055e-05
          84     1.59653     1.59637 9.38941e-05
          85     1.59689     1.59638  9.2982e-05
          86     1.59667     1.59638 9.19632e-05
          87     1.59657     1.59639 9.09305e-05
          88     1.59634     1.59638 8.98985e-05
          89     1.59677     1.59639 8.89932e-05
          90     1.59627     1.59639 8.80141e-05
          91     1.59662     1.59639 8.70853e-05
          92     1.59628     1.59639 8.61463e-05
          93     1.59624     1.59639 8.52358e-05
          94     1.59625     1.59639  8.4341e-05
          95     1.59635     1.59639 8.34539e-05
          96     1.59641     1.59639 8.25849e-05
          97     1.59658     1.59639 8.17575e-05
          98     1.59619     1.59639 8.09495e-05
          99     1.59623     1.59638 8.01471e-05
         100      1.5966     1.59639 7.93734e-05
         101     1.59639     1.59639 7.85875e-05
         102     1.59658     1.59639  7.7839e-05
         103     1.59636     1.59639 7.70837e-05
         104     1.59636     1.59639 7.63429e-05
         105     1.59624     1.59639 7.56293e-05
         106     1.59626     1.59639 7.49254e-05
         107     1.59675     1.59639  7.4302e-05
         108     1.59634     1.59639 7.36152e-05
         109     1.59701     1.59639 7.31583e-05
         110     1.59616     1.59639 7.25229e-05
         111     1.59615     1.59639 7.19019e-05
         112     1.59634     1.59639 7.12611e-05
         113     1.59623     1.59639  7.0645e-05
         114     1.59689     1.59639 7.01635e-05
         115     1.59609     1.59639 6.96017e-05
         116      1.5972      1.5964 6.93499e-05
         117      1.5962     1.59639  6.8778e-05
         118     1.59628     1.59639 6.82024e-05
         119     1.59641     1.59639 6.76294e-05
         120     1.59652     1.59639 6.70739e-05
         121     1.59655      1.5964 6.65318e-05
         122     1.59616     1.59639 6.60138e-05
         123     1.59642     1.59639 6.54775e-05
         124     1.59672      1.5964 6.50008e-05
         125     1.59645      1.5964 6.44823e-05
         126     1.59671      1.5964 6.40181e-05
         127     1.59653      1.5964 6.35223e-05
         128     1.59648      1.5964 6.30289e-05
         129     1.59639      1.5964 6.25404e-05
         130     1.59637      1.5964 6.20599e-05
         131     1.59685      1.5964  6.1682e-05
         132     1.59674     1.59641 6.12675e-05
         133     1.59672     1.59641 6.08513e-05
         134     1.59709     1.59641 6.06099e-05
         135     1.59686     1.59642 6.02522e-05
         136     1.59643     1.59642 5.98093e-05
         137     1.59658     1.59642 5.93845e-05
         138     1.59698     1.59642 5.90952e-05
         139      1.5967     1.59643 5.87038e-05
         140     1.59667     1.59643 5.83099e-05
         141     1.59654     1.59643 5.79022e-05
         142     1.59693     1.59643 5.76034e-05
         143     1.59631     1.59643 5.72068e-05
         144     1.59617     1.59643 5.68373e-05
         145     1.59714     1.59643 5.66556e-05
         146     1.59679     1.59644 5.63199e-05
         147     1.59691     1.59644 5.60284e-05
         148      1.5964     1.59644 5.56505e-05
         149     1.59625     1.59644 5.52922e-05
         150     1.59658     1.59644 5.49313e-05
         151     1.59683     1.59644   5.463e-05
         152     1.59689     1.59644 5.43516e-05
         153     1.59693     1.59645 5.40892e-05
         154     1.59667     1.59645 5.37572e-05
         155     1.59695     1.59645 5.35072e-05
         156     1.59655     1.59645 5.31683e-05
         157      1.5967     1.59645 5.28525e-05
         158     1.59685     1.59646 5.25765e-05
         159     1.59678     1.59646 5.22861e-05
         160     1.59605     1.59646 5.20229e-05
         161      1.5966     1.59646 5.17074e-05
         162     1.59687     1.59646 5.14496e-05
         163     1.59678     1.59646  5.1172e-05
         164     1.59687     1.59646 5.09208e-05
         165      1.5962     1.59646 5.06372e-05
         166     1.59669     1.59646 5.03502e-05
         167     1.59662     1.59647 5.00574e-05
         168     1.59659     1.59647 4.97652e-05
         169     1.59625     1.59646 4.94871e-05
         170     1.59681     1.59647 4.92387e-05
         171     1.59653     1.59647  4.8952e-05
         172     1.59659     1.59647 4.86728e-05
         173     1.59661     1.59647 4.83987e-05
         174     1.59632     1.59647 4.81282e-05
         175     1.59644     1.59647 4.78534e-05
         176     1.59699     1.59647 4.76749e-05
         177     1.59674     1.59647 4.74308e-05
         178     1.59631     1.59647 4.71734e-05
         179     1.59646     1.59647 4.69099e-05
         180     1.59657     1.59647 4.66527e-05
         181     1.59692     1.59647 4.64597e-05
         182     1.59655     1.59647 4.62063e-05
         183     1.59653     1.59647 4.59547e-05
         184     1.59636     1.59647 4.57092e-05
         185     1.59707     1.59648 4.55772e-05
         186     1.59654     1.59648 4.53333e-05
         187     1.59661     1.59648 4.50964e-05
         188     1.59691     1.59648 4.49155e-05
         189     1.59625     1.59648 4.46952e-05
         190     1.59669     1.59648 4.44742e-05
         191     1.59684     1.59648  4.4281e-05
         192     1.59665     1.59648 4.40592e-05
         193     1.59664     1.59648 4.38385e-05
         194     1.59653     1.59648 4.36131e-05
         195     1.59669     1.59649 4.34018e-05
         196     1.59623     1.59648 4.32003e-05
         197     1.59633     1.59648  4.2988e-05
         198     1.59641     1.59648 4.27725e-05
         199     1.59656     1.59648 4.25593e-05
         200     1.59687     1.59649 4.23896e-05
         201       1.596     1.59648 4.22478e-05
         202     1.59671     1.59648 4.20536e-05
         203     1.59654     1.59648 4.18472e-05
         204     1.59631     1.59648 4.16509e-05
         205     1.59703     1.59649 4.15321e-05
         206     1.59651     1.59649 4.13306e-05
         207     1.59695     1.59649 4.11907e-05
         208     1.59647     1.59649 4.09928e-05
         209     1.59669     1.59649 4.08085e-05
         210     1.59692     1.59649 4.06651e-05
         211     1.59671     1.59649  4.0486e-05
         212     1.59672     1.59649 4.03096e-05
         213     1.59676     1.59649 4.01401e-05
         214     1.59653     1.59649 3.99529e-05
         215     1.59651     1.59649 3.97671e-05
         216     1.59694      1.5965 3.96354e-05
         217     1.59647      1.5965 3.94529e-05
         218     1.59649      1.5965  3.9272e-05
         219     1.59677      1.5965 3.91125e-05
         220     1.59667      1.5965 3.89428e-05
         221     1.59658      1.5965 3.87681e-05
         222     1.59661      1.5965 3.85967e-05
         223     1.59632      1.5965 3.84316e-05
         224      1.5967      1.5965 3.82701e-05
         225     1.59676      1.5965 3.81181e-05
         226     1.59614      1.5965 3.79838e-05
         227     1.59672      1.5965 3.78291e-05
         228     1.59667      1.5965 3.76709e-05
         229     1.59679      1.5965  3.7528e-05
         230     1.59661      1.5965 3.73678e-05
         231      1.5964      1.5965 3.72086e-05
         232      1.5964      1.5965 3.70509e-05
         233     1.59686      1.5965 3.69243e-05
         234     1.59677      1.5965 3.67846e-05
         235     1.59656      1.5965 3.66289e-05
         236     1.59666     1.59651 3.64795e-05
         237     1.59665     1.59651 3.63306e-05
         238     1.59657     1.59651 3.61788e-05
         239     1.59661     1.59651 3.60298e-05
         240     1.59631     1.59651 3.58889e-05
         241     1.59677     1.59651 3.57573e-05
         242     1.59642     1.59651 3.56114e-05
         243     1.59664     1.59651 3.54691e-05
         244      1.5966     1.59651 3.53259e-05
         245     1.59653     1.59651 3.51819e-05
         246     1.59698     1.59651 3.50913e-05
         247     1.59659     1.59651 3.49509e-05
         248     1.59664     1.59651 3.48139e-05
         249      1.5965     1.59651 3.46741e-05
         250      1.5967     1.59651 3.45434e-05
