0   1 20 32 78 91 24 80 56 108 25 30 28 55 93 47 18 9 10 76 86 8 36 21 12 60 23 43 26 71 45 38 46 84 110 41 90 5 69 95 82 94 6 33 52 3 70 83 37 79 34 85 65 104 101 40 102 75 100 11 16 99 109 107 53 17 92 13 29 72 50 68 57 59 48 27 103 105 61 106 14 4 96 31 42 89 7 2 39 44 54 67 81 58 15 35 77 74 51 73 49 63 88 64 87 22 19 62 97 98 66
1   1 20 32 78 91 24 80 56 108 25 30 28 55 93 47 18 9 10 76 86 8 36 21 12 60 23 43 26 71 45 38 46 84 110 41 90 5 69 95 82 94 6 33 52 3 70 83 37 79 34 85 65 104 101 40 102 75 100 11 16 99 109 107 53 17 92 13 29 72 50 68 57 59 48 27 103 105 61 106 14 4 96 31 42 89 7 2 39 44 54 67 81 58 15 35 77 74 51 73 49 63 88 64 87 22 19 62 97 98 66
2   1 20 32 78 91 24 80 56 108 25 30 28 55 93 47 18 9 10 76 86 8 36 21 12 60 23 43 26 71 45 38 46 84 110 41 90 5 69 95 82 94 6 33 52 3 70 83 37 79 34 85 65 104 101 40 102 75 100 11 16 99 109 107 53 17 92 13 29 72 50 68 57 59 48 27 103 105 61 106 14 4 96 31 42 89 7 2 39 44 54 67 81 58 15 35 77 74 51 73 49 63 88 64 87 22 19 62 97 98 66
3   1 20 32 78 91 24 80 56 108 25 30 28 55 93 47 18 9 10 76 86 8 36 21 12 60 23 43 26 71 45 38 46 84 110 41 90 5 69 95 82 94 6 33 52 3 70 83 37 79 34 85 65 104 101 40 102 75 100 11 16 99 109 107 53 17 92 13 29 72 50 68 57 59 48 27 103 105 61 106 14 4 96 31 42 89 7 2 39 44 54 67 81 58 15 35 77 74 51 73 49 63 88 64 87 22 19 62 97 98 66
4   1 20 32 78 91 24 80 56 108 25 30 28 55 93 47 18 9 10 76 86 8 36 21 12 60 23 43 26 71 45 38 46 84 110 41 90 5 69 95 82 94 6 33 52 3 70 83 37 79 34 85 65 104 101 40 102 75 100 11 16 99 109 107 53 17 92 13 29 72 50 68 57 59 48 27 103 105 61 106 14 4 96 31 42 89 7 2 39 44 54 67 81 58 15 35 77 74 51 73 49 63 88 64 87 22 19 62 97 98 66
5   1 20 32 78 91 24 80 56 108 25 30 28 55 93 47 18 9 10 76 86 8 36 21 12 60 23 43 26 71 45 38 46 84 110 41 90 5 69 95 82 94 6 33 52 3 70 83 37 79 34 85 65 104 101 40 102 75 100 11 16 99 109 107 53 17 92 13 29 72 50 68 57 59 48 27 103 105 61 106 14 4 96 31 42 89 7 2 39 44 54 67 81 58 15 35 77 74 51 73 49 63 88 64 87 22 19 62 97 98 66
6   1 20 32 78 91 24 80 56 108 25 30 28 55 93 47 18 9 10 76 86 8 36 21 12 60 23 43 26 71 45 38 46 84 110 41 90 5 69 95 82 94 6 33 52 3 70 83 37 79 34 85 65 104 101 40 102 75 100 11 16 99 109 107 53 17 92 13 29 72 50 68 57 59 48 27 103 105 61 106 14 4 96 31 42 89 7 2 39 44 54 67 81 58 15 35 77 74 51 73 49 63 88 64 87 22 19 62 97 98 66
7   1 20 32 78 91 24 80 56 108 25 30 28 55 93 47 18 9 10 76 86 8 36 21 12 60 23 43 26 71 45 38 46 84 110 41 90 5 69 95 82 94 6 33 52 3 70 83 37 79 34 85 65 104 101 40 102 75 100 11 16 99 109 107 53 17 92 13 29 72 50 68 57 59 48 27 103 105 61 106 14 4 96 31 42 89 7 2 39 44 54 67 81 58 15 35 77 74 51 73 49 63 88 64 87 22 19 62 97 98 66
8   1 20 32 78 91 24 80 56 108 25 30 28 55 93 47 18 9 10 76 86 8 36 21 12 60 23 43 26 71 45 38 46 84 110 41 90 5 69 95 82 94 6 33 52 3 70 83 37 79 34 85 65 104 101 40 102 75 100 11 16 99 109 107 53 17 92 13 29 72 50 68 57 59 48 27 103 105 61 106 14 4 96 31 42 89 7 2 39 44 54 67 81 58 15 35 77 74 51 73 49 63 88 64 87 22 19 62 97 98 66
9   1 20 32 78 91 24 80 56 108 25 30 28 55 93 47 18 9 10 76 86 8 36 21 12 60 23 43 26 71 45 38 46 84 110 41 90 5 69 95 82 94 6 33 52 3 70 83 37 79 34 85 65 104 101 40 102 75 100 11 16 99 109 107 53 17 92 13 29 72 50 68 57 59 48 27 103 105 61 106 14 4 96 31 42 89 7 2 39 44 54 67 81 58 15 35 77 74 51 73 49 63 88 64 87 22 19 62 97 98 66
10  1 20 32 78 91 24 80 56 108 25 30 28 55 93 47 18 9 10 76 86 8 36 21 12 60 23 43 26 71 45 38 46 84 110 41 90 5 69 95 82 94 6 33 52 3 70 83 37 79 34 85 65 104 101 40 102 75 100 11 16 99 109 107 53 17 92 13 29 72 50 68 57 59 48 27 103 105 61 106 14 4 96 31 42 89 7 2 39 44 54 67 81 58 15 35 77 74 51 73 49 63 88 64 87 22 19 62 97 98 66