436.116
414.419
397
389.581
385.627
368.854
361.103
358.868
345.566
343.235
335.313
326.123
323.397
323.397
322.483
319.604
315.162
307.86
302.894
296.648
295.557
292.205
287.132
281.015
281.015
273.19
272.226
272.226
271.038
271.038
269.093
265.883
263.891
259.193
253.464
253.321
251.867
250.033
246.113
246.113
239.063
239.063
239
236.233
229.107
227.575
227.269
226.465
223.654
223.098
222.783
222.056
218.701
217.69
212.647
212.647
212.647
208.667
208.667
208.667
207.48
207.324
205.425
204.626
203.674
199.4
199.4
199.4
195.894
195.865
193.3
192.427
192.027
187.561
182.901
182.901
180.69
180.69
179.235
177.026
177.026
173.041
173.041
173.041
171.551
171.258
170.59
169.271
169.271
169.271
167.783
167.783
166.987
166.89
165.743
165.647
165.647
164.25
159.968
159.171
156.246
155.285
154.595
150.049
149.395
149.395
149.395
149.395
147.792
147.465
146.697
146.298
145.252
144.897
144.897
143.756
142.607
142.607
142.598
139.079
139.079
138.376
137.369
137.097
137.097
133.295
133.295
133.289
132.002
132.002
130.079
129.784
128.34
127.046
127.046
127.04
125.361
125.355
124.385
124.385
124.33
124.33
122.483
122.235
122.235
121.975
121.528
120.272
120.272
119.566
119.554
118.569
118.55
118.55
118.109
116.581
116.581
116.581
116.581
116.581
114.807
114.807
113.956
113.956
113.786
112.935
112.935
112.935
112.872
112.772
112.772
112.335
112.335
112.178
112.016
111.804
111.778
111.402
111.402
111.042
110.511
109.979
109.032
109.032
109.032
108.501
108.501
107.531
105.898
105.898
105.737
105.536
105.536
105.381
105.381
104.403
104.403
104.403
104.403
104.403
104.403
104.378
103.955
103.446
103.446
103.446
102.09
101.972
101.61
101.239
101.239
100.715
100.715
100.615
99.9667
99.9667
99.9667
99.8744
99.8522
99.3271
99.2347
98.9418
98.7766
98.7766
98.6485
97.7506
97.7506
97.7506
97.7395
96.7394
96.7394
96.7394
96.7394
96.7394
96.7394
96.7394
96.7394
96.6202
96.259
96.1399
96.1399
95.6712
95.6712
95.6145
95.1458
94.1265
94.1265
93.4103
93.4103
93.4103
93.4103
93.4103
93.4103
92.885
92.885
92.885
92.885
92.885
91.6564
91.6564
91.6564
91.6261
91.6261
91.6261
91.4525
91.1335
91.1032
90.943
90.4201
90.2162
90.2162
89.0745
89.0745
89.0745
89.0745
89.0745
89.0745
88.6631
88.6631
88.6631
88.3972
88.3972
88.3972
88.3972
87.9857
87.9857
87.9857
87.9857
87.9857
87.9857
87.9857
87.9857
87.8738
87.8738
87.8738
87.8055
87.2725
87.2042
86.4611
86.4611
86.3928
86.3928
85.5564
85.5564
85.5564
85.2018
85.2018
85.2018
85.2018
85.2018
84.7909
84.7909
84.7909
84.7909
84.1547
84.1547
84.1547
83.8897
83.8897
83.8897
83.7997
83.7997
83.6296
83.6296
83.2022
83.2022
82.1673
82.1673
82.0687
82.0687
82.0687
82.0687
82.0687
82.0687
81.6608
81.6608
81.6608
81.392
81.2934
81.2934
81.2934
81.2934
81.2934
81.2934
81.2934
81.2934
81.2348
81.2348
81.2348
81.2348
80.7176
80.7176
80.7176
80.7176
80.7176
80.7176
80.7176
80.7176
80.6074
80.5229
80.5229
80.4126
80.4126
80.4126
80.2467
80.2467
80.2467
80.2467
80.2467
80.2467
80.2467
80.2467
80.0112
80.0112
80.0112
80.0112
79.6415
79.4059
79.1939
79.1939
79.1939
79.061
78.9738
78.8409
78.6288
78.6288
78.2251
78.2251
78.2251
78.2251
78.013
78.013
78.013
78.013
78.013
78.013
78.003
78.003
77.6529
77.6429
77.6429
77.6429
77.6429
77.6429
77.6429
77.6429
77.6429
77.6429
77.3407
77.3407
77.3407
77.3407
77.3407
77.3407
77.3407
77.2358
77.2358
77.0781
77.011
76.9731
76.9731
76.9731
76.9731
76.9731
76.9061
76.8994
76.8994
76.8994
76.8994
76.8994
76.8994
76.8994
76.8994
76.8994
76.8131
76.8131
76.8131
76.8131
76.8131
76.8131
76.8131
76.8131
76.8131
76.8131
76.8131
76.8131
76.8131
76.8131
76.8131
76.7606
76.7606
76.7606
76.7606
76.7606
76.7606
76.5485
76.496
76.4546
76.4021
76.4021
76.4021
76.4021
76.4021
76.4021
76.4021
76.4021
75.1683
75.1683
75.1683
75.1683
75.1683
75.1683
75.1683
75.1683
75.1225
75.1225
75.1128
75.1128
75.067
75.067
75.067
75.067
75.067
75.067
75.067
75.067
75.067
75.067
75.067
75.067
75.067
75.067
75.067
75.067
75.067
75.067
75.067
75.067
75.067
75.067
73.0355
73.0355
73.0355
73.0355
73.0355
73.0355
73.0355
73.0355
73.0355
73.0355
73.0355
73.0355
73.0355
73.0355
72.8285
72.8285
72.8285
72.8285
72.8285
72.8285
72.8285
72.8285
72.8285
72.8285
72.8285
72.8285
72.8285
72.8285
72.8285
72.8285
72.8285
72.8285
72.8285
72.8285
72.8285
72.8285
72.8285
72.8285
72.8285
72.8285
72.8285
72.8285
72.8285
72.8285
72.8285
72.8285
72.8285
72.8285
72.8285
72.8285
72.8285
72.8285
72.8285
72.8285
72.8285
72.8285
72.8285
72.8285
72.8285
72.8285
72.8285
72.8285
72.8285
72.8285
72.8285
72.8285
72.8285
72.8285
72.8285
72.8285
72.8285
72.8285
72.8285
72.8285
72.8285
72.8285
72.8285
72.8285
72.8285
72.8285
72.8285
72.8285
72.8285
72.8285
72.8285
72.8285
72.8285
72.8285
72.8285
72.8285
72.8285
72.8285
72.8285
72.8285
72.8285
72.8285
72.8285
72.8285
72.8285
72.8285
72.8285
72.3754
72.3754
72.3754
72.0456
72.0456
71.4508
71.4508
71.4508
71.4508
71.4508
71.4508
71.4508
71.4508
71.4508
71.4508
71.4508
71.4508
71.4508
71.4508
71.4508
71.4508
71.4508
71.4508
71.4508
71.4508
71.4508
71.4508
71.4508
71.4508
71.4508
71.4508
71.4508
71.4508
71.4508
71.4508
71.4508
71.4508
71.4508
71.4508
71.4508
71.4508
71.4508
71.2851
71.2851
71.2851
71.2851
71.2851
71.2851
71.2851
71.2851
71.2851
71.2851
71.2851
71.2851
71.2851
71.2851
71.2851
71.2851
71.2851
71.2851
71.2851
71.2851
71.2851
71.2851
71.2851
71.2851
71.2851
71.2851
71.2851
71.2851
71.2851
71.2851
71.2851
71.2851
71.2851
71.2851
71.2851
71.2851
71.2851
71.2851
71.2851
71.2851
71.2851
71.2851
71.2851
71.2851
71.2851
71.2851
71.2851
71.2851
71.2851
71.2851
71.2851
71.2851
71.2851
71.2851
71.2851
71.2851
71.2851
71.2851
71.2851
71.2278
71.2278
71.2278
71.2278
71.2278
71.2278
71.2278
71.2278
71.2278
71.2278
71.2278
71.2278
71.2278
71.2278
71.2278
71.2278
71.2278
71.2278
71.2278
71.2278
71.2278
71.2278
71.2278
71.2278
71.2278
71.2278
71.2278
71.2278
71.2278
71.2278
71.2278
71.2278
71.2278
71.2278
71.2278
71.2278
71.2278
71.2278
71.2278
71.2278
71.2278
71.2278
71.2278
71.2278
71.2278
71.2278
71.2278
71.2278
71.2278
71.2278
71.2278
71.2278
71.2278
71.2278
71.2278
71.2278
71.2278
71.2278
71.2278
71.2278
71.2278
71.2278
71.2278
71.2278
71.2278
71.2278
71.2278
71.2278
71.2278
71.2278
71.2278
71.2278
71.2278
71.2278
71.2278
71.2278
71.2278
71.2278
71.2278
71.2278
71.2278
71.2278
71.2278
71.2278
71.2278
71.2278
71.2278
71.2278
71.2278
71.2278
71.2278
71.2278
71.2278
71.2278
71.2278
71.2278
71.2278
71.2278
71.2278
71.2278
71.2278
71.2278
71.2278
71.2278
71.2278
71.2278
71.2278
71.2278
71.2278
71.2278
71.2278
71.2278
71.2278
71.1719
71.1719
71.1719
71.1719
71.1719
71.1719
71.1719
71.1719
71.1719
71.1719
71.1719
71.1719
71.1719
71.1719
71.1719
71.1719
71.1719
71.1719
71.1719
71.1719
71.1719
71.1719
71.1719
71.1719
71.1719
71.1719
71.1719
71.1719
71.1719
71.1719
71.1719
70.6657
70.6657
70.6657
70.6657
70.6657
70.6657
70.6657
70.6657
70.6657
70.6657
70.6657
70.6657
70.6657
70.6657
70.6657
70.6657
70.6657
70.6657
70.6657
70.6657
70.6657
70.6657
70.6657
70.6657
70.6657
70.6657
70.6657
70.6657
70.6657
70.6657
70.6657
70.6657
70.6657
70.6657
70.6657
70.6657
70.6657
70.6657
70.6657
70.6657
70.6657
70.6657
70.6657
70.6657
70.6657
70.6657
70.6657
70.6657
70.6657
70.6657
70.6657
70.6657
70.6657
70.6657
70.1648
70.1648
70.1648
70.1648
70.1648
70.1648
70.1648
70.1648
70.1648
70.1648
70.1648
70.1648
70.1648
70.1648
70.1648
70.1648
70.1648
70.1648
70.1648
70.0127
70.0127
70.0127
70.0127
70.0127
70.0127
70.0127
70.0127
70.0127
70.0127
70.0127
70.0127
70.0127
70.0127
70.0127
70.0127
70.0127
70.0127
70.0127
70.0127
70.0127
70.0127
70.0127
70.0127
70.0127
70.0127
70.0127
70.0127
70.0127
70.0127
70.0127
70.0127
70.0127
70.0127
70.0127
70.0127
70.0127
70.0127
70.0127
70.0127
70.0127
70.0127
70.0127
70.0127
70.0127
70.0127
70.0127
70.0127
70.0127
70.0127
70.0127
70.0127
70.0127
70.0127
70.0127
70.0127
70.0127
70.0127
70.0127
70.0127
70.0127
70.0127
70.0127
70.0127
70.0127
70.0127
70.0127
70.0127
70.0127
69.8718
69.8718
69.8718
69.8718
69.8718
69.8718
69.8718
69.8718
69.8718
69.8718
69.8718
69.8718
69.8718
69.8718
69.8718
69.8718
69.8718
69.8718
69.8718
69.8718
69.8718
69.8718
69.8718
69.8718
69.8718
69.8718
69.8718
69.8718
69.8718
69.8718
69.8718
69.8718
69.8718
69.8718
69.8718
69.8718
69.8718
69.8718
69.8718
69.8718
69.8718
69.8718
69.8691
69.8691
69.8691
69.8691
69.8691
69.8691
69.8691
69.8691
69.8691
69.8691
69.8691
69.8691
69.8691
69.8691
69.8691
69.8691
69.8691
69.8691
69.8691
69.8691
69.8691
69.8691
69.8691
69.8691
69.8691
69.8691
69.8691
69.8691
69.8691
69.8691
69.8691
69.8691
69.8691
69.8691
69.8691
69.8691
69.8691
69.8691
69.8691
69.8691
69.8691
69.8691
69.8691
69.8691
69.8691
69.8691
69.8691
69.8691
69.8691
69.8691
69.8691
69.8691
69.8691
69.8691
69.8691
69.8691
69.8691
69.8691
69.8691
69.8691
69.8691
69.8691
69.8691
69.8691
69.8691
69.8691
69.8691
69.8691
69.8691
69.8691
69.8691
69.8691
69.8691
69.8691
69.8691
69.8691
69.8691
69.8691
69.8691
69.8691
69.8691
69.8691
69.8691
69.8691
69.8691
69.8691
69.8691
69.8691
69.8691
69.8691
69.8691
69.8691
69.8691
69.8691
69.8691
69.8691
69.8691
69.8691
69.8691
69.8691
69.8691
69.8691
69.8691
69.8691
69.8691
69.8691
69.8691
69.8691
69.8691
69.8691
69.8691
69.8691
69.8691
69.8691
69.8691
69.8691
69.8691
69.8691
69.8691
69.8691
69.8691
69.8691
69.8691
69.8691
69.8691
69.8691
69.8691
69.8691
69.8691
69.8691
69.8691
69.6455
69.6455
69.6455
69.6455
69.6455
69.6455
69.6455
69.6455
69.6455
69.6455
69.6455
69.6455
69.6455
69.6455
69.6455
69.6455
69.6455
69.6455
69.6455
69.6455
69.6455
69.6455
69.6455
69.6455
69.6455
69.6455
69.6455
69.6455
69.6455
69.6455
69.6455
69.6455
69.6455
69.6455
69.6455
69.6455
69.6455
69.6455
69.6455
69.6455
69.6455
69.6455
69.6455
69.6455
69.6455
69.6455
69.6455
69.6455
69.6455
69.6455
69.6455
69.6455
69.6455
69.6455
69.6455
69.6455
69.6455
69.6455
69.6455
69.6455
69.6455
69.6455
69.6455
69.6455
69.6455
69.6455
69.6455
69.6455
69.6455
69.6455
69.6455
69.6455
69.6455
69.6455
69.6455
69.6455
69.6455
69.6455
69.6455
69.6455
69.6455
69.6455
69.6455
69.6455
69.6455
69.6455
69.6455
69.6455
69.6455
69.6455
69.6455
69.6455
69.6455
69.6455
69.6455
69.6455
69.6455
69.6455
69.6455
69.6455
69.6455
69.6455
69.6455
69.6455
69.6455
69.6455
69.6455
69.6455
69.6455
69.6455
69.6455
69.6455
69.6455
69.6455
69.6455
69.6455
69.6455
69.6455
69.6455
69.6455
69.6455
69.6455
69.6455
69.6455
69.6455
69.6455
69.6455
69.6455
69.6455
69.6455
69.6455
69.6455
69.5228
69.5228
69.5228
69.5228
69.5228
69.5228
69.5228
69.5228
69.5228
69.5228
69.5228
69.5228
69.5228
69.5228
69.5228
69.5228
69.5228
69.5228
69.5228
69.5228
69.5228
69.5228
69.5228
69.5228
69.5228
69.5228
69.5228
69.5228
69.5228
69.5228
69.5228
69.5228
69.5228
69.5228
69.5228
69.5228
69.5228
69.5228
69.5228
69.5228
69.5228
69.5228
69.5228
69.5228
69.5228
69.5228
69.5228
69.5228
69.5228
69.5228
69.5228
69.5228
69.5228
69.5228
69.5228
69.5228
69.5228
69.5228
69.5228
69.5228
69.5228
69.5228
69.5228
69.5228
69.5228
69.5228
69.5228
69.5228
69.5228
69.5228
69.5228
69.5228
69.5228
69.5228
69.5228
69.5228
69.5228
69.5228
69.5228
69.5228
69.5228
69.5228
69.5228
69.5228
69.5228
69.5228
69.5228
69.5228
69.5228
69.5228
69.5228
69.5228
69.5228
69.5228
69.5228
69.5228
69.5228
69.5228
69.5228
69.5228
69.5228
69.5228
69.5228
69.5228
69.5228
69.5228
69.5228
69.5228
69.5228
69.5228
69.5228
69.5228
69.5228
69.5228
69.5228
69.5228
69.5228
69.5228
69.5228
69.5228
69.5228
69.5228
69.5228
69.5228
69.5228
69.5228
69.5228
69.5228
69.5228
69.5228
69.5228
69.5228
69.5228
69.5228
69.5228
69.5228
69.5228
69.5228
69.5228
69.5228
69.5228
69.5228
69.5228
69.5228
69.5228
69.5228
69.5228
69.5228
69.5228
69.5228
69.5228
69.5228
69.5228
69.5228
69.5228
69.5228
69.5228
69.5228
69.5228
69.5228
69.5228
69.5228
69.5228
69.5228
69.5228
69.5228
69.5228
69.5228
69.5228
69.5228
69.5228
69.5228
69.5228
69.5228
69.5228
69.5228
69.5228
69.5228
69.5228
69.5228
69.5228
69.5228
69.5228
69.5228
69.5228
69.5228
69.5228
69.5228
69.5228
69.5228
69.5228
69.5228
69.5228
69.5228
69.5228
69.5228
69.5228
69.5228
69.5228
69.5228
69.5228
69.5228
69.5228
69.5228
69.5228
69.5228
69.5228
67.2809
67.2809
67.2809
67.2809
67.2809
67.2809
67.2809
67.2809
67.2809
67.2809
67.2809
67.2809
67.2809
67.2809
67.2809
67.2809
67.2809
67.2809
67.2809
67.2809
67.2809
67.2809
67.2809
67.2809
67.2809
67.2809
67.2809
67.2809
67.2809
67.2809
67.2809
67.2809
67.2809
67.2809
67.2809
67.2809
67.2809
67.2809
67.2809
67.2809
67.2809
67.2809
67.2809
67.2809
67.2809
67.2809
67.2809
67.2809
67.2809
67.2809
67.2809
67.2809
67.2809
67.2809
67.2809
67.2809
67.2809
67.2809
67.2809
67.2809
67.2809
67.2809
67.2809
67.2809
67.2809
67.2809
67.2809
67.2809
67.2809
67.2809
67.2809
67.2809
67.2809
67.2809
67.2809
67.2809
67.2031
67.2031
67.2031
67.2031
67.2031
67.2031
67.2031
67.2031
67.0622
67.0622
67.0622
67.0622
67.0622
67.0622
67.0622
67.0622
67.0622
67.0622
67.0622
67.0622
67.0622
67.0622
67.0622
67.0622
67.0622
67.0622
67.0622
67.0622
67.0622
67.0622
67.0622
67.0622
67.0622
67.0622
67.0622
67.0622
67.0622
67.0622
67.0622
67.0622
67.0622
67.0622
67.0622
67.0622
67.0622
67.0622
67.0622
67.0622
67.0622
67.0622
67.0622
67.0622
67.0622
67.0622
67.0622
67.0622
67.0622
67.0622
67.0622
67.0622
67.0622
67.0622
67.0622
67.0622
67.0622
67.0622
67.0622
67.0622
67.0622
67.0622
67.0622
67.0622
67.0622
67.0622
67.0622
67.0622
67.0622
67.0622
67.0622
67.0622
67.0622
67.0622
67.0622
67.0622
67.0622
67.0622
67.0622
67.0622
67.0622
67.0622
67.0622
67.0622
67.0622
67.0622
67.0622
67.0622
67.0622
67.0622
67.0622
67.0622
67.0622
67.0622
67.0622
67.0622
67.0622
67.0202
67.0202
67.0202
67.0202
67.0202
67.0202
67.0202
67.0202
67.0202
67.0202
67.0202
67.0202
67.0202
67.0202
67.0202
67.0202
67.0202
67.0202
67.0202
67.0202
67.0202
67.0202
67.0202
67.0202
67.0202
67.0202
67.0202
67.0202
67.0202
67.0202
67.0202
67.0202
67.0202
67.0202
67.0202
67.0202
67.0202
67.0202
67.0202
67.0202
67.0202
67.0202
67.0202
67.0202
67.0202
67.0202
67.0202
67.0202
67.0202
67.0202
67.0202
67.0202
67.0202
67.0202
67.0202
67.0202
67.0202
67.0202
67.0202
67.0202
67.0202
67.0202
67.0202
66.9625
66.9625
66.9625
66.9625
66.9625
66.9625
66.9625
66.9625
66.9625
66.9625
66.9625
66.9625
66.9625
66.9625
66.9625
66.9625
66.9625
66.9625
66.9625
66.9625
66.9625
66.9625
66.9625
66.9625
66.9625
66.9625
66.9625
66.9625
66.9625
66.9625
66.9625
66.9625
66.9625
66.9625
66.9625
66.9625
66.9625
66.9625
66.9625
66.9625
66.9625
66.9625
66.9625
66.9625
66.9625
66.9625
66.9625
66.9625
66.9625
66.9625
66.9625
66.9625
66.9625
66.9625
66.9625
66.9625
66.9625
66.9625
66.9625
66.9625
66.9625
66.9625
66.9625
66.9625
66.9625
66.9625
66.9625
66.9625
66.9625
66.9625
66.9625
66.9625
66.9625
66.9625
66.9625
66.9625
66.9625
66.9625
66.9625
66.9625
66.9625
66.9625
66.9625
66.9625
66.9625
66.9625
66.9625
66.9625
66.9625
66.9625
66.2735
66.2735
66.2735
66.2735
66.2735
66.2735
66.2735
66.2735
66.2735
66.2735
66.2735
66.2735
66.2735
66.2735
66.2735
66.2735
66.2735
66.2735
66.2735
66.2735
66.2735
66.2735
66.2735
66.2735
66.2735
66.2735
66.2735
66.2735
66.2735
66.2735
66.2735
66.2735
66.2735
66.2735
66.2735
66.2735
66.2735
66.2735
66.2735
66.2735
66.2735
66.2735
66.2735
66.2735
66.2735
66.2735
66.2735
66.2735
66.2735
66.2735
66.2735
66.2735
66.2735
66.2735
66.2735
66.2735
66.2735
66.2735
66.2735
66.2735
66.2735
66.2735
66.2735
66.2735
66.2735
66.2735
66.2735
66.2735
66.2735
66.2735
66.2735
66.2735
66.2735
66.2735
66.2735
66.2735
66.2735
66.2735
66.2735
66.2735
66.2735
66.2735
66.2735
66.2735
66.2735
66.2735
66.2735
66.2735
66.2735
66.2735
66.2735
66.2735
66.2735
66.2735
66.2735
66.2735
66.2735
66.2735
66.2735
66.2735
66.2735
66.2735
66.2735
66.2735
66.2735
66.2735
66.2735
66.2735
66.2735
66.2735
66.2735
66.2735
66.2735
66.2735
66.2735
66.2735
66.2735
66.2735
66.2735
66.2735
66.2735
66.2735
66.2735
66.2735
66.2735
66.2735
66.2735
66.2735
66.2735
66.2735
66.2735
66.2735
66.2735
66.2735
66.2735
66.2735
66.2735
66.2735
66.2735
66.2735
66.2735
66.2735
66.2735
66.2735
66.2735
66.2735
66.2735
66.2735
66.2735
66.2735
66.2735
66.2735
66.2735
66.2735
66.2735
66.2735
66.2735
66.2735
66.2735
66.2735
66.2735
66.2735
66.2735
66.2735
66.2735
66.2735
66.2735
66.2735
66.2735
66.2735
66.2735
66.2735
66.2735
66.2735
66.2735
66.2735
66.2735
66.2735
66.2735
66.2735
66.2735
66.2735
66.2735
66.2735
66.2735
66.2735
66.2735
66.2735
66.2735
66.2735
66.2735
66.2735
66.2735
66.2735
66.2735
66.2735
66.2735
66.2735
66.2735
66.2735
66.2735
66.2735
66.2735
66.2735
66.2735
66.2735
66.2735
66.2735
66.2735
66.2735
66.2735
66.2735
66.2735
66.2735
66.2735
66.2735
66.2735
66.2735
66.2735
66.2735
66.2735
66.2735
66.2735
66.2735
66.2735
66.2735
66.2735
66.2735
66.2735
66.2735
66.2735
66.2735
66.2735
66.2735
66.2735
66.2735
66.2735
66.2735
66.2735
66.2735
66.2735
66.2735
66.2735
66.2735
66.2735
66.2735
66.2735
66.2735
66.2735
66.2735
66.2735
66.2735
66.2735
66.2735
66.2735
66.2735
66.2735
66.2735
66.2735
66.2735
66.2735
66.2735
66.2735
66.2735
66.2735
66.2735
66.2735
66.2735
66.2735
66.2735
66.2735
66.2735
66.2735
66.2735
66.2735
66.2735
66.2735
66.2735
66.2735
66.2735
66.2735
66.2735
66.2735
66.2735
66.2735
66.2735
66.2735
66.2735
66.2735
66.2735
66.2735
66.2735
66.2735
66.2735
66.2735
66.2735
66.2735
66.2735
66.2735
66.2735
66.2735
66.2735
66.2735
66.2735
66.2735
66.2735
66.2735
66.2735
66.2735
66.2735
66.2735
66.2735
66.2735
66.2735
66.2735
66.2735
66.2735
66.2735
66.2735
66.2735
66.2735
66.2735
66.2735
66.2735
66.2735
66.2735
66.2735
66.2735
66.2735
66.2735
66.2735
66.2735
66.2735
66.2735
66.2735
66.2735
66.2735
66.2735
66.2735
66.2735
66.2735
66.2735
66.2735
66.2735
66.2735
66.2735
66.2735
66.2735
66.2735
66.2735
66.2735
66.2735
66.2735
66.2735
66.2735
66.2735
65.9397
65.9397
65.9397
65.9397
65.9397
65.9397
65.9397
65.9397
65.9397
65.9397
65.9397
65.9397
65.9397
65.9397
65.9397
65.9397
65.9397
65.9397
65.9397
65.9397
65.9397
65.9397
65.9397
65.9397
65.9397
65.9397
65.9397
65.9397
65.9397
65.9397
65.9397
65.9397
65.9397
65.9397
65.9397
65.9397
65.9397
65.9397
65.9397
65.9397
65.9397
65.9397
65.9397
65.9397
65.9397
65.9397
65.9397
65.9397
65.9397
65.9397
65.9397
65.9397
65.9397
65.9397
65.9397
65.9397
65.9397
65.9397
65.9397
65.9397
65.9397
65.9397
65.9397
65.9397
65.9397
65.9397
65.9397
65.9397
65.9397
65.9397
65.9397
65.9397
65.9397
65.9397
65.9397
65.9397
65.9397
65.9397
65.9397
65.9397
65.9397
65.9397
65.9397
65.9397
65.9397
65.9397
65.9397
65.9397
65.9397
65.9397
65.9397
65.9397
65.9397
65.9397
65.9397
65.9397
65.9397
65.9397
65.9397
65.9397
65.9397
65.9397
65.9397
65.9397
65.9397
65.9397
65.9397
65.9397
65.9397
65.9397
65.9397
65.9397
65.9397
65.9397
65.9397
65.9397
65.9397
65.9397
65.9397
65.9397
65.9397
65.9397
65.9397
65.9397
65.9397
65.9397
65.9397
65.9397
65.9397
65.9397
65.9397
65.9397
65.9397
65.9397
65.9397
65.9397
65.9397
65.9397
65.9397
65.9397
65.9397
65.9397
65.9397
65.9397
65.9397
65.9397
65.9397
65.9397
65.9397
65.9397
65.9397
65.9397
65.9397
65.9397
65.9397
65.9397
65.9397
65.9397
65.9397
65.9397
65.9397
65.9397
65.9397
65.9397
65.9397
65.9397
65.9397
65.9397
65.9397
65.9397
65.9397
65.9397
65.9397
65.9397
65.9397
65.9397
65.9397
65.9397
65.9397
65.9397
65.9397
65.9397
65.9397
65.9397
65.9397
65.9397
65.9397
65.9397
65.9397
65.9397
65.9397
65.9397
65.9397
65.9397
65.9397
65.9397
65.9397
65.9397
65.9397
65.9397
65.9397
65.9397
65.9397
65.9397
65.9397
65.9397
65.9397
65.9397
65.9397
65.9397
65.9397
65.9397
65.9397
65.9397
65.9397
65.9397
65.9397
65.9397
65.9397
65.9397
65.9397
65.9397
65.9397
65.9397
65.9397
65.9397
65.9397
65.9397
65.9397
65.9397
65.9397
65.9397
65.9397
65.9397
65.9397
65.9397
65.9397
65.9397
65.9397
65.9397
65.9397
65.9397
65.9397
65.9397
65.9397
65.9397
65.9397
65.9397
65.9397
65.9397
65.9397
65.9397
65.9397
65.9397
65.9397
65.9397
65.9397
65.9397
65.9397
65.9397
65.9397
65.9397
65.9397
65.9397
65.9397
65.9397
65.9397
65.9397
65.9397
65.9397
65.9397
65.9397
65.9397
65.9397
65.9397
65.9397
65.9397
65.9397
65.9397
65.9397
65.9397
65.9397
65.9397
65.9397
65.9397
65.9397
65.9397
65.9397
65.9397
65.9397
65.9397
65.9397
65.9397
65.9397
65.9397
65.9397
65.9397
65.9397
65.9397
65.9397
65.9397
65.9397
65.9397
65.9397
65.9397
65.9397
65.9397
65.9397
65.9397
65.9397
65.9397
65.9397
65.9397
65.9397
65.9397
65.9397
65.9397
65.9397
65.9397
65.9397
65.9397
65.9397
65.9397
65.9397
65.9397
65.9397
65.9397
65.9397
65.9397
65.9397
65.9397
65.9397
65.9397
65.9397
65.9397
65.9397
65.9397
65.9397
65.9397
65.9397
65.9397
65.9397
65.9397
65.9397
65.9397
65.9397
65.9397
65.9397
65.9397
65.9397
65.9397
65.9397
65.9397
65.9397
65.9397
65.9397
65.9397
65.9397
65.9397
65.9397
65.9397
65.9397
65.9397
65.9397
65.9397
65.9397
65.9397
65.9397
65.9397
65.9397
65.9397
65.9397
65.9397
65.9397
65.9397
65.9397
65.9397
65.9397
65.9397
65.9397
65.9397
65.9397
65.9397
65.9397
65.9397
65.9397
65.9397
65.9397
65.9397
65.9397
65.9397
65.9397
65.9397
65.9397
65.9397
65.9397
65.9397
65.9397
65.9397
65.9397
65.9397
65.9397
65.9397
65.9397
65.9397
65.9397
65.9397
65.9397
65.9397
65.9397
65.9397
65.9397
65.9397
65.9397
65.9397
65.9397
65.9397
65.9397
65.9397
65.9397
65.9397
65.9397
65.9397
65.9397
65.9397
65.9397
65.9397
65.9397
65.9397
65.9397
65.9397
65.9397
65.9397
65.9397
65.9397
65.9397
65.9397
65.9397
65.9397
65.9397
65.9397
65.9397
65.9397
65.9397
65.9397
65.9397
65.9397
65.9397
65.9397
65.9397
65.9397
65.9397
65.9397
65.9397
65.9397
65.9397
65.9397
65.9397
65.9397
65.9397
65.9397
65.9397
65.9397
65.9397
65.9397
65.9397
65.9397
65.9397
65.9397
65.9397
65.9397
65.9397
65.9397
65.9397
65.9397
65.9397
65.9397
65.9397
65.9397
65.9397
65.9397
65.9397
65.9397
65.9397
65.9397
65.9397
65.9397
65.9397
65.9397
65.9397
65.9397
65.9397
65.9397
65.9397
65.9397
65.9397
65.9397
65.9397
65.9397
65.9397
65.9397
65.9397
65.9397
65.9397
65.9397
65.9397
65.9397
65.9397
65.9397
65.9397
65.9397
65.9397
65.9397
65.9397
65.9397
65.9397
65.9397
65.9397
65.9397
65.9397
65.9397
65.9397
65.9397
65.9397
65.9397
65.9397
65.9397
65.9397
65.9397
65.9397
65.9397
65.9397
65.9397
65.9397
65.9397
65.9397
65.9397
65.9397
65.9397
65.9397
65.9397
65.9397
65.9397
65.9397
65.9397
65.9397
65.9397
65.9397
65.9397
65.9397
65.9397
65.9397
65.9397
65.9397
65.9397
65.9397
65.9397
65.9397
65.9397
65.9397
65.9397
65.9397
65.9397
65.9397
65.9397
65.9397
65.9397
65.9397
65.9397
65.9397
65.9397
65.9397
65.9397
65.9397
65.9397
65.9397
65.9397
65.9397
65.9397
65.9397
65.9397
65.9397
65.9397
65.9397
65.9397
65.9397
65.9397
65.9397
65.9397
65.9397
65.9397
65.9397
65.9397
65.9397
65.9397
65.9397
65.9397
65.9397
65.9397
65.9397
65.9397
65.9397
65.9397
65.9397
65.9397
65.9397
65.9397
65.9397
65.9397
65.9397
65.9397
65.9397
65.9397
65.9397
65.9397
65.9397
65.9397
65.9397
65.9397
65.9397
65.9397
65.9397
65.9397
65.9397
65.9397
65.9397
65.9397
65.9397
65.9397
65.9397
65.9397
65.9397
65.9397
65.9397
65.9397
65.9397
65.9397
65.9397
65.9397
65.9397
65.9397
65.9397
65.9397
65.9397
65.9397
65.9397
65.9397
65.9397
65.9397
65.9397
65.9397
65.9397
65.9397
65.9397
65.9397
65.9397
65.9397
65.9397
65.9397
65.9397
65.9397
65.9397
65.9397
65.9397
65.9397
65.9397
65.9397
65.9397
65.9397
65.9397
65.9397
65.9397
65.9397
65.9397
65.9397
65.9397
65.9397
65.9397
65.9397
65.9397
65.9397
65.9397
65.9397
65.9397
65.9397
65.9397
65.9397
65.9397
65.9397
65.9397
65.9397
65.9397
65.9397
65.9397
65.9397
65.9397
65.9397
65.9397
65.9397
65.9397
65.9397
65.9397
65.9397
65.9397
65.9397
65.9397
65.9397
65.9397
65.9397
65.9397
65.9397
65.9397
65.9397
65.9397
65.9397
65.9397
65.9397
65.9397
65.9397
65.9397
65.9397
65.9397
65.9397
65.9397
65.9397
65.9397
65.9397
65.9397
65.9397
65.9397
65.9397
65.9397
65.9397
65.9397
65.9397
65.9397
65.9397
65.9397
65.9397
65.9397
65.9397
65.9397
65.9397
65.9397
65.9397
65.9397
65.9397
65.9397
65.9397
65.9397
65.9397
65.9397
65.9397
65.9397
65.9397
65.9397
65.9397
65.9397
65.9397
65.9397
65.9397
65.9397
65.9397
65.9397
65.9397
65.9397
65.9397
65.9397
65.9397
65.9397
65.9397
65.9397
65.9397
65.9397
65.9397
65.9397
65.9397
65.9397
65.9397
65.9397
65.9397
65.9397
65.9397
65.9397
65.9397
65.9397
65.9397
65.9397
65.9397
65.9397
65.9397
65.9397
65.9397
65.9397
65.9397
65.9397
65.9397
65.9397
65.9397
65.9397
65.9397
65.9397
65.9397
65.9397
65.9397
65.9397
65.9397
65.9397
65.9397
65.9397
65.9397
65.9397
65.9397
65.9397
65.9397
65.9397
65.9397
65.9397
65.9397
65.9397
65.9397
65.9397
65.9397
65.9397
65.9397
65.9397
65.9397
65.9397
65.9397
65.9397
65.9397
65.9397
65.9397
65.9397
65.9397
65.9397
65.9397
65.9397
65.9397
65.9397
65.9397
65.9397
65.9397
65.9397
65.9397
65.9397
65.9397
65.9397
65.9397
65.9397
65.9397
65.9397
65.9397
65.9397
65.9397
65.9397
65.9397
65.9397
65.9397
65.9397
65.9397
65.9397
65.9397
65.9397
65.9397
65.9397
65.9397
65.9397
65.9397
65.9397
65.9397
65.9397
65.9397
65.9397
65.9397
65.9397
65.9397
65.9397
65.9397
65.9397
65.9397
65.9397
65.9397
65.9397
65.9397
65.9397
65.9397
65.9397
65.9397
65.9397
65.9397
65.9397
65.9397
65.9397
65.9397
65.9397
65.9397
65.9397
65.9397
65.9397
65.9397
65.9397
65.9397
65.9397
65.9397
65.9397
65.9397
65.9397
65.9397
65.9397
65.9397
65.9397
65.9397
65.9397
65.9397
65.9397
65.9397
65.9397
65.9397
65.9397
65.9397
65.9397
65.9397
65.9397
65.9397
65.9397
65.9397
65.9397
65.9397
65.9397
65.9397
65.9397
65.9397
65.9397
65.9397
65.9397
65.9397
65.9397
65.9397
65.9397
65.9397
65.9397
65.9397
65.9397
65.9397
65.9397
65.9397
65.9397
65.9397
65.9397
65.9397
65.9397
65.9397
65.9397
65.9397
65.9397
65.9397
65.9397
65.9397
65.9397
65.9397
65.9397
65.9397
65.9397
65.9397
65.9397
65.9397
65.9397
65.9397
65.9397
65.9397
65.9397
65.9397
65.9397
65.9397
65.9397
65.9397
65.9397
65.9397
65.9397
65.9397
65.9397
65.9397
65.9397
65.9397
65.9397
65.9397
65.9397
65.9397
65.9397
65.9397
65.9397
65.9397
65.9397
65.9397
65.9397
65.9397
65.9397
65.9397
65.9397
65.9397
65.9397
65.9397
65.9397
65.9397
65.9397
65.9397
65.9397
65.9397
65.9397
65.9397
65.9397
65.9397
65.9397
65.9397
65.9397
65.9397
65.9397
65.9397
65.9397
65.9397
65.9397
65.9397
65.9397
65.9397
65.9397
65.9397
65.9397
65.9397
65.9397
65.9397
65.9397
65.9397
65.9397
65.9397
65.9397
65.9397
65.9397
65.9397
65.9397
65.9397
65.9397
65.9397
65.9397
65.9397
65.9397
65.9397
65.9397
65.9397
65.9397
65.9397
65.9397
65.9397
65.9397
65.9397
65.9397
65.9397
65.9397
65.9397
65.9397
65.9397
65.9397
65.9397
65.9397
65.9397
65.9397
65.9397
65.9397
65.9397
65.9397
65.9397
65.9397
65.9397
65.9397
65.9397
65.9397
65.9397
65.9397
65.9397
65.9397
65.9397
65.9397
65.9397
65.9397
65.9397
65.9397
65.9397
65.9397
65.9397
65.9397
65.9397
65.9397
65.9397
65.9397
65.9397
65.9397
65.9397
65.9397
65.9397
65.9397
65.9397
65.9397
65.9397
65.9397
65.9397
65.9397
65.9397
65.9397
65.9397
65.9397
65.9397
65.9397
65.9397
65.9397
65.9397
65.9397
65.9397
65.9397
65.9397
65.9397
65.9397
65.9397
65.9397
65.9397
65.9397
65.9397
65.9397
65.9397
65.9397
65.9397
65.9397
65.9397
65.9397
65.9397
65.9397
65.9397
65.9397
65.9397
65.9397
65.9397
65.9397
65.9397
65.9397
65.9397
65.9397
65.9397
65.9397
65.9397
65.9397
65.9397
65.9397
65.9397
65.9397
65.9397
65.9397
65.9397
65.9397
65.9397
65.9397
65.9397
65.9397
65.9397
65.9397
65.9397
65.9397
65.9397
65.9397
65.9397
65.9397
65.9397
65.9397
65.9397
65.9397
65.9397
65.9397
65.9397
65.9397
65.9397
65.9397
65.9397
65.9397
65.9397
65.9397
65.9397
65.9397
65.9397
65.9397
65.9397
65.9397
65.9397
65.9397
65.9397
65.9397
65.9397
65.9397
65.9397
65.9397
65.9397
65.9397
65.9397
65.9397
65.9397
65.9397
65.9397
65.9397
65.9397
65.9397
65.9397
65.9397
65.9397
65.9397
65.9397
65.9397
65.9397
65.9397
65.9397
65.9397
65.9397
65.9397
65.9397
65.9397
65.9397
65.9397
65.9397
65.9397
65.9397
65.9397
65.9397
65.9397
65.9397
65.9397
65.9397
65.9397
65.9397
65.9397
65.9397
65.9397
65.9397
65.9397
65.9397
65.9397
65.9397
65.9397
65.9397
65.9397
65.9397
65.9397
65.9397
65.9397
65.9397
65.9397
65.9397
65.9397
65.9397
65.9397
65.9397
65.9397
65.9397
65.9397
65.9397
65.9397
65.9397
65.9397
65.9397
65.9397
65.9397
65.9397
65.9397
65.9397
65.9397
65.9397
65.9397
65.9397
65.9397
65.9397
65.9397
65.9397
65.9397
65.9397
65.9397
65.9397
65.9397
65.9397
65.9397
65.9397
65.9397
65.9397
65.9397
65.9397
65.9397
65.9397
65.9397
65.9397
65.9397
65.9397
65.9397
65.9397
65.9397
65.9397
65.9397
65.9397
65.9397
65.9397
65.9397
65.9397
65.9397
65.9397
65.9397
65.9397
65.9397
65.9397
65.9397
65.9397
65.9397
65.9397
65.9397
65.9397
65.9397
65.9397
65.9397
65.9397
65.9397
65.9397
65.9397
65.9397
65.9397
65.9397
65.9397
65.9397
65.9397
65.9397
65.9397
65.9397
65.9397
65.9397
65.9397
65.9397
65.9397
65.9397
65.9397
65.9397
65.9397
65.9397
65.9397
65.9397
65.9397
65.9397
65.9397
65.9397
65.9397
65.9397
65.9397
65.9397
65.9397
65.9397
65.9397
65.9397
65.9397
65.9397
65.9397
65.9397
65.9397
65.9397
65.9397
65.9397
65.9397
65.9397
65.9397
65.9397
65.9397
65.9397
65.9397
65.9397
65.9397
65.9397
65.9397
65.9397
65.9397
65.9397
65.9397
65.9397
65.9397
65.9397
65.9397
65.9397
65.9397
65.9397
65.9397
65.9397
65.9397
65.9397
65.9397
65.9397
65.9397
65.9397
65.9397
65.9397
65.9397
65.9397
65.9397
65.9397
65.9397
65.9397
65.9397
65.9397
65.9397
65.9397
65.9397
65.9397
65.9397
65.9397
65.9397
65.9397
65.9397
65.9397
65.9397
65.9397
65.9397
65.9397
65.9397
65.9397
65.9397
65.9397
65.9397
65.9397
65.9397
65.9397
65.9397
65.9397
65.9397
65.9397
65.9397
65.9397
65.9397
65.9397
65.9397
65.9397
65.9397
65.9397
65.9397
65.9397
65.9397
65.9397
65.9397
65.9397
65.9397
65.9397
65.9397
65.9397
65.9397
65.9397
65.9397
65.9397
65.9397
65.9397
65.9397
65.9397
65.9397
65.9397
65.9397
65.9397
65.9397
65.9397
65.9397
65.9397
65.9397
65.9397
65.9397
65.9397
65.9397
65.9397
65.9397
65.9397
65.9397
65.9397
65.9397
65.9397
65.9397
65.9397
65.9397
65.9397
65.9397
65.9397
65.9397
65.9397
65.9397
65.9397
65.9397
65.9397
65.9397
65.9397
65.9397
65.9397
65.9397
65.9397
65.9397
65.9397
65.9397
65.9397
65.9397
65.9397
65.9397
65.9397
65.9397
65.9397
65.9397
65.9397
65.9397
65.9397
65.9397
65.9397
65.9397
65.9397
65.9397
65.9397
65.9397
65.9397
65.9397
65.9397
65.9397
65.9397
65.9397
65.9397
65.9397
65.9397
65.9397
65.9397
65.9397
65.9397
65.9397
65.9397
65.9397
65.9397
65.9397
65.9397
65.9397
65.9397
65.9397
65.9397
65.9397
65.9397
65.9397
65.9397
65.9397
65.9397
65.9397
65.9397
65.9397
65.9397
65.9397
65.9397
65.9397
65.9397
65.9397
65.9397
65.9397
65.9397
65.9397
65.9397
65.9397
65.9397
65.9397
65.9397
65.9397
65.9397
65.9397
65.9397
65.9397
65.9397
65.9397
65.9397
65.9397
65.9397
65.9397
65.9397
65.9397
65.9397
65.9397
65.9397
65.9397
65.9397
65.9397
65.9397
65.9397
65.9397
65.9397
65.9397
65.9397
65.9397
65.9397
65.9397
65.9397
65.9397
65.9397
65.9397
65.9397
65.9397
65.9397
65.9397
65.9397
65.9397
65.9397
65.9397
65.9397
65.9397
65.9397
65.9397
65.9397
65.9397
65.9397
65.9397
65.9397
65.9397
65.9397
65.9397
65.9397
65.9397
65.9397
65.9397
65.9397
65.9397
65.9397
65.9397
65.9397
65.9397
65.9397
65.9397
65.9397
65.9397
65.9397
65.9397
65.9397
65.9397
65.9397
65.9397
65.9397
65.9397
65.9397
65.9397
65.9397
65.9397
65.9397
65.9397
65.9397
65.9397
65.9397
65.9397
65.9397
65.9397
65.9397
65.9397
65.9397
65.9397
65.9397
65.9397
65.9397
65.9397
65.9397
65.9397
65.9397
65.9397
65.9397
65.9397
65.9397
65.9397
65.9397
65.9397
65.9397
65.9397
65.9397
65.9397
65.9397
65.9397
65.9397
65.9397
65.9397
65.9397
65.9397
65.9397
65.9397
65.9397
65.9397
65.9397
65.9397
65.9397
65.9397
65.9397
65.9397
65.9397
65.9397
65.9397
65.9397
65.9397
65.9397
65.9397
65.9397
65.9397
65.9397
65.9397
65.9397
65.9397
65.9397
65.9397
65.9397
65.9397
65.9397
65.9397
65.9397
65.9397
65.9397
65.9397
65.9397
65.9397
65.9397
65.9397
65.9397
65.9397
65.9397
65.9397
65.9397
65.9397
65.9397
65.9397
65.9397
65.9397
65.9397
65.9397
65.9397
65.9397
65.9397
65.9397
65.9397
65.9397
65.9397
65.9397
65.9397
65.9397
65.9397
65.9397
65.9397
65.9397
65.9397
65.9397
65.9397
65.9397
65.9397
65.9397
65.9397
65.9397
65.9397
65.9397
65.9397
65.9397
65.9397
65.9397
65.9397
65.9397
65.9397
65.9397
65.9397
65.9397
65.9397
65.9397
65.9397
65.9397
65.9397
65.9397
65.9397
65.9397
65.9397
65.9397
65.9397
65.9397
65.9397
65.9397
65.9397
65.9397
65.9397
65.9397
65.9397
65.9397
65.9397
65.9397
65.9397
65.9397
65.9397
65.9397
65.9397
65.9397
65.9397
65.9397
65.9397
65.9397
65.9397
65.9397
65.9397
65.9397
65.9397
65.9397
65.9397
65.9397
65.9397
65.9397
65.9397
65.9397
65.9397
65.9397
65.9397
65.9397
65.9397
65.4237
65.4237
65.4237
65.4237
65.4237
65.4237
65.4237
65.4237
65.4237
65.4237
65.4237
65.4237
65.4237
65.4237
65.4237
65.4237
65.4237
65.4237
65.4237
65.4237
65.4237
65.4237
65.4237
65.4237
65.4237
65.4237
65.4237
65.4237
65.4237
65.4237
65.4237
65.4237
65.4237
65.4237
65.4237
65.4237
65.4237
65.4237
65.4237
65.4237
65.4237
65.4237
65.4237
65.4237
65.4237
65.4237
65.4237
65.4237
65.4237
65.4237
65.4237
65.4237
65.4237
65.4237
65.4237
65.4237
65.4237
65.4237
65.4237
65.4237
65.4237
65.4237
65.4237
65.4237
65.4237
65.4237
65.4237
65.4237
65.4237
65.4237
65.4237
65.4237
65.4237
65.4237
65.4237
65.4237
65.4237
65.4237
65.4237
65.4237
65.4237
65.4237
65.4237
65.4237
65.4237
65.4237
65.4237
65.4237
65.4237
65.4237
65.4237
65.4237
65.4237
65.4237
65.4237
65.4237
65.4237
65.4237
65.4237
65.4237
65.4237
65.4237
65.4237
65.4237
65.4237
65.4237
65.4237
65.4237
65.4237
65.4237
65.4237
65.4237
65.4237
65.4237
65.4237
65.4237
65.4237
65.4237
65.4237
65.4237
65.4237
65.4237
65.4237
65.4237
65.4237
65.4237
65.4237
65.4237
65.4237
65.4237
65.4237
65.4237
65.4237
65.4237
65.4237
65.4237
65.4237
65.4237
65.4237
65.4237
65.4237
65.4237
65.4237
65.4237
65.4237
65.4237
65.4237
65.4237
65.4237
65.4237
65.4237
65.4237
65.4237
65.4237
65.4237
65.4237
65.4237
65.4237
65.4237
65.4237
65.4237
65.4237
65.4237
65.4237
65.4237
65.4237
65.4237
65.4237
65.4237
65.4237
65.4237
65.4237
65.4237
65.4237
65.4237
65.4237
65.4237
65.4237
65.4237
65.4237
65.4237
65.4237
65.4237
65.4237
65.4237
65.4237
65.4237
65.4237
65.4237
65.4237
65.4237
65.4237
65.4237
65.4237
65.4237
65.4237
65.4237
65.4237
65.4237
65.4237
65.4237
65.4237
65.4237
65.4237
65.4237
65.4237
65.4237
65.4237
65.4237
65.4237
65.4237
65.4237
65.4237
65.4237
65.4237
65.4237
65.4237
65.4237
65.4237
65.4237
65.4237
65.4237
65.4237
65.4237
65.4237
65.4237
65.4237
65.4237
65.4237
65.4237
65.4237
65.4237
65.4237
65.4237
65.4237
65.4237
65.4237
65.4237
65.4237
65.4237
65.4237
65.4237
65.4237
65.4237
65.4237
65.4237
65.4237
65.4237
65.4237
65.4237
65.4237
65.4237
65.4237
65.4237
65.4237
65.4237
65.4237
65.4237
65.4237
65.4237
65.4237
65.4237
65.4237
65.4237
65.4237
65.4237
65.4237
65.4237
65.4237
65.4237
65.4237
65.4237
65.4237
65.4237
65.4237
65.4237
65.4237
65.4237
65.4237
65.4237
65.4237
65.4237
65.4237
65.4237
65.4237
65.4237
65.4237
65.4237
65.4237
65.4237
65.4237
65.4237
65.4237
65.4237
65.4237
65.4237
65.4237
65.4237
65.4237
65.4237
65.4237
65.4237
65.4237
65.4237
65.4237
65.4237
65.4237
65.4237
65.4237
65.4237
65.4237
65.4237
65.4237
65.4237
65.4237
65.4237
65.4237
65.4237
65.4237
65.4237
65.4237
65.4237
65.4237
65.4237
65.4237
65.4237
65.4237
65.4237
65.4237
65.4237
65.4237
65.4237
65.4237
65.4237
65.4237
65.4237
65.4237
65.4237
65.4237
65.4237
65.4237
65.4237
65.4237
65.4237
65.4237
65.4237
65.4237
65.4237
65.4237
65.4237
65.4237
65.4237
65.4237
65.4237
65.4237
65.4237
65.4237
65.4237
65.4237
65.4237
65.4237
65.4237
65.4237
65.4237
65.4237
65.4237
65.4237
65.4237
65.4237
65.4237
65.4237
65.4237
65.4237
65.4237
65.4237
65.4237
65.4237
65.4237
65.4237
65.4237
65.4237
65.4237
65.4237
65.4237
65.4237
65.4237
65.4237
65.4237
65.4237
65.4237
65.4237
65.4237
65.4237
65.4237
65.4237
65.4237
65.4237
65.4237
65.4237
65.4237
65.4237
65.4237
65.4237
65.4237
65.4237
65.4237
65.4237
65.4237
65.4237
65.4237
65.4237
65.4237
65.4237
65.4237
65.4237
65.4237
65.4237
65.4237
65.4237
65.4237
65.4237
65.4237
65.4237
65.4237
65.4237
65.4237
65.4237
65.4237
65.4237
65.4237
65.4237
65.4237
65.4237
65.4237
65.4237
65.4237
65.4237
65.4237
65.4237
65.4237
65.4237
65.4237
65.4237
65.4237
65.4237
65.4237
65.4237
65.4237
65.4237
65.4237
65.4237
65.4237
65.4237
65.4237
65.4237
65.4237
65.4237
65.4237
65.4237
65.4237
65.4237
65.4237
65.4237
65.4237
65.4237
65.4237
65.4237
65.4237
65.4237
65.4237
65.4237
65.4237
65.4237
65.4237
65.4237
65.4237
65.4237
65.4237
65.4237
65.4237
65.4237
65.4237
65.4237
65.4237
65.4237
65.4237
65.4237
65.4237
65.4237
65.4237
65.4237
65.4237
65.4237
65.4237
65.4237
65.4237
65.4237
65.4237
65.4237
65.4237
65.3287
65.3287
65.3287
65.3287
65.3287
65.3287
65.3287
65.3287
65.3287
65.3287
65.3287
65.3287
65.3287
65.3287
65.3287
65.3287
65.3287
65.3287
65.3287
65.3287
65.3287
65.3287
65.3287
65.3287
65.3287
65.3287
65.3287
65.3287
65.3287
65.3287
65.3287
65.3287
65.3287
65.3287
65.3287
65.3287
65.3287
65.3287
65.3287
65.3287
65.3287
65.3287
65.3287
65.3287
65.3287
65.3287
65.3287
65.3287
65.3287
65.3287
65.3287
65.3287
65.3287
65.3287
65.3287
65.3287
65.3287
65.3287
65.3287
65.3287
65.3287
65.3287
65.3287
65.3287
65.3287
65.3287
65.3287
65.3287
65.3287
65.3287
65.3287
65.3287
65.3287
65.3287
65.3287
65.3287
65.3287
65.3287
65.3287
65.3287
65.3287
65.3287
65.3287
65.3287
65.3287
65.3287
65.3287
65.3287
65.3287
65.3287
65.3287
65.3287
65.3287
65.3287
65.3287
65.3287
65.3287
65.3287
65.3287
65.3287
65.3287
65.3287
65.3287
65.3287
65.3287
65.3287
65.3287
65.3287
65.3287
65.3287
65.3287
65.3287
65.3287
65.3287
65.3287
65.3287
65.3287
65.3287
65.3287
65.3287
65.3287
65.3287
65.3287
65.3287
65.3287
65.3287
65.3287
65.3287
65.3287
65.3287
65.3287
65.3287
65.3287
65.3287
65.3287
65.3287
65.3287
65.3287
65.3287
65.3287
65.3287
65.3287
65.3287
65.3287
65.3287
65.3287
65.3287
65.3287
65.3287
65.3287
65.3287
65.3287
65.3287
65.3287
65.3287
65.3287
65.3287
65.3287
65.3287
65.3287
65.3287
65.3287
65.3287
65.3287
65.3287
65.3287
65.3287
65.3287
65.3287
65.3287
65.3287
65.3287
65.3287
65.3287
65.3287
65.3287
65.3287
65.3287
65.3287
65.3287
65.3287
65.3287
65.3287
65.3287
65.3287
65.3287
65.3287
65.3287
65.3287
65.3287
65.3287
65.3287
65.3287
65.3287
65.3287
65.3287
65.3287
65.3287
65.3287
65.3287
65.3287
65.3287
65.3287
65.3287
65.3287
65.3287
65.3287
65.3287
65.3287
65.3287
65.3287
65.3287
65.3287
65.3287
65.3287
65.3287
65.3287
65.3287
65.3287
65.3287
65.3287
65.3287
65.3287
65.3287
65.3287
65.3287
65.3287
65.3287
65.3287
65.3287
65.3287
65.3287
65.3287
65.3287
65.3287
65.3287
65.3287
65.3287
65.3287
65.3287
65.3287
65.3287
65.3287
65.3287
65.3287
65.3287
65.3287
65.3287
65.3287
65.3287
65.3287
65.3287
65.3287
65.3287
65.3287
65.3287
65.3287
65.3287
65.3287
65.3287
65.3287
65.3287
65.3287
65.3287
65.3287
65.3287
65.3287
65.3287
65.3287
65.3287
65.3287
65.3287
65.3287
65.3287
65.3287
65.3287
65.3287
65.3287
65.3287
65.3287
65.3287
65.3287
65.3287
65.3287
65.3287
65.3287
65.3287
65.3287
65.3287
65.3287
65.3287
65.3287
65.3287
65.3287
65.3287
65.3287
65.3287
65.3287
65.3287
65.3287
65.3287
65.3287
65.3287
65.3287
65.3287
65.3287
65.3287
65.3287
65.3287
65.3287
65.3287
65.3287
65.3287
65.3287
65.3287
65.3287
65.3287
65.3287
65.3287
65.3287
65.3287
65.3287
65.3287
65.3287
65.3287
65.3287
65.3287
65.3287
65.3287
65.3287
65.3287
65.3287
65.3287
65.3287
65.3287
65.3287
65.3287
65.3287
65.3287
65.3287
65.3287
65.3287
65.3287
65.3287
65.3287
65.3287
65.3287
65.3287
65.3287
65.3287
65.3287
65.3287
65.3287
65.3287
65.3287
65.3287
65.3287
65.3287
65.3287
65.3287
65.3287
65.3287
65.3287
65.3287
65.3287
65.3287
65.3287
65.3287
65.3287
65.3287
65.3287
65.3287
65.3287
65.3287
65.3287
65.3287
65.3287
65.3287
65.3287
65.3287
65.3287
65.3287
65.3287
65.3287
65.3287
65.3287
65.3287
65.3287
65.3287
65.3287
65.3287
65.3287
65.3287
65.3287
65.3287
65.3287
65.3287
65.3287
65.3287
65.3287
65.3287
65.3287
65.3287
65.3287
65.3287
65.3287
65.3287
65.3287
65.3287
65.3287
65.3287
65.3287
65.3287
65.3287
65.3287
65.3287
65.3287
65.3287
65.3287
65.3287
65.3287
65.3287
65.3287
65.3287
65.3287
65.3287
65.3287
65.3287
65.3287
65.3287
65.3287
65.3287
65.3287
65.3287
65.3287
65.3287
65.3287
65.3287
65.3287
65.3287
65.3287
65.3287
65.3287
65.3287
65.3287
65.3287
65.3287
65.3287
65.3287
65.3287
65.3287
65.3287
65.3287
65.3287
65.3287
65.3287
65.3287
65.3287
65.3287
65.3287
65.3287
65.3287
65.3287
65.3287
65.3287
65.3287
65.3287
65.3287
65.3287
65.3287
65.3287
65.3287
65.3287
65.3287
65.3287
65.3287
65.3287
65.3287
65.3287
65.3287
65.3287
65.3287
65.3287
65.3287
65.3287
65.3287
65.3287
65.3287
65.3287
65.3287
65.3287
65.3287
65.3287
65.3287
65.3287
65.3287
65.3287
65.3287
65.3287
65.3287
65.3287
65.3287
65.3287
65.3287
65.3287
65.3287
65.3287
65.3287
65.3287
65.3287
65.3287
65.3287
65.3287
65.3287
65.3287
65.3287
65.3287
65.3287
65.3287
65.3287
65.3287
65.3287
65.3287
65.3287
65.3287
65.3287
65.3287
65.3287
65.3287
65.3287
65.3287
65.3287
65.3287
65.3287
65.3287
65.3287
65.3287
65.3287
65.3287
65.3287
65.3287
65.3287
65.3287
65.3287
65.3287
65.3287
65.3287
65.3287
65.3287
65.3287
65.3287
65.3287
65.3287
65.3287
65.3287
65.3287
65.3287
65.3287
65.3287
65.3287
65.3287
65.3287
65.3287
65.3287
65.3287
65.3287
65.3287
65.3287
65.3287
65.3287
65.3287
65.3287
65.3287
65.3287
65.3287
65.3287
65.3287
65.3287
65.3287
65.3287
65.3287
65.3287
65.3287
65.3287
65.3287
65.3287
65.3287
65.3287
65.3287
65.3287
65.3287
65.3287
65.3287
65.3287
65.3287
65.3287
65.3287
65.3287
65.3287
65.3287
65.3287
65.3287
65.3287
65.3287
65.3287
65.3287
65.3287
65.3287
65.3287
65.3287
65.3287
65.3287
65.3287
65.3287
65.3287
65.3287
65.3287
65.3287
65.3287
65.3287
65.3287
65.3287
65.3287
65.3287
65.3287
65.3287
65.3287
65.3287
65.3287
65.3287
65.3287
65.3287
65.3287
65.3287
65.3287
65.3287
65.3287
65.3287
65.3287
65.3287
65.3287
65.3287
65.3287
65.3287
65.3287
65.3287
65.3287
65.3287
65.3287
65.3287
65.3287
65.3287
65.3287
65.3287
65.3287
65.3287
65.3287
65.3287
65.3287
65.3287
65.3287
65.3287
65.3287
65.3287
65.3287
65.3287
65.3287
65.3287
65.3287
65.3287
65.3287
65.3287
65.3287
65.3287
65.3287
65.3287
65.3287
65.3287
65.3287
65.3287
65.3287
65.3287
65.3287
65.3287
65.3287
65.3287
65.3287
65.3287
65.3287
65.3287
65.3287
65.3287
65.3287
65.3287
65.3287
65.3287
65.3287
65.3287
65.3287
65.3287
65.3287
65.3287
65.3287
65.3287
65.3287
65.3287
65.3287
65.3287
65.3287
65.3287
65.3287
65.3287
65.3287
65.3287
65.3287
65.3287
65.3287
65.3287
65.3287
65.3287
65.3287
65.3287
65.3287
65.3287
65.3287
65.3287
65.3287
65.3287
65.3287
65.3287
65.3287
65.3287
65.3287
65.3287
65.3287
65.3287
65.3287
65.3287
65.3287
65.3287
65.3287
65.3287
65.3287
65.3287
65.3287
65.3287
65.3287
65.3287
65.3287
65.3287
65.3287
65.3287
65.3287
65.3287
65.3287
65.3287
65.3287
65.3287
65.3287
65.3287
65.3287
65.3287
65.3287
65.3287
65.3287
65.3287
65.3287
65.3287
65.3287
65.3287
65.3287
65.3287
65.3287
65.3287
65.3287
65.3287
65.3287
65.3287
65.3287
65.3287
65.3287
65.3287
65.3287
65.3287
65.3287
65.3287
65.3287
65.3287
65.3287
65.3287
65.3287
65.3287
65.3287
65.3287
65.3287
65.3287
65.3287
65.3287
65.3287
65.3287
65.3287
65.3287
65.3287
65.3287
65.3287
65.3287
65.3287
65.3287
65.3287
65.3287
65.3287
65.3287
65.3287
65.3287
65.3287
65.3287
65.3287
65.3287
65.3287
65.3287
65.3287
65.3287
65.3287
65.3287
65.3287
65.3287
65.3287
65.3287
65.3287
65.3287
65.3287
65.3287
65.3287
65.3287
65.3287
65.3287
65.3287
65.3287
65.3287
65.3287
65.3287
65.3287
65.3287
65.3287
65.3287
65.3287
65.3287
65.3287
65.3287
65.3287
65.3287
65.3287
65.3287
65.3287
65.3287
65.3287
65.3287
65.3287
65.3287
65.3287
65.3287
65.3287
65.3287
65.3287
65.3287
65.3287
65.3287
65.3287
65.3287
65.3287
65.3287
65.3287
65.3287
65.3287
65.3287
65.3287
65.3287
65.3287
65.3287
65.3287
65.3287
65.3287
65.3287
65.3287
65.3287
65.3287
65.3287
65.3287
65.3287
65.3287
65.3287
65.3287
65.3287
65.3287
65.3287
65.3287
65.3287
65.3287
65.3287
65.3287
65.3287
65.3287
65.3287
65.3287
65.3287
65.3287
65.3287
65.3287
65.3287
65.3287
65.3287
65.3287
65.3287
65.3287
65.3287
65.3287
65.3287
65.3287
65.3287
65.3287
65.3287
65.3287
65.3287
65.3287
65.3287
65.3287
65.3287
65.3287
65.3287
65.3287
65.3287
65.3287
65.3287
65.3287
65.3287
65.3287
65.3287
65.3287
65.3287
65.3287
65.3287
65.3287
65.3287
65.3287
65.3287
65.3287
65.3287
65.3287
65.3287
65.3287
65.3287
65.3287
65.3287
65.3287
65.3287
65.3287
65.3287
65.3287
65.3287
65.3287
65.3287
65.3287
65.3287
65.3287
65.3287
65.3287
65.3287
65.3287
65.3287
65.3287
65.3287
65.3287
65.3287
65.3287
65.3287
65.3287
65.3287
65.3287
65.3287
65.3287
65.3287
65.3287
65.3287
65.3287
65.3287
65.3287
65.3287
65.3287
65.3287
65.3287
65.3287
65.3287
65.3287
65.3287
65.3287
65.3287
65.3287
65.3287
65.3287
65.3287
65.1644
65.1644
65.1644
65.1644
65.1644
65.1644
65.1644
65.1644
65.1644
65.1644
65.1644
65.1644
65.1644
65.1644
65.1644
65.1644
65.1644
65.1644
65.1644
65.1644
65.1644
65.1644
65.1644
65.1644
65.1644
65.1644
65.1644
65.1644
65.1644
65.1644
65.1644
65.1644
65.1644
65.1644
65.1644
65.1644
65.1644
65.1644
65.1644
65.1644
65.1644
65.1644
65.1644
65.1644
65.1644
65.1644
65.1644
65.1644
65.1644
65.1644
65.1644
65.1644
65.1644
65.1644
65.1644
65.1644
65.1644
65.1644
65.1644
65.1644
65.1644
65.1644
65.1644
65.1644
65.1644
65.1644
65.1644
65.1644
65.1644
65.1644
65.1644
65.1644
65.1644
65.1644
65.1644
65.1644
65.1644
65.1644
65.1644
65.1644
65.1644
65.1644
65.1644
65.1644
65.1644
65.1644
65.1644
65.1644
65.1644
65.1644
65.1644
65.1644
65.1644
65.1644
65.1644
65.1644
65.1644
65.1644
65.1644
65.1644
65.1644
65.1644
65.1644
65.1644
65.1644
65.1644
65.1644
65.1644
65.1644
65.1644
65.1644
65.1644
65.1644
65.1644
65.1644
65.1644
65.1644
65.1644
65.1644
65.1644
65.1644
65.1644
65.1644
65.1644
65.1644
65.1644
65.1644
65.1644
65.1644
65.1644
65.1644
65.1644
65.1644
65.1644
65.1644
65.1644
65.1644
65.1644
65.1644
65.1644
65.1644
65.1644
65.1644
65.1644
65.1644
65.1644
65.1644
65.1644
65.1644
65.1644
65.1644
65.1644
65.1644
65.1644
65.1644
65.1644
65.1644
65.1644
65.1644
65.1644
65.1644
65.1644
65.1644
65.1644
65.1644
65.1644
65.1644
65.1644
65.1644
65.1644
65.1644
65.1644
65.1644
65.1644
65.1644
65.1644
65.1644
65.1644
65.1644
65.1644
65.1644
65.1644
65.1644
65.1644
65.1644
65.1644
65.1644
65.1644
65.1644
65.1644
65.1644
65.1644
65.1644
65.1644
65.1644
65.1644
65.1644
65.1644
65.1644
65.1644
65.1644
65.1644
65.1644
65.1644
65.1644
65.1644
65.1644
65.1644
65.1644
65.1644
65.1644
65.1644
65.1644
65.1644
65.1644
65.1644
65.1644
65.1644
65.1644
65.1644
65.1644
65.1644
65.1644
65.1644
65.1644
65.1644
65.1644
65.1644
65.1644
65.1644
65.1644
65.1644
65.1644
65.1644
65.1644
65.1644
65.1644
65.1644
65.1644
65.1644
65.1644
65.1644
65.1644
65.1644
65.1644
65.1644
65.1644
65.1644
65.1644
65.1644
65.1644
65.1644
65.1644
65.1644
65.1644
65.1644
65.1644
65.1644
65.1644
65.1644
65.1644
65.1644
65.1644
65.1644
65.1644
65.1644
65.1644
65.1644
65.1644
65.1644
65.1644
65.1644
65.1644
65.1644
65.1644
65.1644
65.1644
65.1644
65.1644
65.1644
65.1644
65.1644
65.1644
65.1644
65.1644
65.1644
65.1644
65.1644
65.1644
65.1644
65.1644
65.1644
65.1644
65.1644
65.1644
65.1644
65.1644
65.1644
65.1644
65.1644
65.1644
65.1644
65.1644
65.1644
65.1644
65.1644
65.1644
65.1644
65.1644
65.1644
65.1644
65.1644
65.1644
65.1644
65.1644
65.1644
65.1644
65.1644
65.1644
65.1644
65.1644
65.1644
65.1644
65.1644
65.1644
65.1644
65.1644
65.1644
65.1644
65.1644
65.1644
65.1644
65.1644
65.1644
65.1644
65.1644
65.1644
65.1644
65.1644
65.1644
65.1644
65.1644
65.1644
65.1644
65.1644
65.1644
65.1644
65.1644
65.1644
65.1644
65.1644
65.1644
65.1644
65.1644
65.1644
65.1644
65.1644
65.1644
65.1644
65.1644
65.1644
65.1644
65.1644
65.1644
65.1644
65.1644
65.1644
65.1644
65.1644
65.1644
65.1644
65.1644
65.1644
65.1644
65.1644
65.1644
65.1644
65.1644
65.1644
65.1644
65.1644
65.1644
65.1644
65.1644
65.1644
65.1644
65.1644
65.1644
65.1644
65.1644
65.1644
65.1644
65.1644
65.1644
65.1644
65.1644
65.1644
65.1644
65.1644
65.1644
65.1644
65.1644
65.1644
65.1644
65.1644
65.1644
65.1644
65.1644
65.1644
65.1644
65.1644
65.1644
65.1644
65.1644
65.1644
65.1644
65.1644
65.1644
65.1644
65.1644
65.1644
65.1644
65.1644
65.1644
65.1644
65.1644
65.1644
65.1644
65.1644
65.1644
65.1644
65.1644
65.1644
65.1644
65.1644
65.1644
65.1644
65.1644
65.1644
65.1644
65.1644
65.1644
65.1644
65.1644
65.1644
65.1644
65.1644
65.1644
65.1644
65.1644
65.1644
65.1644
65.1644
65.1644
65.1644
65.1644
65.1644
65.1644
65.1644
65.1644
65.1644
65.1644
65.1644
65.1644
65.1644
65.1644
65.1644
65.1644
65.1644
65.1644
65.1644
65.1644
65.1644
65.1644
65.1644
65.1644
65.1644
65.1644
65.1644
65.1644
65.1644
65.1644
65.1644
65.1644
65.1644
65.1644
65.1644
65.1644
65.1644
65.1644
65.1644
65.1644
65.1644
65.1644
65.1644
65.1644
65.1644
65.1644
65.1644
65.1644
64.8641
64.8641
64.8641
64.8641
64.8641
64.8641
64.8641
64.8641
64.8641
64.8641
64.8641
64.8641
64.8641
64.8641
64.8641
64.8641
64.8641
64.8641
64.8641
64.8641
64.8641
64.8641
64.8641
64.8641
64.8641
64.8641
64.8641
64.8641
64.8641
64.8641
64.8641
64.8641
64.8641
64.8641
64.8641
64.8641
64.8641
64.8641
64.8641
64.8641
64.8641
64.8641
64.8641
64.8641
64.8641
64.8641
64.8641
64.8641
64.8641
64.8641
64.8641
64.8641
64.8641
64.8641
64.8641
64.8641
64.8641
64.8641
64.8641
64.8641
64.8641
64.8641
64.8641
64.8641
64.8641
64.8641
64.8641
64.8641
64.8641
64.8641
64.8641
64.8641
64.8641
64.8641
64.8641
64.8641
64.8641
64.8641
64.8641
64.8641
64.8641
64.8641
64.8641
64.8641
64.8641
64.8641
64.8641
64.8641
64.8641
64.8641
64.8641
64.8641
64.8641
64.8641
64.8641
64.8641
64.8641
64.8641
64.8641
64.8641
64.8641
64.8641
64.8641
64.8641
64.8641
64.8641
64.8641
64.8641
64.8641
64.8641
64.8641
64.8641
64.8641
64.8641
64.8641
64.8641
64.8641
64.8641
64.8641
64.8641
64.8641
64.8641
64.8641
64.8641
64.8641
64.8641
64.8641
64.8641
64.8641
64.8641
64.8641
64.8641
64.8641
64.8641
64.8641
64.8641
64.8641
64.8641
64.8641
64.8641
64.8641
64.8641
64.8641
64.8641
64.8641
64.8641
64.8641
64.8641
64.8641
64.8641
64.8641
64.8641
64.8641
64.8641
64.8641
64.8641
64.8641
64.8641
64.8641
64.8641
64.8641
64.8641
64.8641
64.8641
64.8641
64.8641
64.8641
64.8641
64.8641
64.8641
64.8641
64.8641
64.8641
64.8641
64.8641
64.8641
64.8641
64.8641
64.8641
64.8641
64.8641
64.8641
64.8641
64.8641
64.8641
64.8641
64.8641
64.8641
64.8641
64.8641
64.8641
64.8641
64.8641
64.8641
64.8641
64.8641
64.8641
64.8641
64.8641
64.8641
64.8641
64.8641
64.8641
64.8641
64.8641
64.8641
64.8641
64.8641
64.8641
64.8641
64.8641
64.8641
64.8641
64.8641
64.8641
64.8641
64.8641
64.8641
64.8641
64.8641
64.8641
64.8641
64.8641
64.8641
64.8641
64.8641
64.8641
64.8641
64.8641
64.8641
64.8641
64.8641
64.8641
64.8641
64.8641
64.8641
64.8641
64.8641
64.8641
64.8641
64.8641
64.8641
64.8641
64.8641
64.8641
64.8641
64.8641
64.8641
64.8641
64.8641
64.8641
64.8641
64.8641
64.8641
64.8641
64.8641
64.8641
64.8641
64.8641
64.8641
64.8641
64.8641
64.8641
64.8641
64.8641
64.8641
64.8641
64.8641
64.8641
64.8641
64.8641
64.8641
64.8641
64.8641
64.8641
64.8641
64.8641
64.8641
64.8641
64.8641
64.8641
64.8641
64.8641
64.8641
64.8641
64.8641
64.8641
64.8641
64.8641
64.8641
64.8641
64.8641
64.8641
64.8641
64.8641
64.8641
64.8641
64.8641
64.8641
64.8641
64.8641
64.8641
64.8641
64.8641
64.8641
64.8641
64.8641
64.8641
64.8641
64.8641
64.8641
64.8641
64.8641
64.8641
64.8641
64.8641
64.8641
64.8641
64.8641
64.8641
64.8641
64.8641
64.8641
64.8641
64.8641
64.8641
64.8641
64.8641
64.8641
64.8641
64.8641
64.8641
64.8641
64.8641
64.8641
64.8641
64.8641
64.8641
64.8641
64.8641
64.8641
64.8641
64.8641
64.8641
64.8641
64.8641
64.8641
64.8641
64.8641
64.8641
64.8641
64.8641
64.8641
64.8641
64.8641
64.8641
64.8641
64.8641
64.8641
64.8641
64.8641
64.8641
64.8641
64.8641
64.8641
64.8641
64.8641
64.8641
64.8641
64.8641
64.8641
64.8641
64.8641
64.8641
64.8641
64.8641
64.8641
64.8641
64.8641
64.8641
64.8641
64.8641
64.8641
64.8641
64.8641
64.8641
64.8641
64.8641
64.8641
64.8641
64.8641
64.8641
64.8641
64.8641
64.8641
64.8641
64.8641
64.8641
64.8641
64.8641
64.8641
64.8641
64.8641
64.8641
64.8641
64.8641
64.8641
64.8641
64.8641
64.8641
64.8641
64.8641
64.8641
64.8641
64.8641
64.8641
64.8641
64.8641
64.8641
64.8641
64.8641
64.8641
64.8641
64.8641
64.8641
64.8641
64.8641
64.8641
64.8641
64.8641
64.8641
64.8641
64.8641
64.8641
64.8641
64.8641
64.8641
64.8641
64.8641
64.8641
64.8641
64.8641
64.8641
64.8641
64.8641
64.8641
64.8641
64.8641
64.8641
64.8641
64.8641
64.8641
64.8641
64.8641
64.8641
64.8641
64.8641
64.8641
64.8641
64.8641
64.8641
64.8641
64.8641
64.8641
64.8641
64.8641
64.8641
64.8641
64.8641
64.8641
64.8641
64.8641
64.8641
64.8641
64.8641
64.8641
64.8641
64.8641
64.8641
64.8641
64.8641
64.8641
64.8641
64.8641
64.8641
64.8641
64.8641
64.8641
64.8641
64.8641
64.8641
64.8641
64.8641
64.8641
64.8641
64.8641
64.8641
64.8641
64.8641
64.8641
64.8641
64.8641
64.8641
64.8641
64.8641
64.8641
64.8641
64.8641
64.8641
64.8641
64.8641
64.8641
64.8641
64.8641
64.8641
64.8641
64.8641
64.8641
64.8641
64.8641
64.8641
64.8641
64.8641
64.8641
64.8641
64.8641
64.8641
64.8641
64.8641
64.8641
64.8641
64.8641
64.8641
64.8641
64.8641
64.8641
64.8641
64.8641
64.8641
64.8641
64.8641
64.8641
64.8641
64.8641
64.8641
64.8641
64.8641
64.8641
64.8641
64.8641
64.8641
64.8641
64.8641
64.8641
64.8641
64.8641
64.8641
64.8641
64.8641
64.8641
64.8641
64.8641
64.8641
64.8641
64.8641
64.8641
64.8641
64.8641
64.8641
64.8641
64.8641
64.8641
64.8641
64.8641
64.8641
64.8641
64.8641
64.8641
64.8641
64.8641
64.8641
64.8641
64.8641
64.8641
64.8641
64.8641
64.8641
64.8641
64.8641
64.8641
64.8641
64.8641
64.8641
64.8641
64.8641
64.8641
64.8641
64.8641
64.8641
64.8641
64.8641
64.8641
64.8641
64.8641
64.8641
64.8641
64.8641
64.8641
64.8641
64.8641
64.8641
64.8641
64.8641
64.8641
64.8641
64.8641
64.8641
64.8641
64.8641
64.8641
64.8641
64.8641
64.8641
64.8641
64.8641
64.8641
64.8641
64.8641
64.8641
64.8641
64.8641
64.8641
64.8641
64.8641
64.8641
64.8641
64.8641
64.8641
64.8641
64.8641
64.8641
64.8641
64.8641
64.8641
64.8641
64.8641
64.8641
64.8641
64.8641
64.8641
64.8641
64.8641
64.8641
64.8641
64.8641
64.8641
64.8641
64.8641
64.8641
64.8641
64.8641
64.8641
64.8641
64.8641
64.8641
64.8641
64.8641
64.8641
64.8641
64.8641
64.8641
64.8641
64.8641
64.8641
64.8641
64.8641
64.8641
64.8641
64.8641
64.8641
64.8641
64.8641
64.8641
64.8641
64.8641
64.8641
64.8641
64.8641
64.8641
64.8641
64.8641
64.8641
64.8641
64.8641
64.8641
64.8641
64.8641
64.8641
64.8641
64.8641
64.8641
64.8641
64.8641
64.8641
64.8641
64.8641
64.8641
64.8641
64.8641
64.8641
64.8641
64.8641
64.8641
64.8641
64.8641
64.8641
64.8641
64.8641
64.8641
64.8641
64.8641
64.8641
64.8641
64.8641
64.8641
64.8641
64.8641
64.8641
64.8641
64.8641
64.8641
64.8641
64.8641
64.8641
64.8641
64.8641
64.8641
64.8641
64.8641
64.8641
64.8641
64.8641
64.8641
64.8641
64.8641
64.8641
64.8641
64.8641
64.8641
64.8641
64.8641
64.8641
64.8641
64.8641
64.8641
64.8641
64.8641
64.8641
64.8641
64.8641
64.8641
64.8641
64.8641
64.8641
64.8641
64.8641
64.8641
64.8641
64.8641
64.8641
64.8641
64.8641
64.8641
64.8641
64.8641
64.8641
64.8641
64.8641
64.8641
64.8641
64.8641
64.8641
64.8641
64.8641
64.8641
64.8641
64.8641
64.8641
64.8641
64.8641
64.8641
64.8641
64.8641
64.8641
64.8641
64.8641
64.8641
64.8641
64.8641
64.8641
64.8641
64.8641
64.8641
64.8641
64.8641
64.8641
64.8641
64.8641
64.8641
64.8641
64.8641
64.8641
64.8641
64.8641
64.8641
64.8641
64.8641
64.8641
64.8641
64.8641
64.8641
64.8641
64.8641
64.8641
64.8641
64.8641
64.8641
64.8641
64.8641
64.8641
64.8641
64.8641
64.8641
64.8641
64.8641
64.8641
64.8641
64.8641
64.8641
64.8641
64.8641
64.8641
64.8641
64.8641
64.8641
64.8641
64.8641
64.8641
64.8641
64.8641
64.8641
64.8641
64.8641
64.8641
64.8641
64.8641
64.8641
64.8641
64.8641
64.8641
64.8641
64.8641
64.8641
64.8641
64.8641
64.8641
64.8641
64.8641
64.8641
64.8641
64.8641
64.8641
64.8641
64.8641
64.8641
64.8641
64.8641
64.8641
64.8641
64.8641
64.8641
64.8641
64.8641
64.8641
64.8641
64.8641
64.8641
64.8641
64.8641
64.8641
64.8641
64.8641
64.8641
64.8641
64.8641
64.8641
64.8641
64.8641
64.8641
64.8641
64.8641
64.8641
64.8641
64.8641
64.8641
64.8641
64.8641
64.8641
64.8641
64.8641
64.8641
64.8641
64.8641
64.8641
64.8641
64.8641
64.8641
64.8641
64.8641
64.8641
64.8641
64.8641
64.8641
64.8641
64.8641
64.8641
64.8641
64.8641
64.8641
64.8641
64.8641
64.8641
64.8641
64.8641
64.8641
64.8641
64.8641
64.8641
64.8641
64.8641
64.8641
64.8641
64.8641
64.8641
64.8641
64.8641
64.8641
64.8641
64.8641
64.8641
64.8641
64.8641
64.8641
64.8641
64.8641
64.8641
64.8641
64.8641
64.8641
64.8641
64.8641
64.8641
64.8641
64.8641
64.8641
64.8641
64.8641
64.8641
64.8641
64.8641
64.8641
64.8641
64.8641
64.8641
64.8641
64.8641
64.8641
64.8641
64.8641
64.8641
64.8641
64.8641
64.8641
64.8641
64.8641
64.8641
64.8641
64.8641
64.8641
64.8641
64.8641
64.8641
64.8641
64.8641
64.8641
64.8641
64.8641
64.8641
64.8641
64.8641
64.8641
64.8641
64.8641
64.8641
64.8641
64.8641
64.8641
64.8641
64.8641
64.8641
64.8641
64.8641
64.8641
64.8641
64.8641
64.8641
64.8641
64.8641
64.8641
64.8641
64.8641
64.8641
64.8641
64.8641
64.8641
64.8641
64.8641
64.8641
64.8641
64.8641
64.8641
64.8641
64.8641
64.8641
64.8641
64.8641
64.8641
64.8641
64.8641
64.8641
64.8641
64.8641
64.8641
64.8641
64.8641
64.8641
64.8641
64.8641
64.8641
64.8641
64.8641
64.8641
64.8641
64.8641
64.8641
64.8641
64.8641
64.8641
64.8641
64.8641
64.8641
64.8641
64.8641
64.8641
64.8641
64.8641
64.8641
64.8641
64.8641
64.8641
64.8641
64.8641
64.8641
64.8641
64.8641
64.8641
64.8641
64.8641
64.8641
64.8641
64.8641
64.8641
64.8641
64.8641
64.8641
64.8641
64.8641
64.8641
64.8641
64.8641
64.8641
64.8641
64.8641
64.8641
64.8641
64.8641
64.8641
64.8641
64.8641
64.8641
64.8641
64.8641
64.8641
64.8641
64.8641
64.8641
64.8641
64.8641
64.8641
64.8641
64.8641
64.8641
64.8641
64.8641
64.8641
64.8641
64.8641
64.8641
64.8641
64.8641
64.8641
64.8641
64.8641
64.8641
64.8641
64.8641
64.8641
64.8641
64.8641
64.8641
64.8641
64.8641
64.8641
64.8641
64.8641
64.8641
64.8641
64.8641
64.8641
64.8641
64.8641
64.8641
64.8641
64.8641
64.8641
64.8641
64.8641
64.8641
64.8641
64.8641
64.8641
64.8641
64.8641
64.8641
64.8641
64.8641
64.8641
64.8641
64.8641
64.8641
64.8641
64.8641
64.8641
64.8641
64.8641
64.8641
64.8641
64.8641
64.8641
64.8641
64.8641
64.8641
64.8641
64.8641
64.8641
64.8641
64.8641
64.8641
64.8641
64.8641
64.8641
64.8641
64.8641
64.8641
64.8641
64.8641
64.8641
64.8641
64.8641
64.8641
64.8641
64.8641
64.8641
64.8641
64.8641
64.8641
64.8641
64.8641
64.8641
64.8641
64.8641
64.8641
64.8641
64.8641
64.8641
64.8641
64.8641
64.8641
64.8641
64.8641
64.8641
64.8641
64.8641
64.8641
64.8641
64.8641
64.8641
64.8641
64.8641
64.8641
64.8641
64.8641
64.8641
64.8641
64.8641
64.8641
64.8641
64.8641
64.8641
64.8641
64.8641
64.8641
64.8641
64.8641
64.8641
64.8641
64.8641
64.8641
64.8641
64.8641
64.8641
64.8641
64.8641
64.8641
64.8641
64.8641
64.8641
64.8641
64.8641
64.8641
64.8641
64.8641
64.8641
64.8641
64.8641
64.8641
64.8641
64.8641
64.8641
64.8641
64.8641
64.8641
64.8641
64.8641
64.8641
64.8641
64.8641
64.8641
64.8641
64.8641
64.8641
64.8641
64.8641
64.8641
64.8641
64.8641
64.8641
64.8641
64.8641
64.8641
64.8641
64.8641
64.8641
64.8641
64.8641
64.8641
64.8641
64.8641
64.8641
64.8641
64.8641
64.8641
64.8641
64.8641
64.8641
64.8641
64.8641
64.8641
64.8641
64.8641
64.8641
64.8641
64.8641
64.8641
64.8641
64.8641
64.8641
64.8641
64.8641
64.8641
64.8641
64.8641
64.8641
64.8641
64.8641
64.8641
64.8641
64.8641
64.8641
64.8641
64.8641
64.8641
64.8641
64.8641
64.8641
64.8641
64.8641
64.8641
64.8641
64.8641
64.8641
64.8641
64.8641
64.8641
64.8641
64.8641
64.8641
64.8641
64.8641
64.8641
64.8641
64.8641
64.8641
64.8641
64.8641
64.8641
64.8641
64.8641
64.8641
64.8641
64.8641
64.8641
64.8641
64.8641
64.8641
64.8641
64.8641
64.8641
64.8641
64.8641
64.8641
64.8641
64.8641
64.8641
64.8641
64.8641
64.8641
64.8641
64.8641
64.8641
64.8641
64.8641
64.8641
64.8641
64.8641
64.8641
64.8641
64.8641
64.8641
64.8641
64.8641
64.8641
64.8641
64.8641
64.8641
64.8641
64.8641
64.8641
64.8641
64.8641
64.8641
64.8641
64.8641
64.8641
64.8641
64.8641
64.8641
64.8641
64.8641
64.8641
64.8641
64.8641
64.8641
64.8641
64.8641
64.8641
64.8641
64.8641
64.8641
64.8641
64.8641
64.8641
64.8641
64.8641
64.8641
64.8641
64.8641
64.8641
64.8641
64.8641
64.8641
64.8641
64.8641
64.8641
64.8641
64.8641
64.8641
64.8641
64.8641
64.8641
64.8641
64.8641
64.8641
64.8641
64.8641
64.8641
64.8641
64.8641
64.8641
64.8641
64.8641
64.8641
64.8641
64.8641
64.8641
64.8641
64.8641
64.8641
64.8641
64.8641
64.8641
64.8641
64.8641
64.8641
64.8641
64.8641
64.8641
64.8641
64.8641
64.8641
64.8641
64.8641
64.8641
64.8641
64.8641
64.8641
64.8641
64.8641
64.8641
64.8641
64.8641
64.8641
64.8641
64.8641
64.8641
64.8641
64.8641
64.8641
64.8641
64.8641
64.8641
64.8641
64.8641
64.8641
64.8641
64.8641
64.8641
64.8641
64.8641
64.8641
64.8641
64.8641
64.8641
64.8641
64.8641
64.8641
64.8641
64.8641
64.8641
64.8641
64.8641
64.8641
64.8641
64.8641
64.8641
64.8641
64.8641
64.8641
64.8641
64.8641
64.8641
64.8641
64.8641
64.8641
64.8641
64.8641
64.8641
64.8641
64.8641
64.8641
64.8641
64.8641
64.8641
64.8641
64.8641
64.8641
64.8641
64.8641
64.8641
64.8641
64.8641
64.8641
64.8641
64.8641
64.8641
64.8641
64.8641
64.8641
64.8641
64.8641
64.8641
64.8641
64.8641
64.8641
64.8641
64.8641
64.8641
64.8641
64.8641
64.8641
64.8641
64.8641
64.8641
64.8641
64.8641
64.8641
64.8641
64.8641
64.8641
64.8641
64.8641
64.8641
64.8641
64.8641
64.8641
64.8641
64.8641
64.8641
64.8641
64.8641
64.8641
64.8641
64.8641
64.8641
64.8641
64.8641
64.8641
64.8641
64.8641
64.8641
64.8641
64.8641
64.8641
64.8641
64.8641
64.8641
64.8641
64.8641
64.8641
64.8641
64.8641
64.8641
64.8641
64.8641
64.8641
64.8641
64.8641
64.8641
64.8641
64.8641
64.8641
64.8641
64.8641
64.8641
64.8641
64.8641
64.8641
64.8641
64.8641
64.8641
64.8641
64.8641
64.8641
64.8641
64.8641
64.8641
64.8641
64.8641
64.8641
64.8641
64.8641
64.8641
64.8641
64.8641
64.8641
64.8641
64.8641
64.8641
64.8641
64.8641
64.8641
64.8641
64.8641
64.8641
64.8641
64.8641
64.8641
64.8641
64.8641
64.8641
64.8641
64.8641
64.8641
64.8641
64.8641
64.8641
64.8641
64.8641
64.8641
64.8641
64.8641
64.8641
64.8641
64.8641
64.8641
64.8641
64.8641
64.8641
64.8641
64.8641
64.8641
64.8641
64.8641
64.8641
64.8641
64.8641
64.8641
64.8641
64.8641
64.8641
64.8641
64.8641
64.8641
64.8641
64.8641
64.8641
64.8641
64.8641
64.8641
64.8641
64.8641
64.8641
64.8641
64.8641
64.8641
64.8641
64.8641
64.8641
64.8641
64.8641
64.8641
64.8641
64.8641
64.8641
64.8641
64.8641
64.8641
64.8641
64.8641
64.8641
64.8641
64.8641
64.8641
64.8641
64.8641
64.8641
64.8641
64.8641
64.8641
64.8641
64.8641
64.8641
64.8641
64.8641
64.8641
64.8641
64.8641
64.8641
64.8641
64.8641
64.8641
64.8641
64.8641
64.8641
64.8641
64.8641
64.8641
64.8641
64.8641
64.8641
64.8641
64.8641
64.8641
64.8641
64.8641
64.8641
64.8641
64.8641
64.8641
64.8641
64.8641
64.8641
64.8641
64.8641
64.8641
64.8641
64.8641
64.8641
64.8641
64.8641
64.8641
64.8641
64.8641
64.8641
64.8641
64.8641
64.8641
64.8641
64.8641
64.8641
64.8641
64.8641
64.8641
64.8641
64.8641
64.8641
64.8641
64.8641
64.8641
64.8641
64.8641
64.8641
64.8641
64.8641
64.8641
64.8641
64.8641
64.8641
64.8641
64.8641
64.8641
64.8641
64.8641
64.8641
64.8641
64.8641
64.8641
64.8641
64.8641
64.8641
64.8641
64.8641
64.8641
64.8641
64.8641
64.8641
64.8641
64.8641
64.8641
64.8641
64.8641
64.8641
64.8641
64.8641
64.8641
64.8641
64.8641
64.8641
64.8641
64.8641
64.8641
64.8641
64.8641
64.8641
64.8641
64.8641
64.8641
64.8641
64.8641
64.8641
64.8641
64.8641
64.8641
64.8641
64.8641
64.8641
64.8641
64.8641
64.8641
64.8641
64.8641
64.8641
64.8641
64.8641
64.8641
64.8641
64.8641
64.8641
64.8641
64.8641
64.8641
64.8641
64.8641
64.8641
64.8641
64.8641
64.8641
64.8641
64.8641
64.8641
64.8641
64.8641
64.8641
64.8641
64.8641
64.8641
64.8641
64.8641
64.8641
64.8641
64.8641
64.8641
64.8641
64.8641
64.8641
64.8641
64.8641
64.8641
64.8641
64.8641
64.8641
64.8641
64.8641
64.8641
64.8641
64.8641
64.8641
64.8641
64.8641
64.8641
64.8641
64.8641
64.8641
64.8641
64.8641
64.8641
64.8641
64.8641
64.8641
64.8641
64.8641
64.8641
64.8641
64.8641
64.8641
64.8641
64.8641
64.8641
64.8641
64.8641
64.8641
64.8641
64.8641
64.8641
64.8641
64.8641
64.8641
64.8641
64.8641
64.8641
64.8641
64.8641
64.8641
64.8641
64.8641
64.8641
64.8641
64.8641
64.8641
64.8641
64.8641
64.8641
64.8641
64.8641
64.8641
64.8641
64.8641
64.8641
64.8641
64.8641
64.8641
64.8641
64.8641
64.8641
64.8641
64.8641
64.8641
64.8641
64.8641
64.8641
64.8641
64.8641
64.8641
64.8641
64.8641
64.8641
64.8641
64.8641
64.8641
64.8641
64.8641
64.8641
64.8641
64.8641
64.8641
64.8641
64.8641
64.8641
64.8641
64.8641
64.8641
64.8641
64.8641
64.8641
64.8641
64.8641
64.8641
64.8641
64.8641
64.8641
64.8641
64.8641
64.8641
64.8641
64.8641
64.8641
64.8641
64.8641
64.8641
64.8641
64.8641
64.8641
64.8641
64.8641
64.8641
64.8641
64.8641
64.8641
64.8641
64.8641
64.8641
64.8641
64.8641
64.8641
64.8641
64.8641
64.8641
64.8641
64.8641
64.8641
64.8641
64.8641
64.8641
64.8641
64.8641
64.8641
64.8641
64.8641
64.8641
64.8641
64.8641
64.8641
64.8641
64.8641
64.8641
64.8641
64.8641
64.8641
64.8641
64.8641
64.8641
64.8641
64.8641
64.8641
64.8641
64.8641
64.8641
64.8641
64.8641
64.8641
64.8641
64.8641
64.8641
64.8641
64.8641
64.8641
64.8641
64.8641
64.8641
64.8641
64.8641
64.8641
64.8641
64.8641
64.8641
64.8641
64.8641
64.8641
64.8641
64.8641
64.8641
64.8641
64.8641
64.8641
64.8641
64.8641
64.8641
64.8641
64.8641
64.8641
64.8641
64.8641
64.8641
64.8641
64.8641
64.8641
64.8641
64.8641
64.8641
64.8641
64.8641
64.8641
64.8641
64.8641
64.8641
64.8641
64.8641
64.8641
64.8641
64.8641
64.8641
64.8641
64.8641
64.8641
64.8641
64.8641
64.8641
64.8641
64.8641
64.8641
64.8641
64.8641
64.8641
64.8641
64.8641
64.8641
64.8641
64.8641
64.8641
64.8641
64.8641
64.8641
64.8641
64.8641
64.8641
64.8641
64.8641
64.8641
64.8641
64.8641
64.8641
64.8641
64.8641
64.8641
64.8641
64.8641
64.8641
64.8641
64.8641
64.8641
64.8641
64.8641
64.8641
64.8641
64.8641
64.8641
64.8641
64.8641
64.8641
64.8641
64.8641
64.8641
64.8641
64.8641
64.8641
64.8641
64.8641
64.8641
64.8641
64.8641
64.8641
64.8641
64.8641
64.8641
64.8641
64.8641
64.8641
64.8641
64.8641
64.8641
64.8641
64.8641
64.8641
64.8641
64.8641
64.8641
64.8641
64.8641
64.8641
64.8641
64.8641
64.8641
64.8641
64.8641
64.8641
64.8641
64.8641
64.8641
64.8641
64.8641
64.8641
64.8641
64.8641
64.8641
64.8641
64.8641
64.8641
64.8641
64.8641
64.8641
64.8641
64.8641
64.8641
64.8641
64.8641
64.8641
64.8641
64.8641
64.8641
64.8641
64.8641
64.8641
64.8641
64.8641
64.8641
64.8641
64.8641
64.8641
64.8641
64.8641
64.8641
64.8641
64.8641
64.8641
64.8641
64.8641
64.8641
64.8641
64.8641
64.8641
64.8641
64.8641
64.8641
64.8641
64.8641
64.8641
64.8641
64.8641
64.8641
64.8641
64.8641
64.8641
64.8641
64.8641
64.8641
64.8641
64.8641
64.8641
64.8641
64.8641
64.8641
64.8641
64.8641
64.8641
64.8641
64.8641
64.8641
64.8641
64.8641
64.8641
64.8641
64.8641
64.8641
64.8641
64.8641
64.8641
64.8641
64.8641
64.8641
64.8641
64.8641
64.8641
64.8641
64.8641
64.8641
64.8641
64.8641
64.8641
64.8641
64.8641
64.8641
64.8641
64.8641
64.8641
64.8641
64.8641
64.8641
64.8641
64.8641
64.8641
64.8641
64.8641
64.8641
64.8641
64.8641
64.8641
64.8641
64.8641
64.8641
64.8641
64.8641
64.8641
64.8641
64.8641
64.8641
64.8641
64.8641
64.8641
64.8641
64.8641
64.8641
64.8641
64.8641
64.8641
64.8641
64.8641
64.8641
64.8641
64.8641
64.8641
64.8641
64.8641
64.8641
64.8641
64.8641
64.8641
64.8641
64.8641
64.8641
64.8641
64.8641
64.8641
64.8641
64.8641
64.8641
64.8641
64.8641
64.8641
64.8641
64.8641
64.8641
64.8641
64.8641
64.8641
64.8641
64.8641
64.8641
64.8641
64.8641
64.8641
64.8641
64.8641
64.8641
64.8641
64.8641
64.8641
64.8641
64.8641
64.8641
64.8641
64.8641
64.8641
64.8641
64.8641
64.8641
64.8641
64.8641
64.8641
64.8641
64.8641
64.8641
64.8641
64.8641
64.8641
64.8641
64.8641
64.8641
64.8641
64.8641
64.8641
64.8641
64.8641
64.8641
64.8641
64.8641
64.8641
64.8641
64.8641
64.8641
64.8641
64.8641
64.8641
64.8641
64.8641
64.8641
64.8641
64.8641
64.8641
64.8641
64.8641
64.8641
64.8641
64.8641
64.8641
64.8641
64.8641
64.8641
64.8641
64.8641
64.8641
64.8641
64.8641
64.8641
64.8641
64.8641
64.8641
64.8641
64.8641
64.8641
64.8641
64.8641
64.8641
64.8641
64.8641
64.8641
64.8641
64.8641
64.8641
64.8641
64.8641
64.8641
64.8641
64.8641
64.8641
64.8641
64.8641
64.8641
64.8641
64.8641
64.8641
64.8641
64.8641
64.8641
64.8641
64.8641
64.8641
64.8641
64.8641
64.8641
64.8641
64.8641
64.8641
64.8641
64.8641
64.8641
64.8641
64.8641
64.8641
64.8641
64.8641
64.8641
64.8641
64.8641
64.8641
64.8641
64.8641
64.8641
64.8641
64.8641
64.8641
64.8641
64.8641
64.8641
64.8641
64.8641
64.8641
64.8641
64.8641
64.8641
64.8641
64.8641
64.8641
64.8641
64.8641
64.8641
64.8641
64.8641
64.8641
64.8641
64.8641
64.8641
64.8641
64.8641
64.8641
64.8641
64.8641
64.8641
64.8641
64.8641
64.8641
64.8641
64.8641
64.8641
64.8641
64.8641
64.8641
64.8641
64.8641
64.8641
64.8641
64.8641
64.8641
64.8641
64.8641
64.8641
64.8641
64.8641
64.8641
64.8641
64.8641
64.8641
64.8641
64.8641
64.8641
64.8641
64.8641
64.8641
64.8641
64.8641
64.8641
64.8641
64.8641
64.8641
64.8641
64.8641
64.8641
64.8641
64.8641
64.8641
64.8641
64.8641
64.8641
64.8641
64.8641
64.8641
64.8641
64.8641
64.8641
64.8641
64.8641
64.8641
64.8641
64.8641
64.8641
64.8641
64.8641
64.8641
64.8641
64.8641
64.8641
64.8641
64.8641
64.8641
64.8641
64.8641
64.8641
64.8641
64.8641
64.8641
64.8641
64.8641
64.8641
64.8641
64.8641
64.8641
64.8641
64.8641
64.8641
64.8641
64.8641
64.8641
64.8641
64.8641
64.8641
64.8641
64.8641
64.8641
64.8641
64.8641
64.8641
64.8641
64.8641
64.8641
64.8641
64.8641
64.8641
64.8641
64.8641
64.8641
64.8641
64.8641
64.8641
64.8641
64.8641
64.8641
64.8641
64.8641
64.8641
64.8641
64.8641
64.8641
64.8641
64.8641
64.8641
64.8641
64.8641
64.8641
64.8641
64.8641
64.8641
64.8641
64.8641
64.8641
64.8641
64.8641
64.8641
64.8641
64.8641
64.8641
64.8641
64.8641
64.8641
64.8641
64.8641
64.8641
64.8641
64.8641
64.8641
64.8641
64.8641
64.8641
64.8641
64.8641
64.8641
64.8641
64.8641
64.8641
64.8641
64.8641
64.8641
64.8641
64.8641
64.8641
64.8641
64.8641
64.8641
64.8641
64.8641
64.8641
64.8641
64.8641
64.8641
64.8641
64.8641
64.8641
64.8641
64.8641
64.8641
64.8641
64.8641
64.8641
64.8641
64.8641
64.8641
64.8641
64.8641
64.8641
64.8641
64.8641
64.8641
64.8641
64.8641
64.8641
64.8641
64.8641
64.8641
64.8641
64.8641
64.8641
64.8641
64.8641
64.8641
64.8641
64.8641
64.8641
64.8641
64.8641
64.8641
64.8641
64.8641
64.8641
64.8641
64.8641
64.8641
64.8641
64.8641
64.8641
64.8641
64.8641
64.8641
64.8641
64.8641
64.8641
64.8641
64.8641
64.8641
64.8641
64.8641
64.8641
64.8641
64.8641
64.8641
64.8641
64.8641
64.8641
64.8641
64.8641
64.8641
64.8641
64.8641
64.8641
64.8641
64.8641
64.8641
64.8641
64.8641
64.8641
64.8641
64.8641
64.8641
64.8641
64.8641
64.8641
64.8641
64.8641
64.8641
64.8641
64.8641
64.8641
64.8641
64.8641
64.8641
64.8641
64.8641
64.8641
64.8641
64.8641
64.8641
64.8641
64.8641
64.8641
64.8641
64.8641
64.8641
64.8641
64.8641
64.8641
64.8641
64.8641
64.8641
64.8641
64.8641
64.8641
64.8641
64.8641
64.8641
64.8641
64.8641
64.8641
64.8641
64.8641
64.8641
64.8641
64.8641
64.8641
64.8641
64.8641
64.8641
64.8641
64.8641
64.8641
64.8641
64.8641
64.8641
64.8641
64.8641
64.8641
64.8641
64.8641
64.8641
64.8641
64.8641
64.8641
64.8641
64.8641
64.8641
64.8641
64.8641
64.8641
64.8641
64.8641
64.8641
64.8641
64.8641
64.8641
64.8641
64.8641
64.8641
64.8641
64.8641
64.8641
64.8641
64.8641
64.8641
64.8641
64.8641
64.8641
64.8641
64.8641
64.8641
64.8641
64.8641
64.8641
64.8641
64.8641
64.8641
64.8641
64.8641
64.8641
64.8641
64.8641
64.8641
64.8641
64.8641
64.8641
64.8641
64.8641
64.8641
64.8641
64.8641
64.8641
64.8641
64.8641
64.8641
64.8641
64.8641
64.8641
64.8641
64.8641
64.8641
64.8641
64.8641
64.8641
64.8641
64.8641
64.8641
64.8641
64.8641
64.8641
64.8641
64.8641
64.8641
64.8641
64.8641
64.8641
64.8641
64.8641
64.8641
64.8641
64.8641
64.8641
64.8641
64.8641
64.8641
64.8641
64.8641
64.8641
64.8641
64.8641
64.8641
64.8641
64.8641
64.8641
64.8641
64.8641
64.8641
64.8641
64.8641
64.8641
64.8641
64.8641
64.8641
64.8641
64.8641
64.8641
64.8641
64.8641
64.8641
64.8641
64.8641
64.8641
64.8641
64.8641
64.8641
64.8641
64.8641
64.8641
64.8641
64.8641
64.8641
64.8641
64.8641
64.8641
64.8641
64.8641
64.8641
64.8641
64.8641
64.8641
64.8641
64.8641
64.8641
64.8641
64.8641
64.8641
64.8641
64.8641
64.8641
64.8641
64.8641
64.8641
64.8641
64.8641
64.8641
64.8641
64.8641
64.8641
64.8641
64.8641
64.8641
64.8641
64.8641
64.8641
64.8641
64.8641
64.8641
64.8641
64.8641
64.8641
64.8641
64.8641
64.8641
64.8641
64.8641
64.8641
64.8641
64.8641
64.8641
64.8641
64.8641
64.8641
64.8641
64.8641
64.8641
64.8641
64.8641
64.8641
64.8641
64.8641
64.8641
64.8641
64.8641
64.8641
64.8641
64.8641
64.8641
64.8641
64.8641
64.8641
64.8641
64.8641
64.8641
64.8641
64.8641
64.8641
64.8641
64.8641
64.8641
64.8641
64.8641
64.8641
64.8641
64.8641
64.8641
64.8641
64.8641
64.8641
64.8641
64.8641
64.8641
64.8641
64.8641
64.8641
64.8641
64.8641
64.8641
64.8641
64.8641
64.8641
64.8641
64.8641
64.8641
64.8641
64.8641
64.8641
64.8641
64.8641
64.8641
64.8641
64.8641
64.8641
64.8641
64.8641
64.8641
64.8641
64.8641
64.8641
64.8641
64.8641
64.8641
64.8641
64.8641
64.8641
64.8641
64.8641
64.8641
64.8641
64.8641
64.8641
64.8641
64.8641
64.8641
64.8641
64.8641
64.8641
64.8641
64.8641
64.8641
64.8641
64.8641
64.8641
64.8641
64.8641
64.8641
64.8641
64.8641
64.8641
64.8641
64.8641
64.8641
64.8641
64.8641
64.8641
64.8641
64.8641
64.8641
64.8641
64.8641
64.8641
64.8641
64.8641
64.8641
64.8641
64.8641
64.8641
64.8641
64.8641
64.8641
64.8641
64.8641
64.8641
64.8641
64.8641
64.8641
64.8641
64.8641
64.8641
64.8641
64.8641
64.8641
64.8641
64.8641
64.8641
64.8641
64.8641
64.8641
64.8641
64.8641
64.8641
64.8641
64.8641
64.8641
64.8641
64.8641
64.8641
64.8641
64.8641
64.8641
64.8641
64.8641
64.8641
64.8641
64.8641
64.8641
64.8641
64.8641
64.8641
64.8641
64.8641
64.8641
64.8641
64.8641
64.8641
64.8641
64.8641
64.8641
64.8641
64.8641
64.8641
64.8641
64.8641
64.8641
64.8641
64.8641
64.8641
64.8641
64.8641
64.8641
64.8641
64.8641
64.8641
64.8641
64.8641
64.8641
64.8641
64.8641
64.8641
64.8641
64.8641
64.8641
64.8641
64.8641
64.8641
64.8641
64.8641
64.8641
64.8641
64.8641
64.8641
64.8641
64.8641
64.8641
64.8641
64.8641
64.8641
64.8641
64.8641
64.8641
64.8641
64.8641
64.8641
64.8641
64.8641
64.8641
64.8641
64.8641
64.8641
64.8641
64.8641
64.8641
64.8641
64.8641
64.8641
64.8641
64.8641
64.8641
64.8641
64.8641
64.8641
64.8641
64.8641
64.8641
64.8641
64.8641
64.8641
64.8641
64.8641
64.8641
64.8641
64.8641
64.8641
64.8641
64.8641
64.8641
64.8641
64.8641
64.8641
64.8641
64.8641
64.8641
64.8641
64.8641
64.8641
64.8641
64.8641
64.8641
64.8641
64.8641
64.8641
64.8641
64.8641
64.8641
64.8641
64.8641
64.8641
64.8641
64.8641
64.8641
64.8641
64.8641
64.8641
64.8641
64.8641
64.8641
64.8641
64.8641
64.8641
64.8641
64.8641
64.8641
64.8641
64.8641
64.8641
64.8641
64.8641
64.8641
64.8641
64.8641
64.8641
64.8641
64.8641
64.8641
64.8641
64.8641
64.8641
64.8641
64.8641
64.8641
64.8641
64.8641
64.8641
64.8641
64.8641
64.8641
64.8641
64.8641
64.8641
64.8641
64.8641
64.8641
64.8641
64.8641
64.8641
64.8641
64.8641
64.8641
64.8641
64.8641
64.8641
64.8641
64.8641
64.8641
64.8641
64.8641
64.8641
64.8641
64.8641
64.8641
64.8641
64.8641
64.8641
64.8641
64.8641
64.8641
64.8641
64.8641
64.8641
64.8641
64.8641
64.8641
64.8641
64.8641
64.8641
64.8641
64.8641
64.8641
64.8641
64.8641
64.8641
64.8641
64.8641
64.8641
64.8641
64.8641
64.8641
64.8641
64.8641
64.8641
64.8641
64.8641
64.8641
64.8641
64.8641
64.8641
64.8641
64.8641
64.8641
64.8641
64.8641
64.8641
64.8641
64.8641
64.8641
64.8641
64.8641
64.8641
64.8641
64.8641
64.8641
64.8641
64.8641
64.8641
64.8641
64.8641
64.8641
64.8641
64.8641
64.8641
64.8641
64.8641
64.8641
64.8641
64.8641
64.8641
64.8641
64.8641
64.8641
64.8641
64.8641
64.8641
64.8641
64.8641
64.8641
64.8641
64.8641
64.8641
64.8641
64.8641
64.8641
64.8641
64.8641
64.8641
64.8641
64.8641
64.8641
64.8641
64.8641
64.8641
64.8641
64.8641
64.8641
64.8641
64.8641
64.8641
64.8641
64.8641
64.8641
64.8641
64.8641
64.8641
64.8641
64.8641
64.8641
64.8641
64.8641
64.8641
64.8641
64.8641
64.8641
64.8641
64.8641
64.8641
64.8641
64.8641
64.8641
64.8641
64.8641
64.8641
64.8641
64.8641
64.8641
64.8641
64.8641
64.8641
64.8641
64.8641
64.8641
64.8641
64.8641
64.8641
64.8641
64.8641
64.8641
64.8641
64.8641
64.8641
64.8641
64.8641
64.8641
64.8641
64.8641
64.8641
64.8641
64.8641
64.8641
64.8641
64.8641
64.8641
64.8641
64.8641
64.8641
64.8641
64.8641
64.8641
64.8641
64.8641
64.8641
64.8641
64.8641
64.8641
64.8641
64.8641
64.8641
64.8641
64.8641
64.8641
64.8641
64.8641
64.8641
64.8641
64.8641
64.8641
64.8641
64.8641
64.8641
64.8641
64.8641
64.8641
64.8641
64.8641
64.8641
64.8641
64.8641
64.8641
64.8641
64.8641
64.8641
64.8641
64.8641
64.8641
64.8641
64.8641
64.8641
64.8641
64.8641
64.8641
64.8641
64.8641
64.8641
64.8641
64.8641
64.8641
64.8641
64.8641
64.8641
64.8641
64.8641
64.8641
64.8641
64.8641
64.8641
64.8641
64.8641
64.8641
64.8641
64.8641
64.8641
64.8641
64.8641
64.8641
64.8641
64.8641
64.8641
64.8641
64.8641
64.8641
64.8641
64.8641
64.8641
64.8641
64.8641
64.8641
64.8641
64.8641
64.8641
64.8641
64.8641
64.8641
64.8641
64.8641
64.8641
64.8641
64.8641
64.8641
64.8641
64.8641
64.8641
64.8641
64.8641
64.8641
64.8641
64.8641
64.8641
64.8641
64.8641
64.8641
64.8641
64.8641
64.8641
64.8641
64.8641
64.8641
64.8641
64.8641
64.8641
64.8641
64.8641
64.8641
64.8641
64.8641
64.8641
64.8641
64.8641
64.8641
64.8641
64.8641
64.8641
64.8641
64.8641
64.8641
64.8641
64.8641
64.8641
64.8641
64.8641
64.8641
64.8641
64.8641
64.8641
64.8641
64.8641
64.8641
64.8641
64.8641
64.8641
64.8641
64.8641
64.8641
64.8641
64.8641
64.8641
64.8641
64.8641
64.8641
64.8641
64.8641
64.8641
64.8641
64.8641
64.8641
64.8641
64.8641
64.8641
64.8641
64.8641
64.8641
64.8641
64.8641
64.8641
64.8641
64.8641
64.8641
64.8641
64.8641
64.8641
64.8641
64.8641
64.8641
64.8641
64.8641
64.8641
64.8641
64.8641
64.8641
64.8641
64.8641
64.8641
64.8641
64.8641
64.8641
64.8641
64.8641
64.8641
64.8641
64.8641
64.8641
64.8641
64.8641
64.8641
64.8641
64.8641
64.8641
64.8641
64.8641
64.8641
64.8641
64.8641
64.8641
64.8641
64.8641
64.8641
64.8641
64.8641
64.8641
64.8641
64.8641
64.8641
64.8641
64.8641
64.8641
64.8641
64.8641
64.8641
64.8641
64.8641
64.8641
64.8641
64.8641
64.8641
64.8641
64.8641
64.8641
64.8641
64.8641
64.8641
64.8641
64.8641
64.8641
64.8641
64.8641
64.8641
64.8641
64.8641
64.8641
64.8641
64.8641
64.8641
64.8641
64.8641
64.8641
64.8641
64.8641
64.8641
64.8641
64.8641
64.8641
64.8641
64.8641
64.8641
64.8641
64.8641
64.8641
64.8641
64.8641
64.8641
64.8641
64.8641
64.8641
64.8641
64.8641
64.8641
64.8641
64.8641
64.8641
64.8641
64.8641
64.8641
64.8641
64.8641
64.8641
64.8641
64.8641
64.8641
64.8641
64.8641
64.8641
64.8641
64.8641
64.8641
64.8641
64.8641
64.8641
64.8641
64.8641
64.8641
64.8641
64.8641
64.8641
64.8641
64.8641
64.8641
64.8641
64.8641
64.8641
64.8641
64.8641
64.8641
64.8641
64.8641
64.8641
64.8641
64.8641
64.8641
64.8641
64.8641
64.8641
64.8641
64.8641
64.8641
64.8641
64.8641
64.8641
64.8641
64.8641
64.8641
64.8641
64.8641
64.8641
64.8641
64.8641
64.8641
64.8641
64.8641
64.8641
64.8641
64.8641
64.8641
64.8641
64.8641
64.8641
64.8641
64.8641
64.8641
64.8641
64.8641
64.8641
64.8641
64.8641
64.8641
64.8641
64.8641
64.8641
64.8641
64.8641
64.8641
64.8641
64.8641
64.8641
64.8641
64.8641
64.8641
64.8641
64.8641
64.8641
64.8641
64.8641
64.8641
64.8641
64.8641
64.8641
64.8641
64.8641
64.8641
64.8641
64.8641
64.8641
64.8641
64.8641
64.8641
64.8641
64.8641
64.8641
64.8641
64.8641
64.8641
64.8641
64.8641
64.8641
64.8641
64.8641
64.8641
64.8641
64.8641
64.8641
64.8641
64.8641
64.8641
64.8641
64.8641
64.8641
64.8641
64.8641
64.8641
64.8641
64.8641
64.8641
64.8641
64.8641
64.8641
64.8641
64.8641
64.8641
64.8641
64.8641
64.8641
64.8641
64.8641
64.8641
64.8641
64.8641
64.8641
64.8641
64.8641
64.8641
64.8641
64.8641
64.8641
64.8641
64.8641
64.8641
64.8641
64.8641
64.8641
64.8641
64.8641
64.8641
64.8641
64.8641
64.8641
64.8641
64.8641
64.8641
64.8641
64.8641
64.8641
64.8641
64.8641
64.8641
64.8641
64.8641
64.8641
64.8641
64.8641
64.8641
64.8641
64.8641
64.8641
64.8641
64.8641
64.8641
64.8641
64.8641
64.8641
64.8641
64.8641
64.8641
64.8641
64.8641
64.8641
64.8641
64.8641
64.8641
64.8641
64.8641
64.8641
64.8641
64.8641
64.8641
64.8641
64.8641
64.8641
64.8641
64.8641
64.8641
64.8641
64.8641
64.8641
64.8641
64.8641
64.8641
64.8641
64.8641
64.8641
64.8641
64.8641
64.8641
64.8641
64.8641
64.8641
64.8641
64.8641
64.8641
64.8641
64.8641
64.8641
64.8641
64.8641
64.8641
64.8641
64.8641
64.8641
64.8641
64.8641
64.8641
64.8641
64.8641
64.8641
64.8641
64.8641
64.8641
64.8641
64.8641
64.8641
64.8641
64.8641
64.8641
64.8641
64.8641
64.8641
64.8641
64.8641
64.8641
64.8641
64.8641
64.8641
64.8641
64.8641
64.8641
64.8641
64.8641
64.8641
64.8641
64.8641
64.8641
64.8641
64.8641
64.8641
64.8641
64.8641
64.8641
64.8641
64.8641
64.8641
64.8641
64.8641
64.8641
64.8641
64.8641
64.8641
64.8641
64.8641
64.8641
64.8641
64.8641
64.8641
64.8641
64.8641
64.8641
64.8641
64.8641
