431.863
415.636
415.111
403.077
396.476
391.243
385.048
378.95
362.766
354.422
351.45
349.118
346.273
340.501
328.146
322.518
310.721
302.435
300.299
297.156
296.524
292.825
284.807
278.476
275.149
275.149
269.221
267.417
265.661
260.705
260.705
256.329
256.329
253.068
245.465
245.465
241.188
241.188
241.188
237.988
234.382
233.711
228.866
225.367
223.572
219.377
216.601
215.901
213.125
207.425
203.682
201.064
196.507
196.507
194.867
194.822
192.713
190.787
189.774
187.605
187.462
185.811
184.014
184.014
183.598
182.359
181.709
179.559
178.93
178.586
175.661
175.661
174.326
174.286
172.732
172.732
170.11
169.879
169.592
168.316
167.3
166.426
165.762
165.762
164.887
162.623
162.623
162.37
161.849
160.106
160.106
159.332
157.987
157.02
155.928
155.928
155.469
154.502
154.353
152.076
152.076
151.687
150.94
150.913
150.065
150.065
150.065
149.564
147.546
147.046
145.87
145.87
145.87
145.214
144.321
144.321
144.321
143.691
142.838
140.904
140.904
140.904
140.051
139.513
138.441
138.441
137.752
136.636
134.596
134.596
133.48
133.171
131.671
131.671
131.435
129.67
129.361
129.361
128.429
128.429
128.429
127.948
127.948
127.944
127.016
126.022
125.961
125.598
124.951
124.951
123.523
123.258
123.258
123.258
123.258
123.258
123.258
121.215
121.215
121.209
121.209
121.209
121.209
121.209
121.209
121.209
121.209
121.209
121.087
121.087
120.692
120.692
119.684
118.865
118.865
118.865
118.043
117.474
117.474
117.123
116.422
115.894
114.805
114.805
113.908
113.299
113.213
113.213
112.476
112.175
112.09
111.353
111.353
111.256
111.256
111.199
110.99
110.915
110.096
109.767
109.232
108.761
107.909
106.109
106.109
106.109
105.674
105.343
105.343
105.343
104.915
104.62
103.818
103.382
103.26
103.26
103.136
102.163
102.163
102.163
102.163
102.163
101.37
101.37
100.847
100.847
98.7465
98.7465
97.4312
97.4312
96.6384
96.6384
95.9787
95.9787
95.9787
94.726
94.726
94.726
94.726
94.1703
94.1703
94.1703
94.0332
94.0332
93.4802
93.4802
93.4802
93.3538
93.3538
92.9969
92.9969
92.9969
92.7796
92.7796
92.4228
92.353
91.9962
91.8698
91.8698
91.5429
91.5429
91.3429
91.3429
91.3429
91.3429
91.3429
90.8556
90.5873
90.2604
89.821
89.821
89.821
89.5439
89.5439
89.5439
89.5439
89.3987
89.3987
89.3987
89.1209
89.1209
88.9757
88.9757
88.9757
88.9757
88.7981
88.6529
88.6529
88.6529
88.6529
88.6529
88.6529
88.6529
88.6529
88.2891
88.2891
88.1815
87.8177
87.8177
87.7947
87.7947
86.8764
86.8764
86.8764
86.8764
86.8764
86.8764
86.7778
86.3217
86.3217
86.3217
86.223
86.223
86.223
86.223
86.223
86.223
86.223
86.223
86.1783
86.1783
86.0027
86.0027
86.0027
85.7618
85.7618
85.4754
85.4754
85.4754
85.4754
85.4754
85.4754
85.4754
85.3425
85.3425
85.3254
85.3254
85.3254
85.3254
84.6001
84.6001
84.6001
84.4895
84.4895
84.4895
84.4895
84.4895
84.4895
84.4895
84.0591
84.0591
84.0591
83.7174
83.7174
83.7174
83.7174
83.7174
83.4323
83.4323
83.3259
83.3259
83.3259
82.9571
82.9571
82.9571
82.9571
82.0664
81.8679
80.9773
80.9773
80.9773
80.9773
80.9358
80.0451
80.0451
79.5958
79.5958
79.5958
79.5958
79.5958
79.5958
79.549
79.549
79.549
79.549
79.0997
79.0997
79.0997
79.0997
78.6858
78.6858
78.6858
78.6858
78.6858
78.6858
78.6858
78.6858
78.6858
78.6858
78.6858
78.6858
78.6858
78.4215
78.4215
78.4215
78.0552
78.0552
77.525
77.525
77.328
77.328
77.328
77.328
77.1954
77.1954
77.1954
77.1954
77.0149
77.0149
77.0149
77.0149
77.0149
77.0149
77.0149
77.0149
77.0149
77.0149
77.0149
77.0149
76.3804
76.3804
76.3804
76.3804
76.3804
76.3804
76.3804
76.3804
76.3804
76.1665
76.1665
76.1665
76.1665
76.1665
76.1665
76.1665
76.1665
76.1665
76.1665
76.1665
76.1665
76.1501
76.1501
76.1501
76.1501
76.1501
76.1501
76.1501
76.1501
76.1501
76.1501
75.6846
75.6846
75.6846
75.6113
75.0935
75.0935
75.0935
75.0848
75.0848
75.0848
75.0848
75.0848
75.0848
75.0848
75.0848
75.0848
74.3864
74.3864
74.3864
74.3864
74.3864
74.3864
74.3864
74.3864
74.3864
74.3864
74.3864
74.3864
74.3864
74.3864
74.3864
74.3864
74.3864
74.3864
74.3864
74.3864
74.3864
74.3864
74.3864
74.1717
73.8698
73.8698
73.1239
73.1239
73.1239
73.1239
73.1239
73.1239
73.1239
73.1239
73.1239
73.1239
73.1239
73.1239
73.1239
73.1239
73.0726
73.0726
73.0726
73.0726
73.0726
73.0726
73.0726
73.0726
73.0726
73.0726
72.9785
72.9785
72.9785
72.9785
72.9785
72.9785
72.9785
72.9785
72.9785
72.9785
72.3289
72.3289
72.3289
72.3289
72.3289
72.3289
72.1227
72.1227
72.1227
72.1227
72.1227
72.1227
72.1227
72.1227
72.1227
72.1227
72.1227
72.1227
72.1227
72.1227
72.1227
72.1227
72.1227
72.1227
72.1227
72.1227
72.1227
72.1227
72.1227
72.1121
72.1121
72.1121
72.1121
72.1121
72.1121
72.1121
71.9518
71.9518
71.9518
71.9518
71.9518
71.9518
71.9518
71.7615
71.7615
71.7452
71.7452
71.7452
71.7452
71.7452
71.7452
71.7452
71.7452
71.7452
71.7452
71.7452
71.7452
71.7452
71.7452
71.7452
71.7452
71.7452
71.7452
71.7452
71.7452
71.7452
71.7452
71.7452
71.7452
71.7452
71.7452
71.7452
71.7452
71.7452
71.7452
71.7452
71.7452
71.7452
71.7452
71.7452
71.7452
71.7452
71.7452
71.7452
71.7452
71.7452
71.7452
71.7452
71.7452
71.7452
71.7452
71.7452
71.7452
71.7452
71.7452
71.7452
71.7452
71.7452
71.7452
71.7452
71.7452
71.7452
71.7452
71.7452
71.7452
71.7452
71.7452
71.7452
71.7452
71.7452
71.7452
71.7452
71.7452
71.7452
71.7452
71.7452
71.7452
71.7452
71.7452
71.7452
71.7452
71.7452
71.7452
71.7452
71.7452
71.7452
71.7452
71.7452
71.7452
71.7452
71.7452
71.7452
71.7452
71.7452
71.7452
71.7452
71.7452
71.7452
71.7452
71.7452
71.7452
71.7452
71.7452
71.7452
71.7452
71.7452
71.7452
71.7452
71.7452
71.7452
71.7452
71.7452
71.7452
71.7452
71.7452
71.7452
71.7452
71.7452
71.7452
71.7452
71.7452
71.7452
71.7452
71.7452
71.7452
71.7452
71.7452
71.7452
71.7452
71.7452
71.7452
71.7452
71.7452
71.7452
71.7452
71.7452
71.7452
71.7452
71.7452
71.7452
71.5402
71.5402
71.5402
71.5402
71.5402
71.5402
71.5402
71.5402
71.5402
71.5402
71.5402
71.5402
71.5402
71.5402
71.5402
71.5402
71.4741
71.4741
71.4741
71.4741
71.4741
71.4741
71.4741
71.4741
71.4741
71.0788
71.0788
71.0788
71.0788
71.0788
71.0788
71.0788
71.0788
71.0788
71.0788
71.0788
71.0788
71.0788
71.0788
71.0788
71.0788
71.0788
71.0788
71.0788
71.0788
71.0788
71.0788
71.0788
71.0788
71.0788
71.0788
71.0788
71.0788
71.0788
71.0788
71.0788
71.0788
71.0788
71.0788
71.0788
71.0788
71.0788
71.0788
71.0788
71.0788
71.0788
71.0788
71.0788
71.0788
71.0788
71.0788
71.0788
71.0788
71.0788
71.0788
71.0788
71.0788
70.8292
70.8292
70.5974
70.5974
70.5974
70.5974
70.5974
70.5974
70.5974
70.5974
70.5974
70.5974
70.5974
70.5974
70.5974
70.5974
70.5974
70.5974
70.5974
70.5974
70.5974
70.5974
70.5974
70.5974
70.5974
70.5974
70.5974
70.5974
70.5974
70.5974
70.5974
70.5974
70.5974
70.5974
70.5974
70.5974
70.5974
70.5974
70.5974
70.5974
70.5974
70.5974
70.5974
70.5974
70.5974
70.5974
70.5974
70.5974
70.5974
70.5974
70.5974
70.5974
70.5974
70.5974
70.5974
70.5974
70.5974
70.5974
70.5974
70.5974
70.5974
70.5974
70.5974
70.5974
70.5974
70.5974
70.5974
70.5974
70.5974
70.5974
70.5974
70.5974
70.5974
70.5974
70.5974
70.5974
70.5974
70.5974
70.5974
70.5974
70.5974
70.5974
70.5974
70.5974
70.5974
70.5974
70.5974
70.5974
70.5974
70.5974
70.5974
70.5974
70.5974
70.5974
70.5974
70.5974
70.5974
70.5974
70.5974
70.5974
70.5974
70.5974
70.5974
70.5974
70.5974
70.5974
70.5974
70.5974
70.5974
70.5974
70.5974
70.5974
70.5974
70.5974
70.5974
70.5974
70.5974
70.5974
70.5974
70.5974
70.5974
70.5974
70.5974
70.5974
70.5974
70.5974
70.5974
70.5974
70.5974
70.5974
70.2138
70.2138
70.2138
70.2138
70.2138
70.2138
70.2138
70.2138
70.2138
70.2138
70.2138
70.2138
70.2138
70.2138
69.835
69.835
69.835
69.835
69.835
69.835
69.835
69.835
69.835
69.835
69.835
69.835
69.835
69.835
69.835
69.835
69.835
69.835
69.835
69.835
69.835
69.835
69.835
69.835
69.835
69.835
69.835
69.835
69.835
69.835
69.835
69.835
69.835
69.835
69.835
69.835
69.835
69.835
69.835
69.835
69.835
69.835
69.835
69.835
69.835
69.835
69.835
69.835
69.835
69.835
69.8238
69.8238
69.8238
69.8238
69.8238
69.8238
69.8238
69.8238
69.8238
69.8238
69.8238
69.8238
69.8238
69.1579
69.1579
68.9155
68.9155
68.9155
68.9155
68.9155
68.9155
68.9155
68.9155
68.9155
68.9155
68.9155
68.9155
68.9155
68.9155
68.9155
68.9155
68.9155
68.9155
68.9155
68.9155
68.9155
68.9155
68.9155
68.9155
68.9155
68.9155
68.9155
68.9155
68.9155
68.9155
68.9155
68.9155
68.9155
68.9155
68.9155
68.9155
68.9155
68.9155
68.9155
68.9155
68.9155
68.9155
68.9155
68.9155
68.9155
68.9155
68.9155
68.9155
68.9155
68.9155
68.9155
68.9155
68.9155
68.9155
68.9155
68.9155
68.9155
68.9155
68.9155
68.9155
68.9155
68.9155
68.9155
68.9155
68.9155
68.9155
68.9155
68.9155
68.9155
68.9155
68.9155
68.9155
68.9155
68.9155
68.9155
68.9155
68.9155
68.9155
68.9155
68.9155
68.9155
68.9155
68.9155
68.9155
68.9155
68.9155
68.9155
68.9155
68.9155
68.9155
68.9155
68.9155
68.9155
68.9155
68.9155
68.9155
68.9155
68.9155
68.9155
68.9155
68.4356
68.4356
68.4356
68.4356
68.4356
68.4356
68.4356
68.4356
68.4356
68.4356
68.4356
68.4356
68.4356
68.4356
68.4356
68.4356
68.4356
68.4356
68.4356
68.4356
68.4356
68.4356
68.4356
68.4356
68.4356
68.4356
68.4356
68.4356
68.4356
68.4356
68.4356
68.4356
68.4356
68.4356
68.4356
68.4356
68.4356
68.4356
68.4356
68.4356
68.4356
68.4356
68.4356
68.4356
68.4356
68.4356
68.4356
68.4356
68.4356
68.4356
68.4356
68.4356
68.4356
68.4356
68.4356
68.4356
68.4356
68.4356
68.4356
68.4356
68.4356
68.4356
68.4356
68.4356
68.4356
68.4356
68.4356
68.4356
68.4356
68.4356
68.4356
68.4356
68.4356
68.4356
68.4356
68.4356
68.4356
68.4356
68.4356
68.4356
68.4356
68.4356
68.4356
68.4356
68.4356
68.4356
68.4356
68.4356
68.4356
68.4356
68.4356
68.4356
68.4356
68.4356
68.4356
68.4356
68.4356
68.4356
68.4356
68.4356
68.4356
68.4356
68.4356
68.4356
68.4356
68.4356
68.4356
68.4356
68.4356
68.4356
68.4356
68.4356
68.4356
68.4356
68.4356
68.4356
68.4356
68.4356
68.4356
68.4356
68.4356
68.4356
68.4356
68.4356
68.4356
68.4356
68.4356
68.4356
68.4356
68.4356
68.4356
68.4356
68.4356
68.4356
68.4356
68.4356
68.4356
68.4356
68.4356
68.4356
68.4356
68.4356
68.4356
68.4356
68.4356
68.4356
68.4356
68.4356
68.4356
68.4356
68.4356
68.4356
68.4356
68.4356
68.4356
68.4356
68.4356
68.4356
68.4356
68.4356
68.4356
68.4356
68.4356
68.4356
68.4356
68.4356
68.4356
68.4356
68.4356
68.4356
68.4356
68.4356
68.4356
68.4356
68.4356
68.4356
68.4356
68.4356
68.4356
68.4356
68.4356
68.4356
68.4356
68.4356
68.4356
68.4356
68.4356
68.4356
68.4356
68.4356
68.4356
68.4356
68.4356
68.4356
68.4356
68.4356
68.4356
68.4356
68.4356
68.4356
68.4356
68.4356
68.4356
68.4356
68.4356
68.4356
68.4356
68.4356
68.4356
68.4356
68.4356
68.4356
68.4356
68.4356
68.4356
68.4356
68.4356
68.4356
68.4356
68.4356
68.4356
68.4356
68.4356
68.4356
68.4356
68.4356
68.4356
68.4356
68.4356
68.4356
68.4356
68.4356
68.4356
68.4356
68.4356
68.4356
68.4356
68.4356
68.4356
68.4356
68.4356
68.4356
68.4356
68.4356
68.4356
68.4356
68.4356
68.4356
68.4356
68.4356
68.4356
68.4356
68.4356
68.4356
68.4356
68.4356
68.4356
68.4356
68.4356
68.4356
68.4356
68.4356
68.4356
68.4356
68.4356
68.4356
68.4356
68.4356
68.4356
68.4356
68.4356
68.4356
68.4356
68.4356
68.4356
68.4356
68.4356
68.4356
68.4356
68.4356
68.4356
68.4356
68.4356
68.4356
68.4356
68.4356
68.4356
68.4356
68.4356
68.4356
68.4356
68.4356
68.4356
68.4356
68.4356
68.4356
68.4356
68.4356
68.4356
68.4356
68.4356
68.4356
68.4356
68.4356
68.4356
68.4356
68.4356
68.4356
68.4356
68.4356
68.4356
68.4356
68.4356
68.4356
68.4356
68.4356
68.4356
68.4356
68.4356
68.4356
68.4356
68.4356
68.4356
68.4356
68.4356
68.4356
68.4356
68.4356
68.4356
68.4356
68.4356
68.4356
68.4356
68.4356
68.4356
68.4356
68.4356
68.4356
68.4356
68.4356
68.4356
68.4356
68.4356
68.4356
68.4356
68.4356
68.4356
68.4356
68.4356
68.4356
68.4356
68.4356
68.4356
68.4356
68.4356
68.4356
68.4356
68.4356
68.4356
68.4356
68.4356
68.4356
68.4356
68.4356
68.4356
68.4356
68.4356
68.4356
68.4356
68.4356
68.4356
68.4356
68.4356
68.4356
68.4356
68.4356
68.4356
68.4356
68.4356
68.4356
68.4356
68.4356
68.4356
68.4356
68.4356
68.4356
68.4356
68.4356
68.4356
68.4356
68.4356
68.4356
68.0337
68.0337
68.0337
68.0337
68.0337
68.0337
66.6321
66.6321
66.6321
66.475
66.475
66.475
66.475
66.475
66.475
66.475
66.475
66.475
66.475
66.475
66.475
66.475
66.475
66.475
66.475
66.475
66.475
66.475
66.475
66.475
66.475
66.475
66.475
66.475
66.475
66.475
66.475
66.475
66.475
66.475
66.475
66.475
66.3845
66.3845
66.3845
66.3845
66.3845
66.3845
66.3845
66.3845
66.3845
66.3845
66.3845
66.3845
66.3845
66.3845
66.3845
66.3845
66.3845
66.3845
66.3845
66.3845
66.3845
66.3845
66.3845
66.3845
66.3845
66.3845
66.3845
66.3845
66.3845
66.3845
66.3845
66.3845
66.3845
66.3845
66.3845
66.3845
66.3845
66.3845
66.3845
66.3845
66.3845
66.3845
66.3845
66.3845
66.3845
66.3845
66.3845
66.3845
66.3845
66.3845
66.3845
66.3845
66.3845
66.3845
66.3845
66.3845
66.3845
66.3845
66.3845
66.3845
66.3845
66.3845
66.3845
66.3845
66.3845
66.3845
66.3845
66.3845
66.3845
66.3845
66.3845
66.3845
66.3845
66.3845
66.3845
66.3845
66.3845
66.3845
66.3845
66.3845
66.3845
66.3845
66.3845
66.3845
66.3845
66.3845
66.3845
66.3845
66.3845
66.3845
66.3845
66.3845
66.3845
66.3845
66.3845
66.3845
66.3845
66.3845
66.3845
66.3845
66.3845
66.3845
66.3845
66.3845
66.3845
66.3845
66.3845
66.3845
66.3845
66.3845
66.3845
66.3845
66.3845
66.3845
66.3845
66.3845
66.3845
66.3845
66.3845
66.3845
66.3845
66.3845
66.3845
66.3845
66.3845
66.3845
66.3845
66.3845
66.3845
66.3845
66.3845
66.3845
66.3845
66.3845
66.3845
66.3845
66.3845
66.3845
66.3845
66.3845
66.3845
66.3845
66.3845
66.3845
66.3845
66.3845
66.3845
66.3845
66.3845
66.3845
66.3845
66.3845
66.3845
66.3845
66.3845
66.3845
66.3845
66.3845
66.3845
66.3845
66.3845
66.3845
66.3845
66.3845
66.3845
66.3845
66.3845
66.3845
66.3845
66.3845
66.3845
66.3845
66.3845
66.3845
66.3845
66.3845
66.3845
66.3845
66.3845
66.3845
66.3845
66.3845
66.3845
66.3845
66.3845
66.3845
66.3845
66.3845
66.3845
66.3845
66.3845
66.3845
66.3845
66.3845
66.3845
66.3845
66.3845
66.3845
66.3845
66.3845
66.3845
66.3845
66.3845
66.3845
66.3845
66.3845
66.3845
66.3845
66.3845
66.3845
66.3845
66.3845
66.3845
66.3845
66.3845
66.3845
66.3845
66.3845
66.3845
66.3845
66.3845
66.3845
66.3845
66.3845
66.3845
66.3845
66.3845
66.3845
66.3845
66.3845
66.3845
66.3845
66.3845
66.3845
66.3845
66.3845
66.3845
66.3845
66.3845
66.3845
66.3845
66.3845
66.3845
66.3845
66.3845
66.3845
66.3845
66.3845
66.3845
66.3845
66.3845
66.3845
66.3845
66.3845
66.3845
66.3845
66.3845
66.3845
66.3845
66.3845
66.3845
66.3845
66.3845
66.3845
66.3845
66.3845
66.3845
66.3845
66.3845
66.3845
66.3845
66.3845
66.3845
66.3845
66.3845
66.3845
66.3845
66.3845
66.3845
66.3845
66.3845
66.3845
66.3845
66.3845
66.3845
66.3845
66.3845
66.3845
66.3845
66.3845
66.3845
66.3845
66.3845
66.3845
66.3845
66.3845
66.3845
66.3845
66.3845
66.3845
66.3845
66.3845
66.3845
66.3845
66.3845
66.3845
66.3845
66.3845
66.3845
66.3845
66.3845
66.3845
66.3845
66.3845
66.3845
66.3845
66.3845
66.3845
66.3845
66.3845
66.3845
66.3845
66.3845
66.3845
66.3845
66.3845
66.3845
66.3845
66.3845
66.3845
66.3845
66.3845
66.3845
66.3845
66.3845
66.3845
66.3845
66.3845
66.3845
66.3845
66.3845
66.3845
66.3845
66.3845
66.3845
66.3845
66.3845
66.3845
66.3845
66.3845
66.3845
66.3845
66.3845
66.3845
66.3845
66.3845
66.3845
66.3845
66.3845
66.3845
66.3845
66.3845
66.3845
66.3845
66.3845
66.3845
66.3845
66.3845
66.3845
66.3845
66.3845
66.3845
66.3845
66.3845
66.3845
66.3845
66.3845
66.3845
66.3845
66.3845
66.3845
66.3845
66.3845
66.3845
66.3845
66.3845
66.3845
66.3845
66.3845
66.3845
66.3845
66.3845
66.3845
66.3845
66.3845
66.3845
66.3845
66.3845
66.3845
66.3845
66.3845
66.3845
66.3845
66.3845
66.3845
66.3845
66.3845
66.3845
66.3845
66.3845
66.3845
66.3845
66.3845
66.3845
66.3845
66.3845
66.3845
66.3845
66.3845
66.3845
66.3845
66.3845
66.3845
66.3845
66.3845
66.3845
66.3845
66.3845
66.3845
66.3845
66.3845
66.3845
66.3845
66.3845
66.3845
66.1184
66.1184
66.1184
66.1184
66.1184
66.1184
66.1184
66.1184
66.1184
66.1184
66.1184
66.1184
66.1184
66.1184
66.1184
66.1184
66.1184
66.1184
66.1184
66.1184
66.1184
66.1184
66.1184
66.1184
66.1184
66.1184
66.1184
66.1184
66.1184
66.1184
66.1184
66.1184
66.1184
66.1184
66.1184
66.1184
66.1184
66.1184
66.1184
66.1184
66.1184
66.1184
66.1184
66.1184
66.1184
66.1184
66.1184
66.1184
66.1184
66.1184
66.1184
66.1184
66.1184
66.1184
66.1184
66.1184
66.1184
66.1184
66.1184
66.1184
66.1184
66.1184
66.1184
66.1184
66.1184
66.1184
66.1184
66.1184
66.1184
66.1184
66.1184
66.1184
66.1184
66.1184
66.1184
66.1184
66.1184
66.1184
66.1184
66.1184
66.1184
66.1184
66.1184
66.1184
66.1184
66.1184
66.1184
66.1184
66.1184
66.1184
66.1184
66.1184
66.1184
66.1184
66.1184
66.1184
66.1184
66.1184
66.1184
66.1184
66.1184
66.1184
66.1184
66.1184
66.1184
66.1184
66.1184
66.1184
66.1184
66.1184
66.1184
66.1184
66.1184
66.1184
66.1184
66.1184
66.1184
66.1184
66.1184
66.1184
66.1184
66.1184
66.1184
66.1184
66.1184
66.1184
66.1184
66.1184
66.1184
66.1184
66.1184
66.1184
66.1184
66.1184
66.1184
66.1184
66.1184
66.1184
66.1184
66.1184
66.1184
66.1184
66.1184
66.1184
66.1184
66.1184
66.1184
66.1184
66.1184
66.1184
66.1184
66.1184
66.1184
66.1184
66.1184
66.1184
66.1184
66.1184
66.1184
66.1184
66.1184
66.1184
66.1184
66.1184
66.1184
66.1184
66.1184
66.1184
66.1184
66.1184
66.1184
66.1184
66.1184
66.1184
66.1184
66.1184
66.1184
66.1184
66.1184
66.1184
66.1184
66.1184
66.1184
66.1184
66.1184
66.1184
66.1184
66.1184
66.1184
66.1184
66.1184
66.1184
66.1184
66.1184
66.1184
66.1184
66.1184
66.1184
66.1184
66.1184
66.1184
66.1184
66.1184
66.1184
66.1184
66.1184
66.1184
66.1184
66.1184
66.1184
66.1184
66.1184
66.1184
66.1184
66.1184
66.1184
66.1184
66.1184
66.1184
66.1184
66.1184
66.1184
66.1184
66.1184
66.1184
66.1184
66.1184
66.1184
66.1184
66.1184
66.1184
66.1184
66.1184
66.1184
66.1184
66.1184
66.1184
66.1184
66.1184
66.1184
66.1184
66.1184
66.1184
66.1184
66.1184
66.1184
66.1184
66.1184
66.1184
66.1184
66.1184
66.1184
66.1184
66.1184
66.1184
66.1184
66.1184
66.1184
66.1184
66.1184
66.1184
66.1184
66.1184
66.1184
66.1184
66.1184
66.1184
66.1184
66.1184
66.1184
66.1184
66.1184
66.1184
66.1184
66.1184
66.1184
66.1184
66.1184
66.1184
66.1184
66.1184
66.1184
66.1184
66.1184
66.1184
66.1184
66.1184
66.1184
66.1184
66.1184
66.1184
66.1184
66.1184
66.1184
66.1184
66.1184
66.1184
66.1184
66.1184
66.1184
66.1184
66.1184
66.1184
66.1184
66.1184
66.1184
66.1184
66.1184
66.1184
66.1184
66.1184
66.1184
66.1184
66.1184
66.1184
66.1184
66.1184
66.1184
66.1184
66.1184
66.1184
66.1184
66.1184
66.1184
66.1184
66.1184
66.1184
66.1184
66.1184
66.1184
66.1184
66.1184
66.1184
66.1184
66.1184
66.1184
66.1184
66.1184
66.1184
66.1184
66.1184
66.1184
66.1184
66.1184
66.1184
66.1184
66.1184
66.1184
66.1184
66.1184
66.1184
66.1184
66.1184
66.1184
66.1184
66.1184
66.1184
66.1184
66.1184
66.1184
66.1184
66.1184
66.1184
66.1184
66.1184
66.1184
66.1184
66.1184
66.1184
66.1184
66.1184
66.1184
66.1184
66.1184
66.1184
66.1184
66.1184
66.1184
66.1184
66.1184
66.1184
66.1184
66.1184
66.1184
66.1184
66.1184
66.1184
66.1184
66.1184
66.1184
66.1184
66.1184
66.1184
66.1184
66.1184
66.1184
66.1184
66.1184
66.1184
66.1184
66.1184
66.1184
66.1184
66.1184
66.1184
66.1184
66.1184
66.1184
66.1184
66.1184
66.1184
66.1184
66.1184
66.1184
66.1184
66.1184
66.1184
66.1184
66.1184
66.1184
66.1184
66.1184
66.1184
66.1184
66.1184
66.1184
66.1184
66.1184
66.1184
66.1184
66.1184
66.1184
66.1184
66.1184
66.1184
66.1184
66.1184
66.1184
66.1184
66.1184
66.1184
66.1184
66.1184
66.1184
66.1184
66.1184
66.1184
66.1184
66.1184
66.1184
66.1184
66.1184
66.1184
66.1184
66.1184
66.1184
66.1184
66.1184
66.1184
66.0925
66.0925
66.0925
66.0925
66.0925
66.0925
66.0925
66.0925
66.0925
66.0925
66.0925
66.0925
66.0925
66.0925
66.0925
66.0925
66.0925
66.0925
66.0925
66.0925
66.0925
66.0925
66.0925
66.0925
66.0925
66.0925
66.0925
66.0925
66.0925
66.0925
66.0925
66.0925
66.0925
66.0925
66.0925
66.0925
66.0925
66.0925
66.0925
66.0925
66.0925
66.0925
66.0925
66.0925
66.0925
66.0925
66.0925
66.0925
66.0925
66.0925
66.0925
66.0925
66.0925
66.0925
66.0925
66.0925
66.0925
66.0925
66.0925
66.0925
66.0925
66.0925
66.0925
66.0925
66.0925
66.0925
66.0925
66.0925
66.0925
66.0925
65.9397
65.9397
65.9397
65.9397
65.9397
65.9397
65.8088
65.8088
65.8088
65.8088
65.8088
65.8088
65.8088
65.8088
65.8088
65.8088
65.8088
65.8088
65.8088
65.8088
65.8088
65.8088
65.8088
65.8088
65.8088
65.8088
65.8088
65.8088
65.8088
65.8088
65.8088
65.8088
65.8088
65.8088
65.8088
65.8088
65.8088
65.8088
65.8088
65.8088
65.8088
65.8088
65.8088
65.8088
65.8088
65.8088
65.8088
65.8088
65.8088
65.8088
65.8088
65.8088
65.8088
65.8088
65.8088
65.8088
65.8088
65.8088
65.8088
65.8088
65.8088
65.8088
65.8088
65.8088
65.8088
65.8088
65.8088
65.8088
65.8088
65.8088
65.8088
65.8088
65.8088
65.8088
65.8088
65.8088
65.8088
65.8088
65.8088
65.8088
65.8088
65.8088
65.8088
65.8088
65.8088
65.8088
65.8088
65.8088
65.8088
65.8088
65.8088
65.8088
65.8088
65.8088
65.8088
65.8088
65.8088
65.8088
65.8088
65.8088
65.8088
65.8088
65.8088
65.8088
65.8088
65.8088
65.8088
65.8088
65.8088
65.8088
65.8088
65.8088
65.8088
65.8088
65.8088
65.8088
65.8088
65.8088
65.8088
65.8088
65.8088
65.8088
65.8088
65.8088
65.8088
65.8088
65.8088
65.8088
65.8088
65.8088
65.8088
65.8088
65.8088
65.8088
65.8088
65.8088
65.8088
65.8088
65.8088
65.8088
65.8088
65.8088
65.8088
65.8088
65.8088
65.8088
65.8088
65.8088
65.8088
65.8088
65.8088
65.8088
65.8088
65.8088
65.8088
65.8088
65.8088
65.8088
65.8088
65.8088
65.8088
65.8088
65.8088
65.8088
65.8088
65.8088
65.8088
65.8088
65.8088
65.8088
65.8088
65.8088
65.8088
65.8088
65.8088
65.8088
65.8088
65.8088
65.8088
65.8088
65.8088
65.8088
65.8088
65.8088
65.8088
65.8088
65.8088
65.8088
65.8088
65.8088
65.8088
65.8088
65.8088
65.8088
65.8088
65.8088
65.8088
65.8088
65.8088
65.8088
65.8088
65.8088
65.8088
65.8088
65.8088
65.8088
65.8088
65.8088
65.8088
65.8088
65.8088
65.8088
65.8088
65.8088
65.8088
65.8088
65.8088
65.8088
65.8088
65.8088
65.8088
65.8088
65.8088
65.8088
65.8088
65.8088
65.8088
65.8088
65.8088
65.8088
65.8088
65.8088
65.8088
65.8088
65.8088
65.8088
65.8088
65.8088
65.8088
65.8088
65.8088
65.8088
65.8088
65.8088
65.8088
65.8088
65.8088
65.8088
65.8088
65.8088
65.8088
65.8088
65.8088
65.8088
65.8088
65.8088
65.8088
65.8088
65.8088
65.8088
65.8088
65.8088
65.8088
65.8088
65.8088
65.8088
65.8088
65.8088
65.8088
65.8088
65.8088
65.8088
65.8088
65.8088
65.8088
65.8088
65.8088
65.8088
65.8088
65.8088
65.8088
65.8088
65.8088
65.8088
65.8088
65.8088
65.8088
65.8088
65.8088
65.8088
65.8088
65.8088
65.8088
65.8088
65.8088
65.8088
65.8088
65.8088
65.8088
65.8088
65.8088
65.8088
65.8088
65.8088
65.8088
65.8088
65.8088
65.8088
65.8088
65.8088
65.8088
65.8088
65.8088
65.8088
65.8088
65.8088
65.8088
65.8088
65.8088
65.8088
65.8088
65.8088
65.8088
65.8088
65.8088
65.8088
65.8088
65.8088
65.8088
65.8088
65.8088
65.8088
65.8088
65.8088
65.8088
65.8088
65.8088
65.8088
65.8088
65.8088
65.8088
65.8088
65.8088
65.8088
65.8088
65.8088
65.8088
65.8088
65.8088
65.8088
65.8088
65.8088
65.8088
65.8088
65.8088
65.8088
65.8088
65.8088
65.8088
65.8088
65.8088
65.8088
65.8088
65.8088
65.8088
65.8088
65.8088
65.8088
65.8088
65.8088
65.8088
65.8088
65.8088
65.8088
65.8088
65.8088
65.8088
65.8088
65.8088
65.8088
65.8088
65.8088
65.8088
65.8088
65.8088
65.8088
65.8088
65.8088
65.8088
65.8088
65.8088
65.8088
65.8088
65.8088
65.8088
65.8088
65.8088
65.8088
65.8088
65.8088
65.8088
65.8088
65.8088
65.8088
65.8088
65.8088
65.8088
65.8088
65.8088
65.8088
65.8088
65.8088
65.8088
65.8088
65.8088
65.8088
65.8088
65.8088
65.8088
65.8088
65.8088
65.8088
65.8088
65.8088
65.8088
65.8088
65.8088
65.8088
65.8088
65.8088
65.8088
65.8088
65.8088
65.8088
65.8088
65.8088
65.8088
65.8088
65.8088
65.8088
65.8088
65.8088
65.8088
65.8088
65.8088
65.8088
65.8088
65.8088
65.8088
65.8088
65.8088
65.8088
65.8088
65.8088
65.8088
65.8088
65.8088
65.8088
65.8088
65.8088
65.8088
65.8088
65.8088
65.8088
65.8088
65.8088
65.8088
65.8088
65.8088
65.8088
65.8088
65.8088
65.8088
65.8088
65.8088
65.8088
65.8088
65.8088
65.8088
65.8088
65.8088
65.8088
65.8088
65.8088
65.8088
65.8088
65.8088
65.8088
65.8088
65.8088
65.8088
65.8088
65.8088
65.8088
65.8088
65.8088
65.8088
65.8088
65.8088
65.8088
65.8088
65.8088
65.8088
65.8088
65.8088
65.8088
65.8088
65.8088
65.8088
65.8088
65.8088
65.8088
65.8088
65.8088
65.8088
65.8088
65.8088
65.8088
65.8088
65.8088
65.8088
65.8088
65.8088
65.8088
65.8088
65.8088
65.8088
65.8088
65.8088
65.8088
65.8088
65.8088
65.8088
65.8088
65.8088
65.8088
65.8088
65.8088
65.8088
65.8088
65.8088
65.8088
65.8088
65.8088
65.8088
65.8088
65.8088
65.8088
65.8088
65.8088
65.8088
65.8088
65.8088
65.8088
65.8088
65.8088
65.8088
65.8088
65.8088
65.8088
65.8088
65.8088
65.8088
65.8088
65.8088
65.8088
65.8088
65.8088
65.8088
65.8088
65.8088
65.8088
65.8088
65.8088
65.8088
65.8088
65.8088
65.8088
65.8088
65.8088
65.8088
65.8088
65.8088
65.8088
65.8088
65.8088
65.8088
65.8088
65.8088
65.8088
65.8088
65.8088
65.8088
65.8088
65.8088
65.8088
65.8088
65.8088
65.8088
65.8088
65.8088
65.8088
65.8088
65.8088
65.8088
65.8088
65.8088
65.8088
65.8088
65.8088
65.8088
65.8088
65.8088
65.8088
65.8088
65.8088
65.8088
65.8088
65.8088
65.8088
65.8088
65.8088
65.8088
65.8088
65.8088
65.8088
65.8088
65.8088
65.8088
65.8088
65.8088
65.8088
65.8088
65.8088
65.8088
65.8088
65.8088
65.8088
65.8088
65.8088
65.8088
65.8088
65.8088
65.8088
65.8088
65.8088
65.8088
65.8088
65.8088
65.8088
65.8088
65.8088
65.8088
65.8088
65.8088
65.8088
65.8088
65.8088
65.8088
65.8088
65.8088
65.8088
65.8088
65.8088
65.8088
65.8088
65.8088
65.8088
65.8088
65.8088
65.8088
65.8088
65.8088
65.8088
65.8088
65.8088
65.8088
65.8088
65.8088
65.8088
65.8088
65.8088
65.8088
65.8088
65.8088
65.8088
65.8088
65.8088
65.8088
65.8088
65.8088
65.8088
65.8088
65.8088
65.8088
65.8088
65.8088
65.8088
65.8088
65.8088
65.8088
65.8088
65.8088
65.8088
65.8088
65.8088
65.8088
65.8088
65.8088
65.8088
65.8088
65.8088
65.8088
65.8088
65.8088
65.8088
65.8088
65.8088
65.8088
65.8088
65.8088
65.8088
65.8088
65.8088
65.8088
65.8088
65.8088
65.8088
65.8088
65.8088
65.8088
65.8088
65.8088
65.8088
65.8088
65.8088
65.8088
65.8088
65.8088
65.8088
65.8088
65.8088
65.8088
65.8088
65.8088
65.8088
65.8088
65.8088
65.8088
65.8088
65.8088
65.8088
65.8088
65.8088
65.8088
65.8088
65.8088
65.8088
65.8088
65.8088
65.8088
65.8088
65.8088
65.8088
65.8088
65.8088
65.8088
65.8088
65.8088
65.8088
65.8088
65.8088
65.8088
65.8088
65.8088
65.8088
65.8088
65.8088
65.8088
65.8088
65.8088
65.8088
65.8088
65.8088
65.8088
65.8088
65.8088
65.8088
65.8088
65.8088
65.8088
65.8088
65.8088
65.8088
65.8088
65.8088
65.8088
65.8088
65.8088
65.8088
65.8088
65.8088
65.8088
65.8088
65.8088
65.8088
65.8088
65.8088
65.8088
65.8088
65.8088
65.8088
65.8088
65.8088
65.8088
65.8088
65.8088
65.8088
65.8088
65.8088
65.8088
65.8088
65.8088
65.8088
65.8088
65.8088
65.8088
65.8088
65.8088
65.8088
65.8088
65.8088
65.8088
65.8088
65.8088
65.8088
65.8088
65.8088
65.8088
65.8088
65.8088
65.8088
65.8088
65.8088
65.8088
65.8088
65.8088
65.8088
65.8088
65.8088
65.8088
65.8088
65.8088
65.8088
65.8088
65.8088
65.8088
65.8088
65.8088
65.8088
65.8088
65.8088
65.8088
65.8088
65.8088
65.8088
65.8088
65.8088
65.8088
65.8088
65.8088
65.8088
65.8088
65.8088
65.8088
65.8088
65.8088
65.8088
65.8088
65.8088
65.8088
65.8088
65.8088
65.8088
65.8088
65.8088
65.8088
65.8088
65.8088
65.8088
65.8088
65.8088
65.8088
65.8088
65.8088
65.8088
65.8088
65.8088
65.8088
65.8088
65.8088
65.8088
65.8088
65.8088
65.8088
65.8088
65.8088
65.8088
65.8088
65.8088
65.8088
65.8088
65.8088
65.8088
65.8088
65.8088
65.8088
65.8088
65.8088
65.8088
65.8088
65.8088
65.8088
65.8088
65.8088
65.8088
65.8088
65.8088
65.8088
65.8088
65.8088
65.8088
65.8088
65.8088
65.8088
65.8088
65.8088
65.8088
65.8088
65.8088
65.8088
65.8088
65.8088
65.8088
65.8088
65.8088
65.8088
65.8088
65.8088
65.8088
65.8088
65.8088
65.8088
65.8088
65.8088
65.8088
65.8088
65.8088
65.8088
65.8088
65.8088
65.8088
65.8088
65.8088
65.8088
65.8088
65.8088
65.8088
65.8088
65.8088
65.8088
65.8088
65.8088
65.8088
65.8088
65.8088
65.8088
65.8088
65.8088
65.8088
65.8088
65.8088
65.8088
65.8088
65.8088
65.8088
65.8088
65.8088
65.8088
65.8088
65.8088
65.8088
65.8088
65.8088
65.8088
65.8088
65.8088
65.8088
65.8088
65.8088
65.8088
65.8088
65.8088
65.8088
65.8088
65.8088
65.8088
65.8088
65.8088
65.8088
65.8088
65.8088
65.8088
65.8088
65.8088
65.8088
65.8088
65.8088
65.8088
65.8088
65.8088
65.8088
65.8088
65.8088
65.8088
65.8088
65.8088
65.8088
65.8088
65.8088
65.8088
65.8088
65.8088
65.8088
65.8088
65.8088
65.8088
65.8088
65.8088
65.8088
65.8088
65.8088
65.8088
65.8088
65.8088
65.8088
65.8088
65.8088
65.8088
65.8088
65.8088
65.8088
65.8088
65.8088
65.8088
65.8088
65.8088
65.8088
65.8088
65.8088
65.8088
65.8088
65.8088
65.8088
65.8088
65.8088
65.8088
65.8088
65.8088
65.8088
65.8088
65.8088
65.8088
65.8088
65.8088
65.8088
65.8088
65.8088
65.8088
65.8088
65.8088
65.8088
65.8088
65.8088
65.8088
65.8088
65.8088
65.8088
65.8088
65.8088
65.8088
65.8088
65.8088
65.8088
65.8088
65.8088
65.8088
65.8088
65.8088
65.8088
65.8088
65.8088
65.8088
65.8088
65.8088
65.8088
65.8088
65.8088
65.8088
65.8088
65.8088
65.8088
65.8088
65.8088
65.8088
65.8088
65.8088
65.8088
65.8088
65.8088
65.8088
65.8088
65.8088
65.8088
65.8088
65.8088
65.8088
65.8088
65.8088
65.8088
65.8088
65.8088
65.8088
65.8088
65.8088
65.8088
65.8088
65.8088
65.8088
65.8088
65.8088
65.8088
65.8088
65.8088
65.8088
65.8088
65.8088
65.8088
65.8088
65.8088
65.8088
65.8088
65.8088
65.8088
65.8088
65.8088
65.8088
65.8088
65.8088
65.8088
65.8088
65.8088
65.8088
65.8088
65.8088
65.8088
65.8088
65.8088
65.8088
65.8088
65.8088
65.8088
65.8088
65.8088
65.8088
65.8088
65.8088
65.8088
65.8088
65.8088
65.8088
65.8088
65.8088
65.8088
65.8088
65.8088
65.8088
65.8088
65.8088
65.8088
65.8088
65.8088
65.8088
65.8088
65.8088
65.8088
65.8088
65.8088
65.8088
65.8088
65.8088
65.8088
65.8088
65.8088
65.8088
65.8088
65.8088
65.8088
65.8088
65.8088
65.8088
65.8088
65.8088
65.8088
65.8088
65.8088
65.8088
65.8088
65.8088
65.8088
65.8088
65.8088
65.8088
65.8088
65.8088
65.8088
65.8088
65.8088
65.8088
65.8088
65.8088
65.8088
65.8088
65.8088
65.8088
65.8088
65.8088
65.8088
65.8088
65.8088
65.8088
65.8088
65.8088
65.8088
65.8088
65.8088
65.8088
65.8088
65.8088
65.8088
65.8088
65.8088
65.8088
65.8088
65.8088
65.8088
65.8088
65.8088
65.8088
65.8088
65.8088
65.8088
65.8088
65.8088
65.8088
65.8088
65.8088
65.8088
65.8088
65.8088
65.8088
65.8088
65.8088
65.8088
65.8088
65.8088
65.8088
65.8088
65.8088
65.8088
65.8088
65.8088
65.8088
65.8088
65.8088
65.8088
65.8088
65.8088
65.8088
65.8088
65.8088
65.8088
65.8088
65.8088
65.8088
65.8088
65.8088
65.8088
65.8088
65.8088
65.8088
65.8088
65.8088
65.8088
65.8088
65.8088
65.8088
65.8088
65.8088
65.8088
65.8088
65.8088
65.8088
65.8088
65.8088
65.8088
65.8088
65.8088
65.8088
65.8088
65.8088
65.8088
65.8088
65.8088
65.8088
65.8088
65.8088
65.8088
65.8088
65.8088
65.8088
65.8088
65.8088
65.8088
65.8088
65.8088
65.8088
65.8088
65.8088
65.8088
65.8088
65.8088
65.8088
65.8088
65.8088
65.8088
65.8088
65.8088
65.8088
65.8088
65.8088
65.8088
65.8088
65.8088
65.8088
65.8088
65.8088
65.8088
65.8088
65.8088
65.8088
65.8088
65.8088
65.8088
65.8088
65.8088
65.8088
65.8088
65.8088
65.8088
65.8088
65.8088
65.8088
65.8088
65.8088
65.8088
65.8088
65.8088
65.8088
65.8088
65.8088
65.8088
65.8088
65.8088
65.8088
65.8088
65.8088
65.8088
65.8088
65.8088
65.8088
65.8088
65.8088
65.8088
65.8088
65.8088
65.8088
65.8088
65.8088
65.8088
65.8088
65.8088
65.8088
65.8088
65.8088
65.8088
65.8088
65.8088
65.8088
65.8088
65.8088
65.8088
65.8088
65.8088
65.8088
65.8088
65.8088
65.8088
65.8088
65.8088
65.8088
65.8088
65.8088
65.8088
65.8088
65.8088
65.8088
65.8088
65.8088
65.8088
65.8088
65.8088
65.8088
65.8088
65.8088
65.8088
65.8088
65.8088
65.8088
65.8088
65.8088
65.8088
65.8088
65.8088
65.8088
65.8088
65.8088
65.8088
65.8088
65.8088
65.8088
65.8088
65.8088
65.8088
65.8088
65.8088
65.8088
65.8088
65.8088
65.8088
65.8088
65.8088
65.8088
65.8088
65.8088
65.8088
65.8088
65.8088
65.8088
65.8088
65.8088
65.8088
65.8088
65.8088
65.8088
65.8088
65.8088
65.8088
65.8088
65.8088
65.8088
65.8088
65.8088
65.8088
65.8088
65.8088
65.8088
65.8088
65.8088
65.8088
65.8088
65.8088
65.8088
65.8088
65.8088
65.8088
65.8088
65.8088
65.8088
65.8088
65.4237
65.4237
65.4237
65.4237
65.4237
65.4237
65.4237
65.4237
65.4237
65.4237
65.4237
65.4237
65.4237
65.4237
65.4237
65.4237
65.4237
65.4237
65.4237
65.4237
65.4237
65.4237
65.4237
65.4237
65.4237
65.4237
65.4237
65.4237
65.4237
65.4237
65.4237
65.4237
65.4237
65.4237
65.4237
65.4237
65.4237
65.4237
65.4237
65.4237
65.4237
65.4237
65.4237
65.4237
65.4237
65.4237
65.4237
65.4237
65.4237
65.4237
65.4237
65.4237
65.4237
65.4237
65.4237
65.4237
65.4237
65.4237
65.4237
65.4237
65.4237
65.4237
65.4237
65.4237
65.4237
65.4237
65.4237
65.4237
65.4237
65.4237
65.4237
65.4237
65.4237
65.4237
65.4237
65.4237
65.4237
65.4237
65.4237
65.4237
65.4237
65.4237
65.4237
65.4237
65.4237
65.4237
65.4237
65.4237
65.4237
65.4237
65.4237
65.4237
65.4237
65.4237
65.4237
65.4237
65.4237
65.4237
65.4237
65.4237
65.4237
65.4237
65.4237
65.4237
65.4237
65.4237
65.4237
65.4237
65.4237
65.4237
65.4237
65.4237
65.4237
65.4237
65.4237
65.4237
65.4237
65.4237
65.4237
65.4237
65.4237
65.4237
65.4237
65.4237
65.4237
65.4237
65.4237
65.4237
65.4237
65.4237
65.4237
65.4237
65.4237
65.4237
65.4237
65.4237
65.4237
65.4237
65.4237
65.4237
65.4237
65.4237
65.4237
65.4237
65.4237
65.4237
65.4237
65.4237
65.4237
65.4237
65.4237
65.4237
65.4237
65.4237
65.4237
65.4237
65.4237
65.4237
65.4237
65.4237
65.4237
65.4237
65.4237
65.4237
65.4237
65.4237
65.4237
65.4237
65.4237
65.4237
65.4237
65.4237
65.4237
65.4237
65.4237
65.4237
65.4237
65.4237
65.4237
65.4237
65.4237
65.4237
65.4237
65.4237
65.4237
65.4237
65.4237
65.4237
65.4237
65.4237
65.4237
65.4237
65.4237
65.4237
65.4237
65.4237
65.4237
65.4237
65.4237
65.4237
65.4237
65.4237
65.4237
65.4237
65.4237
65.4237
65.4237
65.4237
65.4237
65.4237
65.4237
65.4237
65.4237
65.4237
65.4237
65.4237
65.4237
65.4237
65.4237
65.4237
65.4237
65.4237
65.4237
65.4237
65.4237
65.4237
65.4237
65.4237
65.4237
65.4237
65.4237
65.4237
65.4237
65.4237
65.4237
65.4237
65.4237
65.4237
65.4237
65.4237
65.4237
65.4237
65.4237
65.4237
65.4237
65.4237
65.4237
65.4237
65.4237
65.4237
65.4237
65.4237
65.4237
65.4237
65.4237
65.4237
65.4237
65.4237
65.4237
65.4237
65.4237
65.4237
65.4237
65.4237
65.4237
65.4237
65.4237
65.4237
65.4237
65.4237
65.4237
65.4237
65.4237
65.4237
65.4237
65.4237
65.4237
65.4237
65.4237
65.4237
65.4237
65.4237
65.4237
65.4237
65.4237
65.4237
65.4237
65.4237
65.4237
65.4237
65.4237
65.4237
65.4237
65.4237
65.4237
65.4237
65.4237
65.4237
65.4237
65.4237
65.4237
65.4237
65.4237
65.4237
65.4237
65.4237
65.4237
65.4237
65.4237
65.4237
65.4237
65.4237
65.4237
65.4237
65.4237
65.4237
65.4237
65.4237
65.4237
65.4237
65.4237
65.4237
65.4237
65.4237
65.4237
65.4237
65.4237
65.4237
65.4237
65.4237
65.4237
65.4237
65.4237
65.4237
65.4237
65.4237
65.4237
65.4237
65.4237
65.4237
65.4237
65.4237
65.4237
65.4237
65.4237
65.4237
65.4237
65.4237
65.4237
65.4237
65.4237
65.4237
65.4237
65.4237
65.4237
65.4237
65.4237
65.4237
65.4237
65.4237
65.4237
65.4237
65.4237
65.4237
65.4237
65.4237
65.4237
65.4237
65.4237
65.4237
65.4237
65.4237
65.4237
65.4237
65.4237
65.4237
65.4237
65.4237
65.4237
65.4237
65.4237
65.4237
65.4237
65.4237
65.4237
65.4237
65.4237
65.4237
65.4237
65.4237
65.4237
65.4237
65.4237
65.4237
65.4237
65.4237
65.4237
65.4237
65.4237
65.4237
65.4237
65.4237
65.4237
65.4237
65.4237
65.4237
65.4237
65.4237
65.4237
65.4237
65.4237
65.4237
65.4237
65.4237
65.4237
65.4237
65.4237
65.4237
65.4237
65.4237
65.4237
65.4237
65.4237
65.4237
65.4237
65.4237
65.4237
65.4237
65.4237
65.4237
65.4237
65.4237
65.4237
65.4237
65.4237
65.4237
65.4237
65.4237
65.4237
65.4237
65.4237
65.4237
65.4237
65.4237
65.4237
65.4237
65.4237
65.4237
65.4237
65.4237
65.4237
65.4237
65.4237
65.4237
65.4237
65.4237
65.4237
65.4237
65.4237
65.4237
65.4237
65.4237
65.4237
65.4237
65.4237
65.4237
65.4237
65.4237
65.4237
65.4237
65.4237
65.4237
65.4237
65.4237
65.4237
65.4237
65.4237
65.4237
65.4237
65.4237
65.4237
65.4237
65.4237
65.4237
65.4237
65.4237
65.4237
65.4237
65.4237
65.4237
65.4237
65.4237
65.4237
65.4237
65.4237
65.4237
65.4237
65.4237
65.4237
65.4237
65.4237
65.4237
65.4237
65.4237
65.4237
65.4237
65.4237
65.4237
65.4237
65.4237
65.4237
65.4237
65.4237
65.4237
65.4237
65.4237
65.4237
65.4237
65.4237
65.4237
65.4237
65.4237
65.4237
65.4237
65.4237
65.4237
65.4237
65.4237
65.4237
65.4237
65.4237
65.4237
65.4237
65.4237
65.4237
65.4237
65.4237
65.4237
65.4237
65.4237
65.4237
65.4237
65.4237
65.4237
65.4237
65.4237
65.4237
65.4237
65.4237
65.4237
65.4237
65.4237
65.4237
65.4237
65.4237
65.4237
65.4237
65.4237
65.4237
65.4237
65.4237
65.4237
65.4237
65.4237
65.4237
65.4237
65.4237
65.4237
65.4237
65.4237
65.4237
65.4237
65.4237
65.4237
65.4237
65.4237
65.4237
65.4237
65.4237
65.4237
65.4237
65.4237
65.4237
65.4237
65.4237
65.4237
65.4237
65.4237
65.4237
65.4237
65.4237
65.4237
65.4237
65.4237
65.4237
65.4237
65.4237
65.4237
65.4237
65.4237
65.4237
65.4237
65.4237
65.4237
65.4237
65.4237
65.4237
65.4237
65.4237
65.4237
65.4237
65.4237
65.4237
65.4237
65.4237
65.4237
65.4237
65.4237
65.4237
65.4237
65.4237
65.4237
65.4237
65.4237
65.4237
65.4237
65.4237
65.4237
65.4237
65.4237
65.4237
65.4237
65.4237
65.4237
65.4237
65.4237
65.4237
65.4237
65.4237
65.4237
65.4237
65.4237
65.4237
65.4237
65.4237
65.4237
65.4237
65.4237
65.4237
65.4237
65.4237
65.4237
65.4237
65.4237
65.4237
65.4237
65.4237
65.4237
65.4237
65.4237
65.4237
65.4237
65.4237
65.4237
65.4237
65.4237
65.4237
65.4237
65.4237
65.4237
65.4237
65.4237
65.4237
65.4237
65.4237
65.4237
65.4237
65.4237
65.4237
65.4237
65.4237
65.4237
65.4237
65.4237
65.4237
65.4237
65.4237
65.4237
65.4237
65.4237
65.4237
65.4237
65.4237
65.4237
65.4237
65.4237
65.4237
65.4237
65.4237
65.4237
65.4237
65.4237
65.4237
65.4237
65.4237
65.4237
65.4237
65.4237
65.4237
65.4237
65.4237
65.4237
65.4237
65.4237
65.4237
65.4237
65.4237
65.4237
65.4237
65.4237
65.4237
65.4237
65.4237
65.4237
65.4237
65.4237
65.4237
65.4237
65.4237
65.4237
65.4237
65.4237
65.4237
65.4237
65.4237
65.4237
65.4237
65.4237
65.4237
65.4237
65.4237
65.4237
65.4237
65.4237
65.4237
65.4237
65.4237
65.4237
65.4237
65.4237
65.4237
65.4237
65.4237
65.4237
65.4237
65.4237
65.4237
65.4237
65.4237
65.4237
65.4237
65.4237
65.4237
65.4237
65.4237
65.4237
65.4237
65.4237
65.4237
65.4237
65.4237
65.4237
65.4237
65.4237
65.4237
65.4237
65.4237
65.4237
65.4237
65.4237
65.4237
65.4237
65.4237
65.4237
65.4237
65.4237
65.4237
65.4237
65.4237
65.4237
65.4237
65.4237
65.4237
65.4237
65.4237
65.4237
65.4237
65.4237
65.4237
65.4237
65.4237
65.4237
65.4237
65.4237
65.4237
65.4237
65.4237
65.4237
65.4237
65.4237
65.4237
65.4237
65.4237
65.4237
65.4237
65.4237
65.4237
65.4237
65.4237
65.4237
65.4237
65.4237
65.4237
65.4237
65.4237
65.4237
65.4237
65.4237
65.4237
65.4237
65.4237
65.4237
65.4237
65.4237
65.4237
65.4237
65.4237
65.4237
65.4237
65.4237
65.4237
65.4237
65.4237
65.4237
65.4237
65.4237
65.4237
65.4237
65.4237
65.4237
65.4237
65.4237
65.4237
65.4237
65.4237
65.4237
65.4237
65.4237
65.4237
65.4237
65.4237
65.4237
65.4237
65.4237
65.4237
65.4237
65.4237
65.4237
65.4237
65.4237
65.4237
65.4237
65.4237
65.4237
65.4237
65.4237
65.4237
65.4237
65.4237
65.4237
65.4237
65.4237
65.4237
65.4237
65.4237
65.4237
65.4237
65.4237
65.4237
65.4237
65.4237
65.4237
65.4237
65.4237
65.4237
65.4237
65.4237
65.4237
65.4237
65.4237
65.4237
65.4237
65.4237
65.4237
65.4237
65.4237
65.4237
65.4237
65.4237
65.4237
65.4237
65.4237
65.4237
65.4237
65.4237
65.4237
65.4237
65.4237
65.4237
65.4237
65.4237
65.4237
65.4237
65.4237
65.4237
65.4237
65.4237
65.4237
65.4237
65.4237
65.4237
65.4237
65.4237
65.4237
65.4237
65.4237
65.4237
65.4237
65.4237
65.4237
65.4237
65.4237
65.4237
65.4237
65.4237
65.4237
65.4237
65.4237
65.4237
65.4237
65.4237
65.4237
65.4237
65.4237
65.4237
65.4237
65.4237
65.4237
65.4237
65.4237
65.4237
65.4237
65.4237
65.4237
65.4237
65.4237
65.4237
65.4237
65.4237
65.4237
65.4237
65.4237
65.4237
65.4237
65.4237
65.4237
65.4237
65.4237
65.4237
65.4237
65.4237
65.4237
65.4237
65.4237
65.4237
65.4237
65.4237
65.4237
65.4237
65.4237
65.4237
65.4237
65.4237
65.4237
65.4237
65.4237
65.4237
65.4237
65.4237
65.4237
64.8641
64.8641
64.8641
64.8641
64.8641
64.8641
64.8641
64.8641
64.8641
64.8641
64.8641
64.8641
64.8641
64.8641
64.8641
64.8641
64.8641
64.8641
64.8641
64.8641
64.8641
64.8641
64.8641
64.8641
64.8641
64.8641
64.8641
64.8641
64.8641
64.8641
64.8641
64.8641
64.8641
64.8641
64.8641
64.8641
64.8641
64.8641
64.8641
64.8641
64.8641
64.8641
64.8641
64.8641
64.8641
64.8641
64.8641
64.8641
64.8641
64.8641
64.8641
64.8641
64.8641
64.8641
64.8641
64.8641
64.8641
64.8641
64.8641
64.8641
64.8641
64.8641
64.8641
64.8641
64.8641
64.8641
64.8641
64.8641
64.8641
64.8641
64.8641
64.8641
64.8641
64.8641
64.8641
64.8641
64.8641
64.8641
64.8641
64.8641
64.8641
64.8641
64.8641
64.8641
64.8641
64.8641
64.8641
64.8641
64.8641
64.8641
64.8641
64.8641
64.8641
64.8641
64.8641
64.8641
64.8641
64.8641
64.8641
64.8641
64.8641
64.8641
64.8641
64.8641
64.8641
64.8641
64.8641
64.8641
64.8641
64.8641
64.8641
64.8641
64.8641
64.8641
64.8641
64.8641
64.8641
64.8641
64.8641
64.8641
64.8641
64.8641
64.8641
64.8641
64.8641
64.8641
64.8641
64.8641
64.8641
64.8641
64.8641
64.8641
64.8641
64.8641
64.8641
64.8641
64.8641
64.8641
64.8641
64.8641
64.8641
64.8641
64.8641
64.8641
64.8641
64.8641
64.8641
64.8641
64.8641
64.8641
64.8641
64.8641
64.8641
64.8641
64.8641
64.8641
64.8641
64.8641
64.8641
64.8641
64.8641
64.8641
64.8641
64.8641
64.8641
64.8641
64.8641
64.8641
64.8641
64.8641
64.8641
64.8641
64.8641
64.8641
64.8641
64.8641
64.8641
64.8641
64.8641
64.8641
64.8641
64.8641
64.8641
64.8641
64.8641
64.8641
64.8641
64.8641
64.8641
64.8641
64.8641
64.8641
64.8641
64.8641
64.8641
64.8641
64.8641
64.8641
64.8641
64.8641
64.8641
64.8641
64.8641
64.8641
64.8641
64.8641
64.8641
64.8641
64.8641
64.8641
64.8641
64.8641
64.8641
64.8641
64.8641
64.8641
64.8641
64.8641
64.8641
64.8641
64.8641
64.8641
64.8641
64.8641
64.8641
64.8641
64.8641
64.8641
64.8641
64.8641
64.8641
64.8641
64.8641
64.8641
64.8641
64.8641
64.8641
64.8641
64.8641
64.8641
64.8641
64.8641
64.8641
64.8641
64.8641
64.8641
64.8641
64.8641
64.8641
64.8641
64.8641
64.8641
64.8641
64.8641
64.8641
64.8641
64.8641
64.8641
64.8641
64.8641
64.8641
64.8641
64.8641
64.8641
64.8641
64.8641
64.8641
64.8641
64.8641
64.8641
64.8641
64.8641
64.8641
64.8641
64.8641
64.8641
64.8641
64.8641
64.8641
64.8641
64.8641
64.8641
64.8641
64.8641
64.8641
64.8641
64.8641
64.8641
64.8641
64.8641
64.8641
64.8641
64.8641
64.8641
64.8641
64.8641
64.8641
64.8641
64.8641
64.8641
64.8641
64.8641
64.8641
64.8641
64.8641
64.8641
64.8641
64.8641
64.8641
64.8641
64.8641
64.8641
64.8641
64.8641
64.8641
64.8641
64.8641
64.8641
64.8641
64.8641
64.8641
64.8641
64.8641
64.8641
64.8641
64.8641
64.8641
64.8641
64.8641
64.8641
64.8641
64.8641
64.8641
64.8641
64.8641
64.8641
64.8641
64.8641
64.8641
64.8641
64.8641
64.8641
64.8641
64.8641
64.8641
64.8641
64.8641
64.8641
64.8641
64.8641
64.8641
64.8641
64.8641
64.8641
64.8641
64.8641
64.8641
64.8641
64.8641
64.8641
64.8641
64.8641
64.8641
64.8641
64.8641
64.8641
64.8641
64.8641
64.8641
64.8641
64.8641
64.8641
64.8641
64.8641
64.8641
64.8641
64.8641
64.8641
64.8641
64.8641
64.8641
64.8641
64.8641
64.8641
64.8641
64.8641
64.8641
64.8641
64.8641
64.8641
64.8641
64.8641
64.8641
64.8641
64.8641
64.8641
64.8641
64.8641
64.8641
64.8641
64.8641
64.8641
64.8641
64.8641
64.8641
64.8641
64.8641
64.8641
64.8641
64.8641
64.8641
64.8641
64.8641
64.8641
64.8641
64.8641
64.8641
64.8641
64.8641
64.8641
64.8641
64.8641
64.8641
64.8641
64.8641
64.8641
64.8641
64.8641
64.8641
64.8641
64.8641
64.8641
64.8641
64.8641
64.8641
64.8641
64.8641
64.8641
64.8641
64.8641
64.8641
64.8641
64.8641
64.8641
64.8641
64.8641
64.8641
64.8641
64.8641
64.8641
64.8641
64.8641
64.8641
64.8641
64.8641
64.8641
64.8641
64.8641
64.8641
64.8641
64.8641
64.8641
64.8641
64.8641
64.8641
64.8641
64.8641
64.8641
64.8641
64.8641
64.8641
64.8641
64.8641
64.8641
64.8641
64.8641
64.8641
64.8641
64.8641
64.8641
64.8641
64.8641
64.8641
64.8641
64.8641
64.8641
64.8641
64.8641
64.8641
64.8641
64.8641
64.8641
64.8641
64.8641
64.8641
64.8641
64.8641
64.8641
64.8641
64.8641
64.8641
64.8641
64.8641
64.8641
64.8641
64.8641
64.8641
64.8641
64.8641
64.8641
64.8641
64.8641
64.8641
64.8641
64.8641
64.8641
64.8641
64.8641
64.8641
64.8641
64.8641
64.8641
64.8641
64.8641
64.8641
64.8641
64.8641
64.8641
64.8641
64.8641
64.8641
64.8641
64.8641
64.8641
64.8641
64.8641
64.8641
64.8641
64.8641
64.8641
64.8641
64.8641
64.8641
64.8641
64.8641
64.8641
64.8641
64.8641
64.8641
64.8641
64.8641
64.8641
64.8641
64.8641
64.8641
64.8641
64.8641
64.8641
64.8641
64.8641
64.8641
64.8641
64.8641
64.8641
64.8641
64.8641
64.8641
64.8641
64.8641
64.8641
64.8641
64.8641
64.8641
64.8641
64.8641
64.8641
64.8641
64.8641
64.8641
64.8641
64.8641
64.8641
64.8641
64.8641
64.8641
64.8641
64.8641
64.8641
64.8641
64.8641
64.8641
64.8641
64.8641
64.8641
64.8641
64.8641
64.8641
64.8641
64.8641
64.8641
64.8641
64.8641
64.8641
64.8641
64.8641
64.8641
64.8641
64.8641
64.8641
64.8641
64.8641
64.8641
64.8641
64.8641
64.8641
64.8641
64.8641
64.8641
64.8641
64.8641
64.8641
64.8641
64.8641
64.8641
64.8641
64.8641
64.8641
64.8641
64.8641
64.8641
64.8641
64.8641
64.8641
64.8641
64.8641
64.8641
64.8641
64.8641
64.8641
64.8641
64.8641
64.8641
64.8641
64.8641
64.8641
64.8641
64.8641
64.8641
64.8641
64.8641
64.8641
64.8641
64.8641
64.8641
64.8641
64.8641
64.8641
64.8641
64.8641
64.8641
64.8641
64.8641
64.8641
64.8641
64.8641
64.8641
64.8641
64.8641
64.8641
64.8641
64.8641
64.8641
64.8641
64.8641
64.8641
64.8641
64.8641
64.8641
64.8641
64.8641
64.8641
64.8641
64.8641
64.8641
64.8641
64.8641
64.8641
64.8641
64.8641
64.8641
64.8641
64.8641
64.8641
64.8641
64.8641
64.8641
64.8641
64.8641
64.8641
64.8641
64.8641
64.8641
64.8641
64.8641
64.8641
64.8641
64.8641
64.8641
64.8641
64.8641
64.8641
64.8641
64.8641
64.8641
64.8641
64.8641
64.8641
64.8641
64.8641
64.8641
64.8641
64.8641
64.8641
64.8641
64.8641
64.8641
64.8641
64.8641
64.8641
64.8641
64.8641
64.8641
64.8641
64.8641
64.8641
64.8641
64.8641
64.8641
64.8641
64.8641
64.8641
64.8641
64.8641
64.8641
64.8641
64.8641
64.8641
64.8641
64.8641
64.8641
64.8641
64.8641
64.8641
64.8641
64.8641
64.8641
64.8641
64.8641
64.8641
64.8641
64.8641
64.8641
64.8641
64.8641
64.8641
64.8641
64.8641
64.8641
64.8641
64.8641
64.8641
64.8641
64.8641
64.8641
64.8641
64.8641
64.8641
64.8641
64.8641
64.8641
64.8641
64.8641
64.8641
64.8641
64.8641
64.8641
64.8641
64.8641
64.8641
64.8641
64.8641
64.8641
64.8641
64.8641
64.8641
64.8641
64.8641
64.8641
64.8641
64.8641
64.8641
64.8641
64.8641
64.8641
64.8641
64.8641
64.8641
64.8641
64.8641
64.8641
64.8641
64.8641
64.8641
64.8641
64.8641
64.8641
64.8641
64.8641
64.8641
64.8641
64.8641
64.8641
64.8641
64.8641
64.8641
64.8641
64.8641
64.8641
64.8641
64.8641
64.8641
64.8641
64.8641
64.8641
64.8641
64.8641
64.8641
64.8641
64.8641
64.8641
64.8641
64.8641
64.8641
64.8641
64.8641
64.8641
64.8641
64.8641
64.8641
64.8641
64.8641
64.8641
64.8641
64.8641
64.8641
64.8641
64.8641
64.8641
64.8641
64.8641
64.8641
64.8641
64.8641
64.8641
64.8641
64.8641
64.8641
64.8641
64.8641
64.8641
64.8641
64.8641
64.8641
64.8641
64.8641
64.8641
64.8641
64.8641
64.8641
64.8641
64.8641
64.8641
64.8641
64.8641
64.8641
64.8641
64.8641
64.8641
64.8641
64.8641
64.8641
64.8641
64.8641
64.8641
64.8641
64.8641
64.8641
64.8641
64.8641
64.8641
64.8641
64.8641
64.8641
64.8641
64.8641
64.8641
64.8641
64.8641
64.8641
64.8641
64.8641
64.8641
64.8641
64.8641
64.8641
64.8641
64.8641
64.8641
64.8641
64.8641
64.8641
64.8641
64.8641
64.8641
64.8641
64.8641
64.8641
64.8641
64.8641
64.8641
64.8641
64.8641
64.8641
64.8641
64.8641
64.8641
64.8641
64.8641
64.8641
64.8641
64.8641
64.8641
64.8641
64.8641
64.8641
64.8641
64.8641
64.8641
64.8641
64.8641
64.8641
64.8641
64.8641
64.8641
64.8641
64.8641
64.8641
64.8641
64.8641
64.8641
64.8641
64.8641
64.8641
64.8641
64.8641
64.8641
64.8641
64.8641
64.8641
64.8641
64.8641
64.8641
64.8641
64.8641
64.8641
64.8641
64.8641
64.8641
64.8641
64.8641
64.8641
64.8641
64.8641
64.8641
64.8641
64.8641
64.8641
64.8641
64.8641
64.8641
64.8641
64.8641
64.8641
64.8641
64.8641
64.8641
64.8641
64.8641
64.8641
64.8641
64.8641
64.8641
64.8641
64.8641
64.8641
64.8641
64.8641
64.8641
64.8641
64.8641
64.8641
64.8641
64.8641
64.8641
64.8641
64.8641
64.8641
64.8641
64.8641
64.8641
64.8641
64.8641
64.8641
64.8641
64.8641
64.8641
64.8641
64.8641
64.8641
64.8641
64.8641
64.8641
64.8641
64.8641
64.8641
64.8641
64.8641
64.8641
64.8641
64.8641
64.8641
64.8641
64.8641
64.8641
64.8641
64.8641
64.8641
64.8641
64.8641
64.8641
64.8641
64.8641
64.8641
64.8641
64.8641
64.8641
64.8641
64.8641
64.8641
64.8641
64.8641
64.8641
64.8641
64.8641
64.8641
64.8641
64.8641
64.8641
64.8641
64.8641
64.8641
64.8641
64.8641
64.8641
64.8641
64.8641
64.8641
64.8641
64.8641
64.8641
64.8641
64.8641
64.8641
64.8641
64.8641
64.8641
64.8641
64.8641
64.8641
64.8641
64.8641
64.8641
64.8641
64.8641
64.8641
64.8641
64.8641
64.8641
64.8641
64.8641
64.8641
64.8641
64.8641
64.8641
64.8641
64.8641
64.8641
64.8641
64.8641
64.8641
64.8641
64.8641
64.8641
64.8641
64.8641
64.8641
64.8641
64.8641
64.8641
64.8641
64.8641
64.8641
64.8641
64.8641
64.8641
64.8641
64.8641
64.8641
64.8641
64.8641
64.8641
64.8641
64.8641
64.8641
64.8641
64.8641
64.8641
64.8641
64.8641
64.8641
64.8641
64.8641
64.8641
64.8641
64.8641
64.8641
64.8641
64.8641
64.8641
64.8641
64.8641
64.8641
64.8641
64.8641
64.8641
64.8641
64.8641
64.8641
64.8641
64.8641
64.8641
64.8641
64.8641
64.8641
64.8641
64.8641
64.8641
64.8641
64.8641
64.8641
64.8641
64.8641
64.8641
64.8641
64.8641
64.8641
64.8641
64.8641
64.8641
64.8641
64.8641
64.8641
64.8641
64.8641
64.8641
64.8641
64.8641
64.8641
64.8641
64.8641
64.8641
64.8641
64.8641
64.8641
64.8641
64.8641
64.8641
64.8641
64.8641
64.8641
64.8641
64.8641
64.8641
64.8641
64.8641
64.8641
64.8641
64.8641
64.8641
64.8641
64.8641
64.8641
64.8641
64.8641
64.8641
64.8641
64.8641
64.8641
64.8641
64.8641
64.8641
64.8641
64.8641
64.8641
64.8641
64.8641
64.8641
64.8641
64.8641
64.8641
64.8641
64.8641
64.8641
64.8641
64.8641
64.8641
64.8641
64.8641
64.8641
64.8641
64.8641
64.8641
64.8641
64.8641
64.8641
64.8641
64.8641
64.8641
64.8641
64.8641
64.8641
64.8641
64.8641
64.8641
64.8641
64.8641
64.8641
64.8641
64.8641
64.8641
64.8641
64.8641
64.8641
64.8641
64.8641
64.8641
64.8641
64.8641
64.8641
64.8641
64.8641
64.8641
64.8641
64.8641
64.8641
64.8641
64.8641
64.8641
64.8641
64.8641
64.8641
64.8641
64.8641
64.8641
64.8641
64.8641
64.8641
64.8641
64.8641
64.8641
64.8641
64.8641
64.8641
64.8641
64.8641
64.8641
64.8641
64.8641
64.8641
64.8641
64.8641
64.8641
64.8641
64.8641
64.8641
64.8641
64.8641
64.8641
64.8641
64.8641
64.8641
64.8641
64.8641
64.8641
64.8641
64.8641
64.8641
64.8641
64.8641
64.8641
64.8641
64.8641
64.8641
64.8641
64.8641
64.8641
64.8641
64.8641
64.8641
64.8641
64.8641
64.8641
64.8641
64.8641
64.8641
64.8641
64.8641
64.8641
64.8641
64.8641
64.8641
64.8641
64.8641
64.8641
64.8641
64.8641
64.8641
64.8641
64.8641
64.8641
64.8641
64.8641
64.8641
64.8641
64.8641
64.8641
64.8641
64.8641
64.8641
64.8641
64.8641
64.8641
64.8641
64.8641
64.8641
64.8641
64.8641
64.8641
64.8641
64.8641
64.8641
64.8641
64.8641
64.8641
64.8641
64.8641
64.8641
64.8641
64.8641
64.8641
64.8641
64.8641
64.8641
64.8641
64.8641
64.8641
64.8641
64.8641
64.8641
64.8641
64.8641
64.8641
64.8641
64.8641
64.8641
64.8641
64.8641
64.8641
64.8641
64.8641
64.8641
64.8641
64.8641
64.8641
64.8641
64.8641
64.8641
64.8641
64.8641
64.8641
64.8641
64.8641
64.8641
64.8641
64.8641
64.8641
64.8641
64.8641
64.8641
64.8641
64.8641
64.8641
64.8641
64.8641
64.8641
64.8641
64.8641
64.8641
64.8641
64.8641
64.8641
64.8641
64.8641
64.8641
64.8641
64.8641
64.8641
64.8641
64.8641
64.8641
64.8641
64.8641
64.8641
64.8641
64.8641
64.8641
64.8641
64.8641
64.8641
64.8641
64.8641
64.8641
64.8641
64.8641
64.8641
64.8641
64.8641
64.8641
64.8641
64.8641
64.8641
64.8641
64.8641
64.8641
64.8641
64.8641
64.8641
64.8641
64.8641
64.8641
64.8641
64.8641
64.8641
64.8641
64.8641
64.8641
64.8641
64.8641
64.8641
64.8641
64.8641
64.8641
64.8641
64.8641
64.8641
64.8641
64.8641
64.8641
64.8641
64.8641
64.8641
64.8641
64.8641
64.8641
64.8641
64.8641
64.8641
64.8641
64.8641
64.8641
64.8641
64.8641
64.8641
64.8641
64.8641
64.8641
64.8641
64.8641
64.8641
64.8641
64.8641
64.8641
64.8641
64.8641
64.8641
64.8641
64.8641
64.8641
64.8641
64.8641
64.8641
64.8641
64.8641
64.8641
64.8641
64.8641
64.8641
64.8641
64.8641
64.8641
64.8641
64.8641
64.8641
64.8641
64.8641
64.8641
64.8641
64.8641
64.8641
64.8641
64.8641
64.8641
64.8641
64.8641
64.8641
64.8641
64.8641
64.8641
64.8641
64.8641
64.8641
64.8641
64.8641
64.8641
64.8641
64.8641
64.8641
64.8641
64.8641
64.8641
64.8641
64.8641
64.8641
64.8641
64.8641
64.8641
64.8641
64.8641
64.8641
64.8641
64.8641
64.8641
64.8641
64.8641
64.8641
64.8641
64.8641
64.8641
64.8641
64.8641
64.8641
64.8641
64.8641
64.8641
64.8641
64.8641
64.8641
64.8641
64.8641
64.8641
64.8641
64.8641
64.8641
64.8641
64.8641
64.8641
64.8641
64.8641
64.8641
64.8641
64.8641
64.8641
64.8641
64.8641
64.8641
64.8641
64.8641
64.8641
64.8641
64.8641
64.8641
64.8641
64.8641
64.8641
64.8641
64.8641
64.8641
64.8641
64.8641
64.8641
64.8641
64.8641
64.8641
64.8641
64.8641
64.8641
64.8641
64.8641
64.8641
64.8641
64.8641
64.8641
64.8641
64.8641
64.8641
64.8641
64.8641
64.8641
64.8641
64.8641
64.8641
64.8641
64.8641
64.8641
64.8641
64.8641
64.8641
64.8641
64.8641
64.8641
64.8641
64.8641
64.8641
64.8641
64.8641
64.8641
64.8641
64.8641
64.8641
64.8641
64.8641
64.8641
64.8641
64.8641
64.8641
64.8641
64.8641
64.8641
64.8641
64.8641
64.8641
64.8641
64.8641
64.8641
64.8641
64.8641
64.8641
64.8641
64.8641
64.8641
64.8641
64.8641
64.8641
64.8641
64.8641
64.8641
64.8641
64.8641
64.8641
64.8641
64.8641
64.8641
64.8641
64.8641
64.8641
64.8641
64.8641
64.8641
64.8641
64.8641
64.8641
64.8641
64.8641
64.8641
64.8641
64.8641
64.8641
64.8641
64.8641
64.8641
64.8641
64.8641
64.8641
64.8641
64.8641
64.8641
64.8641
64.8641
64.8641
64.8641
64.8641
64.8641
64.8641
64.8641
64.8641
64.8641
64.8641
64.8641
64.8641
64.8641
64.8641
64.8641
64.8641
64.8641
64.8641
64.8641
64.8641
64.8641
64.8641
64.8641
64.8641
64.8641
64.8641
64.8641
64.8641
64.8641
64.8641
64.8641
64.8641
64.8641
64.8641
64.8641
64.8641
64.8641
64.8641
64.8641
64.8641
64.8641
64.8641
64.8641
64.8641
64.8641
64.8641
64.8641
64.8641
64.8641
64.8641
64.8641
64.8641
64.8641
64.8641
64.8641
64.8641
64.8641
64.8641
64.8641
64.8641
64.8641
64.8641
64.8641
64.8641
64.8641
64.8641
64.8641
64.8641
64.8641
64.8641
64.8641
64.8641
64.8641
64.8641
64.8641
64.8641
64.8641
64.8641
64.8641
64.8641
64.8641
64.8641
64.8641
64.8641
64.8641
64.8641
64.8641
64.8641
64.8641
64.8641
64.8641
64.8641
64.8641
64.8641
64.8641
64.8641
64.8641
64.8641
64.8641
64.8641
64.8641
64.8641
64.8641
64.8641
64.8641
64.8641
64.8641
64.8641
64.8641
64.8641
64.8641
64.8641
64.8641
64.8641
64.8641
64.8641
64.8641
64.8641
64.8641
64.8641
64.8641
64.8641
64.8641
64.8641
64.8641
64.8641
64.8641
64.8641
64.8641
64.8641
64.8641
64.8641
64.8641
64.8641
64.8641
64.8641
64.8641
64.8641
64.8641
64.8641
64.8641
64.8641
64.8641
64.8641
64.8641
64.8641
64.8641
64.8641
64.8641
64.8641
64.8641
64.8641
64.8641
64.8641
64.8641
64.8641
64.8641
64.8641
64.8641
64.8641
64.8641
64.8641
64.8641
64.8641
64.8641
64.8641
64.8641
64.8641
64.8641
64.8641
64.8641
64.8641
64.8641
64.8641
64.8641
64.8641
64.8641
64.8641
64.8641
64.8641
64.8641
64.8641
64.8641
64.8641
64.8641
64.8641
64.8641
64.8641
64.8641
64.8641
64.8641
64.8641
64.8641
64.8641
64.8641
64.8641
64.8641
64.8641
64.8641
64.8641
64.8641
64.8641
64.8641
64.8641
64.8641
64.8641
64.8641
64.8641
64.8641
64.8641
64.8641
64.8641
64.8641
64.8641
64.8641
64.8641
64.8641
64.8641
64.8641
64.8641
64.8641
64.8641
64.8641
64.8641
64.8641
64.8641
64.8641
64.8641
64.8641
64.8641
64.8641
64.8641
64.8641
64.8641
64.8641
64.8641
64.8641
64.8641
64.8641
64.8641
64.8641
64.8641
64.8641
64.8641
64.8641
64.8641
64.8641
64.8641
64.8641
64.8641
64.8641
64.8641
64.8641
64.8641
64.8641
64.8641
64.8641
64.8641
64.8641
64.8641
64.8641
64.8641
64.8641
64.8641
64.8641
64.8641
64.8641
64.8641
64.8641
64.8641
64.8641
64.8641
64.8641
64.8641
64.8641
64.8641
64.8641
64.8641
64.8641
64.8641
64.8641
64.8641
64.8641
64.8641
64.8641
64.8641
64.8641
64.8641
64.8641
64.8641
64.8641
64.8641
64.8641
64.8641
64.8641
64.8641
64.8641
64.8641
64.8641
64.8641
64.8641
64.8641
64.8641
64.8641
64.8641
64.8641
64.8641
64.8641
64.8641
64.8641
64.8641
64.8641
64.8641
64.8641
64.8641
64.8641
64.8641
64.8641
64.8641
64.8641
64.8641
64.8641
64.8641
64.8641
64.8641
64.8641
64.8641
64.8641
64.8641
64.8641
64.8641
64.8641
64.8641
64.8641
64.8641
64.8641
64.8641
64.8641
64.8641
64.8641
64.8641
64.8641
64.8641
64.8641
64.8641
64.8641
64.8641
64.8641
64.8641
64.8641
64.8641
64.8641
64.8641
64.8641
64.8641
64.8641
64.8641
64.8641
64.8641
64.8641
64.8641
64.8641
64.8641
64.8641
64.8641
64.8641
64.8641
64.8641
64.8641
64.8641
64.8641
64.8641
64.8641
64.8641
64.8641
64.8641
64.8641
64.8641
64.8641
64.8641
64.8641
64.8641
64.8641
64.8641
64.8641
64.8641
64.8641
64.8641
64.8641
64.8641
64.8641
64.8641
64.8641
64.8641
64.8641
64.8641
64.8641
64.8641
64.8641
64.8641
64.8641
64.8641
64.8641
64.8641
64.8641
64.8641
64.8641
64.8641
64.8641
64.8641
64.8641
64.8641
64.8641
64.8641
64.8641
64.8641
64.8641
64.8641
64.8641
64.8641
64.8641
64.8641
64.8641
64.8641
64.8641
64.8641
64.8641
64.8641
64.8641
64.8641
64.8641
64.8641
64.8641
64.8641
64.8641
64.8641
64.8641
64.8641
64.8641
64.8641
64.8641
64.8641
64.8641
64.8641
64.8641
64.8641
64.8641
64.8641
64.8641
64.8641
64.8641
64.8641
64.8641
64.8641
64.8641
64.8641
64.8641
64.8641
64.8641
64.8641
64.8641
64.8641
64.8641
64.8641
64.8641
64.8641
64.8641
64.8641
64.8641
64.8641
64.8641
64.8641
64.8641
64.8641
64.8641
64.8641
64.8641
64.8641
64.8641
64.8641
64.8641
64.8641
64.8641
64.8641
64.8641
64.8641
64.8641
64.8641
64.8641
64.8641
64.8641
64.8641
64.8641
64.8641
64.8641
64.8641
64.8641
64.8641
64.8641
64.8641
64.8641
64.8641
64.8641
64.8641
64.8641
64.8641
64.8641
64.8641
64.8641
64.8641
64.8641
64.8641
64.8641
64.8641
64.8641
64.8641
64.8641
64.8641
64.8641
64.8641
64.8641
64.8641
64.8641
64.8641
64.8641
64.8641
64.8641
64.8641
64.8641
64.8641
64.8641
64.8641
64.8641
64.8641
64.8641
64.8641
64.8641
64.8641
64.8641
64.8641
64.8641
64.8641
64.8641
64.8641
64.8641
64.8641
64.8641
64.8641
64.8641
64.8641
64.8641
64.8641
64.8641
64.8641
64.8641
64.8641
64.8641
64.8641
64.8641
64.8641
64.8641
64.8641
64.8641
64.8641
64.8641
64.8641
64.8641
64.8641
64.8641
64.8641
64.8641
64.8641
64.8641
64.8641
64.8641
64.8641
64.8641
64.8641
64.8641
64.8641
64.8641
64.8641
64.8641
64.8641
64.8641
64.8641
64.8641
64.8641
64.8641
64.8641
64.8641
64.8641
64.8641
64.8641
64.8641
64.8641
64.8641
64.8641
64.8641
64.8641
64.8641
64.8641
64.8641
64.8641
64.8641
64.8641
64.8641
64.8641
64.8641
64.8641
64.8641
64.8641
64.8641
64.8641
64.8641
64.8641
64.8641
64.8641
64.8641
64.8641
64.8641
64.8641
64.8641
64.8641
64.8641
64.8641
64.8641
64.8641
64.8641
64.8641
64.8641
64.8641
64.8641
64.8641
64.8641
64.8641
64.8641
64.8641
64.8641
64.8641
64.8641
64.8641
64.8641
64.8641
64.8641
64.8641
64.8641
64.8641
64.8641
64.8641
64.8641
64.8641
64.8641
64.8641
64.8641
64.8641
64.8641
64.8641
64.8641
64.8641
64.8641
64.8641
64.8641
64.8641
64.8641
64.8641
64.8641
64.8641
64.8641
64.8641
64.8641
64.8641
64.8641
64.8641
64.8641
64.8641
64.8641
64.8641
64.8641
64.8641
64.8641
64.8641
64.8641
64.8641
64.8641
64.8641
64.8641
64.8641
64.8641
64.8641
64.8641
64.8641
64.8641
64.8641
64.8641
64.8641
64.8641
64.8641
64.8641
64.8641
64.8641
64.8641
64.8641
64.8641
64.8641
64.8641
64.8641
64.8641
64.8641
64.8641
64.8641
64.8641
64.8641
64.8641
64.8641
64.8641
64.8641
64.8641
64.8641
64.8641
64.8641
64.8641
64.8641
64.8641
64.8641
64.8641
64.8641
64.8641
64.8641
64.8641
64.8641
64.8641
64.8641
64.8641
64.8641
64.8641
64.8641
64.8641
64.8641
64.8641
64.8641
64.8641
64.8641
64.8641
64.8641
64.8641
64.8641
64.8641
64.8641
64.8641
64.8641
64.8641
64.8641
64.8641
64.8641
64.8641
64.8641
64.8641
64.8641
64.8641
64.8641
64.8641
64.8641
64.8641
64.8641
64.8641
64.8641
64.8641
64.8641
64.8641
64.8641
64.8641
64.8641
64.8641
64.8641
64.8641
64.8641
64.8641
64.8641
64.8641
64.8641
64.8641
64.8641
64.8641
64.8641
64.8641
64.8641
64.8641
64.8641
64.8641
64.8641
64.8641
64.8641
64.8641
64.8641
64.8641
64.8641
64.8641
64.8641
64.8641
64.8641
64.8641
64.8641
64.8641
64.8641
64.8641
64.8641
64.8641
64.8641
64.8641
64.8641
64.8641
64.8641
64.8641
64.8641
64.8641
64.8641
64.8641
64.8641
64.8641
64.8641
64.8641
64.8641
64.8641
64.8641
64.8641
64.8641
64.8641
64.8641
64.8641
64.8641
64.8641
64.8641
64.8641
64.8641
64.8641
64.8641
64.8641
64.8641
64.8641
64.8641
64.8641
64.8641
64.8641
64.8641
64.8641
64.8641
64.8641
64.8641
64.8641
64.8641
64.8641
64.8641
64.8641
64.8641
64.8641
64.8641
64.8641
64.8641
64.8641
64.8641
64.8641
64.8641
64.8641
64.8641
64.8641
64.8641
64.8641
64.8641
64.8641
64.8641
64.8641
64.8641
64.8641
64.8641
64.8641
64.8641
64.8641
64.8641
64.8641
64.8641
64.8641
64.8641
64.8641
64.8641
64.8641
64.8641
64.8641
64.8641
64.8641
64.8641
64.8641
64.8641
64.8641
64.8641
64.8641
64.8641
64.8641
64.8641
64.8641
64.8641
64.8641
64.8641
64.8641
64.8641
64.8641
64.8641
64.8641
64.8641
64.8641
64.8641
64.8641
64.8641
64.8641
64.8641
64.8641
64.8641
64.8641
64.8641
64.8641
64.8641
64.8641
64.8641
64.8641
64.8641
64.8641
64.8641
64.8641
64.8641
64.8641
64.8641
64.8641
64.8641
64.8641
64.8641
64.8641
64.8641
64.8641
64.8641
64.8641
64.8641
64.8641
64.8641
64.8641
64.8641
64.8641
64.8641
64.8641
64.8641
64.8641
64.8641
64.8641
64.8641
64.8641
64.8641
64.8641
64.8641
64.8641
64.8641
64.8641
64.8641
64.8641
64.8641
64.8641
64.8641
64.8641
64.8641
64.8641
64.8641
64.8641
64.8641
64.8641
64.8641
64.8641
64.8641
64.8641
64.8641
64.8641
64.8641
64.8641
64.8641
64.8641
64.8641
64.8641
64.8641
64.8641
64.8641
64.8641
64.8641
64.8641
64.8641
64.8641
64.8641
64.8641
64.8641
64.8641
64.8641
64.8641
64.8641
64.8641
64.8641
64.8641
64.8641
64.8641
64.8641
64.8641
64.8641
64.8641
64.8641
64.8641
64.8641
64.8641
64.8641
64.8641
64.8641
64.8641
64.8641
64.8641
64.8641
64.8641
64.8641
64.8641
64.8641
64.8641
64.8641
64.8641
64.8641
64.8641
64.8641
64.8641
64.8641
64.8641
64.8641
64.8641
64.8641
64.8641
64.8641
64.8641
64.8641
64.8641
64.8641
64.8641
64.8641
64.8641
64.8641
64.8641
64.8641
64.8641
64.8641
64.8641
64.8641
64.8641
64.8641
64.8641
64.8641
64.8641
64.8641
64.8641
64.8641
64.8641
64.8641
64.8641
64.8641
64.8641
64.8641
64.8641
64.8641
64.8641
64.8641
64.8641
64.8641
64.8641
64.8641
64.8641
64.8641
64.8641
64.8641
64.8641
64.8641
64.8641
64.8641
64.8641
64.8641
64.8641
64.8641
64.8641
64.8641
64.8641
64.8641
64.8641
64.8641
64.8641
64.8641
64.8641
64.8641
64.8641
64.8641
64.8641
64.8641
64.8641
64.8641
64.8641
64.8641
64.8641
64.8641
64.8641
64.8641
64.8641
64.8641
64.8641
64.8641
64.8641
64.8641
64.8641
64.8641
64.8641
64.8641
64.8641
64.8641
64.8641
64.8641
64.8641
64.8641
64.8641
64.8641
64.8641
64.8641
64.8641
64.8641
64.8641
64.8641
64.8641
64.8641
64.8641
64.8641
64.8641
64.8641
64.8641
64.8641
64.8641
64.8641
64.8641
64.8641
64.8641
64.8641
64.8641
64.8641
64.8641
64.8641
64.8641
64.8641
64.8641
64.8641
64.8641
64.8641
64.8641
64.8641
64.8641
64.8641
64.8641
64.8641
64.8641
64.8641
64.8641
64.8641
64.8641
64.8641
64.8641
64.8641
64.8641
64.8641
64.8641
64.8641
64.8641
64.8641
64.8641
64.8641
64.8641
64.8641
64.8641
64.8641
64.8641
64.8641
64.8641
64.8641
64.8641
64.8641
64.8641
64.8641
64.8641
64.8641
64.8641
64.8641
64.8641
64.8641
64.8641
64.8641
64.8641
64.8641
64.8641
64.8641
64.8641
64.8641
64.8641
64.8641
64.8641
64.8641
64.8641
64.8641
64.8641
64.8641
64.8641
64.8641
64.8641
64.8641
64.8641
64.8641
64.8641
64.8641
64.8641
64.8641
64.8641
64.8641
64.8641
64.8641
64.8641
64.8641
64.8641
64.8641
64.8641
64.8641
64.8641
64.8641
64.8641
64.8641
64.8641
64.8641
64.8641
64.8641
64.8641
64.8641
64.8641
64.8641
64.8641
64.8641
64.8641
64.8641
64.8641
64.8641
64.8641
64.8641
64.8641
64.8641
64.8641
64.8641
64.8641
64.8641
64.8641
64.8641
64.8641
64.8641
64.8641
64.8641
64.8641
64.8641
64.8641
64.8641
64.8641
64.8641
64.8641
64.8641
64.8641
64.8641
64.8641
64.8641
64.8641
64.8641
64.8641
64.8641
64.8641
64.8641
64.8641
64.8641
64.8641
64.8641
64.8641
64.8641
64.8641
64.8641
64.8641
64.8641
64.8641
64.8641
64.8641
64.8641
64.8641
64.8641
64.8641
64.8641
64.8641
64.8641
64.8641
64.8641
64.8641
64.8641
64.8641
64.8641
64.8641
64.8641
64.8641
64.8641
64.8641
64.8641
64.8641
64.8641
64.8641
64.8641
64.8641
64.8641
64.8641
64.8641
64.8641
64.8641
64.8641
64.8641
64.8641
64.8641
64.8641
64.8641
64.8641
64.8641
64.8641
64.8641
64.8641
64.8641
64.8641
64.8641
64.8641
64.8641
64.8641
64.8641
64.8641
64.8641
64.8641
64.8641
64.8641
64.8641
64.8641
64.8641
64.8641
64.8641
64.8641
64.8641
64.8641
64.8641
64.8641
64.8641
64.8641
64.8641
64.8641
64.8641
64.8641
64.8641
64.8641
64.8641
64.8641
64.8641
64.8641
64.8641
64.8641
64.8641
64.8641
64.8641
64.8641
64.8641
64.8641
64.8641
64.8641
64.8641
64.8641
64.8641
64.8641
64.8641
64.8641
64.8641
64.8641
64.8641
64.8641
64.8641
64.8641
64.8641
64.8641
64.8641
64.8641
64.8641
64.8641
64.8641
64.8641
64.8641
64.8641
64.8641
64.8641
64.8641
64.8641
64.8641
64.8641
64.8641
64.8641
64.8641
64.8641
64.8641
64.8641
64.8641
64.8641
64.8641
64.8641
64.8641
64.8641
64.8641
64.8641
64.8641
64.8641
64.8641
64.8641
64.8641
64.8641
64.8641
64.8641
64.8641
64.8641
64.8641
64.8641
64.8641
64.8641
64.8641
64.8641
64.8641
64.8641
64.8641
64.8641
64.8641
64.8641
64.8641
64.8641
64.8641
64.8641
64.8641
64.8641
64.8641
64.8641
64.8641
64.8641
64.8641
64.8641
64.8641
64.8641
64.8641
64.8641
64.8641
64.8641
64.8641
64.8641
64.8641
64.8641
64.8641
64.8641
64.8641
64.8641
64.8641
64.8641
64.8641
64.8641
64.8641
64.8641
64.8641
64.8641
64.8641
64.8641
64.8641
64.8641
64.8641
64.8641
64.8641
64.8641
64.8641
64.8641
64.8641
64.8641
64.8641
64.8641
64.8641
64.8641
64.8641
64.8641
64.8641
64.8641
64.8641
64.8641
64.8641
64.8641
64.8641
64.8641
64.8641
64.8641
64.8641
64.8641
64.8641
64.8641
64.8641
64.8641
64.8641
64.8641
64.8641
64.8641
64.8641
64.8641
64.8641
64.8641
64.8641
64.8641
64.8641
64.8641
64.8641
64.8641
64.8641
64.8641
64.8641
64.8641
64.8641
64.8641
64.8641
64.8641
64.8641
64.8641
64.8641
64.8641
64.8641
64.8641
64.8641
64.8641
64.8641
64.8641
64.8641
64.8641
64.8641
64.8641
64.8641
64.8641
64.8641
64.8641
64.8641
64.8641
64.8641
64.8641
64.8641
64.8641
64.8641
64.8641
64.8641
64.8641
64.8641
64.8641
64.8641
64.8641
64.8641
64.8641
64.8641
64.8641
64.8641
64.8641
64.8641
64.8641
64.8641
64.8641
64.8641
64.8641
64.8641
64.8641
64.8641
64.8641
64.8641
64.8641
64.8641
64.8641
64.8641
64.8641
64.8641
64.8641
64.8641
64.8641
64.8641
64.8641
64.8641
64.8641
64.8641
64.8641
64.8641
64.8641
64.8641
64.8641
64.8641
64.8641
64.8641
64.8641
64.8641
64.8641
64.8641
64.8641
64.8641
64.8641
64.8641
64.8641
64.8641
64.8641
64.8641
64.8641
64.8641
64.8641
64.8641
64.8641
64.8641
64.8641
64.8641
64.8641
64.8641
64.8641
64.8641
64.8641
64.8641
64.8641
64.8641
64.8641
64.8641
64.8641
64.8641
64.8641
64.8641
64.8641
64.8641
64.8641
64.8641
64.8641
64.8641
64.8641
64.8641
64.8641
64.8641
64.8641
64.8641
64.8641
64.8641
64.8641
64.8641
64.8641
64.8641
64.8641
64.8641
64.8641
64.8641
64.8641
64.8641
64.8641
64.8641
64.8641
64.8641
64.8641
64.8641
64.8641
64.8641
64.8641
64.8641
64.8641
64.8641
64.8641
64.8641
64.8641
64.8641
64.8641
64.8641
64.8641
64.8641
64.8641
64.8641
64.8641
64.8641
64.8641
64.8641
64.8641
64.8641
64.8641
64.8641
64.8641
64.8641
64.8641
64.8641
64.8641
64.8641
64.8641
64.8641
64.8641
64.8641
64.8641
64.8641
64.8641
64.8641
64.8641
64.8641
64.8641
64.8641
64.8641
64.8641
64.8641
64.8641
64.8641
64.8641
64.8641
64.8641
64.8641
64.8641
64.8641
64.8641
64.8641
64.8641
64.8641
64.8641
64.8641
64.8641
64.8641
64.8641
64.8641
64.8641
64.8641
64.8641
64.8641
64.8641
64.8641
64.8641
64.8641
64.8641
64.8641
64.8641
64.8641
64.8641
64.8641
64.8641
64.8641
64.8641
64.8641
64.8641
64.8641
64.8641
64.8641
64.8641
64.8641
64.8641
64.8641
64.8641
64.8641
64.8641
64.8641
64.8641
64.8641
64.8641
64.8641
64.8641
64.8641
64.8641
64.8641
64.8641
64.8641
64.8641
64.8641
64.8641
64.8641
64.8641
64.8641
64.8641
64.8641
64.8641
64.8641
64.8641
64.8641
64.8641
64.8641
64.8641
64.8641
64.8641
64.8641
64.8641
64.8641
64.8641
64.8641
64.8641
64.8641
64.8641
64.8641
64.8641
64.8641
64.8641
64.8641
64.8641
64.8641
64.8641
64.8641
64.8641
64.8641
64.8641
64.8641
64.8641
64.8641
64.8641
64.8641
64.8641
64.8641
64.8641
64.8641
64.8641
64.8641
64.8641
64.8641
64.8641
64.8641
64.8641
64.8641
64.8641
64.8641
64.8641
64.8641
64.8641
64.8641
64.8641
64.8641
64.8641
64.8641
64.8641
64.8641
64.8641
64.8641
64.8641
64.8641
64.8641
64.8641
64.8641
64.8641
64.8641
64.8641
64.8641
64.8641
64.8641
64.8641
64.8641
64.8641
64.8641
64.8641
64.8641
64.8641
64.8641
64.8641
64.8641
64.8641
64.8641
64.8641
64.8641
64.8641
64.8641
64.8641
64.8641
64.8641
64.8641
64.8641
64.8641
64.8641
64.8641
64.8641
64.8641
64.8641
64.8641
64.8641
64.8641
64.8641
64.8641
64.8641
64.8641
64.8641
64.8641
64.8641
64.8641
64.8641
64.8641
64.8641
64.8641
64.8641
64.8641
64.8641
64.8641
64.8641
64.8641
64.8641
64.8641
64.8641
64.8641
64.8641
64.8641
64.8641
64.8641
64.8641
64.8641
64.8641
64.8641
64.8641
64.8641
64.8641
64.8641
64.8641
64.8641
64.8641
64.8641
64.8641
64.8641
64.8641
64.8641
64.8641
64.8641
64.8641
64.8641
64.8641
64.8641
64.8641
64.8641
64.8641
64.8641
64.8641
64.8641
64.8641
64.8641
64.8641
64.8641
64.8641
64.8641
64.8641
64.8641
64.8641
64.8641
64.8641
64.8641
64.8641
64.8641
64.8641
64.8641
64.8641
64.8641
64.8641
64.8641
64.8641
64.8641
64.8641
64.8641
64.8641
64.8641
64.8641
64.8641
64.8641
64.8641
64.8641
64.8641
64.8641
64.8641
64.8641
64.8641
64.8641
64.8641
64.8641
64.8641
64.8641
64.8641
64.8641
64.8641
64.8641
64.8641
64.8641
64.8641
64.8641
64.8641
64.8641
64.8641
64.8641
64.8641
64.8641
64.8641
64.8641
64.8641
64.8641
64.8641
64.8641
64.8641
64.8641
64.8641
64.8641
64.8641
64.8641
64.8641
64.8641
64.8641
64.8641
64.8641
64.8641
64.8641
64.8641
64.8641
64.8641
64.8641
64.8641
64.8641
64.8641
64.8641
64.8641
64.8641
64.8641
64.8641
64.8641
64.8641
64.8641
64.8641
64.8641
64.8641
64.8641
64.8641
64.8641
64.8641
64.8641
64.8641
64.8641
64.8641
64.8641
64.8641
64.8641
64.8641
64.8641
64.8641
64.8641
64.8641
64.8641
64.8641
64.8641
64.8641
64.8641
64.8641
64.8641
64.8641
64.8641
64.8641
64.8641
64.8641
64.8641
64.8641
64.8641
64.8641
64.8641
64.8641
64.8641
64.8641
64.8641
64.8641
64.8641
64.8641
64.8641
64.8641
64.8641
64.8641
64.8641
64.8641
64.8641
64.8641
64.8641
64.8641
64.8641
64.8641
64.8641
64.8641
64.8641
64.8641
64.8641
64.8641
64.8641
64.8641
64.8641
64.8641
64.8641
64.8641
64.8641
64.8641
64.8641
64.8641
64.8641
64.8641
64.8641
64.8641
64.8641
64.8641
64.8641
64.8641
64.8641
64.8641
64.8641
64.8641
64.8641
64.8641
64.8641
64.8641
64.8641
64.8641
64.8641
64.8641
64.8641
64.8641
64.8641
64.8641
64.8641
64.8641
64.8641
64.8641
64.8641
64.8641
64.8641
64.8641
64.8641
64.8641
64.8641
64.8641
64.8641
64.8641
64.8641
64.8641
64.8641
64.8641
64.8641
64.8641
64.8641
64.8641
64.8641
64.8641
64.8641
64.8641
64.8641
64.8641
64.8641
64.8641
64.8641
64.8641
64.8641
64.8641
64.8641
64.8641
64.8641
64.8641
64.8641
64.8641
64.8641
64.8641
64.8641
64.8641
64.8641
64.8641
64.8641
64.8641
64.8641
64.8641
64.8641
64.8641
64.8641
64.8641
64.8641
64.8641
64.8641
64.8641
64.8641
64.8641
64.8641
64.8641
64.8641
64.8641
64.8641
64.8641
64.8641
64.8641
64.8641
64.8641
64.8641
64.8641
64.8641
64.8641
64.8641
64.8641
64.8641
64.8641
64.8641
64.8641
64.8641
64.8641
64.8641
64.8641
64.8641
64.8641
64.8641
64.8641
64.8641
64.8641
64.8641
64.8641
64.8641
64.8641
64.8641
64.8641
64.8641
64.8641
64.8641
64.8641
64.8641
64.8641
64.8641
64.8641
64.8641
64.8641
64.8641
64.8641
64.8641
64.8641
64.8641
64.8641
64.8641
64.8641
64.8641
64.8641
64.8641
64.8641
64.8641
64.8641
64.8641
64.8641
64.8641
64.8641
64.8641
64.8641
64.8641
64.8641
64.8641
64.8641
64.8641
64.8641
64.8641
64.8641
64.8641
64.8641
64.8641
64.8641
64.8641
64.8641
64.8641
64.8641
64.8641
64.8641
64.8641
64.8641
64.8641
64.8641
64.8641
64.8641
64.8641
64.8641
64.8641
64.8641
64.8641
64.8641
64.8641
64.8641
64.8641
64.8641
64.8641
64.8641
64.8641
64.8641
64.8641
64.8641
64.8641
64.8641
64.8641
64.8641
64.8641
64.8641
64.8641
64.8641
64.8641
64.8641
64.8641
64.8641
64.8641
64.8641
64.8641
64.8641
64.8641
64.8641
64.8641
64.8641
64.8641
64.8641
64.8641
64.8641
64.8641
64.8641
64.8641
64.8641
64.8641
64.8641
64.8641
64.8641
64.8641
64.8641
64.8641
64.8641
64.8641
64.8641
64.8641
64.8641
64.8641
64.8641
64.8641
64.8641
64.8641
64.8641
64.8641
64.8641
64.8641
64.8641
64.8641
64.8641
64.8641
64.8641
64.8641
64.8641
64.8641
64.8641
64.8641
64.8641
64.8641
64.8641
64.8641
64.8641
64.8641
64.8641
64.8641
64.8641
64.8641
64.8641
64.8641
64.8641
64.8641
64.8641
64.8641
64.8641
64.8641
64.8641
64.8641
64.8641
64.8641
64.8641
64.8641
64.8641
64.8641
64.8641
64.8641
64.8641
64.8641
64.8641
64.8641
64.8641
64.8641
64.8641
64.8641
64.8641
64.8641
64.8641
64.8641
64.8641
64.8641
64.8641
64.8641
64.8641
64.8641
64.8641
64.8641
64.8641
64.8641
64.8641
64.8641
64.8641
64.8641
64.8641
64.8641
64.8641
64.8641
64.8641
64.8641
64.8641
64.8641
64.8641
64.8641
64.8641
64.8641
64.8641
64.8641
64.8641
64.8641
64.8641
64.8641
64.8641
64.8641
64.8641
64.8641
64.8641
64.8641
64.8641
64.8641
64.8641
64.8641
64.8641
64.8641
64.8641
64.8641
64.8641
64.8641
64.8641
64.8641
64.8641
64.8641
64.8641
64.8641
64.8641
64.8641
64.8641
64.8641
64.8641
64.8641
64.8641
64.8641
64.8641
64.8641
64.8641
64.8641
64.8641
64.8641
64.8641
64.8641
64.8641
64.8641
64.8641
64.8641
64.8641
64.8641
64.8641
64.8641
64.8641
64.8641
64.8641
64.8641
64.8641
64.8641
64.8641
64.8641
64.8641
64.8641
64.8641
64.8641
64.8641
64.8641
64.8641
64.8641
64.8641
64.8641
64.8641
64.8641
64.8641
64.8641
64.8641
64.8641
64.8641
64.8641
64.8641
64.8641
64.8641
64.8641
64.8641
64.8641
64.8641
64.8641
64.8641
64.8641
64.8641
64.8641
64.8641
64.8641
64.8641
64.8641
64.8641
64.8641
64.8641
64.8641
64.8641
64.8641
64.8641
64.8641
64.8641
64.8641
64.8641
64.8641
64.8641
64.8641
64.8641
64.8641
64.8641
64.8641
64.8641
64.8641
64.8641
64.8641
64.8641
64.8641
64.8641
64.8641
64.8641
64.8641
64.8641
64.8641
64.8641
64.8641
64.8641
64.8641
64.8641
64.8641
64.8641
64.8641
64.8641
64.8641
64.8641
64.8641
64.8641
64.8641
64.8641
64.8641
64.8641
64.8641
64.8641
64.8641
64.8641
64.8641
64.8641
64.8641
64.8641
64.8641
64.8641
64.8641
64.8641
64.8641
64.8641
64.8641
64.8641
64.8641
64.8641
64.8641
64.8641
64.8641
64.8641
64.8641
64.8641
64.8641
64.8641
64.8641
64.8641
64.8641
64.8641
64.8641
64.8641
64.8641
64.8641
64.8641
64.8641
64.8641
64.8641
64.8641
64.8641
64.8641
64.8641
64.8641
64.8641
64.8641
64.8641
64.8641
64.8641
64.8641
64.8641
64.8641
64.8641
64.8641
64.8641
64.8641
64.8641
64.8641
64.8641
64.8641
64.8641
64.8641
64.8641
64.8641
64.8641
64.8641
64.8641
64.8641
64.8641
64.8641
64.8641
64.8641
64.8641
64.8641
64.8641
64.8641
64.8641
64.8641
64.8641
64.8641
64.8641
64.8641
64.8641
64.8641
64.8641
64.8641
64.8641
64.8641
64.8641
64.8641
64.8641
64.8641
64.8641
64.8641
64.8641
64.8641
64.8641
64.8641
64.8641
64.8641
64.8641
64.8641
64.8641
64.8641
64.8641
64.8641
64.8641
64.8641
64.8641
64.8641
64.8641
64.8641
64.8641
64.8641
64.8641
64.8641
64.8641
64.8641
64.8641
64.8641
64.8641
64.8641
64.8641
64.8641
64.8641
64.8641
64.8641
64.8641
64.8641
64.8641
64.8641
64.8641
64.8641
64.8641
64.8641
64.8641
64.8641
64.8641
64.8641
64.8641
64.8641
64.8641
64.8641
64.8641
64.8641
64.8641
64.8641
64.8641
64.8641
64.8641
64.8641
64.8641
64.8641
64.8641
64.8641
64.8641
64.8641
64.8641
64.8641
64.8641
64.8641
64.8641
64.8641
64.8641
64.8641
64.8641
64.8641
64.8641
64.8641
64.8641
64.8641
64.8641
64.8641
64.8641
64.8641
64.8641
64.8641
64.8641
64.8641
64.8641
64.8641
64.8641
64.8641
64.8641
64.8641
64.8641
64.8641
64.8641
64.8641
64.8641
64.8641
64.8641
64.8641
64.8641
64.8641
64.8641
64.8641
64.8641
64.8641
64.8641
64.8641
64.8641
64.8641
64.8641
64.8641
64.8641
64.8641
64.8641
64.8641
64.8641
64.8641
64.8641
64.8641
64.8641
64.8641
64.8641
64.8641
64.8641
64.8641
64.8641
64.8641
64.8641
64.8641
64.8641
64.8641
64.8641
64.8641
64.8641
64.8641
64.8641
64.8641
64.8641
64.8641
64.8641
64.8641
64.8641
64.8641
64.8641
64.8641
64.8641
64.8641
64.8641
64.8641
64.8641
64.8641
64.8641
64.8641
64.8641
64.8641
64.8641
64.8641
64.8641
64.8641
64.8641
64.8641
64.8641
64.8641
64.8641
64.8641
64.8641
64.8641
64.8641
64.8641
64.8641
64.8641
64.8641
64.8641
64.8641
64.8641
64.8641
64.8641
64.8641
64.8641
64.8641
64.8641
64.8641
64.8641
64.8641
64.8641
64.8641
64.8641
64.8641
64.8641
64.8641
64.8641
64.8641
64.8641
64.8641
64.8641
64.8641
64.8641
64.8641
64.8641
64.8641
64.8641
64.8641
64.8641
64.8641
64.8641
64.8641
64.8641
64.8641
64.8641
64.8641
64.8641
64.8641
64.8641
64.8641
64.8641
64.8641
64.8641
64.8641
64.8641
64.8641
64.8641
64.8641
64.8641
64.8641
64.8641
64.8641
64.8641
64.8641
64.8641
64.8641
64.8641
64.8641
64.8641
64.8641
64.8641
64.8641
64.8641
64.8641
64.8641
64.8641
64.8641
64.8641
64.8641
64.8641
64.8641
64.8641
64.8641
64.8641
64.8641
64.8641
64.8641
64.8641
64.8641
64.8641
64.8641
64.8641
64.8641
64.8641
64.8641
64.8641
64.8641
64.8641
64.8641
64.8641
64.8641
64.8641
64.8641
64.8641
64.8641
64.8641
64.8641
64.8641
64.8641
64.8641
64.8641
64.8641
64.8641
64.8641
64.8641
64.8641
64.8641
64.8641
64.8641
64.8641
64.8641
64.8641
64.8641
64.8641
64.8641
64.8641
64.8641
64.8641
64.8641
64.8641
64.8641
64.8641
64.8641
64.8641
64.8641
64.8641
64.8641
64.8641
64.8641
64.8641
64.8641
64.8641
64.8641
64.8641
64.8641
64.8641
64.8641
64.8641
64.8641
64.8641
64.8641
64.8641
64.8641
64.8641
64.8641
64.8641
64.8641
64.8641
64.8641
64.8641
64.8641
64.8641
64.8641
64.8641
64.8641
64.8641
64.8641
64.8641
64.8641
64.8641
64.8641
64.8641
64.8641
64.8641
64.8641
64.8641
64.8641
64.8641
64.8641
64.8641
64.8641
64.8641
64.8641
64.8641
64.8641
64.8641
64.8641
64.8641
64.8641
64.8641
64.8641
64.8641
64.8641
64.8641
64.8641
64.8641
64.8641
64.8641
64.8641
64.8641
64.8641
64.8641
64.8641
64.8641
64.8641
64.8641
64.8641
64.8641
64.8641
64.8641
64.8641
64.8641
64.8641
64.8641
64.8641
64.8641
64.8641
64.8641
64.8641
64.8641
64.8641
64.8641
64.8641
64.8641
64.8641
64.8641
64.8641
64.8641
64.8641
64.8641
64.8641
64.8641
64.8641
64.8641
64.8641
64.8641
64.8641
64.8641
64.8641
64.8641
64.8641
64.8641
64.8641
64.8641
64.8641
64.8641
64.8641
64.8641
64.8641
64.8641
64.8641
64.8641
64.8641
64.8641
64.8641
64.8641
64.8641
64.8641
64.8641
64.8641
64.8641
64.8641
64.8641
64.8641
64.8641
64.8641
64.8641
64.8641
64.8641
64.8641
64.8641
64.8641
64.8641
64.8641
64.8641
64.8641
64.8641
64.8641
64.8641
64.8641
64.8641
64.8641
64.8641
64.8641
64.8641
64.8641
64.8641
64.8641
64.8641
64.8641
64.8641
64.8641
64.8641
64.8641
64.8641
64.8641
64.8641
64.8641
64.8641
64.8641
64.8641
64.8641
64.8641
64.8641
64.8641
64.8641
64.8641
64.8641
64.8641
64.8641
64.8641
64.8641
64.8641
64.8641
64.8641
64.8641
64.8641
64.8641
64.8641
64.8641
64.8641
64.8641
64.8641
64.8641
64.8641
64.8641
64.8641
64.8641
64.8641
64.8641
64.8641
64.8641
64.8641
64.8641
64.8641
64.8641
64.8641
64.8641
64.8641
64.8641
64.8641
64.8641
64.8641
64.8641
64.8641
64.8641
64.8641
64.8641
64.8641
64.8641
64.8641
64.8641
64.8641
64.8641
64.8641
64.8641
64.8641
64.8641
64.8641
64.8641
64.8641
64.8641
64.8641
64.8641
64.8641
64.8641
64.8641
64.8641
64.8641
64.8641
64.8641
64.8641
64.8641
64.8641
64.8641
64.8641
64.8641
64.8641
64.8641
64.8641
64.8641
64.8641
64.8641
64.8641
64.8641
64.8641
64.8641
64.8641
64.8641
64.8641
64.8641
64.8641
64.8641
64.8641
64.8641
64.8641
64.8641
64.8641
64.8641
64.8641
64.8641
64.8641
64.8641
64.8641
64.8641
64.8641
64.8641
64.8641
64.8641
64.8641
64.8641
64.8641
64.8641
64.8641
64.8641
64.8641
64.8641
64.8641
64.8641
64.8641
64.8641
64.8641
64.8641
64.8641
64.8641
64.8641
64.8641
64.8641
64.8641
64.8641
64.8641
64.8641
64.8641
64.8641
64.8641
64.8641
64.8641
64.8641
64.8641
64.8641
64.8641
64.8641
64.8641
64.8641
64.8641
64.8641
64.8641
64.8641
64.8641
64.8641
64.8641
64.8641
64.8641
64.8641
64.8641
64.8641
64.8641
64.8641
64.8641
64.8641
64.8641
64.8641
64.8641
64.8641
64.8641
64.8641
64.8641
64.8641
64.8641
64.8641
64.8641
64.8641
64.8641
64.8641
64.8641
64.8641
64.8641
