439.529
424.534
417.105
408.883
393.435
386.569
372.571
360.193
360.193
348.559
332.233
332.233
328.103
316.235
311.706
306.71
303.604
299.536
295.612
291.264
290.281
286.945
284.36
281.35
279.33
275.502
268.997
263.875
259.2
256.105
252.144
250.564
246.506
238.445
236.36
235.006
232.253
232.253
230.589
228.974
228.974
228.974
228.974
228.974
228.974
227.405
225.332
223.251
223.251
223.251
219.721
217.597
216.969
212.506
211.91
208.197
207.615
207.615
206.795
206.628
206.245
202.368
202.023
201.707
200.169
196.011
196.011
194.923
194.009
193.552
191.028
191.028
189.384
189.384
189.384
189.384
188.926
188.926
187.711
182.515
182.057
181.22
179.868
177.032
177.032
177.032
177.032
176.286
176.286
174.269
172.488
172.488
167.923
167.923
166.324
164.969
164.969
161.266
161.266
161.266
159.28
159.28
158.773
157.972
156.117
156.117
156.117
155.311
154.509
154.231
154.064
153.262
153.262
152.094
152.094
151.417
149.988
149.116
148.204
148.204
148.204
146.749
146.06
146.06
146.06
144.706
144.706
144.706
142.533
142.533
142.533
142.15
141.539
141.539
140.536
139.543
139.388
138.439
138.223
138.223
137.84
137.283
137.283
136.605
136.605
136.605
136.19
136.19
136.142
135.58
135.58
135.185
134.809
134.809
133.905
133.905
133.401
133.401
132.113
131.707
131.663
130.043
130.043
127.76
127.76
127.76
127.302
127.259
127.19
127.147
127.128
124.311
124.311
123.816
123.114
122.446
121.892
121.892
121.892
121.892
121.892
121.892
121.892
120.845
120.845
120.845
120.723
120.723
119.593
119.593
119.593
119.593
119.593
119.593
118.89
118.89
118.805
118.805
118.805
117.277
117.277
117.277
117.277
117.093
117.093
117.093
117.093
117.093
117.093
116.772
116.415
116.025
116.025
115.704
115.704
113.464
111.993
111.993
111.993
111.993
111.993
111.993
111.993
111.362
111.026
110.395
109.308
109.308
109.308
109.308
108.389
108.389
108.389
107.514
107.156
107.156
107.156
107.156
107.156
107.156
107.156
107.156
107.156
107.156
107.132
106.289
106.289
105.511
105.511
104.987
104.608
104.118
103.314
103.314
103.314
103.314
103.314
102.895
102.895
101.956
101.956
101.956
101.933
101.933
101.562
101.562
101.376
101.293
100.598
100.575
100.575
100.575
100.344
100.344
100.028
100.028
100.028
99.9422
99.9422
99.8794
99.3473
99.2611
99.2611
99.2611
98.9093
98.6735
98.6735
97.9486
97.361
97.361
97.361
97.361
97.1843
97.1843
97.1843
97.1843
97.1843
97.1843
97.1843
96.0186
96.0186
96.0186
96.0186
96.0186
96.0186
95.722
95.722
95.5219
95.2254
95.2254
95.2254
95.2254
95.2254
95.2254
95.2254
95.2254
95.2254
95.034
95.034
95.034
94.8245
94.5686
94.3591
93.9745
93.9745
93.9745
93.8575
93.791
93.791
92.7952
92.7952
92.7861
92.3075
92.3075
92.3075
92.2093
92.2093
92.2093
92.2093
92.2093
92.2093
92.2093
92.0404
92.0404
92.0404
92.0404
92.0404
91.6775
91.6775
91.3584
91.3584
91.3584
91.1785
91.1785
91.1785
90.9153
90.9153
90.7241
90.7241
90.7241
90.302
90.0388
90.0388
89.9891
89.9891
89.5642
89.5642
89.5642
88.925
88.925
88.925
88.925
88.925
88.925
88.925
88.925
88.925
88.925
88.925
88.6727
88.6059
88.5572
88.5572
88.5572
88.5572
88.5572
88.5572
88.5572
88.5572
88.5572
87.8445
87.8445
87.7425
87.7425
87.7425
87.7425
87.7425
87.0429
87.0429
87.0429
87.0429
86.8834
86.1838
86.1838
86.1838
86.1838
86.1838
86.1838
86.1838
86.1838
86.1838
86.1838
86.1838
86.1838
86.1838
86.1838
86.1838
86.1838
86.1838
86.1838
86.0568
86.0568
86.0568
85.8579
85.8579
85.8579
85.8579
85.8185
85.8185
85.4926
85.4926
85.3004
85.3004
85.3004
85.3004
85.3004
85.3004
85.1863
85.1863
85.1863
85.1863
85.1863
85.1863
85.1863
81.1602
81.1602
81.1602
81.1602
81.1602
81.1602
81.1602
80.4986
80.4986
80.4986
80.2541
80.2541
80.2541
80.2541
80.0695
80.0695
80.0695
79.3182
79.3182
79.3182
79.3182
79.3182
79.3182
79.3182
79.3182
79.3182
79.3182
79.3182
79.3182
79.3025
79.3025
78.7116
78.7116
78.7116
78.3329
78.3329
78.3329
78.3329
77.7273
77.7237
77.4968
77.1181
77.1181
77.1181
77.1181
77.1181
77.1181
76.8391
76.8391
76.8391
76.8391
76.8391
76.8391
76.5199
76.5199
76.5199
76.5199
76.5199
76.5199
76.5199
76.5199
75.3332
75.3332
75.3332
75.3332
75.3332
75.3332
75.3332
75.2188
75.206
75.206
75.0535
74.6524
74.538
74.538
74.538
74.538
74.538
74.5124
74.4146
74.3002
74.2745
74.2745
74.2745
74.2745
74.2745
74.2745
74.2745
74.2745
74.2745
74.2745
74.2745
74.2745
74.2454
74.2454
73.5743
73.5743
73.5743
73.5743
73.5743
73.5743
73.5743
73.5743
73.5743
73.5743
73.5743
73.5743
73.5743
73.5743
73.5743
73.5743
73.5743
73.5743
73.5743
73.5743
73.5743
73.5743
73.5743
73.5743
73.5743
73.5743
73.5743
73.5743
73.5743
73.5743
73.5743
73.5743
73.5743
73.5743
73.5743
73.5743
73.5743
73.5743
73.5743
73.5743
73.5743
73.5743
73.5743
73.5743
73.5743
73.5743
73.5743
73.5743
73.5743
73.5743
73.527
73.527
73.527
73.527
73.527
73.527
73.527
73.4046
73.4046
73.4046
73.4046
73.4046
73.4046
73.4046
73.4046
73.4046
73.4046
73.4046
73.4046
73.123
73.123
73.123
73.123
73.123
73.123
73.123
73.123
73.123
73.123
73.123
73.123
73.123
73.123
73.123
73.123
73.123
73.123
73.123
73.123
73.123
73.1145
73.1145
73.1145
73.1145
73.1145
73.1145
73.1145
73.1145
73.1145
73.1145
73.1145
73.1145
73.1145
73.1145
73.1145
73.1145
73.1145
73.1145
73.1145
73.1145
73.1145
73.1145
73.1145
73.1145
73.1145
73.1145
73.1145
73.1145
73.1145
73.1145
73.1145
73.1145
73.1145
73.1145
73.1145
73.1145
73.1145
73.1145
73.1145
73.1145
73.1145
73.1145
73.1145
73.1145
73.1145
73.1145
73.1145
73.1145
73.1145
73.1145
73.1145
73.1145
73.1145
73.1145
73.1145
73.1145
73.1145
73.1145
73.1145
73.1145
73.1145
73.1145
73.1145
72.7503
72.7503
72.7503
72.7503
72.4985
72.4985
72.4985
72.4985
72.4081
72.2129
72.1225
72.1225
72.1225
72.1225
72.1225
72.1225
72.1225
72.1225
72.1225
72.1225
72.1225
72.1225
72.1225
72.1225
72.1225
72.1225
72.0352
72.0352
72.0352
72.0352
72.0352
72.0352
72.0352
72.0352
72.0352
72.0352
72.0352
72.0352
72.0352
72.0352
72.0352
72.0352
72.0352
72.0352
72.0352
72.0352
72.0352
72.0352
72.0352
72.0352
72.0352
72.0352
72.0352
72.0352
72.0352
72.0352
72.0352
72.0352
72.0352
72.0352
72.0352
72.0352
72.0352
72.0352
72.0352
72.0352
72.0352
72.0352
72.0352
72.0352
72.0352
72.0352
72.0352
72.0352
72.0352
72.0352
72.0352
72.0352
72.0352
72.0352
72.0352
72.0352
72.0352
72.0352
72.0352
71.8694
71.8694
71.8694
71.8694
71.8694
71.8694
71.8694
71.8694
71.8694
71.8694
71.8694
71.8694
71.8694
71.8694
71.8694
71.8694
71.8694
71.8694
71.8694
71.8694
71.8694
71.8694
71.8694
71.8694
71.8694
71.8694
71.8694
71.8694
71.8694
71.8694
71.8694
71.8694
71.8694
71.8694
71.8694
71.8694
71.8694
71.6668
71.6668
71.6668
71.6668
71.6668
71.6668
71.6668
71.6668
71.6668
71.6668
71.6668
71.6668
71.6668
71.6668
71.6668
71.6668
71.6668
71.5837
71.4177
71.4177
71.4177
71.4177
71.4177
71.4177
71.4177
71.4177
71.4177
71.4177
71.4177
71.4177
71.4177
71.4177
71.4177
71.4177
71.4177
71.4177
71.4177
71.4177
71.4177
71.4177
71.4177
71.4177
71.4177
71.4177
71.4177
71.4177
71.4177
71.4177
71.4177
71.4177
71.4177
71.4177
71.4177
71.4177
71.4177
71.4177
71.4177
71.4177
71.4177
71.4177
71.4177
71.4177
71.4177
71.4177
71.4177
71.4177
71.4177
71.4177
71.4177
71.4177
71.4177
71.4177
71.4177
71.4177
71.4177
71.4177
71.4177
71.4177
71.4177
71.4177
71.4177
71.4177
71.4177
71.4177
71.4177
71.4177
71.4177
71.4177
71.4177
71.4177
71.4177
71.4177
71.4177
71.4177
71.4177
71.4177
71.4177
71.4177
71.4177
71.4177
71.4177
71.4177
71.4177
71.4177
71.4177
71.4177
71.4177
71.4177
71.4177
71.4177
71.4177
71.4177
71.4177
71.4177
71.4177
71.4177
71.4177
71.4177
71.4177
71.4177
71.4177
71.4177
71.4177
71.4177
71.4177
71.4177
71.4177
71.4177
71.4177
71.4177
71.4177
71.4177
70.9518
70.9518
70.9518
70.9518
70.9518
70.9518
70.9518
70.9518
70.9518
70.9518
70.9518
70.9518
70.9518
70.9518
70.9518
70.9518
70.9518
70.9518
70.9518
70.9518
70.9518
70.9518
70.9518
70.9518
70.9518
70.9518
70.9518
70.9518
70.9518
70.9518
70.9518
70.9518
70.9518
70.9518
70.9518
70.9518
70.9518
70.9518
70.9518
70.9518
70.9518
70.9518
70.9518
70.9518
70.9518
70.9518
70.9518
70.9518
70.9518
70.9518
70.9518
70.9518
70.9518
70.9518
70.9518
70.9518
70.9518
70.9518
70.9518
70.9518
70.9518
70.9518
70.9518
70.9518
70.9518
70.9518
70.9518
70.9518
70.9518
70.9518
70.9518
70.9518
70.9518
70.9518
70.9518
70.9518
70.9518
70.9518
70.9518
70.9518
70.9518
70.9518
70.9518
70.9518
70.9518
70.9518
70.9518
70.9518
70.9518
70.9518
70.9518
70.9518
70.9518
70.9518
70.9518
70.9518
70.9518
70.9518
70.9518
70.9518
70.9518
70.9518
70.9518
70.9518
70.9518
70.9518
70.9518
70.9518
70.9518
70.9518
70.9518
70.9518
70.9518
70.9518
70.9518
70.9518
70.9518
70.9518
70.9518
70.9518
70.9518
70.9518
70.9518
70.9518
70.9518
70.9518
70.9518
70.9518
70.9518
70.9518
70.9518
70.9518
70.9518
70.9518
70.9518
70.9518
70.9518
70.9518
70.9518
70.9518
70.9518
70.9518
70.9518
70.9518
70.9518
70.9518
70.9518
70.9518
70.9518
70.9518
70.9518
70.9518
70.9518
70.9518
70.9518
70.9518
70.9518
70.9518
70.9518
70.9518
70.9518
70.9518
70.9518
70.9518
70.9518
70.9518
70.9518
70.9518
70.9518
70.9518
70.9518
70.9518
70.9518
70.9518
70.9518
70.9518
70.9518
70.9518
70.9518
70.9518
70.9518
70.9518
70.9518
70.9518
70.9518
70.9518
70.9518
70.9518
70.9518
70.9518
70.9518
70.9518
70.9518
70.9518
70.9518
70.9518
70.9518
70.9518
70.9518
70.9518
70.9518
70.9518
70.9518
70.9518
70.9518
70.9518
70.9518
70.9518
70.9518
70.9518
70.9518
70.9518
70.9518
70.9518
70.9518
70.9518
70.9518
70.9518
70.9518
70.9518
70.9518
70.9518
70.9518
70.9518
70.9518
70.9518
70.9518
70.9518
70.9518
70.9518
70.9518
70.9518
70.9518
70.9518
70.9518
70.9518
70.9518
70.9518
70.9518
70.9518
70.9518
70.9518
70.9518
70.9518
70.9518
70.9518
70.9518
70.9518
70.9518
70.9518
70.9518
70.9518
70.9518
70.9518
70.9518
70.9518
70.9518
70.9518
70.9518
70.9518
70.9518
70.9518
70.9518
70.9518
70.9518
70.9518
70.9518
70.9518
70.9518
70.9518
70.9518
70.9518
70.9518
70.9518
70.9518
70.9518
70.9518
70.9518
70.9518
70.9518
70.9518
70.9518
70.9518
70.9518
70.9518
70.9518
70.9518
70.9518
70.9518
70.9518
70.9518
70.9518
70.9518
70.9518
70.9518
70.9518
70.9518
70.9518
70.9518
70.9518
70.9518
70.9518
70.9518
70.8803
70.8803
70.8803
70.7647
70.7647
70.7647
70.7647
70.7647
70.7647
70.7647
70.7647
70.7647
70.7647
70.7647
70.7647
70.7647
70.7647
70.7647
70.7647
70.7647
70.7647
70.7647
70.7647
70.7647
70.7647
70.7647
70.7647
70.7647
70.7647
70.7647
70.7647
70.7647
70.7647
70.4132
70.4132
70.4132
70.4132
70.4132
70.4132
70.4132
70.4132
70.4132
70.4132
70.4132
70.4132
70.4132
70.4132
70.4132
70.4132
70.4132
70.4132
70.4132
70.4132
70.4132
70.4132
70.4132
70.4132
70.4132
70.4132
70.4132
70.4132
70.4132
70.4132
70.4132
70.4132
70.4132
70.4132
70.4132
70.4132
70.4132
70.4132
70.4132
70.4132
70.4132
70.4132
70.4132
70.4132
70.4132
70.4132
70.4132
70.4132
70.4132
70.4132
70.4132
70.4132
70.4132
70.4132
70.4132
70.4132
70.4132
70.4132
70.4132
70.4132
70.4132
70.4132
70.4132
70.4132
70.4132
70.4132
70.4132
70.4132
70.4132
70.4132
70.4132
70.4132
70.4132
70.4132
70.4132
70.4132
70.4132
70.4132
70.4132
70.4132
70.4132
70.4132
70.4132
70.4132
70.4132
70.4132
70.4132
70.4132
70.4132
70.4132
70.4132
70.4132
70.4132
70.4132
70.4132
70.4132
70.4132
70.4132
70.4132
70.4132
70.4132
70.4132
70.4132
70.4132
70.4132
70.4132
70.4132
70.4132
70.4132
70.4132
70.4132
70.4132
70.4132
70.4132
70.4132
70.4132
70.4132
70.4132
70.4132
70.4132
70.4132
70.4132
70.4132
70.4132
70.4132
70.4132
70.4132
70.4132
70.4132
70.4132
70.4132
70.4132
70.4132
70.4132
70.4132
70.4132
70.4132
70.4132
70.4132
70.4132
70.4132
70.4132
70.4132
70.4132
70.4132
70.4132
70.4132
70.4132
70.4132
70.4132
70.4132
70.4132
70.4132
70.4132
70.4132
70.4132
70.4132
70.4132
70.4132
70.4132
70.4132
70.4132
70.4132
70.4132
70.4132
70.4132
70.4132
70.4132
70.4132
70.4132
70.4132
70.4132
70.4132
70.4132
70.4132
70.4132
70.4132
70.4132
70.4132
70.4132
70.4132
70.4132
70.4132
70.4132
70.4132
70.4132
70.4132
70.4132
70.4132
70.4132
70.4132
70.4132
70.4132
70.4132
70.4132
70.4132
70.4132
70.4132
70.4132
70.4132
70.4132
70.4132
70.4132
70.4132
70.4132
70.4132
70.4132
70.4132
70.4132
70.4132
70.4132
70.4132
70.4132
70.4132
70.4132
70.4132
70.4132
70.4132
67.2306
67.2306
67.2306
67.2306
67.2306
67.2306
67.2306
67.2306
67.2306
67.2306
67.2306
67.2306
67.2306
67.2306
67.2306
67.2306
67.2306
67.2306
67.2306
67.2306
67.2306
67.2306
67.2306
67.098
67.098
67.098
67.098
67.098
67.098
67.098
67.098
67.098
67.098
67.098
67.098
67.098
67.098
67.098
67.098
67.098
67.098
67.098
67.098
67.098
67.098
67.098
67.098
67.098
67.098
67.098
67.098
67.098
67.098
67.098
67.098
67.098
67.098
67.098
67.098
67.098
67.098
67.098
67.098
67.098
67.098
67.098
67.098
67.098
67.098
67.098
67.098
67.098
67.098
67.098
67.098
67.098
67.098
67.098
67.098
67.098
67.098
67.098
67.098
67.098
67.098
67.098
67.098
67.098
67.098
67.098
67.098
67.098
67.098
67.098
67.098
67.098
67.098
67.098
67.098
67.098
67.098
67.098
67.098
67.098
67.098
67.098
67.098
67.098
67.098
67.098
67.098
67.098
67.098
67.098
67.098
67.098
67.098
67.098
67.098
67.098
67.098
67.098
67.098
67.098
67.098
67.098
67.098
67.098
67.098
67.098
67.098
67.098
67.098
67.098
67.098
67.098
67.098
67.098
67.098
67.098
67.098
67.098
67.098
67.098
67.098
67.098
67.098
67.098
67.098
67.098
67.098
67.098
67.098
67.098
67.098
67.098
67.098
67.098
67.098
67.098
67.098
67.098
67.098
67.098
67.098
67.098
67.098
67.098
67.098
67.098
67.098
67.098
67.098
67.098
67.098
67.098
67.098
67.098
67.098
67.098
67.098
67.098
67.098
67.098
67.098
67.098
67.098
67.098
67.098
67.098
67.098
67.098
67.098
67.098
67.098
67.098
67.098
67.098
67.098
67.098
67.098
67.098
67.098
67.098
67.098
67.098
67.098
67.098
67.098
67.098
67.098
67.098
67.098
67.098
67.098
67.098
67.098
67.098
67.098
67.098
67.098
67.098
67.098
67.098
67.098
67.098
67.098
67.098
67.098
67.098
67.098
67.098
67.098
67.098
67.098
67.098
67.098
67.098
67.098
67.098
67.098
67.098
67.098
67.098
67.098
67.098
67.098
67.098
67.098
67.098
67.098
67.098
67.098
67.098
67.098
67.098
67.098
67.098
67.098
67.098
67.098
67.098
67.098
67.098
67.098
67.098
67.098
67.098
67.098
67.098
67.098
67.098
67.098
67.098
67.098
67.098
67.098
67.098
67.098
67.098
67.098
67.098
67.098
67.098
67.098
67.098
67.098
67.098
67.098
67.098
67.098
67.098
67.098
67.098
67.098
67.098
67.098
67.098
67.098
67.098
67.098
67.098
67.098
67.098
67.098
67.098
67.098
67.098
67.098
67.098
67.098
67.098
67.098
67.098
67.098
67.098
67.098
67.098
67.098
67.098
67.098
67.098
67.098
67.098
67.098
67.098
67.098
67.098
67.098
67.098
67.098
67.098
67.098
67.098
67.098
67.098
67.098
67.098
67.098
67.098
67.098
67.098
67.098
67.098
67.098
67.098
67.098
67.098
67.098
67.098
67.098
67.098
67.098
67.098
67.098
67.098
67.098
67.098
67.098
67.098
67.098
67.098
67.098
67.098
67.098
67.098
67.098
66.7813
66.7813
66.7813
66.7813
66.7813
66.7813
66.7813
66.7813
66.7813
66.7813
66.7813
66.7813
66.7813
66.7813
66.7813
66.7813
66.7813
66.7813
66.7813
66.7813
66.7813
66.7813
66.7813
66.7813
66.7813
66.7813
66.7813
66.7813
66.7813
66.3714
66.3714
66.3714
66.3714
66.3714
66.3714
66.3714
66.3714
66.3714
66.3714
66.3714
66.3714
66.3714
66.3714
66.3714
66.3714
66.3714
66.3714
66.3714
66.3714
66.3714
66.3714
66.3714
66.3714
66.3714
66.3714
66.3714
66.3714
66.3714
66.3714
66.3714
66.3714
66.3714
66.3714
66.3714
66.3714
66.3714
66.3714
66.3714
66.3714
66.3714
66.3714
66.3714
66.3714
66.3714
66.3714
66.3714
66.3714
66.3714
66.3714
66.3714
66.3714
66.3714
66.3714
66.3714
66.3714
66.3714
66.3714
66.3714
66.3714
66.3714
66.3714
66.3714
66.3714
66.3714
66.3714
66.3714
66.3714
66.3714
66.3714
66.3714
66.3714
66.3714
66.3714
66.3714
66.3714
66.3714
66.3714
66.3714
66.3714
66.3714
66.3714
66.3714
66.3714
66.3714
66.3714
66.3714
66.3714
66.3714
66.3714
66.3714
66.3714
66.3714
66.3714
66.3714
66.3714
66.3714
66.3714
66.3714
66.3714
66.3714
66.3714
66.3714
66.3714
66.3714
66.3714
66.3714
66.3714
66.3714
66.3714
66.3714
66.3714
66.3714
66.3714
66.3714
66.3714
66.3714
66.3714
66.3714
66.3714
66.3714
66.3714
66.3714
66.3714
66.3714
66.3714
66.3714
66.3714
66.3714
66.3714
66.3714
66.3714
66.3714
66.3714
66.3714
66.3714
66.3714
66.3714
66.3714
66.3714
66.3714
66.3714
66.3714
66.3714
66.3714
66.3714
66.3714
66.3714
66.3714
66.3714
66.3714
66.3714
66.3714
66.3714
66.3714
66.3714
66.3714
66.3714
66.3714
66.3714
66.3714
66.3714
66.3714
66.3714
66.3714
66.3714
66.3714
66.3714
66.3714
66.3714
66.3714
66.3714
66.3714
66.3714
66.3714
66.3714
66.3714
66.3714
66.3714
66.3714
66.3714
66.3714
66.3714
66.3714
66.3714
66.3714
66.3714
66.3714
66.3714
66.3714
66.3714
66.3714
66.3714
66.3714
66.3714
66.3714
66.3714
66.3714
66.3714
66.3714
66.3714
66.3714
66.3714
66.3714
66.3714
66.3714
66.3714
66.3714
66.3714
66.3714
66.3714
66.3714
66.3714
66.3714
66.3714
66.3714
66.3714
66.3714
66.3714
66.3714
66.3714
66.3714
66.3714
66.3714
66.3714
66.3714
66.3714
66.3714
66.3714
66.3714
66.3714
66.3714
66.3714
66.3714
66.3714
66.3714
66.3714
66.3714
66.3714
66.3714
66.3714
66.3714
66.3714
66.3714
66.3714
66.3714
66.3714
66.3714
66.3714
66.3714
66.3714
66.3714
66.3714
66.3714
66.3714
66.3714
66.3714
66.3714
66.3714
66.3714
66.3714
66.3714
66.3714
66.3714
66.3714
66.3714
66.3714
66.3714
66.3714
66.3714
66.3714
66.3714
66.3714
66.3714
66.3714
66.3714
66.3714
66.3714
66.3714
66.3714
66.3714
66.3714
66.3714
66.3714
66.3714
66.3714
66.3714
66.3714
66.3714
66.3714
66.3714
66.3714
66.3714
66.3714
66.3714
66.3714
66.3714
66.3714
66.3714
66.3714
66.3714
66.3714
66.3714
66.3714
66.3714
66.3714
66.3714
66.3714
66.3714
66.3714
66.3714
66.3714
66.3714
66.3714
66.3714
66.3714
66.3714
66.3714
66.3714
66.3566
66.3566
66.3566
66.3566
66.3566
66.3566
66.3566
66.3566
66.3566
66.3566
66.3566
66.3566
66.3566
66.3566
66.3566
66.3566
66.3566
66.3566
66.3566
66.3566
66.3566
66.3566
66.3566
66.3566
66.3566
66.3566
66.3566
66.3566
66.3566
66.3566
66.3566
66.3566
66.3566
66.3566
66.3566
66.3566
66.3566
66.3566
66.3566
66.3566
66.3566
66.3566
66.3566
66.3566
66.3566
66.3566
66.3566
66.3566
66.3566
66.3566
66.3566
66.3566
66.3566
66.3566
66.3566
66.3566
66.3566
66.3566
66.3566
66.3566
66.3566
66.3566
66.3566
66.3566
66.3566
66.3566
66.3566
66.3566
66.3566
66.3566
66.3566
66.3566
66.3566
66.3566
66.3566
66.3566
66.3566
66.3566
66.3566
66.3566
66.3566
66.3566
66.3566
66.3566
66.3566
66.3566
66.3566
66.3566
66.3566
66.3566
66.3566
66.3566
66.3566
66.3566
66.3566
66.3566
66.3566
66.3566
66.3566
66.3566
66.3566
66.3566
66.3566
66.3566
66.3566
66.3566
66.3566
66.3566
66.3566
66.3566
66.3566
66.3566
66.3566
66.3566
66.3566
66.3566
66.3566
66.3566
66.3566
66.3566
66.3566
66.3566
66.3566
66.3566
66.3566
66.3566
66.3566
66.3566
66.3566
66.3566
66.3566
66.3566
66.3566
66.3566
66.3566
66.3566
66.3566
66.3566
66.3566
66.3566
66.3566
66.3566
66.3566
66.3566
66.3566
66.3566
66.3566
66.3566
66.3566
66.3566
66.3566
66.3566
66.3566
66.3566
66.3566
66.3566
66.3566
66.3566
66.3566
66.3566
66.3566
66.3566
66.3566
66.3566
66.3566
66.3566
66.3566
66.3566
66.3566
66.3566
66.3566
66.3566
66.3566
66.3566
66.3566
66.3566
66.3566
66.3566
66.3566
66.3566
66.3566
66.3566
66.3566
66.3566
66.3566
66.3566
66.3566
66.3566
66.3566
66.3566
66.3566
66.3566
66.3566
66.3566
66.3566
66.3566
66.3566
66.3566
66.3566
66.3566
66.3566
66.3566
66.3566
66.3566
66.3566
66.3566
66.3566
66.3566
66.3566
66.3566
66.3566
66.3566
66.3566
66.3566
66.3566
66.3566
66.3566
66.3566
66.3566
66.3566
66.3566
66.3566
66.3566
66.3566
66.3566
66.3566
66.3566
66.3566
66.3566
66.3566
66.3566
66.3566
66.3566
66.3566
66.3566
66.3566
66.3566
66.3566
66.3566
66.3566
66.3566
66.3566
66.3566
66.3566
66.3566
66.3566
66.3566
66.3566
66.3566
66.3566
66.3566
66.3566
66.3566
66.3566
66.3566
66.3566
66.3566
66.3566
66.3566
66.3566
66.3566
66.3566
66.3566
66.3566
66.3566
66.3566
66.3566
66.3566
66.3566
66.3566
66.3566
66.3566
66.3566
66.3566
66.3566
66.3566
66.3566
66.3566
66.3566
66.3566
66.3566
66.3566
66.3566
66.3566
66.3566
65.998
65.998
65.998
65.998
65.998
65.998
65.998
65.998
65.998
65.998
65.998
65.998
65.998
65.998
65.998
65.998
65.998
65.998
65.998
65.998
65.998
65.998
65.998
65.998
65.998
65.998
65.998
65.998
65.998
65.998
65.998
65.998
65.998
65.998
65.998
65.998
65.998
65.998
65.998
65.998
65.998
65.998
65.998
65.998
65.998
65.998
65.998
65.998
65.998
65.998
65.998
65.998
65.998
65.998
65.998
65.998
65.998
65.998
65.998
65.998
65.998
65.998
65.998
65.998
65.998
65.998
65.998
65.998
65.998
65.998
65.998
65.998
65.998
65.998
65.998
65.998
65.998
65.998
65.998
65.998
65.998
65.998
65.998
65.998
65.998
65.998
65.998
65.998
65.998
65.998
65.998
65.998
65.998
65.998
65.998
65.998
65.998
65.998
65.998
65.998
65.998
65.998
65.998
65.998
65.998
65.998
65.998
65.998
65.998
65.998
65.998
65.998
65.998
65.998
65.998
65.998
65.998
65.998
65.998
65.998
65.998
65.998
65.998
65.998
65.998
65.998
65.998
65.998
65.998
65.998
65.998
65.998
65.998
65.998
65.998
65.998
65.998
65.998
65.998
65.998
65.998
65.998
65.998
65.998
65.998
65.998
65.998
65.998
65.998
65.998
65.998
65.998
65.998
65.998
65.998
65.998
65.998
65.998
65.998
65.998
65.998
65.998
65.998
65.998
65.998
65.998
65.998
65.998
65.998
65.998
65.998
65.998
65.998
65.998
65.998
65.998
65.998
65.998
65.998
65.998
65.998
65.998
65.998
65.998
65.998
65.998
65.998
65.998
65.998
65.998
65.998
65.998
65.998
65.998
65.998
65.998
65.998
65.998
65.998
65.998
65.998
65.998
65.998
65.998
65.998
65.998
65.998
65.998
65.998
65.998
65.998
65.998
65.998
65.998
65.998
65.998
65.998
65.998
65.998
65.998
65.998
65.998
65.998
65.998
65.998
65.998
65.998
65.998
65.998
65.998
65.998
65.998
65.998
65.998
65.998
65.998
65.998
65.998
65.998
65.998
65.998
65.998
65.998
65.998
65.998
65.998
65.998
65.998
65.998
65.998
65.998
65.998
65.998
65.998
65.998
65.998
65.998
65.998
65.998
65.998
65.998
65.998
65.998
65.998
65.998
65.998
65.998
65.998
65.998
65.998
65.998
65.998
65.998
65.998
65.998
65.998
65.998
65.998
65.998
65.998
65.998
65.998
65.998
65.998
65.998
65.998
65.998
65.998
65.998
65.998
65.998
65.998
65.998
65.998
65.998
65.998
65.998
65.998
65.998
65.998
65.998
65.998
65.998
65.998
65.998
65.998
65.998
65.998
65.998
65.998
65.998
65.998
65.998
65.998
65.998
65.998
65.998
65.998
65.998
65.998
65.998
65.998
65.998
65.998
65.998
65.998
65.998
65.998
65.998
65.998
65.998
65.998
65.998
65.998
65.998
65.998
65.998
65.998
65.998
65.998
65.998
65.998
65.998
65.998
65.998
65.998
65.998
65.998
65.998
65.998
65.998
65.998
65.998
65.998
65.998
65.998
65.998
65.998
65.998
65.998
65.998
65.998
65.998
65.998
65.998
65.998
65.998
65.998
65.5686
65.5686
65.5686
65.5686
65.5686
65.3287
65.3287
65.3287
65.3287
65.3287
65.3287
65.3287
65.3287
65.3287
65.3287
65.3287
65.3287
65.3287
65.3287
65.3287
65.3287
65.3287
65.3287
65.3287
65.3287
65.3287
65.3287
65.3287
65.3287
65.3287
65.3287
65.3287
65.3287
65.3287
65.3287
65.3287
65.3287
65.3287
65.3287
65.3287
65.3287
65.3287
65.3287
65.3287
65.3287
65.3287
65.3287
65.3287
65.3287
65.3287
65.3287
65.3287
65.3287
65.3287
65.3287
65.3287
65.3287
65.3287
65.3287
65.3287
65.3287
65.3287
65.3287
65.3287
65.3287
65.3287
65.3287
65.3287
65.3287
65.3287
65.3287
65.3287
65.3287
65.3287
65.3287
65.3287
65.3287
65.3287
65.3287
65.3287
65.3287
65.3287
65.3287
65.3287
65.3287
65.3287
65.3287
65.3287
65.3287
65.3287
65.3287
65.3287
65.3287
65.3287
65.3287
65.3287
65.3287
65.3287
65.3287
65.3287
65.3287
65.3287
65.3287
65.3287
65.3287
65.3287
65.3287
65.3287
65.3287
65.3287
65.3287
65.3287
65.3287
65.3287
65.3287
65.3287
65.3287
65.3287
65.3287
65.3287
65.3287
65.3287
65.3287
65.3287
65.3287
65.3287
65.3287
65.3287
65.3287
65.3287
65.3287
65.3287
65.3287
65.3287
65.3287
65.3287
65.3287
65.3287
65.3287
65.3287
65.3287
65.3287
65.3287
65.3287
65.3287
65.3287
65.3287
65.3287
65.3287
65.3287
65.3287
65.3287
65.3287
65.3287
65.3287
65.3287
65.3287
65.3287
65.3287
65.3287
65.3287
65.3287
65.3287
65.3287
65.3287
65.3287
65.3287
65.3287
65.3287
65.3287
65.3287
65.3287
65.3287
65.3287
65.3287
65.3287
65.3287
65.3287
65.3287
65.3287
65.3287
65.3287
65.3287
65.3287
65.3287
65.3287
65.3287
65.3287
65.3287
65.3287
65.3287
65.3287
65.3287
65.3287
65.3287
65.3287
65.3287
65.3287
65.3287
65.3287
65.3287
65.3287
65.3287
65.3287
65.3287
65.3287
65.3287
65.3287
65.3287
65.3287
65.3287
65.3287
65.3287
65.3287
65.3287
65.3287
65.3287
65.3287
65.3287
65.3287
65.3287
65.3287
65.3287
65.3287
65.3287
65.3287
65.3287
65.3287
65.3287
65.3287
65.3287
65.3287
65.3287
65.3287
65.3287
65.3287
65.3287
65.3287
65.3287
65.3287
65.3287
65.3287
65.3287
65.3287
65.3287
65.3287
65.3287
65.3287
65.3287
65.3287
65.3287
65.3287
65.3287
65.3287
65.3287
65.3287
65.3287
65.3287
65.3287
65.3287
65.3287
65.3287
65.3287
65.3287
65.3287
65.3287
65.3287
65.3287
65.3287
65.3287
65.3287
65.3287
65.3287
65.3287
65.3287
65.3287
65.3287
65.3287
65.3287
65.3287
65.3287
65.3287
65.3287
65.3287
65.3287
65.3287
65.3287
65.3287
65.3287
65.3287
65.3287
65.3287
65.3287
65.3287
65.3287
65.3287
65.3287
65.3287
65.3287
65.3287
65.3287
65.3287
65.3287
65.3287
65.3287
65.3287
65.3287
65.3287
65.3287
65.3287
65.3287
65.3287
65.3287
65.3287
65.3287
65.3287
65.3287
65.3287
65.3287
65.3287
65.3287
65.3287
65.3287
65.3287
65.3287
65.3287
65.3287
65.3287
65.3287
65.3287
65.3287
65.3287
65.3287
65.3287
65.3287
65.3287
65.3287
65.3287
65.3287
65.3287
65.3287
65.3287
65.3287
65.3287
65.3287
65.3287
65.3287
65.3287
65.3287
65.3287
65.3287
65.3287
65.3287
65.3287
65.3287
65.3287
65.3287
65.3287
65.3287
65.3287
65.3287
65.3287
65.3287
65.3287
65.3287
65.3287
65.3287
65.3287
65.3287
65.3287
65.3287
65.3287
65.3287
65.3287
65.3287
65.3287
65.3287
65.3287
65.3287
65.3287
65.3287
65.3287
65.3287
65.3287
65.3287
65.3287
65.3287
65.3287
65.3287
65.3287
65.3287
65.3287
65.3287
65.3287
65.3287
65.3287
65.3287
65.3287
65.3287
65.3287
65.3287
65.3287
65.3287
65.3287
65.3287
65.3287
65.3287
65.3287
65.3287
65.3287
65.3287
65.3287
65.3287
65.3287
65.3287
65.3287
65.3287
65.3287
65.3287
65.3287
65.3287
65.3287
65.3287
65.3287
65.3287
65.3287
65.3287
65.3287
65.3287
65.3287
65.3287
65.3287
65.3287
65.3287
65.3287
65.3287
65.3287
65.3287
65.3287
65.3287
65.3287
65.3287
65.3287
65.3287
65.3287
65.3287
65.3287
65.3287
65.3287
65.3287
65.3287
65.3287
65.3287
65.3287
65.3287
65.3287
65.3287
65.3287
65.3287
65.3287
65.3287
65.3287
65.3287
65.3287
65.3287
65.3287
65.3287
65.3287
65.3287
65.3287
65.3287
65.3287
65.3287
65.3287
65.3287
65.3287
65.3287
65.3287
65.3287
65.3287
65.3287
65.3287
65.3287
65.3287
65.3287
65.3287
65.3287
65.3287
65.3287
65.3287
65.3287
65.3287
65.3287
65.3287
65.3287
65.3287
65.3287
65.3287
65.3287
65.3287
65.3287
65.3287
65.3287
65.3287
65.3287
65.3287
65.3287
65.3287
65.3287
65.3287
65.3287
65.3287
65.3287
65.3287
65.3287
65.3287
65.3287
65.3287
65.3287
65.3287
65.3287
65.3287
65.3287
65.3287
65.3287
65.3287
65.3287
65.3287
65.3287
65.3287
65.3287
65.3287
65.3287
65.3287
65.3287
65.3287
65.3287
65.3287
65.3287
65.3287
65.3287
65.3287
65.3287
65.3287
65.3287
65.3287
65.3287
65.3287
65.3287
65.3287
65.3287
65.3287
65.3287
65.3287
65.3287
65.3287
65.3287
65.3287
65.3287
65.3287
65.3287
65.3287
65.3287
65.3287
65.3287
65.3287
65.3287
65.3287
65.3287
65.3287
65.3287
65.3287
65.3287
65.3287
65.3287
65.3287
65.3287
65.3287
65.3287
65.3287
65.3287
65.3287
65.3287
65.3287
65.3287
65.3287
65.3287
65.3287
65.3287
65.3287
65.3287
65.3287
65.3287
65.3287
65.3287
65.3287
65.3287
65.3287
65.3287
65.3287
65.3287
65.3287
65.3287
65.3287
65.3287
65.3287
65.3287
65.3287
65.3287
65.3287
65.3287
65.3287
65.3287
65.3287
65.3287
65.3287
65.3287
65.3287
65.3287
65.3287
65.3287
65.3287
65.3287
65.3287
65.3287
65.3287
65.3287
65.3287
65.3287
65.3287
65.3287
65.3287
65.3287
65.3287
65.3287
65.3287
65.3287
65.3287
65.3287
65.3287
65.3287
65.3287
65.3287
65.3287
65.3287
65.3287
65.3287
65.3287
65.3287
65.3287
65.3287
65.3287
65.3287
65.3287
65.3287
65.3287
65.3287
65.3287
65.3287
65.3287
65.3287
65.3287
65.3287
65.3287
65.3287
65.3287
65.3287
65.3287
65.3287
65.3287
65.3287
65.3287
65.3287
65.3287
65.3287
65.3287
65.3287
65.3287
65.3287
65.3287
65.3287
65.3287
65.3287
65.3287
65.3287
65.3287
65.3287
65.3287
65.3287
65.3287
65.3287
65.3287
65.3287
65.3287
65.3287
65.3287
65.3287
65.3287
65.3287
65.3287
65.3287
65.3287
65.3287
65.3287
65.3287
65.3287
65.3287
65.3287
65.3287
65.3287
65.3287
65.3287
65.3287
65.3287
65.3287
65.3287
65.3287
65.3287
65.3287
65.3287
65.3287
65.3287
65.3287
65.3287
65.3287
65.3287
65.3287
65.3287
65.3287
65.3287
65.3287
65.3287
65.3287
65.3287
65.3287
65.3287
65.3287
65.3287
65.3287
65.3287
65.3287
65.3287
65.3287
65.3287
65.3287
65.3287
65.3287
65.3287
65.3287
65.3287
65.3287
65.3287
65.3287
65.3287
65.3287
65.3287
65.3287
65.3287
65.3287
65.3287
65.3287
65.3287
65.3287
65.3287
65.3287
65.3287
65.3287
65.3287
65.3287
65.3287
65.3287
65.3287
65.3287
65.3287
65.3287
65.3287
65.3287
65.3287
65.3287
65.3287
65.3287
65.3287
65.3287
65.3287
65.3287
65.3287
65.3287
65.3287
65.3287
65.3287
65.3287
65.3287
65.3287
65.3287
65.3287
65.3287
65.3287
65.3287
65.3287
65.3287
65.3287
65.3287
65.3287
65.3287
65.3287
65.3287
65.3287
65.3287
65.3287
65.3287
65.3287
65.3287
65.3287
65.3287
65.3287
65.3287
65.3287
65.3287
65.3287
65.3287
65.3287
65.3287
65.3287
65.3287
65.3287
65.3287
65.3287
65.3287
65.3287
65.3287
65.3287
65.3287
65.3287
65.3287
65.3287
65.3287
65.3287
65.3287
65.3287
65.3287
65.3287
65.3287
65.3287
65.3287
65.3287
65.3287
65.3287
65.3287
65.3287
65.3287
65.3287
65.3287
65.3287
65.3287
65.3287
65.3287
65.3287
65.3287
65.3287
65.3287
65.3287
65.3287
65.3287
65.3287
65.3287
65.3287
65.3287
65.3287
65.3287
65.3287
65.3287
65.3287
65.3287
65.3287
65.3287
65.3287
65.3287
65.3287
65.3287
65.3287
65.3287
65.3287
65.3287
65.3287
65.3287
65.3287
65.3287
65.3287
65.3287
65.3287
65.3287
65.3287
65.3287
65.3287
65.3287
65.3287
65.3287
65.3287
65.3287
65.3287
65.3287
65.3287
65.3287
65.3287
65.3287
65.3287
65.3287
65.3287
65.3287
65.3287
65.3287
65.3287
65.3287
65.3287
65.3287
65.3287
65.3287
65.3287
65.3287
65.3287
65.3287
65.3287
65.3287
65.3287
65.3287
65.3287
65.3287
65.3287
65.3287
65.3287
65.3287
65.3287
65.3287
65.3287
65.3287
65.3287
65.3287
65.3287
65.3287
65.3287
65.3287
65.3287
65.3287
65.3287
65.3287
65.3287
65.3287
65.3287
65.3287
65.3287
65.3287
65.3287
65.3287
65.3287
65.3287
65.3287
65.3287
65.3287
65.3287
65.3287
65.3287
65.3287
65.3287
65.3287
65.3287
65.3287
65.3287
65.3287
65.3287
65.3287
65.3287
65.3287
65.3287
65.3287
65.3287
65.3287
65.3287
65.3287
65.3287
65.3287
65.3287
65.3287
65.3287
65.3287
65.3287
65.3287
65.3287
65.3287
65.3287
65.3287
65.3287
65.3287
65.3287
65.3287
65.3287
65.3287
65.3287
65.3287
65.3287
65.3287
65.3287
65.3287
65.3287
65.3287
65.3287
65.3287
65.3287
65.3287
65.3287
65.3287
65.3287
65.3287
65.3287
65.3287
65.3287
65.3287
65.3287
65.3287
65.3287
65.3287
65.3287
65.3287
65.3287
65.3287
65.3287
65.3287
65.3287
65.3287
65.3287
65.3287
65.3287
65.3287
65.3287
65.3287
65.3287
65.3287
65.3287
65.3287
65.3287
65.3287
65.3287
65.3287
65.3287
65.3287
65.3287
65.3287
65.3287
65.3287
65.3287
65.3287
65.3287
65.3287
65.3287
65.3287
65.3287
65.3287
65.3287
65.3287
65.3287
65.3287
65.3287
65.3287
65.3287
65.3287
65.3287
65.3287
65.3287
65.3287
65.3287
65.3287
65.3287
65.3287
65.3287
65.3287
65.3287
65.3287
65.3287
65.3287
65.3287
65.3287
65.3287
65.3287
65.3287
65.3287
65.3287
65.3287
65.3287
65.3287
65.3287
65.3287
65.3287
65.3287
65.3287
65.3287
65.3287
65.3287
65.3287
65.3287
65.3287
65.3287
65.3287
65.3287
65.3287
65.3287
65.3287
65.3287
65.3287
65.3287
65.3287
65.3287
65.3287
65.3287
65.3287
65.3287
65.3287
65.3287
65.3287
65.3287
65.3287
65.3287
65.3287
65.3287
65.3287
65.3287
65.3287
65.3287
65.3287
65.3287
65.3287
65.3287
65.3287
65.3287
65.3287
65.3287
65.3287
65.3287
65.3287
65.3287
65.3287
65.3287
65.3287
65.3287
65.3287
65.3287
65.3287
65.3287
65.3287
65.3287
65.3287
65.3287
65.3287
65.3287
65.3287
65.3287
65.3287
65.3287
65.3287
65.3287
65.3287
65.3287
65.3287
65.3287
65.3287
65.3287
65.3287
65.3287
65.3287
65.3287
65.3287
65.3287
65.3287
65.3287
65.3287
65.3287
65.3287
65.3287
65.3287
65.3287
65.3287
65.3287
65.3287
65.3287
65.3287
65.3287
65.3287
65.3287
65.3287
65.3287
65.3287
65.3287
65.3287
65.3287
65.3287
65.3287
65.3287
65.3287
65.3287
65.3287
65.3287
65.3287
65.3287
65.3287
65.3287
65.3287
65.3287
65.3287
65.3287
65.3287
65.3287
65.3287
65.3287
65.3287
65.3287
65.3287
65.3287
65.3287
65.3287
65.3287
65.3287
65.3287
65.3287
65.3287
65.3287
65.3287
65.3287
65.3287
65.3287
65.3287
65.3287
65.3287
65.3287
65.3287
65.3287
65.3287
65.3287
65.3287
65.3287
65.3287
65.3287
65.3287
65.3287
65.3287
65.3287
65.3287
65.3287
65.3287
65.3287
65.3287
65.3287
65.3287
65.3287
65.3287
65.3287
65.3287
65.3287
65.3287
65.3287
65.3287
65.3287
65.3287
65.3287
65.3287
65.3287
65.3287
65.3287
65.3287
65.3287
65.3287
65.3287
65.3287
65.3287
65.3287
65.3287
65.3287
65.3287
65.3287
65.3287
65.3287
65.3287
65.3287
65.3287
65.3287
65.3287
65.3287
65.3287
65.3287
65.3287
65.3287
65.3287
65.3287
65.3287
65.3287
65.3287
65.3287
65.3287
65.3287
65.3287
65.3287
65.3287
65.3287
65.3287
65.3287
65.3287
65.3287
65.3287
65.3287
65.3287
65.3287
65.3287
65.3287
65.3287
65.3287
65.3287
65.3287
65.3287
65.3287
65.3287
65.3287
65.3287
65.3287
65.3287
65.3287
65.3287
65.3287
65.3287
65.3287
65.3287
65.3287
65.3287
65.3287
65.3287
65.3287
65.3287
65.3287
65.3287
65.3287
65.3287
65.3287
65.3287
65.3287
65.3287
65.3287
65.3287
65.3287
65.3287
65.3287
65.3287
65.3287
65.3287
65.3287
65.3287
65.3287
65.3287
65.3287
65.3287
65.3287
65.3287
65.3287
65.3287
65.3287
65.3287
65.3287
65.3287
65.3287
65.3287
65.3287
65.3287
65.3287
65.3287
65.3287
65.3287
65.3287
65.3287
65.3287
65.3287
65.3287
65.3287
65.3287
65.3287
65.3287
65.3287
65.3287
65.3287
65.3287
65.3287
65.3287
65.3287
65.3287
65.3287
65.3287
65.3287
65.3287
65.3287
65.3287
65.3287
65.3287
65.3287
65.3287
65.3287
65.3287
65.3287
65.3287
65.3287
65.3287
65.3287
65.3287
65.3287
65.3287
65.3287
65.3287
65.3287
65.3287
65.3287
65.3287
65.3287
65.3287
65.3287
65.3287
65.3287
65.3287
65.3287
65.3287
65.3287
65.3287
65.3287
65.3287
65.3287
65.3287
65.3287
65.3287
65.3287
65.3287
65.3287
65.3287
65.3287
65.3287
65.3287
65.3287
65.3287
65.3287
65.3287
65.3287
65.3287
65.3287
65.3287
65.3287
65.3287
65.3287
65.3287
65.3287
65.3287
65.3287
65.3287
65.3287
65.3287
65.3287
65.3287
65.3287
65.3287
65.3287
65.3287
65.3287
65.3287
65.3287
65.3287
65.3287
65.3287
65.3287
65.3287
65.3287
65.3287
65.3287
65.3287
65.3287
65.3287
65.3287
65.3287
65.3287
65.3287
65.3287
65.3287
65.3287
65.3287
65.3287
65.3287
65.3287
65.3287
65.3287
65.3287
65.3287
65.3287
65.3287
65.3287
65.3287
65.3287
65.3287
65.3287
65.3287
65.3287
65.3287
65.3287
65.3287
65.3287
65.3287
65.3287
65.3287
65.3287
65.3287
65.3287
65.3287
65.3287
65.3287
65.3287
65.3287
65.3287
65.3287
65.3287
65.3287
65.3287
65.3287
65.3287
65.3287
65.3287
65.3287
65.3287
65.3287
65.3287
65.3287
65.3287
65.3287
65.3287
65.3287
65.3287
65.3287
65.3287
65.3287
65.3287
65.3287
65.3287
65.3287
65.3287
65.3287
65.3287
65.3287
65.3287
65.3287
65.3287
65.3287
65.3287
65.3287
65.3287
65.3287
65.3287
65.3287
65.3287
65.3287
65.3287
65.3287
65.3287
65.3287
65.3287
65.3287
65.3287
65.3287
65.3287
65.3287
65.3287
65.3287
65.3287
65.3287
65.3287
65.3287
65.3287
65.3287
65.3287
65.3287
65.3287
65.3287
65.3287
65.3287
65.3287
65.3287
65.3287
65.3287
65.3287
65.3287
65.3287
65.3287
65.3287
65.3287
65.3287
65.3287
65.3287
65.3287
65.3287
65.3287
65.3287
65.3287
65.3287
65.3287
65.3287
65.3287
65.3287
65.3287
65.3287
65.3287
65.3287
65.3287
65.3287
65.3287
65.3287
65.3287
65.3287
65.3287
65.3287
65.3287
65.3287
65.3287
65.3287
65.3287
65.3287
65.3287
65.3287
65.3287
65.3287
65.3287
65.3287
65.3287
65.3287
65.3287
65.3287
65.3287
65.1785
65.1785
65.1785
65.1785
65.1785
65.1785
65.1785
65.1785
65.1785
65.1785
65.1785
65.1785
65.1785
65.1785
65.1785
65.1785
65.1785
65.1785
65.1785
65.1785
65.1785
65.1785
65.1785
65.1785
65.1785
65.1785
65.1785
65.1785
65.1785
65.1785
65.1785
65.1785
65.1785
65.1785
65.1785
65.1785
65.1785
65.1785
65.1785
65.1785
65.1785
65.1785
65.1785
65.1785
65.1785
65.1785
65.1785
65.1785
65.1785
65.1785
65.1785
65.1785
65.1785
65.1785
65.1785
65.1785
65.1785
65.1785
65.1785
65.1785
65.1785
65.1785
65.1785
65.1785
65.1785
65.1785
65.1785
65.1785
65.1785
65.1785
65.1785
65.1785
65.1785
65.1785
65.1785
65.1785
65.1785
65.1785
65.1785
65.1785
65.1785
65.1785
65.1785
65.1785
65.1785
65.1785
65.1785
65.1785
65.1785
65.1785
65.1785
65.1785
65.1785
65.1785
65.1785
65.1785
65.1785
65.1785
65.1785
65.1785
65.1785
65.1785
65.1785
65.1785
65.1785
65.1785
65.1785
65.1785
65.1785
65.1785
65.1785
65.1785
65.1785
65.1785
65.1785
65.1785
65.1785
65.1785
65.1785
65.1785
65.1785
65.1785
65.1785
65.1785
65.1785
65.1785
65.1785
65.1785
65.1785
65.1785
65.1785
65.1785
65.1785
65.1785
65.1785
65.1785
65.1785
65.1785
65.1785
65.1785
65.1785
65.1785
65.1785
65.1785
65.1785
65.1785
65.1785
65.1785
65.1785
65.1785
65.1785
65.1785
65.1785
65.1785
65.1785
65.1785
65.1785
65.1785
65.1785
65.1785
65.1785
65.1785
65.1785
65.1785
65.1785
65.1785
65.1785
65.1785
65.1785
65.1785
65.1785
65.1785
65.1785
65.1785
65.1785
65.1785
65.1785
65.1785
65.1785
65.1785
65.1785
65.1785
65.1785
65.1785
65.1785
65.1785
65.1785
65.1785
65.1785
65.1785
65.1785
65.1785
65.1785
65.1785
65.1785
65.1785
65.1785
65.1785
65.1785
65.1785
65.1785
65.1785
65.1785
65.1785
65.1785
65.1785
65.1785
65.1785
65.1785
65.1785
65.1785
65.1785
65.1785
65.1785
65.1785
65.1785
65.1785
65.1785
65.1785
65.1785
65.1785
65.1785
65.1785
65.1785
65.1785
65.1785
65.1785
65.1785
65.1785
65.1785
65.1785
65.1785
65.1785
65.1785
65.1785
65.1785
65.1785
65.1785
65.1785
65.1785
65.1785
65.1785
65.1785
65.1785
65.1785
65.1785
65.1785
65.1785
65.1785
65.1785
65.1785
65.1785
65.1785
65.1785
65.1785
65.1785
65.1785
65.1785
65.1785
65.1785
65.1785
65.1785
65.1785
65.1785
65.1785
65.1785
65.1785
65.1785
65.1785
65.1785
65.1785
65.1785
65.1785
65.1785
65.1785
65.1785
65.1785
65.1785
65.1785
65.1785
65.1785
65.1785
65.1785
65.1785
65.1785
65.1785
65.1785
65.1785
65.1785
65.1785
65.1785
65.1785
65.1785
65.1785
65.1785
65.1785
65.1785
65.1785
65.1785
65.1785
65.1785
65.1785
65.1785
65.1785
65.1785
65.1785
65.1785
65.1785
65.1785
65.1785
65.1785
65.1785
65.1785
65.1785
65.1785
65.1785
65.1785
65.1785
65.1785
65.1785
65.1785
65.1785
65.1785
65.1785
65.1785
65.1785
65.1785
65.1785
65.1785
65.1785
65.1785
65.1785
65.1785
65.1785
65.1785
65.1785
65.1785
65.1785
65.1785
65.1785
65.1785
65.1785
65.1785
65.1785
65.1785
65.1785
65.1785
65.1785
65.1785
65.1785
65.1785
65.1785
65.1785
65.1785
65.1785
65.1785
65.1785
65.1785
65.1785
65.1785
65.1785
65.1785
65.1785
65.1785
65.1785
65.1785
65.1785
65.1785
65.1785
65.1785
65.1785
65.1785
65.1785
65.1785
65.1785
65.1785
65.1785
65.1785
65.1785
65.1785
65.1785
65.1785
65.1785
65.1785
65.1785
65.1785
65.1785
65.1785
65.1785
65.1785
65.1785
65.1785
65.1785
65.1785
65.1785
65.1785
65.1785
65.1785
65.1785
65.1785
65.1785
65.1785
65.1785
65.1785
65.1785
65.1785
65.1785
65.1785
65.1785
65.1785
65.1785
65.1785
65.1785
65.1785
65.1785
65.1785
65.1785
65.1785
65.1785
65.1785
65.1785
65.1785
65.1785
65.1785
65.1785
65.1785
65.1785
65.1785
65.1785
65.1785
65.1785
65.1785
65.1785
65.1785
65.1785
65.1785
65.1785
65.1785
65.1785
65.1785
65.1785
65.1785
65.1785
65.1785
65.1785
65.1785
65.1785
65.1785
65.1785
65.1785
65.1785
65.1785
65.1785
65.1785
65.1785
65.1785
65.1785
65.1785
65.1785
65.1785
65.1785
65.1785
65.1785
65.1785
65.1785
65.1785
65.1785
65.1785
65.1785
65.1785
65.1785
65.1785
65.1785
65.1785
65.1785
65.1785
65.1785
65.1785
65.1785
65.1785
65.1785
65.1785
65.1785
65.1785
65.1785
65.1785
65.1785
65.1785
65.1785
65.1785
65.1785
65.1785
65.1785
65.1785
65.1785
65.1785
65.1785
65.1785
65.1785
65.1785
65.1785
65.1785
65.1785
65.1785
65.1785
65.1785
65.1785
65.1785
65.1785
65.1785
65.1785
65.1785
65.1785
65.1785
65.1785
65.1785
65.1785
65.1785
65.1785
65.1785
65.1785
65.1785
65.1785
65.1785
65.1785
65.1785
65.1785
65.1785
65.1785
65.1785
65.1785
65.1785
65.1785
65.1785
65.1785
65.1785
65.1785
65.1785
65.1785
65.1785
65.1785
65.1785
65.1785
65.1785
65.1785
65.1785
65.1785
65.1785
65.1785
65.1785
65.1785
65.1785
65.1785
65.1785
65.1785
65.1785
65.1785
65.1785
65.1785
65.1785
65.1785
65.1785
65.1785
65.1785
65.1785
65.1785
65.1785
65.1785
65.1785
65.1785
65.1785
65.1785
65.1785
65.1785
65.1785
65.1785
65.1785
65.1785
65.1785
65.1785
65.1785
65.1785
65.1785
65.1785
65.1785
65.1785
65.1785
65.1785
65.1785
65.1785
65.1785
65.1785
65.1785
65.1785
65.1785
65.1785
65.1785
65.1785
65.1785
65.1785
65.1785
65.1785
65.1785
65.1785
65.1785
65.1785
65.1785
65.1785
65.1785
65.1785
65.1785
65.1785
65.1785
65.1785
65.1785
65.1785
65.1785
65.1785
65.1785
65.1785
65.1785
65.1785
65.1785
65.1785
65.1785
65.1785
65.1785
65.1785
65.1785
65.1785
65.1785
65.1785
65.1785
65.1785
65.1785
65.1785
65.1785
65.1785
65.1785
65.1785
65.1785
65.1785
65.1785
65.1785
65.1785
65.1785
65.1785
65.1785
65.1785
65.1785
65.1785
65.1785
65.1785
65.1785
65.1785
65.1785
65.1785
65.1785
65.1785
65.1785
65.1785
65.1785
65.1785
65.1785
65.1785
65.1785
65.1785
65.1785
65.1785
65.1785
65.1785
65.1785
65.1785
65.1785
65.1785
65.1785
65.1785
65.1785
65.1785
65.1785
65.1785
65.1785
65.1785
65.1785
65.1785
65.1785
65.1785
65.1785
65.1785
65.1785
65.1785
65.1785
65.1785
65.1785
65.1785
65.1785
65.1785
65.1785
65.1785
65.1785
65.1785
65.1785
65.1785
65.1785
65.1785
65.1785
65.1785
65.1785
65.1785
65.1785
65.1785
65.1785
65.1785
65.1785
65.1785
65.1785
65.1785
65.1785
65.1785
65.1785
65.1785
65.1785
65.1785
65.1785
65.1785
65.1785
65.1785
65.1785
65.1785
65.1785
65.1785
65.1785
65.1785
65.1785
65.1785
65.1785
65.1785
65.1785
65.1785
65.1785
65.1785
65.1785
65.1785
65.1785
65.1785
65.1785
65.1785
65.1785
65.1785
65.1785
65.1785
65.1785
65.1785
65.1785
65.1785
65.1785
65.1785
65.1785
65.1785
65.1785
65.1785
65.1785
65.1785
65.1785
65.1785
65.1785
65.1785
65.1785
65.1785
65.1785
65.1785
65.1785
65.1785
65.1785
65.1785
65.1785
65.1785
65.1785
65.1785
65.1785
65.1785
65.1785
65.1785
65.1785
65.1785
65.1785
65.1785
65.1785
65.1785
65.1785
65.1785
65.1785
65.1785
65.1785
65.1785
65.1785
65.1785
65.1785
65.1785
65.1785
65.1785
65.1785
65.1785
65.1785
65.1785
65.1785
65.1785
65.1785
65.1785
65.1785
65.1785
65.1785
65.1785
65.1785
65.1785
65.1785
65.1785
65.1785
65.1785
65.1785
65.1785
65.1785
65.1785
65.1785
65.1785
65.1785
65.1785
65.1785
65.1785
65.1785
65.1785
65.1785
65.1785
65.1785
65.1785
65.1785
65.1785
65.1785
65.1785
65.1785
65.1785
65.1785
65.1785
65.1785
65.1785
65.1785
65.1785
65.1785
65.1785
65.1785
65.1785
65.1785
65.1785
65.1785
65.1785
65.1785
65.1785
65.1785
65.1785
65.1785
65.1785
65.1785
65.1785
65.1785
65.1785
65.1785
65.1785
65.1785
65.1785
65.1785
65.1785
65.1785
65.1785
65.1785
65.1785
65.1785
65.1785
65.1785
65.1785
65.1785
65.1785
65.1785
65.1785
65.1785
65.1785
65.1785
65.1785
65.1785
65.1785
65.1785
65.1785
65.1785
65.1785
65.1785
65.1785
65.1785
65.1785
65.1785
65.1785
65.1785
65.1785
65.1785
65.1785
65.1785
65.1785
65.1785
65.1785
65.1785
65.1785
65.1785
65.1785
65.1785
65.1785
65.1785
65.1785
65.1785
65.1785
65.1785
65.1785
65.1785
65.1785
65.1785
65.1785
65.1785
65.1785
65.1785
65.1785
65.1785
65.1785
65.1785
65.1785
65.1785
65.1785
65.1785
65.1785
65.1785
65.1785
65.1785
65.1785
65.1785
65.1785
65.1785
65.1785
65.1785
65.1785
65.1785
65.1785
65.1785
65.1785
65.1785
65.1785
65.1785
65.1785
65.1785
65.1785
65.1785
65.1785
65.1785
65.1785
65.1785
65.1785
65.1785
65.1785
65.1785
65.1785
65.1785
65.1785
65.1785
65.1785
65.1785
65.1785
65.1785
65.1785
65.1785
65.1785
65.1785
65.1785
65.1785
65.1785
65.1785
65.1785
65.1785
65.1785
65.1785
65.1785
65.1785
65.1785
65.1785
65.1785
65.1785
65.1785
65.1785
65.1785
65.1785
65.1785
65.1785
65.1785
65.1785
65.1785
65.1785
64.8641
64.8641
64.8641
64.8641
64.8641
64.8641
64.8641
64.8641
64.8641
64.8641
64.8641
64.8641
64.8641
64.8641
64.8641
64.8641
64.8641
64.8641
64.8641
64.8641
64.8641
64.8641
64.8641
64.8641
64.8641
64.8641
64.8641
64.8641
64.8641
64.8641
64.8641
64.8641
64.8641
64.8641
64.8641
64.8641
64.8641
64.8641
64.8641
64.8641
64.8641
64.8641
64.8641
64.8641
64.8641
64.8641
64.8641
64.8641
64.8641
64.8641
64.8641
64.8641
64.8641
64.8641
64.8641
64.8641
64.8641
64.8641
64.8641
64.8641
64.8641
64.8641
64.8641
64.8641
64.8641
64.8641
64.8641
64.8641
64.8641
64.8641
64.8641
64.8641
64.8641
64.8641
64.8641
64.8641
64.8641
64.8641
64.8641
64.8641
64.8641
64.8641
64.8641
64.8641
64.8641
64.8641
64.8641
64.8641
64.8641
64.8641
64.8641
64.8641
64.8641
64.8641
64.8641
64.8641
64.8641
64.8641
64.8641
64.8641
64.8641
64.8641
64.8641
64.8641
64.8641
64.8641
64.8641
64.8641
64.8641
64.8641
64.8641
64.8641
64.8641
64.8641
64.8641
64.8641
64.8641
64.8641
64.8641
64.8641
64.8641
64.8641
64.8641
64.8641
64.8641
64.8641
64.8641
64.8641
64.8641
64.8641
64.8641
64.8641
64.8641
64.8641
64.8641
64.8641
64.8641
64.8641
64.8641
64.8641
64.8641
64.8641
64.8641
64.8641
64.8641
64.8641
64.8641
64.8641
64.8641
64.8641
64.8641
64.8641
64.8641
64.8641
64.8641
64.8641
64.8641
64.8641
64.8641
64.8641
64.8641
64.8641
64.8641
64.8641
64.8641
64.8641
64.8641
64.8641
64.8641
64.8641
64.8641
64.8641
64.8641
64.8641
64.8641
64.8641
64.8641
64.8641
64.8641
64.8641
64.8641
64.8641
64.8641
64.8641
64.8641
64.8641
64.8641
64.8641
64.8641
64.8641
64.8641
64.8641
64.8641
64.8641
64.8641
64.8641
64.8641
64.8641
64.8641
64.8641
64.8641
64.8641
64.8641
64.8641
64.8641
64.8641
64.8641
64.8641
64.8641
64.8641
64.8641
64.8641
64.8641
64.8641
64.8641
64.8641
64.8641
64.8641
64.8641
64.8641
64.8641
64.8641
64.8641
64.8641
64.8641
64.8641
64.8641
64.8641
64.8641
64.8641
64.8641
64.8641
64.8641
64.8641
64.8641
64.8641
64.8641
64.8641
64.8641
64.8641
64.8641
64.8641
64.8641
64.8641
64.8641
64.8641
64.8641
64.8641
64.8641
64.8641
64.8641
64.8641
64.8641
64.8641
64.8641
64.8641
64.8641
64.8641
64.8641
64.8641
64.8641
64.8641
64.8641
64.8641
64.8641
64.8641
64.8641
64.8641
64.8641
64.8641
64.8641
64.8641
64.8641
64.8641
64.8641
64.8641
64.8641
64.8641
64.8641
64.8641
64.8641
64.8641
64.8641
64.8641
64.8641
64.8641
64.8641
64.8641
64.8641
64.8641
64.8641
64.8641
64.8641
64.8641
64.8641
64.8641
64.8641
64.8641
64.8641
64.8641
64.8641
64.8641
64.8641
64.8641
64.8641
64.8641
64.8641
64.8641
64.8641
64.8641
64.8641
64.8641
64.8641
64.8641
64.8641
64.8641
64.8641
64.8641
64.8641
64.8641
64.8641
64.8641
64.8641
64.8641
64.8641
64.8641
64.8641
64.8641
64.8641
64.8641
64.8641
64.8641
64.8641
64.8641
64.8641
64.8641
64.8641
64.8641
64.8641
64.8641
64.8641
64.8641
64.8641
64.8641
64.8641
64.8641
64.8641
64.8641
64.8641
64.8641
64.8641
64.8641
64.8641
64.8641
64.8641
64.8641
64.8641
64.8641
64.8641
64.8641
64.8641
64.8641
64.8641
64.8641
64.8641
64.8641
64.8641
64.8641
64.8641
64.8641
64.8641
64.8641
64.8641
64.8641
64.8641
64.8641
64.8641
64.8641
64.8641
64.8641
64.8641
64.8641
64.8641
64.8641
64.8641
64.8641
64.8641
64.8641
64.8641
64.8641
64.8641
64.8641
64.8641
64.8641
64.8641
64.8641
64.8641
64.8641
64.8641
64.8641
64.8641
64.8641
64.8641
64.8641
64.8641
64.8641
64.8641
64.8641
64.8641
64.8641
64.8641
64.8641
64.8641
64.8641
64.8641
64.8641
64.8641
64.8641
64.8641
64.8641
64.8641
64.8641
64.8641
64.8641
64.8641
64.8641
64.8641
64.8641
64.8641
64.8641
64.8641
64.8641
64.8641
64.8641
64.8641
64.8641
64.8641
64.8641
64.8641
64.8641
64.8641
64.8641
64.8641
64.8641
64.8641
64.8641
64.8641
64.8641
64.8641
64.8641
64.8641
64.8641
64.8641
64.8641
64.8641
64.8641
64.8641
64.8641
64.8641
64.8641
64.8641
64.8641
64.8641
64.8641
64.8641
64.8641
64.8641
64.8641
64.8641
64.8641
64.8641
64.8641
64.8641
64.8641
64.8641
64.8641
64.8641
64.8641
64.8641
64.8641
64.8641
64.8641
64.8641
64.8641
64.8641
64.8641
64.8641
64.8641
64.8641
64.8641
64.8641
64.8641
64.8641
64.8641
64.8641
64.8641
64.8641
64.8641
64.8641
64.8641
64.8641
64.8641
64.8641
64.8641
64.8641
64.8641
64.8641
64.8641
64.8641
64.8641
64.8641
64.8641
64.8641
64.8641
64.8641
64.8641
64.8641
64.8641
64.8641
64.8641
64.8641
64.8641
64.8641
64.8641
64.8641
64.8641
64.8641
64.8641
64.8641
64.8641
64.8641
64.8641
64.8641
64.8641
64.8641
64.8641
64.8641
64.8641
64.8641
64.8641
64.8641
64.8641
64.8641
64.8641
64.8641
64.8641
64.8641
64.8641
64.8641
64.8641
64.8641
64.8641
64.8641
64.8641
64.8641
64.8641
64.8641
64.8641
64.8641
64.8641
64.8641
64.8641
64.8641
64.8641
64.8641
64.8641
64.8641
64.8641
64.8641
64.8641
64.8641
64.8641
64.8641
64.8641
64.8641
64.8641
64.8641
64.8641
64.8641
64.8641
64.8641
64.8641
64.8641
64.8641
64.8641
64.8641
64.8641
64.8641
64.8641
64.8641
64.8641
64.8641
64.8641
64.8641
64.8641
64.8641
64.8641
64.8641
64.8641
64.8641
64.8641
64.8641
64.8641
64.8641
64.8641
64.8641
64.8641
64.8641
64.8641
64.8641
64.8641
64.8641
64.8641
64.8641
64.8641
64.8641
64.8641
64.8641
64.8641
64.8641
64.8641
64.8641
64.8641
64.8641
64.8641
64.8641
64.8641
64.8641
64.8641
64.8641
64.8641
64.8641
64.8641
64.8641
64.8641
64.8641
64.8641
64.8641
64.8641
64.8641
64.8641
64.8641
64.8641
64.8641
64.8641
64.8641
64.8641
64.8641
64.8641
64.8641
64.8641
64.8641
64.8641
64.8641
64.8641
64.8641
64.8641
64.8641
64.8641
64.8641
64.8641
64.8641
64.8641
64.8641
64.8641
64.8641
64.8641
64.8641
64.8641
64.8641
64.8641
64.8641
64.8641
64.8641
64.8641
64.8641
64.8641
64.8641
64.8641
64.8641
64.8641
64.8641
64.8641
64.8641
64.8641
64.8641
64.8641
64.8641
64.8641
64.8641
64.8641
64.8641
64.8641
64.8641
64.8641
64.8641
64.8641
64.8641
64.8641
64.8641
64.8641
64.8641
64.8641
64.8641
64.8641
64.8641
64.8641
64.8641
64.8641
64.8641
64.8641
64.8641
64.8641
64.8641
64.8641
64.8641
64.8641
64.8641
64.8641
64.8641
64.8641
64.8641
64.8641
64.8641
64.8641
64.8641
64.8641
64.8641
64.8641
64.8641
64.8641
64.8641
64.8641
64.8641
64.8641
64.8641
64.8641
64.8641
64.8641
64.8641
64.8641
64.8641
64.8641
64.8641
64.8641
64.8641
64.8641
64.8641
64.8641
64.8641
64.8641
64.8641
64.8641
64.8641
64.8641
64.8641
64.8641
64.8641
64.8641
64.8641
64.8641
64.8641
64.8641
64.8641
64.8641
64.8641
64.8641
64.8641
64.8641
64.8641
64.8641
64.8641
64.8641
64.8641
64.8641
64.8641
64.8641
64.8641
64.8641
64.8641
64.8641
64.8641
64.8641
64.8641
64.8641
64.8641
64.8641
64.8641
64.8641
64.8641
64.8641
64.8641
64.8641
64.8641
64.8641
64.8641
64.8641
64.8641
64.8641
64.8641
64.8641
64.8641
64.8641
64.8641
64.8641
64.8641
64.8641
64.8641
64.8641
64.8641
64.8641
64.8641
64.8641
64.8641
64.8641
64.8641
64.8641
64.8641
64.8641
64.8641
64.8641
64.8641
64.8641
64.8641
64.8641
64.8641
64.8641
64.8641
64.8641
64.8641
64.8641
64.8641
64.8641
64.8641
64.8641
64.8641
64.8641
64.8641
64.8641
64.8641
64.8641
64.8641
64.8641
64.8641
64.8641
64.8641
64.8641
64.8641
64.8641
64.8641
64.8641
64.8641
64.8641
64.8641
64.8641
64.8641
64.8641
64.8641
64.8641
64.8641
64.8641
64.8641
64.8641
64.8641
64.8641
64.8641
64.8641
64.8641
64.8641
64.8641
64.8641
64.8641
64.8641
64.8641
64.8641
64.8641
64.8641
64.8641
64.8641
64.8641
64.8641
64.8641
64.8641
64.8641
64.8641
64.8641
64.8641
64.8641
64.8641
64.8641
64.8641
64.8641
64.8641
64.8641
64.8641
64.8641
64.8641
64.8641
64.8641
64.8641
64.8641
64.8641
64.8641
64.8641
64.8641
64.8641
64.8641
64.8641
64.8641
64.8641
64.8641
64.8641
64.8641
64.8641
64.8641
64.8641
64.8641
64.8641
64.8641
64.8641
64.8641
64.8641
64.8641
64.8641
64.8641
64.8641
64.8641
64.8641
64.8641
64.8641
64.8641
64.8641
64.8641
64.8641
64.8641
64.8641
64.8641
64.8641
64.8641
64.8641
64.8641
64.8641
64.8641
64.8641
64.8641
64.8641
64.8641
64.8641
64.8641
64.8641
64.8641
64.8641
64.8641
64.8641
64.8641
64.8641
64.8641
64.8641
64.8641
64.8641
64.8641
64.8641
64.8641
64.8641
64.8641
64.8641
64.8641
64.8641
64.8641
64.8641
64.8641
64.8641
64.8641
64.8641
64.8641
64.8641
64.8641
64.8641
64.8641
64.8641
64.8641
64.8641
64.8641
64.8641
64.8641
64.8641
64.8641
64.8641
64.8641
64.8641
64.8641
64.8641
64.8641
64.8641
64.8641
64.8641
64.8641
64.8641
64.8641
64.8641
64.8641
64.8641
64.8641
64.8641
64.8641
64.8641
64.8641
64.8641
64.8641
64.8641
64.8641
64.8641
64.8641
64.8641
64.8641
64.8641
64.8641
64.8641
64.8641
64.8641
64.8641
64.8641
64.8641
64.8641
64.8641
64.8641
64.8641
64.8641
64.8641
64.8641
64.8641
64.8641
64.8641
64.8641
64.8641
64.8641
64.8641
64.8641
64.8641
64.8641
64.8641
64.8641
64.8641
64.8641
64.8641
64.8641
64.8641
64.8641
64.8641
64.8641
64.8641
64.8641
64.8641
64.8641
64.8641
64.8641
64.8641
64.8641
64.8641
64.8641
64.8641
64.8641
64.8641
64.8641
64.8641
64.8641
64.8641
64.8641
64.8641
64.8641
64.8641
64.8641
64.8641
64.8641
64.8641
64.8641
64.8641
64.8641
64.8641
64.8641
64.8641
64.8641
64.8641
64.8641
64.8641
64.8641
64.8641
64.8641
64.8641
64.8641
64.8641
64.8641
64.8641
64.8641
64.8641
64.8641
64.8641
64.8641
64.8641
64.8641
64.8641
64.8641
64.8641
64.8641
64.8641
64.8641
64.8641
64.8641
64.8641
64.8641
64.8641
64.8641
64.8641
64.8641
64.8641
64.8641
64.8641
64.8641
64.8641
64.8641
64.8641
64.8641
64.8641
64.8641
64.8641
64.8641
64.8641
64.8641
64.8641
64.8641
64.8641
64.8641
64.8641
64.8641
64.8641
64.8641
64.8641
64.8641
64.8641
64.8641
64.8641
64.8641
64.8641
64.8641
64.8641
64.8641
64.8641
64.8641
64.8641
64.8641
64.8641
64.8641
64.8641
64.8641
64.8641
64.8641
64.8641
64.8641
64.8641
64.8641
64.8641
64.8641
64.8641
64.8641
64.8641
64.8641
64.8641
64.8641
64.8641
64.8641
64.8641
64.8641
64.8641
64.8641
64.8641
64.8641
64.8641
64.8641
64.8641
64.8641
64.8641
64.8641
64.8641
64.8641
64.8641
64.8641
64.8641
64.8641
64.8641
64.8641
64.8641
64.8641
64.8641
64.8641
64.8641
64.8641
64.8641
64.8641
64.8641
64.8641
64.8641
64.8641
64.8641
64.8641
64.8641
64.8641
64.8641
64.8641
64.8641
64.8641
64.8641
64.8641
64.8641
64.8641
64.8641
64.8641
64.8641
64.8641
64.8641
64.8641
64.8641
64.8641
64.8641
64.8641
64.8641
64.8641
64.8641
64.8641
64.8641
64.8641
64.8641
64.8641
64.8641
64.8641
64.8641
64.8641
64.8641
64.8641
64.8641
64.8641
64.8641
64.8641
64.8641
64.8641
64.8641
64.8641
64.8641
64.8641
64.8641
64.8641
64.8641
64.8641
64.8641
64.8641
64.8641
64.8641
64.8641
64.8641
64.8641
64.8641
64.8641
64.8641
64.8641
64.8641
64.8641
64.8641
64.8641
64.8641
64.8641
64.8641
64.8641
64.8641
64.8641
64.8641
64.8641
64.8641
64.8641
64.8641
64.8641
64.8641
64.8641
64.8641
64.8641
64.8641
64.8641
64.8641
64.8641
64.8641
64.8641
64.8641
64.8641
64.8641
64.8641
64.8641
64.8641
64.8641
64.8641
64.8641
64.8641
64.8641
64.8641
64.8641
64.8641
64.8641
64.8641
64.8641
64.8641
64.8641
64.8641
64.8641
64.8641
64.8641
64.8641
64.8641
64.8641
64.8641
64.8641
64.8641
64.8641
64.8641
64.8641
64.8641
64.8641
64.8641
64.8641
64.8641
64.8641
64.8641
64.8641
64.8641
64.8641
64.8641
64.8641
64.8641
64.8641
64.8641
64.8641
64.8641
64.8641
64.8641
64.8641
64.8641
64.8641
64.8641
64.8641
64.8641
64.8641
64.8641
64.8641
64.8641
64.8641
64.8641
64.8641
64.8641
64.8641
64.8641
64.8641
64.8641
64.8641
64.8641
64.8641
64.8641
64.8641
64.8641
64.8641
64.8641
64.8641
64.8641
64.8641
64.8641
64.8641
64.8641
64.8641
64.8641
64.8641
64.8641
64.8641
64.8641
64.8641
64.8641
64.8641
64.8641
64.8641
64.8641
64.8641
64.8641
64.8641
64.8641
64.8641
64.8641
64.8641
64.8641
64.8641
64.8641
64.8641
64.8641
64.8641
64.8641
64.8641
64.8641
64.8641
64.8641
64.8641
64.8641
64.8641
64.8641
64.8641
64.8641
64.8641
64.8641
64.8641
64.8641
64.8641
64.8641
64.8641
64.8641
64.8641
64.8641
64.8641
64.8641
64.8641
64.8641
64.8641
64.8641
64.8641
64.8641
64.8641
64.8641
64.8641
64.8641
64.8641
64.8641
64.8641
64.8641
64.8641
64.8641
64.8641
64.8641
64.8641
64.8641
64.8641
64.8641
64.8641
64.8641
64.8641
64.8641
64.8641
64.8641
64.8641
64.8641
64.8641
64.8641
64.8641
64.8641
64.8641
64.8641
64.8641
64.8641
64.8641
64.8641
64.8641
64.8641
64.8641
64.8641
64.8641
64.8641
64.8641
64.8641
64.8641
64.8641
64.8641
64.8641
64.8641
64.8641
64.8641
64.8641
64.8641
64.8641
64.8641
64.8641
64.8641
64.8641
64.8641
64.8641
64.8641
64.8641
64.8641
64.8641
64.8641
64.8641
64.8641
64.8641
64.8641
64.8641
64.8641
64.8641
64.8641
64.8641
64.8641
64.8641
64.8641
64.8641
64.8641
64.8641
64.8641
64.8641
64.8641
64.8641
64.8641
64.8641
64.8641
64.8641
64.8641
64.8641
64.8641
64.8641
64.8641
64.8641
64.8641
64.8641
64.8641
64.8641
64.8641
64.8641
64.8641
64.8641
64.8641
64.8641
64.8641
64.8641
64.8641
64.8641
64.8641
64.8641
64.8641
64.8641
64.8641
64.8641
64.8641
64.8641
64.8641
64.8641
64.8641
64.8641
64.8641
64.8641
64.8641
64.8641
64.8641
64.8641
64.8641
64.8641
64.8641
64.8641
64.8641
64.8641
64.8641
64.8641
64.8641
64.8641
64.8641
64.8641
64.8641
64.8641
64.8641
64.8641
64.8641
64.8641
64.8641
64.8641
64.8641
64.8641
64.8641
64.8641
64.8641
64.8641
64.8641
64.8641
64.8641
64.8641
64.8641
64.8641
64.8641
64.8641
64.8641
64.8641
64.8641
64.8641
64.8641
64.8641
64.8641
64.8641
64.8641
64.8641
64.8641
64.8641
64.8641
64.8641
64.8641
64.8641
64.8641
64.8641
64.8641
64.8641
64.8641
64.8641
64.8641
64.8641
64.8641
64.8641
64.8641
64.8641
64.8641
64.8641
64.8641
64.8641
64.8641
64.8641
64.8641
64.8641
64.8641
64.8641
64.8641
64.8641
64.8641
64.8641
64.8641
64.8641
64.8641
64.8641
64.8641
64.8641
64.8641
64.8641
64.8641
64.8641
64.8641
64.8641
64.8641
64.8641
64.8641
64.8641
64.8641
64.8641
64.8641
64.8641
64.8641
64.8641
64.8641
64.8641
64.8641
64.8641
64.8641
64.8641
64.8641
64.8641
64.8641
64.8641
64.8641
64.8641
64.8641
64.8641
64.8641
64.8641
64.8641
64.8641
64.8641
64.8641
64.8641
64.8641
64.8641
64.8641
64.8641
64.8641
64.8641
64.8641
64.8641
64.8641
64.8641
64.8641
64.8641
64.8641
64.8641
64.8641
64.8641
64.8641
64.8641
64.8641
64.8641
64.8641
64.8641
64.8641
64.8641
64.8641
64.8641
64.8641
64.8641
64.8641
64.8641
64.8641
64.8641
64.8641
64.8641
64.8641
64.8641
64.8641
64.8641
64.8641
64.8641
64.8641
64.8641
64.8641
64.8641
64.8641
64.8641
64.8641
64.8641
64.8641
64.8641
64.8641
64.8641
64.8641
64.8641
64.8641
64.8641
64.8641
64.8641
64.8641
64.8641
64.8641
64.8641
64.8641
64.8641
64.8641
64.8641
64.8641
64.8641
64.8641
64.8641
64.8641
64.8641
64.8641
64.8641
64.8641
64.8641
64.8641
64.8641
64.8641
64.8641
64.8641
64.8641
64.8641
64.8641
64.8641
64.8641
64.8641
64.8641
64.8641
64.8641
64.8641
64.8641
64.8641
64.8641
64.8641
64.8641
64.8641
64.8641
64.8641
64.8641
64.8641
64.8641
64.8641
64.8641
64.8641
64.8641
64.8641
64.8641
64.8641
64.8641
64.8641
64.8641
64.8641
64.8641
64.8641
64.8641
64.8641
64.8641
64.8641
64.8641
64.8641
64.8641
64.8641
64.8641
64.8641
64.8641
64.8641
64.8641
64.8641
64.8641
64.8641
64.8641
64.8641
64.8641
64.8641
64.8641
64.8641
64.8641
64.8641
64.8641
64.8641
64.8641
64.8641
64.8641
64.8641
64.8641
64.8641
64.8641
64.8641
64.8641
64.8641
64.8641
64.8641
64.8641
64.8641
64.8641
64.8641
64.8641
64.8641
64.8641
64.8641
64.8641
64.8641
64.8641
64.8641
64.8641
64.8641
64.8641
64.8641
64.8641
64.8641
64.8641
64.8641
64.8641
64.8641
64.8641
64.8641
64.8641
64.8641
64.8641
64.8641
64.8641
64.8641
64.8641
64.8641
64.8641
64.8641
64.8641
64.8641
64.8641
64.8641
64.8641
64.8641
64.8641
64.8641
64.8641
64.8641
64.8641
64.8641
64.8641
64.8641
64.8641
64.8641
64.8641
64.8641
64.8641
64.8641
64.8641
64.8641
64.8641
64.8641
64.8641
64.8641
64.8641
64.8641
64.8641
64.8641
64.8641
64.8641
64.8641
64.8641
64.8641
64.8641
64.8641
64.8641
64.8641
64.8641
64.8641
64.8641
64.8641
64.8641
64.8641
64.8641
64.8641
64.8641
64.8641
64.8641
64.8641
64.8641
64.8641
64.8641
64.8641
64.8641
64.8641
64.8641
64.8641
64.8641
64.8641
64.8641
64.8641
64.8641
64.8641
64.8641
64.8641
64.8641
64.8641
64.8641
64.8641
64.8641
64.8641
64.8641
64.8641
64.8641
64.8641
64.8641
64.8641
64.8641
64.8641
64.8641
64.8641
64.8641
64.8641
64.8641
64.8641
64.8641
64.8641
64.8641
64.8641
64.8641
64.8641
64.8641
64.8641
64.8641
64.8641
64.8641
64.8641
64.8641
64.8641
64.8641
64.8641
64.8641
64.8641
64.8641
64.8641
64.8641
64.8641
64.8641
64.8641
64.8641
64.8641
64.8641
64.8641
64.8641
64.8641
64.8641
64.8641
64.8641
64.8641
64.8641
64.8641
64.8641
64.8641
64.8641
64.8641
64.8641
64.8641
64.8641
64.8641
64.8641
64.8641
64.8641
64.8641
64.8641
64.8641
64.8641
64.8641
64.8641
64.8641
64.8641
64.8641
64.8641
64.8641
64.8641
64.8641
64.8641
64.8641
64.8641
64.8641
64.8641
64.8641
64.8641
64.8641
64.8641
64.8641
64.8641
64.8641
64.8641
64.8641
64.8641
64.8641
64.8641
64.8641
64.8641
64.8641
64.8641
64.8641
64.8641
64.8641
64.8641
64.8641
64.8641
64.8641
64.8641
64.8641
64.8641
64.8641
64.8641
64.8641
64.8641
64.8641
64.8641
64.8641
64.8641
64.8641
64.8641
64.8641
64.8641
64.8641
64.8641
64.8641
64.8641
64.8641
64.8641
64.8641
64.8641
64.8641
64.8641
64.8641
64.8641
64.8641
64.8641
64.8641
64.8641
64.8641
64.8641
64.8641
64.8641
64.8641
64.8641
64.8641
64.8641
64.8641
64.8641
64.8641
64.8641
64.8641
64.8641
64.8641
64.8641
64.8641
64.8641
64.8641
64.8641
64.8641
64.8641
64.8641
64.8641
64.8641
64.8641
64.8641
64.8641
64.8641
64.8641
64.8641
64.8641
64.8641
64.8641
64.8641
64.8641
64.8641
64.8641
64.8641
64.8641
64.8641
64.8641
64.8641
64.8641
64.8641
64.8641
64.8641
64.8641
64.8641
64.8641
64.8641
64.8641
64.8641
64.8641
64.8641
64.8641
64.8641
64.8641
64.8641
64.8641
64.8641
64.8641
64.8641
64.8641
64.8641
64.8641
64.8641
64.8641
64.8641
64.8641
64.8641
64.8641
64.8641
64.8641
64.8641
64.8641
64.8641
64.8641
64.8641
64.8641
64.8641
64.8641
64.8641
64.8641
64.8641
64.8641
64.8641
64.8641
64.8641
64.8641
64.8641
64.8641
64.8641
64.8641
64.8641
64.8641
64.8641
64.8641
64.8641
64.8641
64.8641
64.8641
64.8641
64.8641
64.8641
64.8641
64.8641
64.8641
64.8641
64.8641
64.8641
64.8641
64.8641
64.8641
64.8641
64.8641
64.8641
64.8641
64.8641
64.8641
64.8641
64.8641
64.8641
64.8641
64.8641
64.8641
64.8641
64.8641
64.8641
64.8641
64.8641
64.8641
64.8641
64.8641
64.8641
64.8641
64.8641
64.8641
64.8641
64.8641
64.8641
64.8641
64.8641
64.8641
64.8641
64.8641
64.8641
64.8641
64.8641
64.8641
64.8641
64.8641
64.8641
64.8641
64.8641
64.8641
64.8641
64.8641
64.8641
64.8641
64.8641
64.8641
64.8641
64.8641
64.8641
64.8641
64.8641
64.8641
64.8641
64.8641
64.8641
64.8641
64.8641
64.8641
64.8641
64.8641
64.8641
64.8641
64.8641
64.8641
64.8641
64.8641
64.8641
64.8641
64.8641
64.8641
64.8641
64.8641
64.8641
64.8641
64.8641
64.8641
64.8641
64.8641
64.8641
64.8641
64.8641
64.8641
64.8641
64.8641
64.8641
64.8641
64.8641
64.8641
64.8641
64.8641
64.8641
64.8641
64.8641
64.8641
64.8641
64.8641
64.8641
64.8641
64.8641
64.8641
64.8641
64.8641
64.8641
64.8641
64.8641
64.8641
64.8641
64.8641
64.8641
64.8641
64.8641
64.8641
64.8641
64.8641
64.8641
64.8641
64.8641
64.8641
64.8641
64.8641
64.8641
64.8641
64.8641
64.8641
64.8641
64.8641
64.8641
64.8641
64.8641
64.8641
64.8641
64.8641
64.8641
64.8641
64.8641
64.8641
64.8641
64.8641
64.8641
64.8641
64.8641
64.8641
64.8641
64.8641
64.8641
64.8641
64.8641
64.8641
64.8641
64.8641
64.8641
64.8641
64.8641
64.8641
64.8641
64.8641
64.8641
64.8641
64.8641
64.8641
64.8641
64.8641
64.8641
64.8641
64.8641
64.8641
64.8641
64.8641
64.8641
64.8641
64.8641
64.8641
64.8641
64.8641
64.8641
64.8641
64.8641
64.8641
64.8641
64.8641
64.8641
64.8641
64.8641
64.8641
64.8641
64.8641
64.8641
64.8641
64.8641
64.8641
64.8641
64.8641
64.8641
64.8641
64.8641
64.8641
64.8641
64.8641
64.8641
64.8641
64.8641
64.8641
64.8641
64.8641
64.8641
64.8641
64.8641
64.8641
64.8641
64.8641
64.8641
64.8641
64.8641
64.8641
64.8641
64.8641
64.8641
64.8641
64.8641
64.8641
64.8641
64.8641
64.8641
64.8641
64.8641
64.8641
64.8641
64.8641
64.8641
64.8641
64.8641
64.8641
64.8641
64.8641
64.8641
64.8641
64.8641
64.8641
64.8641
64.8641
64.8641
64.8641
64.8641
64.8641
64.8641
64.8641
64.8641
64.8641
64.8641
64.8641
64.8641
64.8641
64.8641
64.8641
64.8641
64.8641
64.8641
64.8641
64.8641
64.8641
64.8641
64.8641
64.8641
64.8641
64.8641
64.8641
64.8641
64.8641
64.8641
64.8641
64.8641
64.8641
64.8641
64.8641
64.8641
64.8641
64.8641
64.8641
64.8641
64.8641
64.8641
64.8641
64.8641
64.8641
64.8641
64.8641
64.8641
64.8641
64.8641
64.8641
64.8641
64.8641
64.8641
64.8641
64.8641
64.8641
64.8641
64.8641
64.8641
64.8641
64.8641
64.8641
64.8641
64.8641
64.8641
64.8641
64.8641
64.8641
64.8641
64.8641
64.8641
64.8641
64.8641
64.8641
64.8641
64.8641
64.8641
64.8641
64.8641
64.8641
64.8641
64.8641
64.8641
64.8641
64.8641
64.8641
64.8641
64.8641
64.8641
64.8641
64.8641
64.8641
64.8641
64.8641
64.8641
64.8641
64.8641
64.8641
64.8641
64.8641
64.8641
64.8641
64.8641
64.8641
64.8641
64.8641
64.8641
64.8641
64.8641
64.8641
64.8641
64.8641
64.8641
64.8641
64.8641
64.8641
64.8641
64.8641
64.8641
64.8641
64.8641
64.8641
64.8641
64.8641
64.8641
64.8641
64.8641
64.8641
64.8641
64.8641
64.8641
64.8641
64.8641
64.8641
64.8641
64.8641
64.8641
64.8641
64.8641
64.8641
64.8641
64.8641
64.8641
64.8641
64.8641
64.8641
64.8641
64.8641
64.8641
64.8641
64.8641
64.8641
64.8641
64.8641
64.8641
64.8641
64.8641
64.8641
64.8641
64.8641
64.8641
64.8641
64.8641
64.8641
64.8641
64.8641
64.8641
64.8641
64.8641
64.8641
64.8641
64.8641
64.8641
64.8641
64.8641
64.8641
64.8641
64.8641
64.8641
64.8641
64.8641
64.8641
64.8641
64.8641
64.8641
64.8641
64.8641
64.8641
64.8641
64.8641
64.8641
64.8641
64.8641
64.8641
64.8641
64.8641
64.8641
64.8641
64.8641
64.8641
64.8641
64.8641
64.8641
64.8641
64.8641
64.8641
64.8641
64.8641
64.8641
64.8641
64.8641
64.8641
64.8641
64.8641
64.8641
64.8641
64.8641
64.8641
64.8641
64.8641
64.8641
64.8641
64.8641
64.8641
64.8641
64.8641
64.8641
64.8641
64.8641
64.8641
64.8641
64.8641
64.8641
64.8641
64.8641
64.8641
64.8641
64.8641
64.8641
64.8641
64.8641
64.8641
64.8641
64.8641
64.8641
64.8641
64.8641
64.8641
64.8641
64.8641
64.8641
64.8641
64.8641
64.8641
64.8641
64.8641
64.8641
64.8641
64.8641
64.8641
64.8641
64.8641
64.8641
64.8641
64.8641
64.8641
64.8641
64.8641
64.8641
64.8641
64.8641
64.8641
64.8641
64.8641
64.8641
64.8641
64.8641
64.8641
64.8641
64.8641
64.8641
64.8641
64.8641
64.8641
64.8641
64.8641
64.8641
64.8641
64.8641
64.8641
64.8641
64.8641
64.8641
64.8641
64.8641
64.8641
64.8641
64.8641
64.8641
64.8641
64.8641
64.8641
64.8641
64.8641
64.8641
64.8641
64.8641
64.8641
64.8641
64.8641
64.8641
64.8641
64.8641
64.8641
64.8641
64.8641
64.8641
64.8641
64.8641
64.8641
64.8641
64.8641
64.8641
64.8641
64.8641
64.8641
64.8641
64.8641
64.8641
64.8641
64.8641
64.8641
64.8641
64.8641
64.8641
64.8641
64.8641
64.8641
64.8641
64.8641
64.8641
64.8641
64.8641
64.8641
64.8641
64.8641
64.8641
64.8641
64.8641
64.8641
64.8641
64.8641
64.8641
64.8641
64.8641
64.8641
64.8641
64.8641
64.8641
64.8641
64.8641
64.8641
64.8641
64.8641
64.8641
64.8641
64.8641
64.8641
64.8641
64.8641
64.8641
64.8641
64.8641
64.8641
64.8641
64.8641
64.8641
64.8641
64.8641
64.8641
64.8641
64.8641
64.8641
64.8641
64.8641
64.8641
64.8641
64.8641
64.8641
64.8641
64.8641
64.8641
64.8641
64.8641
64.8641
64.8641
64.8641
64.8641
64.8641
64.8641
64.8641
64.8641
64.8641
64.8641
64.8641
64.8641
64.8641
64.8641
64.8641
64.8641
64.8641
64.8641
64.8641
64.8641
64.8641
64.8641
64.8641
64.8641
64.8641
64.8641
64.8641
64.8641
64.8641
64.8641
64.8641
64.8641
64.8641
64.8641
64.8641
64.8641
64.8641
64.8641
64.8641
64.8641
64.8641
64.8641
64.8641
64.8641
64.8641
64.8641
64.8641
64.8641
64.8641
64.8641
64.8641
64.8641
64.8641
64.8641
64.8641
64.8641
64.8641
64.8641
64.8641
64.8641
64.8641
64.8641
64.8641
64.8641
64.8641
64.8641
64.8641
64.8641
64.8641
64.8641
64.8641
64.8641
64.8641
64.8641
64.8641
64.8641
64.8641
64.8641
64.8641
64.8641
64.8641
64.8641
64.8641
64.8641
64.8641
64.8641
64.8641
64.8641
64.8641
64.8641
64.8641
64.8641
64.8641
64.8641
64.8641
64.8641
64.8641
64.8641
64.8641
64.8641
64.8641
64.8641
64.8641
64.8641
64.8641
64.8641
64.8641
64.8641
64.8641
64.8641
64.8641
64.8641
64.8641
64.8641
64.8641
64.8641
64.8641
64.8641
64.8641
64.8641
64.8641
64.8641
64.8641
64.8641
64.8641
64.8641
64.8641
64.8641
64.8641
64.8641
64.8641
64.8641
64.8641
64.8641
64.8641
64.8641
64.8641
64.8641
64.8641
64.8641
64.8641
64.8641
64.8641
64.8641
64.8641
64.8641
64.8641
64.8641
64.8641
64.8641
64.8641
64.8641
64.8641
64.8641
64.8641
64.8641
64.8641
64.8641
64.8641
64.8641
64.8641
64.8641
64.8641
64.8641
64.8641
64.8641
64.8641
64.8641
64.8641
64.8641
64.8641
64.8641
64.8641
64.8641
64.8641
64.8641
64.8641
64.8641
64.8641
64.8641
64.8641
64.8641
64.8641
64.8641
64.8641
64.8641
64.8641
64.8641
64.8641
64.8641
64.8641
64.8641
64.8641
64.8641
64.8641
64.8641
64.8641
64.8641
64.8641
64.8641
64.8641
64.8641
64.8641
64.8641
64.8641
64.8641
64.8641
64.8641
64.8641
64.8641
64.8641
64.8641
64.8641
64.8641
64.8641
64.8641
64.8641
64.8641
64.8641
64.8641
64.8641
64.8641
64.8641
64.8641
64.8641
64.8641
64.8641
64.8641
64.8641
64.8641
64.8641
64.8641
64.8641
64.8641
64.8641
64.8641
64.8641
64.8641
64.8641
64.8641
64.8641
64.8641
64.8641
64.8641
64.8641
64.8641
64.8641
64.8641
64.8641
64.8641
64.8641
64.8641
64.8641
64.8641
64.8641
64.8641
64.8641
64.8641
64.8641
64.8641
64.8641
64.8641
64.8641
64.8641
64.8641
64.8641
64.8641
64.8641
64.8641
64.8641
64.8641
64.8641
64.8641
64.8641
64.8641
64.8641
64.8641
64.8641
64.8641
64.8641
64.8641
64.8641
64.8641
64.8641
64.8641
64.8641
64.8641
64.8641
64.8641
64.8641
64.8641
64.8641
64.8641
64.8641
64.8641
64.8641
64.8641
64.8641
64.8641
64.8641
64.8641
64.8641
64.8641
64.8641
64.8641
64.8641
64.8641
64.8641
64.8641
64.8641
64.8641
64.8641
64.8641
64.8641
64.8641
64.8641
64.8641
64.8641
64.8641
64.8641
64.8641
64.8641
64.8641
64.8641
64.8641
64.8641
64.8641
64.8641
64.8641
64.8641
64.8641
64.8641
64.8641
64.8641
64.8641
64.8641
64.8641
64.8641
64.8641
64.8641
64.8641
64.8641
64.8641
64.8641
64.8641
64.8641
64.8641
64.8641
64.8641
64.8641
64.8641
64.8641
64.8641
64.8641
64.8641
64.8641
64.8641
64.8641
64.8641
64.8641
64.8641
64.8641
64.8641
64.8641
64.8641
64.8641
64.8641
64.8641
64.8641
64.8641
64.8641
64.8641
64.8641
64.8641
64.8641
64.8641
64.8641
64.8641
64.8641
64.8641
64.8641
64.8641
64.8641
64.8641
64.8641
64.8641
64.8641
64.8641
64.8641
64.8641
64.8641
64.8641
64.8641
64.8641
64.8641
64.8641
64.8641
64.8641
64.8641
64.8641
64.8641
64.8641
64.8641
64.8641
64.8641
64.8641
64.8641
64.8641
64.8641
64.8641
64.8641
64.8641
64.8641
64.8641
64.8641
64.8641
64.8641
64.8641
64.8641
64.8641
64.8641
64.8641
64.8641
64.8641
64.8641
64.8641
64.8641
64.8641
64.8641
64.8641
64.8641
64.8641
64.8641
64.8641
64.8641
64.8641
64.8641
64.8641
64.8641
64.8641
64.8641
64.8641
64.8641
64.8641
64.8641
64.8641
64.8641
64.8641
64.8641
64.8641
64.8641
64.8641
64.8641
64.8641
64.8641
64.8641
64.8641
64.8641
64.8641
64.8641
64.8641
64.8641
64.8641
64.8641
64.8641
64.8641
64.8641
64.8641
64.8641
64.8641
64.8641
64.8641
64.8641
64.8641
64.8641
64.8641
64.8641
64.8641
64.8641
64.8641
64.8641
64.8641
64.8641
64.8641
64.8641
64.8641
64.8641
64.8641
64.8641
64.8641
64.8641
64.8641
64.8641
64.8641
64.8641
64.8641
64.8641
64.8641
64.8641
64.8641
64.8641
64.8641
64.8641
64.8641
64.8641
64.8641
64.8641
64.8641
64.8641
64.8641
64.8641
64.8641
64.8641
64.8641
64.8641
64.8641
64.8641
64.8641
64.8641
64.8641
64.8641
64.8641
64.8641
64.8641
64.8641
64.8641
64.8641
64.8641
64.8641
64.8641
64.8641
64.8641
64.8641
64.8641
64.8641
64.8641
64.8641
64.8641
64.8641
64.8641
64.8641
64.8641
64.8641
64.8641
64.8641
64.8641
64.8641
64.8641
64.8641
64.8641
64.8641
64.8641
64.8641
64.8641
64.8641
64.8641
64.8641
64.8641
64.8641
64.8641
64.8641
64.8641
64.8641
64.8641
64.8641
64.8641
64.8641
64.8641
64.8641
64.8641
64.8641
64.8641
64.8641
64.8641
64.8641
64.8641
64.8641
64.8641
64.8641
64.8641
64.8641
64.8641
64.8641
64.8641
64.8641
64.8641
64.8641
64.8641
64.8641
64.8641
64.8641
64.8641
64.8641
64.8641
64.8641
64.8641
64.8641
64.8641
64.8641
64.8641
64.8641
64.8641
64.8641
64.8641
64.8641
64.8641
64.8641
64.8641
64.8641
64.8641
64.8641
64.8641
64.8641
64.8641
64.8641
64.8641
64.8641
64.8641
64.8641
64.8641
64.8641
64.8641
64.8641
64.8641
64.8641
64.8641
64.8641
64.8641
64.8641
64.8641
64.8641
64.8641
64.8641
64.8641
64.8641
64.8641
64.8641
64.8641
64.8641
64.8641
64.8641
64.8641
64.8641
64.8641
64.8641
64.8641
64.8641
64.8641
64.8641
64.8641
64.8641
64.8641
64.8641
64.8641
64.8641
64.8641
64.8641
64.8641
64.8641
64.8641
64.8641
64.8641
64.8641
64.8641
64.8641
64.8641
64.8641
64.8641
64.8641
64.8641
64.8641
64.8641
64.8641
64.8641
64.8641
64.8641
64.8641
64.8641
64.8641
64.8641
64.8641
64.8641
64.8641
64.8641
64.8641
64.8641
64.8641
64.8641
64.8641
64.8641
64.8641
64.8641
64.8641
64.8641
64.8641
64.8641
64.8641
64.8641
64.8641
64.8641
64.8641
64.8641
64.8641
64.8641
64.8641
64.8641
64.8641
64.8641
64.8641
64.8641
64.8641
64.8641
64.8641
64.8641
64.8641
64.8641
64.8641
64.8641
64.8641
64.8641
64.8641
64.8641
64.8641
64.8641
64.8641
64.8641
64.8641
64.8641
64.8641
64.8641
64.8641
64.8641
64.8641
64.8641
64.8641
64.8641
64.8641
64.8641
64.8641
64.8641
64.8641
64.8641
64.8641
64.8641
64.8641
64.8641
64.8641
64.8641
64.8641
64.8641
64.8641
64.8641
64.8641
64.8641
64.8641
64.8641
64.8641
64.8641
64.8641
64.8641
64.8641
64.8641
64.8641
64.8641
64.8641
64.8641
64.8641
64.8641
64.8641
64.8641
64.8641
64.8641
64.8641
64.8641
64.8641
64.8641
64.8641
64.8641
64.8641
64.8641
64.8641
64.8641
64.8641
64.8641
64.8641
64.8641
64.8641
64.8641
64.8641
64.8641
64.8641
64.8641
64.8641
64.8641
64.8641
64.8641
64.8641
64.8641
64.8641
64.8641
64.8641
64.8641
64.8641
64.8641
64.8641
64.8641
64.8641
64.8641
64.8641
64.8641
64.8641
64.8641
64.8641
64.8641
64.8641
64.8641
64.8641
64.8641
64.8641
64.8641
64.8641
64.8641
64.8641
64.8641
64.8641
64.8641
64.8641
64.8641
64.8641
64.8641
64.8641
64.8641
64.8641
64.8641
64.8641
64.8641
64.8641
64.8641
64.8641
64.8641
64.8641
64.8641
64.8641
64.8641
64.8641
64.8641
64.8641
64.8641
64.8641
64.8641
64.8641
64.8641
64.8641
64.8641
64.8641
64.8641
64.8641
64.8641
64.8641
64.8641
64.8641
64.8641
64.8641
64.8641
64.8641
64.8641
64.8641
64.8641
64.8641
64.8641
64.8641
64.8641
64.8641
64.8641
64.8641
64.8641
64.8641
64.8641
64.8641
64.8641
64.8641
64.8641
64.8641
64.8641
64.8641
64.8641
64.8641
64.8641
64.8641
64.8641
64.8641
64.8641
64.8641
64.8641
64.8641
64.8641
64.8641
64.8641
64.8641
64.8641
64.8641
64.8641
64.8641
64.8641
64.8641
64.8641
64.8641
64.8641
64.8641
64.8641
64.8641
64.8641
64.8641
64.8641
64.8641
64.8641
64.8641
64.8641
64.8641
64.8641
64.8641
64.8641
64.8641
64.8641
64.8641
64.8641
64.8641
64.8641
64.8641
64.8641
64.8641
64.8641
64.8641
64.8641
64.8641
64.8641
64.8641
64.8641
64.8641
64.8641
64.8641
64.8641
64.8641
64.8641
64.8641
64.8641
64.8641
64.8641
64.8641
64.8641
64.8641
64.8641
64.8641
64.8641
64.8641
64.8641
64.8641
64.8641
64.8641
64.8641
64.8641
64.8641
64.8641
64.8641
64.8641
64.8641
64.8641
64.8641
64.8641
64.8641
64.8641
64.8641
64.8641
64.8641
64.8641
64.8641
64.8641
64.8641
64.8641
64.8641
64.8641
64.8641
64.8641
64.8641
64.8641
64.8641
64.8641
64.8641
64.8641
64.8641
64.8641
64.8641
64.8641
64.8641
64.8641
64.8641
64.8641
64.8641
64.8641
64.8641
64.8641
64.8641
64.8641
64.8641
64.8641
64.8641
64.8641
64.8641
64.8641
64.8641
64.8641
64.8641
64.8641
64.8641
64.8641
64.8641
64.8641
64.8641
64.8641
64.8641
64.8641
64.8641
64.8641
64.8641
64.8641
64.8641
64.8641
64.8641
64.8641
64.8641
64.8641
64.8641
64.8641
64.8641
64.8641
64.8641
64.8641
64.8641
64.8641
64.8641
64.8641
64.8641
64.8641
64.8641
64.8641
64.8641
64.8641
64.8641
64.8641
64.8641
64.8641
64.8641
64.8641
64.8641
64.8641
64.8641
64.8641
64.8641
64.8641
64.8641
64.8641
64.8641
64.8641
64.8641
64.8641
64.8641
64.8641
64.8641
64.8641
64.8641
64.8641
64.8641
64.8641
64.8641
64.8641
64.8641
64.8641
64.8641
64.8641
64.8641
64.8641
64.8641
64.8641
64.8641
64.8641
64.8641
64.8641
64.8641
64.8641
64.8641
64.8641
64.8641
64.8641
64.8641
64.8641
64.8641
64.8641
64.8641
64.8641
64.8641
64.8641
64.8641
64.8641
64.8641
64.8641
64.8641
64.8641
64.8641
64.8641
64.8641
64.8641
64.8641
64.8641
64.8641
64.8641
64.8641
64.8641
64.8641
64.8641
64.8641
64.8641
64.8641
64.8641
64.8641
64.8641
64.8641
64.8641
64.8641
64.8641
64.8641
64.8641
64.8641
64.8641
64.8641
64.8641
64.8641
64.8641
64.8641
64.8641
64.8641
64.8641
64.8641
64.8641
64.8641
64.8641
64.8641
64.8641
64.8641
64.8641
64.8641
64.8641
64.8641
64.8641
64.8641
64.8641
64.8641
64.8641
64.8641
64.8641
64.8641
64.8641
64.8641
64.8641
64.8641
64.8641
64.8641
64.8641
64.8641
64.8641
64.8641
64.8641
64.8641
64.8641
64.8641
64.8641
64.8641
64.8641
64.8641
64.8641
64.8641
64.8641
64.8641
64.8641
64.8641
64.8641
64.8641
64.8641
64.8641
64.8641
64.8641
64.8641
64.8641
64.8641
64.8641
64.8641
64.8641
64.8641
64.8641
64.8641
64.8641
64.8641
64.8641
64.8641
64.8641
64.8641
64.8641
64.8641
64.8641
64.8641
64.8641
64.8641
64.8641
64.8641
64.8641
64.8641
64.8641
64.8641
64.8641
64.8641
64.8641
64.8641
64.8641
64.8641
64.8641
64.8641
64.8641
64.8641
64.8641
64.8641
64.8641
64.8641
64.8641
64.8641
64.8641
64.8641
64.8641
64.8641
64.8641
64.8641
64.8641
64.8641
64.8641
64.8641
64.8641
64.8641
64.8641
64.8641
64.8641
64.8641
64.8641
64.8641
64.8641
64.8641
64.8641
64.8641
64.8641
64.8641
64.8641
64.8641
64.8641
64.8641
64.8641
64.8641
64.8641
64.8641
64.8641
64.8641
64.8641
64.8641
64.8641
64.8641
64.8641
64.8641
64.8641
64.8641
64.8641
64.8641
64.8641
64.8641
64.8641
64.8641
64.8641
64.8641
64.8641
64.8641
64.8641
64.8641
64.8641
64.8641
64.8641
64.8641
64.8641
64.8641
64.8641
64.8641
64.8641
64.8641
64.8641
64.8641
64.8641
64.8641
64.8641
64.8641
64.8641
64.8641
64.8641
64.8641
64.8641
64.8641
64.8641
64.8641
64.8641
64.8641
64.8641
64.8641
64.8641
64.8641
64.8641
64.8641
64.8641
64.8641
64.8641
64.8641
64.8641
64.8641
64.8641
64.8641
64.8641
64.8641
64.8641
64.8641
64.8641
64.8641
64.8641
64.8641
64.8641
64.8641
64.8641
64.8641
64.8641
64.8641
64.8641
64.8641
64.8641
64.8641
64.8641
64.8641
64.8641
64.8641
64.8641
64.8641
64.8641
64.8641
64.8641
64.8641
64.8641
64.8641
64.8641
64.8641
64.8641
64.8641
64.8641
64.8641
64.8641
64.8641
64.8641
64.8641
64.8641
64.8641
64.8641
64.8641
64.8641
64.8641
64.8641
64.8641
64.8641
64.8641
64.8641
64.8641
64.8641
64.8641
64.8641
64.8641
64.8641
64.8641
64.8641
64.8641
64.8641
64.8641
64.8641
64.8641
64.8641
64.8641
64.8641
64.8641
64.8641
64.8641
64.8641
64.8641
64.8641
64.8641
64.8641
64.8641
64.8641
64.8641
64.8641
64.8641
64.8641
64.8641
64.8641
64.8641
64.8641
64.8641
64.8641
64.8641
64.8641
64.8641
64.8641
64.8641
64.8641
64.8641
64.8641
64.8641
64.8641
64.8641
64.8641
64.8641
64.8641
64.8641
64.8641
64.8641
64.8641
64.8641
64.8641
64.8641
64.8641
64.8641
64.8641
64.8641
64.8641
64.8641
64.8641
64.8641
64.8641
64.8641
64.8641
64.8641
64.8641
64.8641
64.8641
64.8641
64.8641
64.8641
64.8641
64.8641
64.8641
64.8641
64.8641
64.8641
64.8641
64.8641
64.8641
64.8641
64.8641
64.8641
64.8641
64.8641
64.8641
64.8641
64.8641
64.8641
64.8641
64.8641
64.8641
64.8641
64.8641
64.8641
64.8641
64.8641
64.8641
64.8641
64.8641
64.8641
64.8641
64.8641
64.8641
64.8641
64.8641
64.8641
64.8641
64.8641
64.8641
64.8641
64.8641
64.8641
64.8641
64.8641
64.8641
64.8641
64.8641
64.8641
64.8641
64.8641
64.8641
64.8641
64.8641
64.8641
64.8641
64.8641
64.8641
64.8641
64.8641
64.8641
64.8641
64.8641
64.8641
64.8641
64.8641
64.8641
64.8641
64.8641
64.8641
64.8641
64.8641
64.8641
64.8641
64.8641
64.8641
64.8641
64.8641
64.8641
64.8641
64.8641
64.8641
64.8641
64.8641
64.8641
64.8641
64.8641
64.8641
64.8641
64.8641
64.8641
64.8641
64.8641
64.8641
64.8641
64.8641
64.8641
64.8641
64.8641
64.8641
64.8641
64.8641
64.8641
64.8641
64.8641
64.8641
64.8641
64.8641
64.8641
64.8641
64.8641
64.8641
64.8641
64.8641
64.8641
64.8641
64.8641
64.8641
64.8641
64.8641
64.8641
64.8641
64.8641
64.8641
64.8641
64.8641
64.8641
64.8641
64.8641
64.8641
64.8641
64.8641
64.8641
64.8641
64.8641
64.8641
64.8641
64.8641
64.8641
64.8641
64.8641
64.8641
64.8641
64.8641
64.8641
64.8641
64.8641
64.8641
64.8641
64.8641
64.8641
64.8641
64.8641
64.8641
64.8641
64.8641
64.8641
64.8641
64.8641
64.8641
64.8641
64.8641
64.8641
64.8641
64.8641
64.8641
64.8641
64.8641
64.8641
64.8641
64.8641
64.8641
64.8641
64.8641
64.8641
64.8641
64.8641
64.8641
64.8641
64.8641
64.8641
64.8641
64.8641
64.8641
64.8641
64.8641
64.8641
64.8641
64.8641
64.8641
64.8641
64.8641
64.8641
64.8641
64.8641
64.8641
64.8641
64.8641
64.8641
64.8641
64.8641
64.8641
64.8641
64.8641
64.8641
64.8641
64.8641
64.8641
64.8641
64.8641
64.8641
64.8641
64.8641
64.8641
64.8641
64.8641
64.8641
64.8641
64.8641
64.8641
64.8641
64.8641
64.8641
64.8641
64.8641
64.8641
64.8641
64.8641
64.8641
64.8641
64.8641
64.8641
64.8641
64.8641
64.8641
64.8641
