432.958
424.884
407.467
402.326
381.632
378.723
374.451
360.676
360.259
348.669
344.749
334.241
326.636
320.08
317.839
312.712
307.164
304.4
301.045
299.616
296.108
294.861
279.234
274.481
269.993
268.43
255.612
251.617
251.617
248.936
246.432
239.571
238.549
233.698
233.698
231.824
224.243
224.243
224.243
223.173
221.953
221.707
218.713
217.492
215.76
210.868
210.86
208.774
206.755
206.748
203.045
202.342
199.526
197.292
196.994
195.584
195.147
191.885
190.494
190.099
190.099
187.125
187
187
185.914
185.905
180.306
177.101
177.101
174.201
174.201
171.644
169.868
169.868
168.494
166.483
166.483
166.483
165.432
164.409
162.545
161.823
161.107
161.107
160.999
159.929
158.909
158.641
158.641
158.183
157.902
155.499
155.499
155.499
154.41
154.41
153.561
152.901
150.564
150.084
149.114
149.055
148.52
148.52
147.912
147.912
147.912
147.912
146.637
146.637
146.329
145.845
145.845
145.268
145.214
144.939
143.396
143.396
143.362
142.489
142.489
142.489
142.489
141.162
140.725
140.725
140.725
139.716
139.114
137.449
137.449
136.679
136.07
135.864
135.126
135.126
134.356
134.346
132.004
131.223
131.223
131.03
129.369
129.369
128.31
128.31
128.31
128.31
127.676
126.846
126.846
126.846
126.846
126.846
126.108
125.799
123.923
123.848
123.848
122.799
122.799
121.267
120.528
120.528
119.222
118.483
117.614
117.614
116.713
116.713
114.863
114.863
114.863
114.636
113.436
113.139
112.384
112.384
111.61
111.593
111.593
111.382
110.59
110.126
110.126
109.334
109.326
107.432
107.432
106.176
106.176
106.176
105.685
105.643
105.152
104.773
104.773
104.173
104.173
104.173
104.173
103.798
103.798
103.798
103.682
102.732
102.732
102.732
102.732
102.732
102.732
102.732
102.732
102.732
102.732
102.732
102.732
101.116
101.116
101.116
101.116
101.116
101.116
101.116
101.088
101.088
101.047
101.047
101.047
95.7656
95.7656
95.7656
95.7656
95.7656
95.7656
95.4642
95.3775
95.3775
95.3775
93.8558
93.8558
93.8558
93.8558
93.8558
93.5876
93.5876
93.5876
92.8064
92.8064
92.7491
92.0556
91.9983
91.9983
91.9983
91.9983
91.9983
90.9542
90.9542
90.9542
90.9542
90.5709
90.5709
90.5709
89.9479
89.6699
89.6276
89.6276
89.6276
89.6276
89.0135
89.0135
89.0135
89.0135
89.0135
89.0135
89.0135
89.0135
89.0135
88.8558
88.8558
88.8558
88.8558
88.3948
88.3948
88.3948
88.3948
88.286
88.1733
88.0645
88.0645
88.0645
87.9318
87.774
87.5525
87.5098
87.5098
87.5098
87.5098
87.5098
87.5098
86.7454
86.7454
86.7454
86.7454
86.5946
86.5603
86.5425
86.2614
86.0123
85.6172
85.3524
85.3524
85.3524
85.2742
85.2742
85.2742
85.2742
85.2742
85.2742
83.9551
83.9551
83.9551
83.9551
83.9551
83.4408
83.4408
83.178
83.178
83.178
83.178
83.178
83.178
83.178
83.178
83.178
83.178
83.178
83.178
83.178
82.1449
82.1449
82.1449
82.1449
82.1449
82.1449
82.1449
82.1449
82.1449
82.1449
81.3911
81.3911
81.3911
81.3911
81.3911
81.3911
81.3911
81.3911
81.3911
81.2755
81.2755
80.8554
80.8554
80.8554
80.8554
80.8554
80.7921
80.7921
80.7921
80.6905
80.6271
80.6271
80.6271
80.6271
80.6271
80.6271
80.6132
80.6132
80.6132
80.6132
78.8356
78.8356
78.8356
78.8356
78.8356
78.8356
78.8356
78.8356
78.8356
78.8356
78.8356
78.6853
78.6853
78.6853
78.6853
78.6853
78.6853
78.6853
78.6853
78.6853
78.5611
78.5611
78.5611
78.5611
78.19
78.19
78.19
78.19
78.19
78.19
78.19
78.19
78.19
78.19
78.19
78.19
78.19
78.19
78.19
78.19
78.19
78.19
78.0949
78.0316
78.0316
77.9365
77.9365
77.9365
77.8793
77.7209
77.7209
77.7209
77.7209
77.7209
77.7209
77.7209
77.0916
76.7547
76.6999
76.363
75.9339
75.9339
75.9339
75.9339
75.9053
75.9053
75.6653
75.6653
75.6653
75.6653
75.6653
75.6653
75.0084
75.0084
75.0084
75.0084
74.5051
74.5051
74.5051
74.5051
74.5051
74.5051
74.5051
74.5051
74.5051
74.5051
74.5051
74.5051
74.5051
74.5051
74.5051
74.5051
74.5051
74.5051
74.5051
74.5051
74.5051
74.5051
74.5051
74.5051
74.5051
74.5051
74.5051
74.5051
74.5051
74.5051
74.5051
74.5051
74.5051
74.5051
74.5051
74.5051
74.5051
74.5051
74.5051
74.5051
74.5051
74.2759
74.1615
74.1615
74.1615
74.1615
74.1615
74.0472
73.9328
73.7036
73.6978
73.4686
73.4686
73.4686
73.4686
73.4686
72.9577
72.9577
72.9577
72.9577
72.9577
72.9577
72.9577
72.9577
72.9577
72.9577
72.9577
72.9577
72.9577
72.9577
72.9577
72.9577
72.9577
72.9577
72.9577
72.9577
72.9577
72.9577
72.9577
72.9577
72.9577
72.9577
72.9577
72.9577
72.9577
72.9577
72.9577
71.4377
71.4377
71.4377
71.4377
71.4377
71.1043
71.1043
71.1043
71.1043
71.1043
71.1043
71.1043
71.1043
71.1043
71.1043
71.1043
71.1043
71.1043
71.1043
71.1043
71.1043
71.1043
71.1043
71.1043
71.1043
71.1043
71.1043
71.1043
71.1043
71.1043
71.034
71.034
71.034
71.034
71.034
71.034
71.034
70.4381
70.4381
70.4381
70.4381
70.4381
70.4381
70.4381
70.4381
70.4381
70.4381
70.4381
70.4381
70.4381
70.4381
70.4381
70.4381
70.4381
70.4381
70.4381
70.4381
70.4381
70.4381
70.4381
70.4381
70.4381
70.4381
70.4381
70.4381
70.4381
70.4381
70.4381
70.4381
70.171
70.171
69.9566
69.9566
69.9566
69.9566
69.9566
69.9566
69.9566
69.9566
69.9566
69.9566
69.9566
69.9566
69.9566
69.9566
69.9566
69.9566
69.9566
69.9566
69.9566
69.9566
69.9566
69.9566
69.9566
69.9385
69.9385
69.9385
69.9385
69.9385
69.9385
69.9385
69.9385
69.9385
69.9385
69.9385
69.9385
69.9385
69.9385
69.9385
69.9385
69.9385
69.9385
69.9385
69.9385
69.9385
69.9385
69.7259
69.7259
69.7259
69.7259
69.7259
69.7259
69.7259
69.7259
69.7259
69.7259
69.7259
69.7259
69.7259
69.7259
69.7259
69.7259
69.7259
69.7259
69.7259
69.7259
69.7259
69.7259
69.7259
69.7259
69.7259
69.7259
69.7259
69.7259
69.7259
69.7259
69.7259
69.7259
69.7259
69.7259
69.7259
69.7259
69.7259
69.7259
69.7259
69.7259
69.7259
69.7259
69.7259
69.7259
69.7259
69.7259
69.7259
69.7259
69.7259
69.7259
69.7259
69.7259
69.7259
69.7259
69.7259
69.7259
69.7259
69.7259
69.7259
69.7259
69.7259
69.7259
69.7259
69.7259
69.7259
69.7259
69.7259
69.7259
69.7259
69.7259
69.7259
69.7259
69.7259
69.7259
69.7259
69.7259
69.7259
69.7259
69.7259
69.7259
69.7259
69.7259
69.7259
69.7259
69.7259
69.7259
69.7259
69.7259
69.7259
69.7259
69.7259
69.7259
69.7259
69.7259
69.7259
69.7259
69.7259
69.7259
69.7259
69.7259
69.7259
69.7259
69.7259
69.7259
69.7259
69.7259
69.7259
69.7259
69.7259
69.7259
69.7259
69.7259
69.7259
69.7259
69.7259
69.7259
69.7259
69.7259
69.7259
69.7259
69.7259
69.7259
69.7259
69.7259
69.7259
69.7259
69.7259
69.7259
69.7259
69.7259
69.7259
69.7259
69.7259
69.7259
69.7259
69.7259
69.7259
69.7259
69.7259
69.7259
69.7259
69.7259
69.7259
69.7259
69.7259
69.7259
69.7259
69.7259
69.7259
69.7259
69.7259
69.7259
69.7259
69.7259
69.7259
69.7259
69.7259
69.7259
69.7259
69.7259
69.7259
69.7259
69.7259
69.7259
69.7259
69.7259
69.7259
69.7259
69.7259
69.7259
69.7259
69.7259
69.7259
69.7259
69.7259
69.7259
69.7259
69.7259
69.7259
69.7259
69.7259
69.7259
69.7259
69.7259
69.7259
69.7259
69.7259
69.7259
69.7259
69.7259
69.7259
69.7259
69.7259
69.7259
69.7259
69.7259
69.7259
69.7259
69.7259
69.7259
69.7259
69.7259
69.7259
69.7259
69.7259
69.7259
69.7259
69.7259
69.7259
69.7259
69.7259
69.7259
69.7259
69.7259
69.7259
69.7259
69.7259
69.7259
69.7259
69.7259
69.7259
69.7259
69.5393
69.5393
69.5393
69.5393
69.5393
69.5393
69.5393
69.5393
69.5393
69.5393
69.5393
69.5393
69.5393
69.5393
69.5393
69.5393
69.5393
69.5393
69.5393
69.5393
69.5393
69.5393
69.5393
69.5393
69.5393
69.5393
69.5393
69.5393
69.4804
69.4804
69.4804
69.4685
69.4685
69.4685
69.4685
69.4685
69.4685
69.4685
69.4685
69.4685
69.4685
69.4685
69.4685
69.4685
69.4685
69.4685
69.4685
69.4685
69.4685
69.4685
69.4685
69.4685
69.4685
69.4685
69.4685
69.4685
69.4685
69.4685
69.4685
69.4685
69.4685
69.4685
69.4685
69.4685
69.4685
69.4685
69.4685
69.4685
69.4685
69.4685
69.4685
69.4685
69.4685
69.4685
69.4685
69.4685
69.4685
69.4685
69.4685
69.4685
69.4685
69.4685
69.4685
69.4685
69.4685
69.4685
69.4685
69.4685
69.4685
69.4685
69.4685
69.4685
69.4685
69.4685
69.4685
69.4685
69.4685
69.4685
69.4685
69.4685
69.4685
69.4685
69.4685
69.4685
69.4685
69.4685
69.4685
69.4685
69.4685
69.4685
69.3971
69.3971
69.3971
69.3971
69.3971
69.3971
69.3971
69.3971
69.3971
69.3971
69.3971
69.3971
69.3971
69.3971
69.3971
69.3971
69.3971
69.3971
69.1265
69.1265
69.1265
69.1265
69.1265
69.1265
69.1265
69.1265
69.1265
69.1265
69.1265
69.1265
69.1265
69.1265
69.1265
69.1265
69.1265
69.1265
69.1265
69.1265
69.1265
69.1265
69.1265
69.1265
69.1265
69.1265
69.1265
69.1265
69.1265
69.1265
69.1265
69.1265
69.1265
69.1265
69.1265
69.1265
69.1265
69.1265
69.1265
69.1265
69.1265
69.1265
69.1265
69.1265
69.1265
69.1265
68.7346
68.7346
68.7346
68.7346
68.7346
68.7346
68.7346
68.7346
68.7346
68.7346
68.7346
68.7346
68.7346
68.7346
68.7346
68.7346
68.7346
68.7346
68.7346
68.7346
68.7346
68.7346
68.7346
68.7346
68.7346
68.7346
68.7346
68.7346
68.7346
68.7346
68.7346
68.7346
68.7346
68.7346
68.7346
68.7346
68.7346
68.7346
68.7346
68.7346
68.7346
68.7346
68.7346
68.7346
68.7346
68.7346
68.7346
68.7346
68.7346
68.7346
68.7346
68.7346
68.7346
68.7346
68.7346
68.7346
68.7346
68.7346
68.7346
68.7346
68.7346
68.7346
68.7346
68.7346
68.7346
68.7346
68.7346
68.7346
68.7346
68.7346
68.7346
68.7346
68.7346
68.7346
68.7346
68.7346
68.7346
68.7346
68.7346
68.7346
68.7346
68.7346
68.7346
68.7346
68.7346
68.7346
68.7346
68.7346
68.7346
68.7346
68.7346
68.7346
68.7346
68.7346
68.7346
68.7346
68.7346
68.7346
68.7346
68.7346
68.7346
68.7346
68.7346
68.7346
68.7346
68.7346
68.7346
68.7346
68.7346
68.7346
68.7346
68.7346
68.7346
68.7346
68.7346
68.7346
68.7346
68.7346
68.7346
68.7346
68.7346
68.7346
68.7346
68.7346
68.7346
68.7346
68.7346
68.7346
68.7346
68.7346
68.7346
68.7346
68.7346
68.7346
68.7346
68.7346
68.7346
68.7346
68.7346
68.7346
68.7346
68.7346
68.7346
68.7346
68.7346
68.7346
68.7346
68.7346
68.7346
68.7346
68.7346
68.7346
68.7346
68.7346
68.7346
68.7346
68.7346
68.7346
68.7346
68.7346
68.7346
68.2119
68.2119
68.2119
68.2119
68.2119
68.2119
68.2119
68.2119
68.2119
68.2119
68.2119
68.2119
68.2119
68.2119
68.2119
68.2119
68.2119
68.2119
68.2119
68.2119
68.2119
68.2119
68.2119
68.2119
68.2119
68.2119
68.2119
68.2119
68.2119
68.2119
68.2119
68.2119
68.2119
68.2119
68.2119
68.2119
68.2119
68.2119
68.2119
68.2119
68.2119
68.2119
68.2119
68.2119
68.2119
68.2119
68.2119
68.2119
68.2119
68.2119
68.2119
68.2119
68.2119
68.2119
68.2119
68.2119
68.2119
68.2119
68.2119
68.2119
68.2119
68.2119
68.2119
68.2119
68.2119
68.2119
68.2119
68.2119
68.2119
68.2119
68.2119
68.2119
68.2119
68.2119
68.2119
68.2119
68.2119
68.2119
68.2119
68.2119
68.2119
68.2119
68.2119
68.2119
68.2119
68.2119
68.2119
68.2119
68.2119
68.2119
68.2119
68.2119
68.2119
68.2119
68.2119
68.2119
68.2119
68.2119
68.2119
68.2119
68.2119
68.2119
68.2119
68.2119
68.2119
68.2119
68.2119
68.2119
68.2119
68.2119
68.2119
68.2119
68.2119
68.2119
68.2119
68.2119
68.2119
68.2119
68.2119
68.2119
68.2119
68.2119
68.2119
68.2119
68.2119
68.2119
68.2119
68.2119
68.2119
68.2119
68.2119
68.2119
68.2119
68.2119
68.2119
68.2119
68.2119
68.2119
68.2119
68.2119
68.2119
68.2119
68.2119
68.2119
68.2119
68.2119
68.2119
68.2119
68.2119
68.2119
68.2119
68.2119
68.2119
68.2119
68.2119
68.2119
68.2119
68.2119
68.2119
68.2119
68.2119
68.2119
68.2119
68.2119
68.2119
68.2119
68.2119
68.2119
68.2119
68.2119
68.2119
68.2119
68.2119
68.2119
68.2119
68.2119
68.2119
68.2119
68.2119
68.2119
68.2119
68.2119
68.2119
68.2119
68.2119
68.2119
68.2119
68.2119
68.2119
68.2119
68.2119
68.2119
68.2119
68.2119
68.2119
68.2119
68.2119
68.2119
68.2119
68.2119
68.2119
68.2119
68.2119
68.2119
68.2119
68.2119
68.2119
68.2119
68.0609
68.0609
68.0609
68.0609
68.0609
68.0609
68.0609
68.0609
68.0609
68.0609
68.0609
68.0609
68.0609
68.0609
68.0609
68.0609
68.0609
68.0609
68.0609
68.0609
68.0609
68.0609
68.0609
68.0609
68.0609
68.0609
68.0609
68.0609
68.0609
68.0609
68.0609
68.0609
68.0609
68.0609
68.0609
68.0609
68.0609
68.0609
68.0609
68.0609
68.0609
68.0609
68.0609
68.0609
68.0609
68.0609
68.0609
68.0609
68.0609
68.0609
68.0609
68.0609
68.0609
68.0609
68.0609
68.0609
68.0609
68.0609
68.0609
68.0609
68.0609
68.0609
68.0609
68.0609
68.0609
68.0609
68.0609
68.0609
68.0609
68.0609
68.0609
68.0609
68.0609
68.0609
68.0609
68.0609
68.0609
68.0609
68.0609
68.0609
68.0609
68.0609
68.0609
68.0609
68.0609
68.0609
68.0609
68.0609
68.0609
68.0609
68.0609
68.0609
68.0609
68.0609
68.0609
68.0609
68.0609
68.0609
68.0609
68.0609
68.0609
68.0609
68.0609
68.0609
68.0609
68.0609
68.0609
68.0609
68.0609
68.0609
68.0609
68.0609
68.0609
68.0609
68.0609
68.0609
68.0609
68.0609
68.0609
68.0609
68.0609
68.0609
68.0609
68.0609
68.0609
68.0609
68.0609
68.0609
68.0609
68.0609
68.0609
68.0609
67.733
67.733
67.733
67.733
67.733
67.733
67.733
67.733
67.733
67.733
67.733
67.733
67.733
67.733
67.733
67.733
67.733
67.733
67.733
67.733
67.733
67.733
67.733
67.733
67.733
67.733
67.733
67.733
67.733
67.733
67.733
67.733
67.733
67.733
67.733
67.733
67.733
67.733
67.733
67.733
67.733
67.733
67.733
67.733
67.733
67.733
67.733
67.733
67.733
67.733
67.733
67.733
67.733
67.733
67.733
67.733
67.733
67.733
67.733
67.733
67.733
67.733
67.733
67.733
67.733
67.733
67.733
67.733
67.733
67.733
67.733
67.733
67.733
67.733
67.733
67.733
67.3991
67.3991
67.3991
67.3991
67.3991
67.3991
67.3991
67.3991
67.3991
67.3991
67.3991
67.3991
67.3991
67.3991
67.3991
67.3991
67.3991
67.3991
67.3991
67.3991
67.3991
67.3991
67.3991
67.3991
67.3991
67.3991
67.3991
67.3991
67.3991
67.3991
67.3991
67.3991
67.3991
67.3991
67.3991
67.3991
67.3991
67.3991
67.3991
67.3991
67.3991
67.3991
67.3991
67.3991
67.3991
67.3991
67.3991
67.3991
67.3991
67.3991
67.3991
67.3991
67.3991
67.3991
67.3991
67.3991
67.3991
67.3991
67.3991
67.3991
67.3991
67.3991
67.3991
67.3991
67.3991
67.3991
67.3991
67.3991
67.3991
67.3991
67.3991
67.3991
67.3991
67.3991
67.3991
67.3991
67.3991
67.3991
67.3991
67.3991
67.3991
67.3991
67.3991
67.3991
67.3991
67.3991
67.3991
67.3991
67.3991
67.3991
67.3991
67.3991
67.3991
67.3991
67.3991
67.3991
67.3991
67.3991
67.3991
67.3991
67.3991
67.3991
67.3991
67.3991
67.3991
67.3991
67.3991
67.3991
67.3991
67.3991
67.3991
67.3991
67.3991
67.3991
67.3991
67.3991
67.3991
67.3991
67.3991
67.3991
67.3991
67.3991
67.3991
67.3991
67.3991
67.3991
67.3991
67.3991
67.3991
67.3991
67.3991
67.3991
67.3991
67.3991
67.3991
67.3991
67.3991
67.3991
67.3991
67.3991
67.3991
67.3991
67.3991
67.3991
67.3991
67.3991
67.3991
67.3991
67.3991
67.3991
67.3991
67.3991
67.3991
67.3991
67.3991
67.3991
67.3991
67.3991
67.3991
67.3991
67.3991
67.3991
67.3991
67.3991
67.3991
67.3991
67.3991
67.3991
67.3991
67.3991
67.3991
67.3991
67.3991
67.3991
67.3991
67.3991
67.3991
67.3991
67.3991
67.3252
67.3252
67.3252
67.3252
67.3252
67.3252
67.3252
67.3252
67.3252
67.3252
67.3252
67.3252
67.3252
67.3252
67.3252
67.3252
67.3252
67.3252
67.3252
67.3252
67.3252
67.3252
67.3252
67.3252
67.3252
67.3252
67.3252
67.3252
67.3252
67.3252
67.3252
67.3252
67.3252
67.3252
67.3252
67.3252
67.3252
67.3252
67.3252
67.3252
67.3252
67.3252
67.3252
67.3252
67.3252
67.3252
67.3252
67.3252
67.3252
67.3252
67.3252
67.3252
67.3252
67.3252
67.3252
67.3252
67.3252
67.3252
67.3252
67.3252
67.3252
67.3252
67.3252
67.3252
67.3252
67.3252
67.3252
67.3252
67.3252
67.3252
67.3252
67.3252
67.3252
67.3252
67.3252
67.3252
67.3252
67.3252
67.3252
67.3252
67.3252
67.3252
67.3252
67.3252
67.3252
67.3252
67.3252
67.3252
67.3252
67.3252
67.3252
67.3252
67.3252
67.3252
67.3252
67.3252
67.3252
67.3252
67.3252
67.3252
67.3252
67.3252
67.3252
67.3252
67.3252
67.3252
67.3252
67.3252
67.3252
67.3252
67.3252
67.3252
67.3252
67.3252
67.3252
67.3252
67.3252
67.3252
67.3252
67.3252
67.3252
67.3252
67.3252
67.3252
67.3252
67.3252
67.3252
67.3252
67.3252
67.3252
67.3252
67.3252
67.3252
67.3252
67.3252
67.3252
67.3252
67.3252
67.3252
67.3252
67.3252
67.3252
67.3252
67.3252
67.3252
67.3252
67.3252
67.3252
67.3252
67.3252
67.3252
67.3252
67.3252
67.3252
67.3252
67.3252
67.3252
67.3252
67.3252
67.3252
67.3252
67.3252
67.3252
67.3252
67.3252
67.3252
67.3252
67.3252
67.3252
67.3252
67.3252
67.3252
67.3252
67.3252
67.3252
67.3252
67.3252
67.3252
67.3252
67.3252
67.3252
67.3252
67.3252
67.3252
67.3252
67.3252
67.3252
67.3252
67.3252
67.3252
66.3714
66.3714
66.3714
66.3714
66.3714
66.3714
66.3714
66.3714
66.3714
66.3714
66.3714
66.3714
66.3714
66.3714
66.3714
66.3714
66.3714
66.3714
66.3714
66.3714
66.3714
66.3714
66.3714
66.3714
66.3714
66.3714
66.3714
66.3714
66.3714
66.3714
66.3714
66.3714
66.3714
66.3714
66.3714
66.3714
66.3714
66.3714
66.3714
66.3714
66.3566
66.3566
66.3566
66.3566
66.3566
66.3566
66.3566
66.3566
66.3566
66.3566
66.3566
66.3566
66.3566
66.3566
66.3566
66.3566
66.3566
66.3566
66.3566
66.3566
66.3566
66.3566
66.3566
66.3566
66.3566
66.3566
66.3566
66.3566
66.3566
66.3566
66.3566
66.3566
66.3566
66.3566
66.3566
66.3566
66.3566
66.3566
66.3566
66.3566
66.3566
66.3566
66.3566
66.3566
66.3566
66.3566
66.3566
66.3566
66.3566
66.3566
66.3566
66.3566
66.3566
66.3566
66.3566
66.3566
66.3566
66.3566
66.3566
66.3566
66.3566
66.3566
66.3566
66.3566
66.3566
66.3566
66.3566
66.3566
66.3566
66.3566
66.3566
66.3566
66.3566
66.3566
66.3566
66.3566
66.3566
66.3566
66.3566
66.3566
66.3566
66.3566
66.3566
66.3566
66.3566
66.3566
66.3566
66.3566
66.3566
66.3566
66.3566
66.3566
66.3566
66.3566
66.3566
66.3566
66.3566
66.3566
66.3566
66.3566
66.3566
66.3566
66.3566
66.3566
66.3566
66.3566
66.3566
66.3566
66.3566
66.3566
66.3566
66.3566
66.3566
66.3566
66.3566
66.3566
66.3566
66.3566
66.3566
66.3566
66.3566
66.3566
66.3566
66.3566
66.3566
66.3566
66.3566
66.3566
66.3566
66.3566
66.3566
66.3566
66.3566
66.3566
66.3566
66.3566
66.3566
66.3566
66.3566
66.3566
66.3566
66.3566
66.3566
66.3566
66.3566
66.3566
66.3566
66.3566
66.3566
66.3566
66.3566
66.3566
66.3566
66.3566
66.3566
66.3566
66.3566
66.3566
66.3566
66.3566
66.3566
66.3566
66.3566
66.3566
66.3566
66.3566
66.3566
66.3566
66.3566
66.3566
66.3566
66.3566
66.3566
66.3566
66.3566
66.3566
66.3566
66.3566
66.3566
66.3566
66.3566
66.3566
66.3566
66.3566
66.3566
66.3566
66.3566
66.3566
66.3566
66.3566
66.3566
66.3566
66.3566
66.3566
66.3566
66.3566
66.3566
66.3566
66.3566
66.3566
66.3566
66.3566
66.3566
66.3566
66.3566
66.3566
66.3566
66.3566
66.3566
66.3566
66.3566
66.3566
66.3566
66.3566
66.3566
66.3566
66.3566
66.3566
66.3566
66.3566
66.3566
66.3566
66.3566
66.3566
66.3566
66.3566
66.3566
66.3566
66.3566
66.3566
66.3566
66.3566
66.3566
66.3566
66.3566
66.3566
66.3566
66.3566
66.3566
66.3566
66.3566
66.3566
66.3566
66.3566
66.3566
66.3566
66.3566
66.3566
66.3566
66.3566
66.3566
66.3566
66.3566
66.3566
66.3566
66.3566
66.3566
66.3566
66.3566
66.3566
66.3566
66.3566
66.3566
66.3566
66.3566
66.3566
66.3566
66.3566
66.3566
66.3566
66.3566
66.3566
66.3566
66.3566
66.3566
66.3566
66.3566
66.3566
66.3566
66.3566
66.3566
66.3566
66.3566
66.3566
66.3566
66.3566
66.3566
66.3566
66.3566
66.3566
66.3566
66.3566
66.3566
66.3566
66.3566
66.3566
66.3566
66.3566
66.3566
66.3566
66.3566
66.3566
66.3566
66.3566
66.3566
66.3566
66.3566
66.3566
66.3566
66.3566
66.3566
66.3566
66.3566
66.3566
66.3566
66.3566
66.3566
66.3566
66.3566
66.3566
66.3566
66.3566
66.3566
66.3566
66.3566
66.3566
66.3566
66.3566
66.3566
66.3566
66.3566
66.3566
66.3566
66.3566
66.3566
66.3566
66.3566
66.3566
66.3566
66.3566
66.3566
66.3566
66.3566
66.3566
66.3566
66.3566
66.3566
66.3566
66.3566
66.3566
66.3566
66.3566
66.3566
66.3566
66.3566
66.3566
66.3566
66.3566
66.3566
66.3566
66.3566
66.3566
66.3566
66.3566
66.3566
66.3566
65.998
65.998
65.998
65.998
65.998
65.998
65.998
65.998
65.998
65.998
65.998
65.998
65.998
65.998
65.998
65.998
65.998
65.998
65.998
65.998
65.998
65.998
65.998
65.998
65.998
65.998
65.998
65.998
65.998
65.998
65.998
65.998
65.998
65.998
65.998
65.998
65.998
65.998
65.998
65.998
65.998
65.998
65.998
65.998
65.998
65.998
65.998
65.998
65.998
65.998
65.998
65.998
65.998
65.998
65.998
65.998
65.998
65.998
65.998
65.998
65.998
65.998
65.998
65.998
65.998
65.998
65.998
65.998
65.998
65.998
65.998
65.998
65.998
65.998
65.998
65.998
65.998
65.998
65.998
65.998
65.998
65.998
65.998
65.998
65.998
65.998
65.998
65.998
65.998
65.998
65.998
65.998
65.998
65.998
65.998
65.998
65.998
65.998
65.998
65.998
65.998
65.998
65.998
65.998
65.998
65.998
65.998
65.998
65.998
65.998
65.998
65.998
65.998
65.998
65.998
65.998
65.998
65.998
65.998
65.998
65.998
65.998
65.998
65.998
65.998
65.998
65.998
65.998
65.998
65.998
65.998
65.998
65.998
65.998
65.998
65.998
65.998
65.998
65.998
65.998
65.998
65.998
65.998
65.998
65.998
65.998
65.998
65.998
65.998
65.998
65.998
65.998
65.998
65.998
65.998
65.998
65.998
65.998
65.998
65.998
65.998
65.998
65.998
65.998
65.998
65.998
65.998
65.998
65.998
65.998
65.998
65.998
65.998
65.998
65.998
65.998
65.998
65.998
65.998
65.998
65.998
65.998
65.998
65.998
65.998
65.998
65.998
65.998
65.998
65.998
65.998
65.998
65.998
65.998
65.998
65.998
65.998
65.998
65.998
65.998
65.998
65.998
65.998
65.998
65.998
65.998
65.998
65.998
65.998
65.998
65.998
65.998
65.998
65.998
65.998
65.998
65.998
65.998
65.998
65.998
65.998
65.998
65.998
65.998
65.998
65.998
65.998
65.998
65.998
65.998
65.998
65.998
65.998
65.998
65.998
65.998
65.998
65.998
65.998
65.998
65.998
65.998
65.998
65.998
65.998
65.998
65.998
65.998
65.998
65.998
65.998
65.998
65.998
65.998
65.998
65.998
65.998
65.998
65.998
65.998
65.998
65.998
65.998
65.998
65.998
65.998
65.998
65.998
65.998
65.998
65.998
65.998
65.998
65.998
65.998
65.998
65.998
65.998
65.998
65.998
65.998
65.998
65.998
65.998
65.998
65.998
65.998
65.998
65.998
65.998
65.998
65.998
65.998
65.998
65.998
65.998
65.998
65.998
65.998
65.998
65.998
65.998
65.998
65.998
65.998
65.998
65.998
65.998
65.998
65.998
65.998
65.998
65.998
65.998
65.998
65.998
65.998
65.998
65.998
65.998
65.998
65.998
65.998
65.998
65.998
65.998
65.998
65.998
65.998
65.998
65.998
65.998
65.998
65.998
65.998
65.998
65.998
65.998
65.998
65.998
65.998
65.998
65.998
65.998
65.998
65.998
65.998
65.998
65.998
65.998
65.998
65.998
65.998
65.998
65.998
65.998
65.998
65.998
65.998
65.998
65.998
65.998
65.998
65.998
65.998
65.998
65.998
65.998
65.998
65.998
65.998
65.998
65.998
65.998
65.998
65.998
65.998
65.998
65.998
65.998
65.998
65.998
65.998
65.998
65.998
65.998
65.998
65.998
65.998
65.998
65.998
65.998
65.998
65.998
65.998
65.998
65.998
65.998
65.998
65.998
65.998
65.998
65.998
65.998
65.998
65.998
65.998
65.998
65.998
65.998
65.998
65.998
65.998
65.998
65.998
65.998
65.998
65.998
65.998
65.998
65.998
65.998
65.998
65.998
65.998
65.998
65.998
65.998
65.998
65.998
65.998
65.998
65.998
65.998
65.998
65.998
65.998
65.998
65.998
65.998
65.998
65.998
65.998
65.998
65.998
65.998
65.998
65.998
65.998
65.998
65.998
65.998
65.998
65.998
65.998
65.998
65.998
65.998
65.998
65.998
65.998
65.998
65.998
65.998
65.998
65.998
65.998
65.998
65.998
65.998
65.998
65.998
65.998
65.998
65.998
65.998
65.998
65.998
65.998
65.998
65.998
65.998
65.998
65.998
65.998
65.998
65.998
65.998
65.998
65.998
65.998
65.998
65.998
65.998
65.998
65.998
65.998
65.998
65.998
65.998
65.998
65.998
65.998
65.998
65.998
65.998
65.998
65.998
65.998
65.998
65.998
65.998
65.998
65.998
65.998
65.998
65.998
65.998
65.998
65.998
65.998
65.998
65.998
65.998
65.998
65.998
65.998
65.998
65.998
65.998
65.998
65.998
65.998
65.998
65.998
65.998
65.998
65.998
65.998
65.998
65.998
65.998
65.998
65.998
65.998
65.998
65.998
65.998
65.998
65.998
65.998
65.998
65.998
65.998
65.998
65.998
65.998
65.998
65.998
65.998
65.998
65.998
65.998
65.998
65.998
65.998
65.998
65.998
65.998
65.998
65.998
65.998
65.998
65.998
65.998
65.998
65.998
65.998
65.998
65.998
65.998
65.998
65.998
65.998
65.998
65.998
65.998
65.998
65.998
65.998
65.998
65.998
65.998
65.998
65.8088
65.8088
65.6504
65.6504
65.6504
65.6504
65.6504
65.6504
65.6504
65.6504
65.6504
65.6504
65.6504
65.6504
65.6504
65.6504
65.6504
65.6504
65.6504
65.6504
65.6504
65.6504
65.6504
65.6504
65.6504
65.6504
65.6504
65.6504
65.6504
65.6504
65.6504
65.6504
65.6504
65.6504
65.6504
65.6504
65.6504
65.6504
65.6504
65.6504
65.6504
65.6504
65.6504
65.6504
65.6504
65.6504
65.6504
65.6504
65.6504
65.6504
65.6504
65.6504
65.6504
65.6504
65.6504
65.6504
65.6504
65.6504
65.6504
65.6504
65.6504
65.6504
65.6504
65.6504
65.6504
65.6504
65.6504
65.6504
65.6504
65.6504
65.6504
65.6504
65.6504
65.6504
65.6504
65.6504
65.6504
65.6504
65.6504
65.6504
65.6504
65.6504
65.6504
65.6504
65.6504
65.6504
65.6504
65.6504
65.6504
65.6504
65.6504
65.6504
65.6504
65.6504
65.6504
65.6504
65.6504
65.6504
65.6504
65.6504
65.6504
65.6504
65.6504
65.6504
65.6504
65.6504
65.6504
65.6504
65.6504
65.6504
65.6504
65.6504
65.6504
65.6504
65.6504
65.6504
65.6504
65.6504
65.6504
65.6504
65.6504
65.6504
65.6504
65.6504
65.6504
65.6504
65.6504
65.6504
65.6504
65.6504
65.6504
65.6504
65.6504
65.6504
65.6504
65.6504
65.6504
65.6504
65.6504
65.6504
65.6504
65.6504
65.6504
65.6504
65.6504
65.6504
65.6504
65.6504
65.6504
65.6504
65.6504
65.6504
65.6504
65.6504
65.6504
65.6504
65.6504
65.6504
65.6504
65.6504
65.6504
65.6504
65.6504
65.6504
65.6504
65.6504
65.6504
65.6504
65.6504
65.6504
65.6504
65.6504
65.6504
65.6504
65.6504
65.6504
65.6504
65.6504
65.6504
65.6504
65.6504
65.6504
65.6504
65.6504
65.6504
65.6504
65.6504
65.6504
65.6504
65.6504
65.6504
65.6504
65.6504
65.6504
65.6504
65.6504
65.6504
65.6504
65.6504
65.6504
65.6504
65.6504
65.6504
65.6504
65.6504
65.6504
65.6504
65.6504
65.6504
65.6504
65.6504
65.6504
65.6504
65.6504
65.6504
65.6504
65.6504
65.6504
65.6504
65.6504
65.6504
65.6504
65.6504
65.6504
65.6504
65.6504
65.6504
65.6504
65.6504
65.6504
65.6504
65.6504
65.6504
65.6504
65.6504
65.6504
65.6504
65.6504
65.6504
65.6504
65.6504
65.6504
65.6504
65.6504
65.6504
65.6504
65.6504
65.6504
65.6504
65.6504
65.6504
65.6504
65.6504
65.6504
65.6504
65.6504
65.6504
65.6504
65.6504
65.6504
65.6504
65.6504
65.6504
65.6504
65.6504
65.6504
65.6504
65.6504
65.6504
65.6504
65.6504
65.6504
65.6504
65.6504
65.6504
65.6504
65.6504
65.6504
65.6504
65.6504
65.6504
65.6504
65.6504
65.6504
65.6504
65.6504
65.6504
65.6504
65.6504
65.6504
65.6504
65.6504
65.6504
65.6504
65.6504
65.6504
65.6504
65.6504
65.6504
65.6504
65.6504
65.6504
65.6504
65.6504
65.6504
65.6504
65.6504
65.6504
65.6504
65.6504
65.6504
65.6504
65.6504
65.6504
65.6504
65.6504
65.6504
65.6504
65.6504
65.6504
65.6504
65.6504
65.6504
65.6504
65.6504
65.6504
65.6504
65.6504
65.6504
65.6504
65.6504
65.6504
65.6504
65.6504
65.6504
65.6504
65.6504
65.6504
65.6504
65.6504
65.6504
65.6504
65.6504
65.6504
65.6504
65.6504
65.6504
65.6504
65.6504
65.6504
65.6504
65.6504
65.6504
65.6504
65.6504
65.6504
65.6504
65.6504
65.6504
65.6504
65.6504
65.6504
65.6504
65.6504
65.6504
65.6504
65.6504
65.6504
65.6504
65.6504
65.6504
65.6504
65.6504
65.6504
65.6504
65.6504
65.6504
65.6504
65.6504
65.6504
65.6504
65.6504
65.6504
65.6504
65.6504
65.6504
65.6504
65.6504
65.6504
65.6504
65.6504
65.6504
65.6504
65.6504
65.6504
65.6504
65.6504
65.6504
65.6504
65.6504
65.6504
65.6504
65.6504
65.6504
65.6504
65.6504
65.6504
65.6504
65.6504
65.6504
65.6504
65.6504
65.6504
65.6504
65.6504
65.6504
65.6504
65.6504
65.6504
65.6504
65.6504
65.6504
65.6504
65.6504
65.6504
65.6504
65.6504
65.6504
65.6504
65.6504
65.6504
65.6504
65.6504
65.6504
65.6504
65.6504
65.6504
65.6504
65.6504
65.6504
65.6504
65.6504
65.6504
65.6504
65.6504
65.6504
65.6504
65.6504
65.6504
65.6504
65.6504
65.6504
65.6504
65.6504
65.6504
65.6504
65.6504
65.6504
65.6504
65.6504
65.6504
65.6504
65.6504
65.6504
65.6504
65.6504
65.6504
65.6504
65.6504
65.6504
65.6504
65.6504
65.6504
65.6504
65.6504
65.6504
65.6504
65.6504
65.6504
65.6504
65.6504
65.6504
65.6504
65.6504
65.6504
65.6504
65.6504
65.6504
65.6504
65.6504
65.6504
65.6504
65.6504
65.6504
65.6504
65.6504
65.6504
65.6504
65.6504
65.6504
65.3287
65.3287
65.3287
65.1785
65.1785
65.1785
65.1785
65.1785
65.1785
65.1785
65.1785
65.1785
65.1785
65.1785
65.1785
65.1785
65.1785
65.1785
65.1785
65.1785
65.1785
65.1785
65.1785
65.1785
65.1785
65.1785
65.1785
65.1785
65.1785
65.1785
65.1785
65.1785
65.1785
65.1785
65.1785
65.1785
65.1785
65.1785
65.1785
65.1785
65.1785
65.1785
65.1785
65.1785
65.1785
65.1785
65.1785
65.1785
65.1785
65.1785
65.1785
65.1785
65.1785
65.1785
65.1785
65.1785
65.1785
65.1785
65.1785
65.1785
65.1785
65.1785
65.1785
65.1785
65.1785
65.1785
65.1785
65.1785
65.1785
65.1785
65.1785
65.1785
65.1785
65.1785
65.1785
65.1785
65.1785
65.1785
65.1785
65.1785
65.1785
65.1785
65.1785
65.1785
65.1785
65.1785
65.1785
65.1785
65.1785
65.1785
65.1785
65.1785
65.1785
65.1785
65.1785
65.1785
65.1785
65.1785
65.1785
65.1785
65.1785
65.1785
65.1785
65.1785
65.1785
65.1785
65.1785
65.1785
65.1785
65.1785
65.1785
65.1785
65.1785
65.1785
65.1785
65.1785
65.1785
65.1785
65.1785
65.1785
65.1785
65.1785
65.1785
65.1785
65.1785
65.1785
65.1785
65.1785
65.1785
65.1785
65.1785
65.1785
65.1785
65.1785
65.1785
65.1785
65.1785
65.1785
65.1785
65.1785
65.1785
65.1785
65.1785
65.1785
65.1785
65.1785
65.1785
65.1785
65.1785
65.1785
65.1785
65.1785
65.1785
65.1785
65.1785
65.1785
65.1785
65.1785
65.1785
65.1785
65.1785
65.1785
65.1785
65.1785
65.1785
65.1785
65.1785
65.1785
65.1785
65.1785
65.1785
65.1785
65.1785
65.1785
65.1785
65.1785
65.1785
65.1785
65.1785
65.1785
65.1785
65.1785
65.1785
65.1785
65.1785
65.1785
65.1785
65.1785
65.1785
65.1785
65.1785
65.1785
65.1785
65.1785
65.1785
65.1785
65.1785
65.1785
65.1785
65.1785
65.1785
65.1785
65.1785
65.1785
65.1785
65.1785
65.1785
65.1785
65.1785
65.1785
65.1785
65.1785
65.1785
65.1785
65.1785
65.1785
65.1785
65.1785
65.1785
65.1785
65.1785
65.1785
65.1785
65.1785
65.1785
65.1785
65.1785
65.1785
65.1785
65.1785
65.1785
65.1785
65.1785
65.1785
65.1785
65.1785
65.1785
65.1785
65.1785
65.1785
65.1785
65.1785
65.1785
65.1785
65.1785
65.1785
65.1785
65.1785
65.1785
65.1785
65.1785
65.1785
65.1785
65.1785
65.1785
65.1785
65.1785
65.1785
65.1785
65.1785
65.1785
65.1785
65.1785
65.1785
65.1785
65.1785
65.1785
65.1785
65.1785
65.1785
65.1785
65.1785
65.1785
65.1785
65.1785
65.1785
65.1785
65.1785
65.1785
65.1785
65.1785
65.1785
65.1785
65.1785
65.1785
65.1785
65.1785
65.1785
65.1785
65.1785
65.1785
65.1785
65.1785
65.1785
65.1785
65.1785
65.1785
65.1785
65.1785
65.1785
65.1785
65.1785
65.1785
65.1785
65.1785
65.1785
65.1785
65.1785
65.1785
65.1785
65.1785
65.1785
65.1785
65.1785
65.1785
65.1785
65.1785
65.1785
65.1785
65.1785
65.1785
65.1785
65.1785
65.1785
65.1785
65.1785
65.1785
65.1785
65.1785
65.1785
65.1785
65.1785
65.1785
65.1785
65.1785
65.1785
65.1785
65.1785
65.1785
65.1785
65.1785
65.1785
65.1785
65.1785
65.1785
65.1785
65.1785
65.1785
65.1785
65.1785
65.1785
65.1785
65.1785
65.1785
65.1785
65.1785
65.1785
65.1785
65.1785
65.1785
65.1785
65.1785
65.1785
65.1785
65.1785
65.1785
65.1785
65.1785
65.1785
65.1785
65.1785
65.1785
65.1785
65.1785
65.1785
65.1785
65.1785
65.1785
65.1785
65.1785
65.1785
65.1785
65.1785
65.1785
65.1785
65.1785
65.1785
65.1785
65.1785
65.1785
65.1785
65.1785
65.1785
65.1785
65.1785
65.1785
65.1785
65.1785
65.1785
65.1785
65.1785
65.1785
65.1785
65.1785
65.1785
65.1785
65.1785
65.1785
65.1785
65.1785
65.1785
65.1785
65.1785
65.1785
65.1785
65.1785
65.1785
65.1785
65.1785
65.1785
65.1785
65.1785
65.1785
65.1785
65.1785
65.1785
65.1785
65.1785
65.1785
65.1785
65.1785
65.1785
65.1785
65.1785
65.1785
65.1785
65.1785
65.1785
65.1785
65.1785
65.1785
65.1785
65.1785
65.1785
65.1785
65.1785
65.1785
65.1785
65.1785
65.1785
65.1785
65.1785
65.1785
65.1785
65.1785
65.1785
65.1785
65.1785
65.1785
65.1785
65.1785
65.1785
65.1785
65.1785
65.1785
65.1785
65.1785
65.1785
65.1785
65.1785
65.1785
65.1785
65.1785
65.1785
65.1785
65.1785
65.1785
65.1785
65.1785
65.1785
65.1785
65.1785
65.1785
65.1785
65.1785
65.1785
65.1785
65.1785
65.1785
65.1785
65.1785
65.1785
65.1785
65.1785
65.1785
65.1785
65.1785
65.1785
65.1785
65.1785
65.1785
65.1785
65.1785
65.1785
65.1785
65.1785
65.1785
65.1785
65.1785
65.1785
65.1785
65.1785
65.1785
65.1785
65.1785
65.1785
65.1785
65.1785
65.1785
65.1785
65.1785
65.1785
65.1785
65.1785
65.1785
65.1785
65.1785
65.1785
65.1785
65.1785
65.1785
65.1785
65.1785
65.1785
65.1785
65.1785
65.1785
65.1785
65.1785
65.1785
65.1785
65.1785
65.1785
65.1785
65.1785
65.1785
65.1785
65.1785
65.1785
65.1785
65.1785
65.1785
65.1785
65.1785
65.1785
65.1785
65.1785
65.1785
65.1785
65.1785
65.1785
65.1785
65.1785
65.1785
65.1785
65.1785
65.1785
65.1785
65.1785
65.1785
65.1785
65.1785
65.1785
65.1785
65.1785
65.1785
65.1785
65.1785
65.1785
65.1785
65.1785
65.1785
65.1785
65.1785
65.1785
65.1785
65.1785
65.1785
65.1785
65.1785
65.1785
65.1785
65.1785
65.1785
65.1785
65.1785
65.1785
65.1785
65.1785
65.1785
65.1785
65.1785
65.1785
65.1785
65.1785
65.1785
65.1785
65.1785
65.1785
65.1785
65.1785
65.1785
65.1785
65.1785
65.1785
65.1785
65.1785
65.1785
65.1785
65.1785
65.1785
65.1785
65.1785
65.1785
65.1785
65.1785
65.1785
65.1785
65.1785
65.1785
65.1785
65.1785
65.1785
65.1785
65.1785
65.1785
65.1785
65.1785
65.1785
65.1785
65.1785
65.1785
65.1785
65.1785
65.1785
65.1785
65.1785
65.1785
65.1785
65.1785
65.1785
65.1785
65.1785
65.1785
65.1785
65.1785
65.1785
65.1785
65.1785
65.1785
65.1785
65.1785
65.1785
65.1785
65.1785
65.1785
65.1785
65.1785
65.1785
65.1785
65.1785
65.1785
65.1785
65.1785
65.1785
65.1785
65.1785
65.1785
65.1785
65.1785
65.1785
65.1785
65.1785
65.1785
65.1785
65.1785
65.1785
65.1785
65.1785
65.1785
65.1785
65.1785
65.1785
65.1785
65.1785
65.1785
65.1785
65.1785
65.1785
65.1785
65.1785
65.1785
65.1785
65.1785
65.1785
65.1785
65.1785
65.1785
65.1785
65.1785
65.1785
65.1785
65.1785
65.1785
65.1785
65.1785
65.1785
65.1785
65.1785
65.1785
65.1785
65.1785
65.1785
65.1785
65.1785
65.1785
65.1785
65.1785
65.1785
65.1785
65.1785
65.1785
65.1785
65.1785
65.1785
65.1785
65.1785
65.1785
65.1785
65.1785
65.1785
65.1785
65.1785
65.1785
65.1785
65.1785
65.1785
65.1785
65.1785
65.1785
65.1785
65.1785
65.1785
65.1785
65.1785
65.1785
65.1785
65.1785
65.1785
65.1785
65.1785
65.1785
65.1785
65.1785
65.1785
65.1785
65.1785
65.1785
65.1785
65.1785
65.1785
65.1785
65.1785
65.1785
65.1785
65.1785
65.1785
65.1785
65.1785
65.1785
65.1785
65.1785
65.1785
65.1785
65.1785
65.1785
65.1785
65.1785
65.1785
65.1785
65.1785
65.1785
65.1785
65.1785
65.1785
65.1785
65.1785
65.1785
65.1785
65.1785
65.1785
65.1785
65.1785
65.1785
65.1785
65.1785
65.1785
65.1785
65.1785
65.1785
65.1785
65.1785
65.1785
65.1785
65.1785
65.1785
65.1785
65.1785
65.1785
65.1785
65.1785
65.1785
65.1785
65.1785
65.1785
65.1785
65.1785
65.1785
65.1785
65.1785
65.1785
65.1785
65.1785
65.1785
65.1785
65.1785
65.1785
65.1785
65.1785
65.1785
65.1785
65.1785
65.1785
65.1785
65.1785
65.1785
65.1785
65.1785
65.1785
65.1785
65.1785
65.1785
65.1785
65.1785
65.1785
65.1785
65.1785
65.1785
65.1785
65.1785
65.1785
65.1785
65.1785
65.1785
65.1785
65.1785
65.1785
65.1785
65.1785
65.1785
65.1785
65.1785
65.1785
65.1785
65.1785
65.1785
65.1785
65.1785
65.1785
65.1785
65.1785
65.1785
65.1785
65.1785
65.1785
65.1785
65.1785
65.1785
65.1785
65.1785
65.1785
65.1785
65.1785
65.1785
65.1785
65.1785
65.1785
65.1785
65.1785
65.1785
65.1785
65.1785
65.1785
65.1785
65.1785
65.1785
65.1785
65.1785
65.1785
65.1785
65.1785
65.1785
65.1785
65.1785
65.1785
65.1785
65.1785
65.1785
65.1785
65.1785
65.1785
65.1785
65.1785
65.1785
65.1785
65.1785
65.1785
65.1785
65.1785
65.1785
65.1785
65.1785
65.1785
65.1785
65.1785
65.1785
65.1785
65.1785
65.1785
65.1785
65.1785
65.1785
65.1785
65.1785
65.1785
65.1785
65.1785
65.1785
65.1785
65.1785
65.1785
65.1785
65.1785
65.1785
65.1785
65.1785
65.1785
65.1785
65.1785
65.1785
65.1785
65.1785
65.1785
65.1785
65.1785
65.1785
65.1785
65.1785
65.1785
65.1785
65.1785
65.1785
65.1785
65.1785
65.1785
65.1785
65.1785
65.1785
65.1785
65.1785
65.1785
65.1785
65.1785
65.1785
65.1785
65.1785
65.1785
65.1785
65.1785
65.1785
65.1785
65.1785
65.1785
65.1785
65.1785
65.1785
65.1785
65.1785
65.1785
65.1785
65.1785
65.1785
65.1785
65.1785
65.1785
65.1785
65.1785
65.1785
65.1785
65.1785
65.1785
65.1785
65.1785
65.1785
65.1785
65.1785
65.1785
65.1785
65.1785
65.1785
65.1785
65.1785
65.1785
65.1785
65.1785
65.1785
65.1785
65.1785
65.1785
65.1785
65.1785
65.1785
65.1785
65.1785
65.1785
65.1785
65.1785
65.1785
65.1785
65.1785
65.1785
65.1785
65.1785
65.1785
65.1785
65.1785
65.1785
65.1785
65.1785
65.1785
65.1785
65.1785
65.1785
65.1785
65.1785
65.1785
65.1785
65.1785
65.1785
65.1785
65.1785
65.1785
65.1785
65.1785
65.1785
65.1785
65.1785
65.1785
65.1785
65.1785
65.1785
65.1785
65.1785
65.1785
65.1785
65.1785
65.1785
65.1785
65.1785
65.1785
65.1785
65.1785
65.1785
65.1785
65.1785
65.1785
65.1785
65.1785
65.1785
65.1785
65.1785
65.1785
65.1785
65.1785
65.1785
65.1785
65.1785
65.1785
65.1785
65.1785
65.1785
65.1785
65.1785
65.1785
65.1785
65.1785
65.1785
65.1785
65.1785
65.1785
65.1785
65.1785
65.1785
65.1785
65.1785
65.1785
65.1785
65.1785
65.1785
65.1785
65.1785
65.1785
65.1785
65.1785
65.1785
65.1785
65.1785
65.1785
65.1785
65.1785
65.1785
65.1785
65.1785
65.1785
65.1785
65.1785
65.1785
65.1785
65.1785
65.1785
65.1785
65.1785
65.1785
65.1785
65.1785
65.1785
65.1785
65.1785
65.1785
65.1785
65.1785
65.1785
65.1785
65.1785
65.1785
65.1785
65.1785
65.1785
65.1785
65.1785
65.1785
65.1785
65.1785
65.1785
65.1785
65.1785
65.1785
65.1785
65.1785
65.1785
65.1785
65.1785
65.1785
65.1785
65.1785
65.1785
65.1785
65.1785
65.1785
65.1785
65.1785
65.1785
65.1785
65.1785
65.1785
65.1785
65.1785
65.1785
65.1785
65.1785
65.1785
65.1785
65.1785
65.1785
65.1785
65.1785
65.1785
65.1785
65.1785
65.1785
65.1785
65.1785
65.1785
65.1785
65.1785
65.1785
65.1785
65.1785
65.1785
65.1785
65.1785
65.1785
65.1785
65.1785
65.1785
65.1785
65.1785
65.1785
65.1785
65.1785
65.1785
65.1785
65.1785
65.1785
65.1785
65.1785
65.1785
65.1785
65.1785
65.1785
65.1785
65.1785
65.1785
65.1785
65.1785
65.1785
65.1785
65.1785
65.1785
65.1785
65.1785
65.1785
65.1785
65.1785
65.1785
65.1785
65.1785
65.1785
65.1785
65.1785
65.1785
65.1785
65.1785
65.1785
65.1785
65.1785
65.1785
65.1785
65.1785
65.1785
65.1785
65.1785
65.1785
65.1785
65.1785
65.1785
65.1785
65.1785
65.1785
65.1785
65.1785
65.1785
65.1785
65.1785
65.1785
65.1785
65.1785
65.1785
65.1785
65.1785
65.1785
65.1785
65.1785
65.1785
65.1785
65.1785
65.1785
65.1785
65.1785
65.1785
65.1785
65.1785
65.1785
65.1785
65.1785
65.1785
65.1785
65.1785
65.1785
65.1785
65.1785
65.1785
65.1785
65.1785
65.1785
65.1785
65.1785
65.1785
65.1785
65.1785
65.1785
65.1785
65.1785
65.1785
65.1785
65.1785
65.1785
65.1785
65.1785
65.1785
65.1785
65.1785
65.1785
65.1785
65.1785
65.1785
65.1785
65.1785
65.1785
65.1785
65.1785
65.1785
65.1785
65.1785
65.1785
65.1785
65.1785
65.1785
65.1785
65.1785
65.1785
65.1785
65.1785
65.1785
65.1785
65.1785
65.1785
65.1785
65.1785
65.1785
65.1785
65.1785
65.1785
65.1785
65.1785
65.1785
65.1785
65.1785
65.1785
65.1785
65.1785
65.1785
65.1785
65.1785
65.1785
65.1785
65.1785
65.1785
65.1785
65.1785
65.1785
65.1785
65.1785
65.1785
65.1785
65.1785
65.1785
65.1785
65.1785
65.1785
65.1785
65.1785
65.1785
65.1785
65.1785
65.1785
65.1785
65.1785
65.1785
65.1785
65.1785
65.1785
65.1785
65.1785
65.1785
65.1785
65.1785
65.1785
65.1785
65.1785
65.1785
65.1785
65.1785
65.1785
65.1785
65.1785
65.1785
65.1785
65.1785
65.1785
65.1785
65.1785
65.1785
65.1785
65.1785
65.1785
65.1785
65.1785
65.1785
65.1785
65.1785
65.1785
65.1785
65.1785
65.1785
65.1785
65.1785
65.1785
65.1785
65.1785
65.1785
65.1785
65.1785
65.1785
65.1785
65.1785
65.1785
65.1785
65.1785
65.1785
65.1785
65.1785
65.1785
65.1785
65.1785
65.1785
65.1785
65.1785
65.1785
65.1785
65.1785
65.1785
65.1785
65.1785
65.1785
65.1785
65.1785
65.1785
65.1785
65.1785
65.1785
65.1785
65.1785
65.1785
65.1785
65.1785
65.1785
65.1785
65.1785
65.1785
65.1785
65.1785
65.1785
65.1785
65.1785
65.1785
65.1785
65.1785
65.1785
65.1785
65.1785
65.1785
65.1785
65.1785
65.1785
65.1785
65.1785
65.1785
65.1785
65.1785
65.1785
65.1785
65.1785
65.1785
65.1785
65.1785
65.1785
65.1785
65.1785
65.1785
65.1644
65.1644
65.1644
65.1644
65.1644
65.1644
65.1644
65.1644
65.1644
65.1644
65.1644
65.1644
65.1644
65.1644
65.1644
65.1644
65.1644
65.1644
65.1644
65.1644
65.1644
65.1644
65.1644
65.1644
65.1644
65.1644
65.1644
65.1644
65.1644
65.1644
65.1644
65.1644
65.1644
65.1644
65.1644
65.1644
65.1644
65.1644
65.1644
65.1644
65.1644
65.1644
65.1644
65.1644
65.1644
65.1644
65.1644
65.1644
65.1644
65.1644
65.1644
65.1644
65.1644
65.1644
65.1644
65.1644
65.1644
65.1644
65.1644
65.1644
65.1644
65.1644
65.1644
65.1644
65.1644
65.1644
65.1644
65.1644
65.1644
65.1644
65.1644
65.1644
65.1644
65.1644
65.1644
65.1644
65.1644
65.1644
65.1644
65.1644
65.1644
65.1644
65.1644
65.1644
65.1644
65.1644
65.1644
65.1644
65.1644
65.1644
65.1644
65.1644
65.1644
65.1644
65.1644
65.1644
65.1644
65.1644
65.1644
65.1644
65.1644
65.1644
65.1644
65.1644
65.1644
65.1644
65.1644
65.1644
65.1644
65.1644
65.1644
65.1644
65.1644
65.1644
65.1644
65.1644
65.1644
65.1644
65.1644
65.1644
65.1644
65.1644
65.1644
65.1644
65.1644
65.1644
65.1644
65.1644
65.1644
65.1644
65.1644
65.1644
65.1644
65.1644
65.1644
65.1644
65.1644
65.1644
65.1644
65.1644
65.1644
65.1644
65.1644
65.1644
65.1644
65.1644
65.1644
65.1644
65.1644
65.1644
65.1644
65.1644
65.1644
65.1644
65.1644
65.1644
65.1644
65.1644
65.1644
65.1644
65.1644
65.1644
65.1644
65.1644
65.1644
65.1644
65.1644
65.1644
65.1644
65.1644
65.1644
65.1644
65.1644
65.1644
65.1644
65.1644
65.1644
65.1644
65.1644
65.1644
65.1644
65.1644
65.1644
65.1644
65.1644
65.1644
65.1644
65.1644
65.1644
65.1644
65.1644
65.1644
65.1644
65.1644
65.1644
65.1644
65.1644
65.1644
65.1644
65.1644
65.1644
65.1644
65.1644
65.1644
65.1644
65.1644
65.1644
65.1644
65.1644
65.1644
65.1644
65.1644
65.1644
65.1644
65.1644
65.1644
65.1644
65.1644
65.1644
65.1644
65.1644
65.1644
65.1644
65.1644
65.1644
65.1644
65.1644
65.1644
65.1644
65.1644
65.1644
65.1644
65.1644
65.1644
65.1644
65.1644
65.1644
65.1644
65.1644
65.1644
65.1644
65.1644
65.1644
65.1644
65.1644
65.1644
65.1644
65.1644
65.1644
65.1644
65.1644
65.1644
65.1644
65.1644
65.1644
65.1644
65.1644
65.1644
65.1644
65.1644
65.1644
65.1644
65.1644
65.1644
65.1644
65.1644
65.1644
65.1644
65.1644
65.1644
65.1644
65.1644
65.1644
65.1644
65.1644
65.1644
65.1644
65.1644
65.1644
65.1644
65.1644
65.1644
65.1644
65.1644
65.1644
65.1644
65.1644
65.1644
65.1644
65.1644
65.1644
65.1644
65.1644
65.1644
65.1644
65.1644
65.1644
65.1644
65.1644
65.1644
65.1644
65.1644
65.1644
65.1644
65.1644
65.1644
65.1644
65.1644
65.1644
65.1644
65.1644
65.1644
65.1644
65.1644
65.1644
65.1644
65.1644
65.1644
65.1644
65.1644
65.1644
65.1644
65.1644
65.1644
65.1644
65.1644
65.1644
65.1644
65.1644
65.1644
65.1644
65.1644
65.1644
65.1644
65.1644
65.1644
65.1644
65.1644
65.1644
65.1644
65.1644
65.1644
65.1644
65.1644
65.1644
65.1644
65.1644
65.1644
65.1644
65.1644
65.1644
65.1644
65.1644
65.1644
65.1644
65.1644
65.1644
65.1644
65.1644
65.1644
65.1644
65.1644
65.1644
65.1644
65.1644
65.1644
65.1644
65.1644
65.1644
65.1644
65.1644
65.1644
65.1644
65.1644
65.1644
65.1644
65.1644
65.1644
65.1644
65.1644
65.1644
65.1644
65.1644
65.1644
65.1644
65.1644
65.1644
65.1644
65.1644
65.1644
65.1644
65.1644
65.1644
65.1644
65.1644
65.1644
65.1644
65.1644
65.1644
65.1644
65.1644
65.1644
65.1644
65.1644
65.1644
65.1644
65.1644
65.1644
65.1644
65.1644
65.1644
65.1644
65.1644
65.1644
65.1644
65.1644
65.1644
65.1644
65.1644
65.1644
65.1644
65.1644
65.1644
65.1644
65.1644
65.1644
65.1644
65.1644
65.1644
65.1644
65.1644
65.1644
65.1644
65.1644
65.1644
65.1644
65.1644
65.1644
65.1644
65.1644
65.1644
65.1644
65.1644
65.1644
65.1644
65.1644
65.1644
65.1644
65.1644
65.1644
65.1644
65.1644
65.1644
65.1644
65.1644
65.1644
65.1644
65.1644
65.1644
65.1644
65.1644
65.1644
65.1644
65.1644
65.1644
65.1644
65.1644
65.1644
65.1644
65.1644
65.1644
65.1644
65.1644
65.1644
65.1644
65.1644
65.1644
65.1644
65.1644
65.1644
65.1644
65.1644
65.1644
65.1644
65.1644
65.1644
65.1644
65.1644
65.1644
65.1644
65.1644
65.1644
65.1644
65.1644
65.1644
65.1644
65.1644
65.1644
65.1644
65.1644
64.8641
64.8641
64.8641
64.8641
64.8641
64.8641
64.8641
64.8641
64.8641
64.8641
64.8641
64.8641
64.8641
64.8641
64.8641
64.8641
64.8641
64.8641
64.8641
64.8641
64.8641
64.8641
64.8641
64.8641
64.8641
64.8641
64.8641
64.8641
64.8641
64.8641
64.8641
64.8641
64.8641
64.8641
64.8641
64.8641
64.8641
64.8641
64.8641
64.8641
64.8641
64.8641
64.8641
64.8641
64.8641
64.8641
64.8641
64.8641
64.8641
64.8641
64.8641
64.8641
64.8641
64.8641
64.8641
64.8641
64.8641
64.8641
64.8641
64.8641
64.8641
64.8641
64.8641
64.8641
64.8641
64.8641
64.8641
64.8641
64.8641
64.8641
64.8641
64.8641
64.8641
64.8641
64.8641
64.8641
64.8641
64.8641
64.8641
64.8641
64.8641
64.8641
64.8641
64.8641
64.8641
64.8641
64.8641
64.8641
64.8641
64.8641
64.8641
64.8641
64.8641
64.8641
64.8641
64.8641
64.8641
64.8641
64.8641
64.8641
64.8641
64.8641
64.8641
64.8641
64.8641
64.8641
64.8641
64.8641
64.8641
64.8641
64.8641
64.8641
64.8641
64.8641
64.8641
64.8641
64.8641
64.8641
64.8641
64.8641
64.8641
64.8641
64.8641
64.8641
64.8641
64.8641
64.8641
64.8641
64.8641
64.8641
64.8641
64.8641
64.8641
64.8641
64.8641
64.8641
64.8641
64.8641
64.8641
64.8641
64.8641
64.8641
64.8641
64.8641
64.8641
64.8641
64.8641
64.8641
64.8641
64.8641
64.8641
64.8641
64.8641
64.8641
64.8641
64.8641
64.8641
64.8641
64.8641
64.8641
64.8641
64.8641
64.8641
64.8641
64.8641
64.8641
64.8641
64.8641
64.8641
64.8641
64.8641
64.8641
64.8641
64.8641
64.8641
64.8641
64.8641
64.8641
64.8641
64.8641
64.8641
64.8641
64.8641
64.8641
64.8641
64.8641
64.8641
64.8641
64.8641
64.8641
64.8641
64.8641
64.8641
64.8641
64.8641
64.8641
64.8641
64.8641
64.8641
64.8641
64.8641
64.8641
64.8641
64.8641
64.8641
64.8641
64.8641
64.8641
64.8641
64.8641
64.8641
64.8641
64.8641
64.8641
64.8641
64.8641
64.8641
64.8641
64.8641
64.8641
64.8641
64.8641
64.8641
64.8641
64.8641
64.8641
64.8641
64.8641
64.8641
64.8641
64.8641
64.8641
64.8641
64.8641
64.8641
64.8641
64.8641
64.8641
64.8641
64.8641
64.8641
64.8641
64.8641
64.8641
64.8641
64.8641
64.8641
64.8641
64.8641
64.8641
64.8641
64.8641
64.8641
64.8641
64.8641
64.8641
64.8641
64.8641
64.8641
64.8641
64.8641
64.8641
64.8641
64.8641
64.8641
64.8641
64.8641
64.8641
64.8641
64.8641
64.8641
64.8641
64.8641
64.8641
64.8641
64.8641
64.8641
64.8641
64.8641
64.8641
64.8641
64.8641
64.8641
64.8641
64.8641
64.8641
64.8641
64.8641
64.8641
64.8641
64.8641
64.8641
64.8641
64.8641
64.8641
64.8641
64.8641
64.8641
64.8641
64.8641
64.8641
64.8641
64.8641
64.8641
64.8641
64.8641
64.8641
64.8641
64.8641
64.8641
64.8641
64.8641
64.8641
64.8641
64.8641
64.8641
64.8641
64.8641
64.8641
64.8641
64.8641
64.8641
64.8641
64.8641
64.8641
64.8641
64.8641
64.8641
64.8641
64.8641
64.8641
64.8641
64.8641
64.8641
64.8641
64.8641
64.8641
64.8641
64.8641
64.8641
64.8641
64.8641
64.8641
64.8641
64.8641
64.8641
64.8641
64.8641
64.8641
64.8641
64.8641
64.8641
64.8641
64.8641
64.8641
64.8641
64.8641
64.8641
64.8641
64.8641
64.8641
64.8641
64.8641
64.8641
64.8641
64.8641
64.8641
64.8641
64.8641
64.8641
64.8641
64.8641
64.8641
64.8641
64.8641
64.8641
64.8641
64.8641
64.8641
64.8641
64.8641
64.8641
64.8641
64.8641
64.8641
64.8641
64.8641
64.8641
64.8641
64.8641
64.8641
64.8641
64.8641
64.8641
64.8641
64.8641
64.8641
64.8641
64.8641
64.8641
64.8641
64.8641
64.8641
64.8641
64.8641
64.8641
64.8641
64.8641
64.8641
64.8641
64.8641
64.8641
64.8641
64.8641
64.8641
64.8641
64.8641
64.8641
64.8641
64.8641
64.8641
64.8641
64.8641
64.8641
64.8641
64.8641
64.8641
64.8641
64.8641
64.8641
64.8641
64.8641
64.8641
64.8641
64.8641
64.8641
64.8641
64.8641
64.8641
64.8641
64.8641
64.8641
64.8641
64.8641
64.8641
64.8641
64.8641
64.8641
64.8641
64.8641
64.8641
64.8641
64.8641
64.8641
64.8641
64.8641
64.8641
64.8641
64.8641
64.8641
64.8641
64.8641
64.8641
64.8641
64.8641
64.8641
64.8641
64.8641
64.8641
64.8641
64.8641
64.8641
64.8641
64.8641
64.8641
64.8641
64.8641
64.8641
64.8641
64.8641
64.8641
64.8641
64.8641
64.8641
64.8641
64.8641
64.8641
64.8641
64.8641
64.8641
64.8641
64.8641
64.8641
64.8641
64.8641
64.8641
64.8641
64.8641
64.8641
64.8641
64.8641
64.8641
64.8641
64.8641
64.8641
64.8641
64.8641
64.8641
64.8641
64.8641
64.8641
64.8641
64.8641
64.8641
64.8641
64.8641
64.8641
64.8641
64.8641
64.8641
64.8641
64.8641
64.8641
64.8641
64.8641
64.8641
64.8641
64.8641
64.8641
64.8641
64.8641
64.8641
64.8641
64.8641
64.8641
64.8641
64.8641
64.8641
64.8641
64.8641
64.8641
64.8641
64.8641
64.8641
64.8641
64.8641
64.8641
64.8641
64.8641
64.8641
64.8641
64.8641
64.8641
64.8641
64.8641
64.8641
64.8641
64.8641
64.8641
64.8641
64.8641
64.8641
64.8641
64.8641
64.8641
64.8641
64.8641
64.8641
64.8641
64.8641
64.8641
64.8641
64.8641
64.8641
64.8641
64.8641
64.8641
64.8641
64.8641
64.8641
64.8641
64.8641
64.8641
64.8641
64.8641
64.8641
64.8641
64.8641
64.8641
64.8641
64.8641
64.8641
64.8641
64.8641
64.8641
64.8641
64.8641
64.8641
64.8641
64.8641
64.8641
64.8641
64.8641
64.8641
64.8641
64.8641
64.8641
64.8641
64.8641
64.8641
64.8641
64.8641
64.8641
64.8641
64.8641
64.8641
64.8641
64.8641
64.8641
64.8641
64.8641
64.8641
64.8641
64.8641
64.8641
64.8641
64.8641
64.8641
64.8641
64.8641
64.8641
64.8641
64.8641
64.8641
64.8641
64.8641
64.8641
64.8641
64.8641
64.8641
64.8641
64.8641
64.8641
64.8641
64.8641
64.8641
64.8641
64.8641
64.8641
64.8641
64.8641
64.8641
64.8641
64.8641
64.8641
64.8641
64.8641
64.8641
64.8641
64.8641
64.8641
64.8641
64.8641
64.8641
64.8641
64.8641
64.8641
64.8641
64.8641
64.8641
64.8641
64.8641
64.8641
64.8641
64.8641
64.8641
64.8641
64.8641
64.8641
64.8641
64.8641
64.8641
64.8641
64.8641
64.8641
64.8641
64.8641
64.8641
64.8641
64.8641
64.8641
64.8641
64.8641
64.8641
64.8641
64.8641
64.8641
64.8641
64.8641
64.8641
64.8641
64.8641
64.8641
64.8641
64.8641
64.8641
64.8641
64.8641
64.8641
64.8641
64.8641
64.8641
64.8641
64.8641
64.8641
64.8641
64.8641
64.8641
64.8641
64.8641
64.8641
64.8641
64.8641
64.8641
64.8641
64.8641
64.8641
64.8641
64.8641
64.8641
64.8641
64.8641
64.8641
64.8641
64.8641
64.8641
64.8641
64.8641
64.8641
64.8641
64.8641
64.8641
64.8641
64.8641
64.8641
64.8641
64.8641
64.8641
64.8641
64.8641
64.8641
64.8641
64.8641
64.8641
64.8641
64.8641
64.8641
64.8641
64.8641
64.8641
64.8641
64.8641
64.8641
64.8641
64.8641
64.8641
64.8641
64.8641
64.8641
64.8641
64.8641
64.8641
64.8641
64.8641
64.8641
64.8641
64.8641
64.8641
64.8641
64.8641
64.8641
64.8641
64.8641
64.8641
64.8641
64.8641
64.8641
64.8641
64.8641
64.8641
64.8641
64.8641
64.8641
64.8641
64.8641
64.8641
64.8641
64.8641
64.8641
64.8641
64.8641
64.8641
64.8641
64.8641
64.8641
64.8641
64.8641
64.8641
64.8641
64.8641
64.8641
64.8641
64.8641
64.8641
64.8641
64.8641
64.8641
64.8641
64.8641
64.8641
64.8641
64.8641
64.8641
64.8641
64.8641
64.8641
64.8641
64.8641
64.8641
64.8641
64.8641
64.8641
64.8641
64.8641
64.8641
64.8641
64.8641
64.8641
64.8641
64.8641
64.8641
64.8641
64.8641
64.8641
64.8641
64.8641
64.8641
64.8641
64.8641
64.8641
64.8641
64.8641
64.8641
64.8641
64.8641
64.8641
64.8641
64.8641
64.8641
64.8641
64.8641
64.8641
64.8641
64.8641
64.8641
64.8641
64.8641
64.8641
64.8641
64.8641
64.8641
64.8641
64.8641
64.8641
64.8641
64.8641
64.8641
64.8641
64.8641
64.8641
64.8641
64.8641
64.8641
64.8641
64.8641
64.8641
64.8641
64.8641
64.8641
64.8641
64.8641
64.8641
64.8641
64.8641
64.8641
64.8641
64.8641
64.8641
64.8641
64.8641
64.8641
64.8641
64.8641
64.8641
64.8641
64.8641
64.8641
64.8641
64.8641
64.8641
64.8641
64.8641
64.8641
64.8641
64.8641
64.8641
64.8641
64.8641
64.8641
64.8641
64.8641
64.8641
64.8641
64.8641
64.8641
64.8641
64.8641
64.8641
64.8641
64.8641
64.8641
64.8641
64.8641
64.8641
64.8641
64.8641
64.8641
64.8641
64.8641
64.8641
64.8641
64.8641
64.8641
64.8641
64.8641
64.8641
64.8641
64.8641
64.8641
64.8641
64.8641
64.8641
64.8641
64.8641
64.8641
64.8641
64.8641
64.8641
64.8641
64.8641
64.8641
64.8641
64.8641
64.8641
64.8641
64.8641
64.8641
64.8641
64.8641
64.8641
64.8641
64.8641
64.8641
64.8641
64.8641
64.8641
64.8641
64.8641
64.8641
64.8641
64.8641
64.8641
64.8641
64.8641
64.8641
64.8641
64.8641
64.8641
64.8641
64.8641
64.8641
64.8641
64.8641
64.8641
64.8641
64.8641
64.8641
64.8641
64.8641
64.8641
64.8641
64.8641
64.8641
64.8641
64.8641
64.8641
64.8641
64.8641
64.8641
64.8641
64.8641
64.8641
64.8641
64.8641
64.8641
64.8641
64.8641
64.8641
64.8641
64.8641
64.8641
64.8641
64.8641
64.8641
64.8641
64.8641
64.8641
64.8641
64.8641
64.8641
64.8641
64.8641
64.8641
64.8641
64.8641
64.8641
64.8641
64.8641
64.8641
64.8641
64.8641
64.8641
64.8641
64.8641
64.8641
64.8641
64.8641
64.8641
64.8641
64.8641
64.8641
64.8641
64.8641
64.8641
64.8641
64.8641
64.8641
64.8641
64.8641
64.8641
64.8641
64.8641
64.8641
64.8641
64.8641
64.8641
64.8641
64.8641
64.8641
64.8641
64.8641
64.8641
64.8641
64.8641
64.8641
64.8641
64.8641
64.8641
64.8641
64.8641
64.8641
64.8641
64.8641
64.8641
64.8641
64.8641
64.8641
64.8641
64.8641
64.8641
64.8641
64.8641
64.8641
64.8641
64.8641
64.8641
64.8641
64.8641
64.8641
64.8641
64.8641
64.8641
64.8641
64.8641
64.8641
64.8641
64.8641
64.8641
64.8641
64.8641
64.8641
64.8641
64.8641
64.8641
64.8641
64.8641
64.8641
64.8641
64.8641
64.8641
64.8641
64.8641
64.8641
64.8641
64.8641
64.8641
64.8641
64.8641
64.8641
64.8641
64.8641
64.8641
64.8641
64.8641
64.8641
64.8641
64.8641
64.8641
64.8641
64.8641
64.8641
64.8641
64.8641
64.8641
64.8641
64.8641
64.8641
64.8641
64.8641
64.8641
64.8641
64.8641
64.8641
64.8641
64.8641
64.8641
64.8641
64.8641
64.8641
64.8641
64.8641
64.8641
64.8641
64.8641
64.8641
64.8641
64.8641
64.8641
64.8641
64.8641
64.8641
64.8641
64.8641
64.8641
64.8641
64.8641
64.8641
64.8641
64.8641
64.8641
64.8641
64.8641
64.8641
64.8641
64.8641
64.8641
64.8641
64.8641
64.8641
64.8641
64.8641
64.8641
64.8641
64.8641
64.8641
64.8641
64.8641
64.8641
64.8641
64.8641
64.8641
64.8641
64.8641
64.8641
64.8641
64.8641
64.8641
64.8641
64.8641
64.8641
64.8641
64.8641
64.8641
64.8641
64.8641
64.8641
64.8641
64.8641
64.8641
64.8641
64.8641
64.8641
64.8641
64.8641
64.8641
64.8641
64.8641
64.8641
64.8641
64.8641
64.8641
64.8641
64.8641
64.8641
64.8641
64.8641
64.8641
64.8641
64.8641
64.8641
64.8641
64.8641
64.8641
64.8641
64.8641
64.8641
64.8641
64.8641
64.8641
64.8641
64.8641
64.8641
64.8641
64.8641
64.8641
64.8641
64.8641
64.8641
64.8641
64.8641
64.8641
64.8641
64.8641
64.8641
64.8641
64.8641
64.8641
64.8641
64.8641
64.8641
64.8641
64.8641
64.8641
64.8641
64.8641
64.8641
64.8641
64.8641
64.8641
64.8641
64.8641
64.8641
64.8641
64.8641
64.8641
64.8641
64.8641
64.8641
64.8641
64.8641
64.8641
64.8641
64.8641
64.8641
64.8641
64.8641
64.8641
64.8641
64.8641
64.8641
64.8641
64.8641
64.8641
64.8641
64.8641
64.8641
64.8641
64.8641
64.8641
64.8641
64.8641
64.8641
64.8641
64.8641
64.8641
64.8641
64.8641
64.8641
64.8641
64.8641
64.8641
64.8641
64.8641
64.8641
64.8641
64.8641
64.8641
64.8641
64.8641
64.8641
64.8641
64.8641
64.8641
64.8641
64.8641
64.8641
64.8641
64.8641
64.8641
64.8641
64.8641
64.8641
64.8641
64.8641
64.8641
64.8641
64.8641
64.8641
64.8641
64.8641
64.8641
64.8641
64.8641
64.8641
64.8641
64.8641
64.8641
64.8641
64.8641
64.8641
64.8641
64.8641
64.8641
64.8641
64.8641
64.8641
64.8641
64.8641
64.8641
64.8641
64.8641
64.8641
64.8641
64.8641
64.8641
64.8641
64.8641
64.8641
64.8641
64.8641
64.8641
64.8641
64.8641
64.8641
64.8641
64.8641
64.8641
64.8641
64.8641
64.8641
64.8641
64.8641
64.8641
64.8641
64.8641
64.8641
64.8641
64.8641
64.8641
64.8641
64.8641
64.8641
64.8641
64.8641
64.8641
64.8641
64.8641
64.8641
64.8641
64.8641
64.8641
64.8641
64.8641
64.8641
64.8641
64.8641
64.8641
64.8641
64.8641
64.8641
64.8641
64.8641
64.8641
64.8641
64.8641
64.8641
64.8641
64.8641
64.8641
64.8641
64.8641
64.8641
64.8641
64.8641
64.8641
64.8641
64.8641
64.8641
64.8641
64.8641
64.8641
64.8641
64.8641
64.8641
64.8641
64.8641
64.8641
64.8641
64.8641
64.8641
64.8641
64.8641
64.8641
64.8641
64.8641
64.8641
64.8641
64.8641
64.8641
64.8641
64.8641
64.8641
64.8641
64.8641
64.8641
64.8641
64.8641
64.8641
64.8641
64.8641
64.8641
64.8641
64.8641
64.8641
64.8641
64.8641
64.8641
64.8641
64.8641
64.8641
64.8641
64.8641
64.8641
64.8641
64.8641
64.8641
64.8641
64.8641
64.8641
64.8641
64.8641
64.8641
64.8641
64.8641
64.8641
64.8641
64.8641
64.8641
64.8641
64.8641
64.8641
64.8641
64.8641
64.8641
64.8641
64.8641
64.8641
64.8641
64.8641
64.8641
64.8641
64.8641
64.8641
64.8641
64.8641
64.8641
64.8641
64.8641
64.8641
64.8641
64.8641
64.8641
64.8641
64.8641
64.8641
64.8641
64.8641
64.8641
64.8641
64.8641
64.8641
64.8641
64.8641
64.8641
64.8641
64.8641
64.8641
64.8641
64.8641
64.8641
64.8641
64.8641
64.8641
64.8641
64.8641
64.8641
64.8641
64.8641
64.8641
64.8641
64.8641
64.8641
64.8641
64.8641
64.8641
64.8641
64.8641
64.8641
64.8641
64.8641
64.8641
64.8641
64.8641
64.8641
64.8641
64.8641
64.8641
64.8641
64.8641
64.8641
64.8641
64.8641
64.8641
64.8641
64.8641
64.8641
64.8641
64.8641
64.8641
64.8641
64.8641
64.8641
64.8641
64.8641
64.8641
64.8641
64.8641
64.8641
64.8641
64.8641
64.8641
64.8641
64.8641
64.8641
64.8641
64.8641
64.8641
64.8641
64.8641
64.8641
64.8641
64.8641
64.8641
64.8641
64.8641
64.8641
64.8641
64.8641
64.8641
64.8641
64.8641
64.8641
64.8641
64.8641
64.8641
64.8641
64.8641
64.8641
64.8641
64.8641
64.8641
64.8641
64.8641
64.8641
64.8641
64.8641
64.8641
64.8641
64.8641
64.8641
64.8641
64.8641
64.8641
64.8641
64.8641
64.8641
64.8641
64.8641
64.8641
64.8641
64.8641
64.8641
64.8641
64.8641
64.8641
64.8641
64.8641
64.8641
64.8641
64.8641
64.8641
64.8641
64.8641
64.8641
64.8641
64.8641
64.8641
64.8641
64.8641
64.8641
64.8641
64.8641
64.8641
64.8641
64.8641
64.8641
64.8641
64.8641
64.8641
64.8641
64.8641
64.8641
64.8641
64.8641
64.8641
64.8641
64.8641
64.8641
64.8641
64.8641
64.8641
64.8641
64.8641
64.8641
64.8641
64.8641
64.8641
64.8641
64.8641
64.8641
64.8641
64.8641
64.8641
64.8641
64.8641
64.8641
64.8641
64.8641
64.8641
64.8641
64.8641
64.8641
64.8641
64.8641
64.8641
64.8641
64.8641
64.8641
64.8641
64.8641
64.8641
64.8641
64.8641
64.8641
64.8641
64.8641
64.8641
64.8641
64.8641
64.8641
64.8641
64.8641
64.8641
64.8641
64.8641
64.8641
64.8641
64.8641
64.8641
64.8641
64.8641
64.8641
64.8641
64.8641
64.8641
64.8641
64.8641
64.8641
64.8641
64.8641
64.8641
64.8641
64.8641
64.8641
64.8641
64.8641
64.8641
64.8641
64.8641
64.8641
64.8641
64.8641
64.8641
64.8641
64.8641
64.8641
64.8641
64.8641
64.8641
64.8641
64.8641
64.8641
64.8641
64.8641
64.8641
64.8641
64.8641
64.8641
64.8641
64.8641
64.8641
64.8641
64.8641
64.8641
64.8641
64.8641
64.8641
64.8641
64.8641
64.8641
64.8641
64.8641
64.8641
64.8641
64.8641
64.8641
64.8641
64.8641
64.8641
64.8641
64.8641
64.8641
64.8641
64.8641
64.8641
64.8641
64.8641
64.8641
64.8641
64.8641
64.8641
64.8641
64.8641
64.8641
64.8641
64.8641
64.8641
64.8641
64.8641
64.8641
64.8641
64.8641
64.8641
64.8641
64.8641
64.8641
64.8641
64.8641
64.8641
64.8641
64.8641
64.8641
64.8641
64.8641
64.8641
64.8641
64.8641
64.8641
64.8641
64.8641
64.8641
64.8641
64.8641
64.8641
64.8641
64.8641
64.8641
64.8641
64.8641
64.8641
64.8641
64.8641
64.8641
64.8641
64.8641
64.8641
64.8641
64.8641
64.8641
64.8641
64.8641
64.8641
64.8641
64.8641
64.8641
64.8641
64.8641
64.8641
64.8641
64.8641
64.8641
64.8641
64.8641
64.8641
64.8641
64.8641
64.8641
64.8641
64.8641
64.8641
64.8641
64.8641
64.8641
64.8641
64.8641
64.8641
64.8641
64.8641
64.8641
64.8641
64.8641
64.8641
64.8641
64.8641
64.8641
64.8641
64.8641
64.8641
64.8641
64.8641
64.8641
64.8641
64.8641
64.8641
64.8641
64.8641
64.8641
64.8641
64.8641
64.8641
64.8641
64.8641
64.8641
64.8641
64.8641
64.8641
64.8641
64.8641
64.8641
64.8641
64.8641
64.8641
64.8641
64.8641
64.8641
64.8641
64.8641
64.8641
64.8641
64.8641
64.8641
64.8641
64.8641
64.8641
64.8641
64.8641
64.8641
64.8641
64.8641
64.8641
64.8641
64.8641
64.8641
64.8641
64.8641
64.8641
64.8641
64.8641
64.8641
64.8641
64.8641
64.8641
64.8641
64.8641
64.8641
64.8641
64.8641
64.8641
64.8641
64.8641
64.8641
64.8641
64.8641
64.8641
64.8641
64.8641
64.8641
64.8641
64.8641
64.8641
64.8641
64.8641
64.8641
64.8641
64.8641
64.8641
64.8641
64.8641
64.8641
64.8641
64.8641
64.8641
64.8641
64.8641
64.8641
64.8641
64.8641
64.8641
64.8641
64.8641
64.8641
64.8641
64.8641
64.8641
64.8641
64.8641
64.8641
64.8641
64.8641
64.8641
64.8641
64.8641
64.8641
64.8641
64.8641
64.8641
64.8641
64.8641
64.8641
64.8641
64.8641
64.8641
64.8641
64.8641
64.8641
64.8641
64.8641
64.8641
64.8641
64.8641
64.8641
64.8641
64.8641
64.8641
64.8641
64.8641
64.8641
64.8641
64.8641
64.8641
64.8641
64.8641
64.8641
64.8641
64.8641
64.8641
64.8641
64.8641
64.8641
64.8641
64.8641
64.8641
64.8641
64.8641
64.8641
64.8641
64.8641
64.8641
64.8641
64.8641
64.8641
64.8641
64.8641
64.8641
64.8641
64.8641
64.8641
64.8641
64.8641
64.8641
64.8641
64.8641
64.8641
64.8641
64.8641
64.8641
64.8641
64.8641
64.8641
64.8641
64.8641
64.8641
64.8641
64.8641
64.8641
64.8641
64.8641
64.8641
64.8641
64.8641
64.8641
64.8641
64.8641
64.8641
64.8641
64.8641
64.8641
64.8641
64.8641
64.8641
64.8641
64.8641
64.8641
64.8641
64.8641
64.8641
64.8641
64.8641
64.8641
64.8641
64.8641
64.8641
64.8641
64.8641
64.8641
64.8641
64.8641
64.8641
64.8641
64.8641
64.8641
64.8641
64.8641
64.8641
64.8641
64.8641
64.8641
64.8641
64.8641
64.8641
64.8641
64.8641
64.8641
64.8641
64.8641
64.8641
64.8641
64.8641
64.8641
64.8641
64.8641
64.8641
64.8641
64.8641
64.8641
64.8641
64.8641
64.8641
64.8641
64.8641
64.8641
64.8641
64.8641
64.8641
64.8641
64.8641
64.8641
64.8641
64.8641
64.8641
64.8641
64.8641
64.8641
64.8641
64.8641
64.8641
64.8641
64.8641
64.8641
64.8641
64.8641
64.8641
64.8641
64.8641
64.8641
64.8641
64.8641
64.8641
64.8641
64.8641
64.8641
64.8641
64.8641
64.8641
64.8641
64.8641
64.8641
64.8641
64.8641
64.8641
64.8641
64.8641
64.8641
64.8641
64.8641
64.8641
64.8641
64.8641
64.8641
64.8641
64.8641
64.8641
64.8641
64.8641
64.8641
64.8641
64.8641
64.8641
64.8641
64.8641
64.8641
64.8641
64.8641
64.8641
64.8641
64.8641
64.8641
64.8641
64.8641
64.8641
64.8641
64.8641
64.8641
64.8641
64.8641
64.8641
64.8641
64.8641
64.8641
64.8641
64.8641
64.8641
64.8641
64.8641
64.8641
64.8641
64.8641
64.8641
64.8641
64.8641
64.8641
64.8641
64.8641
64.8641
64.8641
64.8641
64.8641
64.8641
64.8641
64.8641
64.8641
64.8641
64.8641
64.8641
64.8641
64.8641
64.8641
64.8641
64.8641
64.8641
64.8641
64.8641
64.8641
64.8641
64.8641
64.8641
64.8641
64.8641
64.8641
64.8641
64.8641
64.8641
64.8641
64.8641
64.8641
64.8641
64.8641
64.8641
64.8641
64.8641
64.8641
64.8641
64.8641
64.8641
64.8641
64.8641
64.8641
64.8641
64.8641
64.8641
64.8641
64.8641
64.8641
64.8641
64.8641
64.8641
64.8641
64.8641
64.8641
64.8641
64.8641
64.8641
64.8641
64.8641
64.8641
64.8641
64.8641
64.8641
64.8641
64.8641
64.8641
64.8641
64.8641
64.8641
64.8641
64.8641
64.8641
64.8641
64.8641
64.8641
64.8641
64.8641
64.8641
64.8641
64.8641
64.8641
64.8641
64.8641
64.8641
64.8641
64.8641
64.8641
64.8641
64.8641
64.8641
64.8641
64.8641
64.8641
64.8641
64.8641
64.8641
64.8641
64.8641
64.8641
64.8641
64.8641
64.8641
64.8641
64.8641
64.8641
64.8641
64.8641
64.8641
64.8641
64.8641
64.8641
64.8641
64.8641
64.8641
64.8641
64.8641
64.8641
64.8641
64.8641
64.8641
64.8641
64.8641
64.8641
64.8641
64.8641
64.8641
64.8641
64.8641
64.8641
64.8641
64.8641
64.8641
64.8641
64.8641
64.8641
64.8641
64.8641
64.8641
64.8641
64.8641
64.8641
64.8641
64.8641
64.8641
64.8641
64.8641
64.8641
64.8641
64.8641
64.8641
64.8641
64.8641
64.8641
64.8641
64.8641
64.8641
64.8641
64.8641
64.8641
64.8641
64.8641
64.8641
64.8641
64.8641
64.8641
64.8641
64.8641
64.8641
64.8641
64.8641
64.8641
64.8641
64.8641
64.8641
64.8641
64.8641
64.8641
64.8641
64.8641
64.8641
64.8641
64.8641
64.8641
64.8641
64.8641
64.8641
64.8641
64.8641
64.8641
64.8641
64.8641
64.8641
64.8641
64.8641
64.8641
64.8641
64.8641
64.8641
64.8641
64.8641
64.8641
64.8641
64.8641
64.8641
64.8641
64.8641
64.8641
64.8641
64.8641
64.8641
64.8641
64.8641
64.8641
64.8641
64.8641
64.8641
64.8641
64.8641
64.8641
64.8641
64.8641
64.8641
64.8641
64.8641
64.8641
64.8641
64.8641
64.8641
64.8641
64.8641
64.8641
64.8641
64.8641
64.8641
64.8641
64.8641
64.8641
64.8641
64.8641
64.8641
64.8641
64.8641
64.8641
64.8641
64.8641
64.8641
64.8641
64.8641
64.8641
64.8641
64.8641
64.8641
64.8641
64.8641
64.8641
64.8641
64.8641
64.8641
64.8641
64.8641
64.8641
64.8641
64.8641
64.8641
64.8641
64.8641
64.8641
64.8641
64.8641
64.8641
64.8641
64.8641
64.8641
64.8641
64.8641
64.8641
64.8641
64.8641
64.8641
64.8641
64.8641
64.8641
64.8641
64.8641
64.8641
64.8641
64.8641
64.8641
64.8641
64.8641
64.8641
64.8641
64.8641
64.8641
64.8641
64.8641
64.8641
64.8641
64.8641
64.8641
64.8641
64.8641
64.8641
64.8641
64.8641
64.8641
64.8641
64.8641
64.8641
64.8641
64.8641
64.8641
64.8641
64.8641
64.8641
64.8641
64.8641
64.8641
64.8641
64.8641
64.8641
64.8641
64.8641
64.8641
64.8641
64.8641
64.8641
64.8641
64.8641
64.8641
64.8641
64.8641
64.8641
64.8641
64.8641
64.8641
64.8641
64.8641
64.8641
64.8641
64.8641
64.8641
64.8641
64.8641
64.8641
64.8641
64.8641
64.8641
64.8641
64.8641
64.8641
64.8641
64.8641
64.8641
64.8641
64.8641
64.8641
64.8641
64.8641
64.8641
64.8641
64.8641
64.8641
64.8641
64.8641
64.8641
64.8641
64.8641
64.8641
64.8641
64.8641
64.8641
64.8641
64.8641
64.8641
64.8641
64.8641
64.8641
64.8641
64.8641
64.8641
64.8641
64.8641
64.8641
64.8641
64.8641
64.8641
64.8641
64.8641
64.8641
64.8641
64.8641
64.8641
64.8641
64.8641
64.8641
64.8641
64.8641
64.8641
64.8641
64.8641
64.8641
64.8641
64.8641
64.8641
64.8641
64.8641
64.8641
64.8641
64.8641
64.8641
64.8641
64.8641
64.8641
64.8641
64.8641
64.8641
64.8641
64.8641
64.8641
64.8641
64.8641
64.8641
64.8641
64.8641
64.8641
64.8641
64.8641
64.8641
64.8641
64.8641
64.8641
64.8641
64.8641
64.8641
64.8641
64.8641
64.8641
64.8641
64.8641
64.8641
64.8641
64.8641
64.8641
64.8641
64.8641
64.8641
64.8641
64.8641
64.8641
64.8641
64.8641
64.8641
64.8641
64.8641
64.8641
64.8641
64.8641
64.8641
64.8641
64.8641
64.8641
64.8641
64.8641
64.8641
64.8641
64.8641
64.8641
64.8641
64.8641
64.8641
64.8641
64.8641
64.8641
64.8641
64.8641
64.8641
64.8641
64.8641
64.8641
64.8641
64.8641
64.8641
64.8641
64.8641
64.8641
64.8641
64.8641
64.8641
64.8641
64.8641
64.8641
64.8641
64.8641
64.8641
64.8641
64.8641
64.8641
64.8641
64.8641
64.8641
64.8641
64.8641
64.8641
64.8641
64.8641
64.8641
64.8641
64.8641
64.8641
64.8641
64.8641
64.8641
64.8641
64.8641
64.8641
64.8641
64.8641
64.8641
64.8641
64.8641
64.8641
64.8641
64.8641
64.8641
64.8641
64.8641
64.8641
64.8641
64.8641
64.8641
64.8641
64.8641
64.8641
64.8641
64.8641
64.8641
64.8641
64.8641
64.8641
64.8641
64.8641
64.8641
64.8641
64.8641
64.8641
64.8641
64.8641
64.8641
64.8641
64.8641
64.8641
64.8641
64.8641
64.8641
64.8641
64.8641
64.8641
64.8641
64.8641
64.8641
64.8641
64.8641
64.8641
64.8641
64.8641
64.8641
64.8641
64.8641
64.8641
64.8641
64.8641
64.8641
64.8641
64.8641
64.8641
64.8641
64.8641
64.8641
64.8641
64.8641
64.8641
64.8641
64.8641
64.8641
64.8641
64.8641
64.8641
64.8641
64.8641
64.8641
64.8641
64.8641
64.8641
64.8641
64.8641
64.8641
64.8641
64.8641
64.8641
64.8641
64.8641
64.8641
64.8641
64.8641
64.8641
64.8641
64.8641
64.8641
64.8641
64.8641
64.8641
64.8641
64.8641
64.8641
64.8641
64.8641
64.8641
64.8641
64.8641
64.8641
64.8641
64.8641
64.8641
64.8641
64.8641
64.8641
64.8641
64.8641
64.8641
64.8641
64.8641
64.8641
64.8641
64.8641
64.8641
64.8641
64.8641
64.8641
64.8641
64.8641
64.8641
64.8641
64.8641
64.8641
64.8641
64.8641
64.8641
64.8641
64.8641
64.8641
64.8641
64.8641
64.8641
64.8641
64.8641
64.8641
64.8641
64.8641
64.8641
64.8641
64.8641
64.8641
64.8641
64.8641
64.8641
64.8641
64.8641
64.8641
64.8641
64.8641
64.8641
64.8641
64.8641
64.8641
64.8641
64.8641
64.8641
64.8641
64.8641
64.8641
64.8641
64.8641
64.8641
64.8641
64.8641
64.8641
64.8641
64.8641
64.8641
64.8641
64.8641
64.8641
64.8641
64.8641
64.8641
64.8641
64.8641
64.8641
64.8641
64.8641
64.8641
64.8641
64.8641
64.8641
64.8641
64.8641
64.8641
64.8641
64.8641
64.8641
64.8641
64.8641
64.8641
64.8641
64.8641
64.8641
64.8641
64.8641
64.8641
64.8641
64.8641
64.8641
64.8641
64.8641
64.8641
64.8641
64.8641
64.8641
64.8641
64.8641
64.8641
64.8641
64.8641
64.8641
64.8641
64.8641
64.8641
64.8641
64.8641
64.8641
64.8641
64.8641
64.8641
64.8641
64.8641
64.8641
64.8641
64.8641
64.8641
64.8641
64.8641
64.8641
64.8641
64.8641
64.8641
64.8641
64.8641
64.8641
64.8641
64.8641
64.8641
64.8641
64.8641
64.8641
64.8641
64.8641
64.8641
64.8641
64.8641
64.8641
64.8641
64.8641
64.8641
64.8641
64.8641
64.8641
64.8641
64.8641
64.8641
64.8641
64.8641
64.8641
64.8641
64.8641
64.8641
64.8641
64.8641
64.8641
64.8641
64.8641
64.8641
64.8641
64.8641
64.8641
64.8641
64.8641
64.8641
64.8641
64.8641
64.8641
64.8641
64.8641
64.8641
64.8641
64.8641
64.8641
64.8641
64.8641
64.8641
64.8641
64.8641
64.8641
64.8641
64.8641
64.8641
64.8641
64.8641
64.8641
64.8641
64.8641
64.8641
64.8641
64.8641
64.8641
64.8641
64.8641
64.8641
64.8641
64.8641
64.8641
64.8641
64.8641
64.8641
64.8641
64.8641
64.8641
64.8641
64.8641
64.8641
64.8641
64.8641
64.8641
64.8641
64.8641
64.8641
64.8641
64.8641
64.8641
64.8641
64.8641
64.8641
64.8641
64.8641
64.8641
64.8641
64.8641
64.8641
64.8641
64.8641
64.8641
64.8641
64.8641
64.8641
64.8641
64.8641
64.8641
64.8641
64.8641
64.8641
64.8641
64.8641
64.8641
64.8641
64.8641
64.8641
64.8641
64.8641
64.8641
64.8641
64.8641
64.8641
64.8641
64.8641
64.8641
64.8641
64.8641
64.8641
64.8641
64.8641
64.8641
64.8641
64.8641
64.8641
64.8641
64.8641
64.8641
64.8641
64.8641
64.8641
64.8641
64.8641
64.8641
64.8641
64.8641
64.8641
64.8641
64.8641
64.8641
64.8641
64.8641
64.8641
64.8641
64.8641
64.8641
64.8641
64.8641
64.8641
64.8641
64.8641
64.8641
64.8641
64.8641
64.8641
64.8641
64.8641
64.8641
64.8641
64.8641
64.8641
64.8641
64.8641
64.8641
64.8641
64.8641
64.8641
64.8641
64.8641
64.8641
64.8641
64.8641
64.8641
64.8641
64.8641
64.8641
64.8641
64.8641
64.8641
64.8641
64.8641
64.8641
64.8641
64.8641
64.8641
64.8641
64.8641
64.8641
64.8641
64.8641
64.8641
64.8641
64.8641
64.8641
64.8641
64.8641
64.8641
64.8641
64.8641
64.8641
64.8641
64.8641
64.8641
64.8641
64.8641
64.8641
64.8641
64.8641
64.8641
64.8641
64.8641
64.8641
64.8641
64.8641
64.8641
64.8641
64.8641
64.8641
64.8641
64.8641
64.8641
64.8641
64.8641
64.8641
64.8641
64.8641
64.8641
64.8641
64.8641
64.8641
64.8641
64.8641
64.8641
64.8641
64.8641
64.8641
64.8641
64.8641
64.8641
64.8641
64.8641
64.8641
64.8641
64.8641
64.8641
64.8641
64.8641
64.8641
64.8641
64.8641
64.8641
64.8641
64.8641
64.8641
64.8641
64.8641
64.8641
64.8641
64.8641
64.8641
64.8641
64.8641
64.8641
64.8641
64.8641
64.8641
64.8641
64.8641
64.8641
64.8641
64.8641
64.8641
64.8641
64.8641
64.8641
64.8641
64.8641
64.8641
64.8641
64.8641
64.8641
64.8641
64.8641
64.8641
64.8641
64.8641
64.8641
64.8641
64.8641
64.8641
64.8641
64.8641
64.8641
64.8641
64.8641
64.8641
64.8641
64.8641
64.8641
64.8641
64.8641
64.8641
64.8641
64.8641
64.8641
64.8641
64.8641
64.8641
64.8641
64.8641
64.8641
64.8641
64.8641
64.8641
64.8641
64.8641
64.8641
64.8641
64.8641
64.8641
64.8641
64.8641
64.8641
64.8641
64.8641
64.8641
64.8641
64.8641
64.8641
64.8641
64.8641
64.8641
64.8641
64.8641
64.8641
64.8641
64.8641
64.8641
64.8641
64.8641
64.8641
64.8641
64.8641
64.8641
64.8641
64.8641
64.8641
64.8641
64.8641
64.8641
64.8641
64.8641
64.8641
64.8641
64.8641
64.8641
64.8641
64.8641
64.8641
64.8641
64.8641
64.8641
64.8641
64.8641
64.8641
64.8641
64.8641
64.8641
64.8641
64.8641
64.8641
64.8641
64.8641
64.8641
64.8641
64.8641
64.8641
64.8641
64.8641
64.8641
64.8641
64.8641
64.8641
64.8641
64.8641
64.8641
64.8641
64.8641
64.8641
64.8641
64.8641
64.8641
64.8641
64.8641
64.8641
64.8641
64.8641
64.8641
64.8641
64.8641
64.8641
64.8641
64.8641
64.8641
64.8641
64.8641
64.8641
64.8641
64.8641
64.8641
64.8641
64.8641
64.8641
64.8641
64.8641
64.8641
64.8641
64.8641
64.8641
64.8641
64.8641
64.8641
64.8641
64.8641
64.8641
64.8641
64.8641
64.8641
64.8641
64.8641
64.8641
64.8641
64.8641
64.8641
64.8641
64.8641
64.8641
64.8641
64.8641
64.8641
64.8641
64.8641
64.8641
64.8641
64.8641
64.8641
64.8641
64.8641
64.8641
64.8641
64.8641
64.8641
64.8641
64.8641
64.8641
64.8641
64.8641
64.8641
64.8641
64.8641
64.8641
64.8641
64.8641
64.8641
64.8641
64.8641
64.8641
64.8641
64.8641
64.8641
64.8641
64.8641
64.8641
64.8641
64.8641
64.8641
64.8641
64.8641
64.8641
64.8641
64.8641
64.8641
64.8641
64.8641
64.8641
64.8641
64.8641
64.8641
64.8641
64.8641
64.8641
64.8641
64.8641
64.8641
64.8641
64.8641
64.8641
64.8641
64.8641
64.8641
64.8641
64.8641
64.8641
64.8641
64.8641
64.8641
64.8641
64.8641
64.8641
64.8641
64.8641
64.8641
64.8641
64.8641
64.8641
64.8641
64.8641
64.8641
64.8641
64.8641
64.8641
64.8641
64.8641
64.8641
64.8641
64.8641
64.8641
64.8641
64.8641
64.8641
64.8641
64.8641
64.8641
64.8641
64.8641
64.8641
64.8641
64.8641
64.8641
64.8641
64.8641
64.8641
64.8641
64.8641
64.8641
64.8641
64.8641
64.8641
64.8641
64.8641
64.8641
64.8641
64.8641
64.8641
64.8641
64.8641
64.8641
64.8641
64.8641
64.8641
64.8641
64.8641
64.8641
64.8641
64.8641
64.8641
64.8641
64.8641
64.8641
64.8641
64.8641
64.8641
64.8641
64.8641
64.8641
64.8641
64.8641
64.8641
64.8641
64.8641
64.8641
64.8641
64.8641
64.8641
64.8641
64.8641
64.8641
64.8641
64.8641
64.8641
64.8641
64.8641
64.8641
64.8641
64.8641
64.8641
64.8641
64.8641
64.8641
64.8641
64.8641
64.8641
64.8641
64.8641
64.8641
64.8641
64.8641
64.8641
64.8641
64.8641
64.8641
64.8641
64.8641
64.8641
64.8641
64.8641
64.8641
64.8641
64.8641
64.8641
64.8641
64.8641
64.8641
64.8641
64.8641
64.8641
64.8641
64.8641
64.8641
64.8641
64.8641
64.8641
64.8641
64.8641
64.8641
64.8641
64.8641
64.8641
64.8641
64.8641
64.8641
64.8641
64.8641
64.8641
64.8641
64.8641
64.8641
64.8641
64.8641
64.8641
64.8641
64.8641
64.8641
64.8641
64.8641
64.8641
64.8641
64.8641
64.8641
64.8641
64.8641
64.8641
64.8641
64.8641
64.8641
64.8641
64.8641
64.8641
64.8641
64.8641
64.8641
64.8641
64.8641
64.8641
64.8641
64.8641
64.8641
64.8641
64.8641
64.8641
64.8641
64.8641
64.8641
64.8641
64.8641
64.8641
64.8641
64.8641
64.8641
64.8641
64.8641
64.8641
64.8641
64.8641
64.8641
64.8641
64.8641
64.8641
64.8641
64.8641
64.8641
64.8641
64.8641
64.8641
64.8641
64.8641
64.8641
64.8641
64.8641
64.8641
64.8641
64.8641
64.8641
64.8641
64.8641
64.8641
64.8641
64.8641
64.8641
64.8641
64.8641
64.8641
64.8641
64.8641
64.8641
64.8641
64.8641
64.8641
64.8641
64.8641
64.8641
64.8641
64.8641
64.8641
64.8641
64.8641
64.8641
64.8641
64.8641
64.8641
64.8641
64.8641
64.8641
64.8641
64.8641
64.8641
64.8641
64.8641
64.8641
64.8641
64.8641
64.8641
64.8641
64.8641
64.8641
64.8641
64.8641
64.8641
64.8641
64.8641
64.8641
64.8641
64.8641
64.8641
64.8641
64.8641
64.8641
64.8641
64.8641
64.8641
64.8641
64.8641
64.8641
64.8641
64.8641
64.8641
64.8641
64.8641
64.8641
64.8641
64.8641
64.8641
64.8641
64.8641
64.8641
64.8641
64.8641
64.8641
64.8641
64.8641
64.8641
64.8641
64.8641
64.8641
64.8641
64.8641
64.8641
64.8641
64.8641
64.8641
64.8641
64.8641
64.8641
64.8641
64.8641
64.8641
64.8641
64.8641
64.8641
64.8641
64.8641
64.8641
64.8641
64.8641
64.8641
64.8641
64.8641
64.8641
64.8641
64.8641
64.8641
64.8641
64.8641
64.8641
64.8641
64.8641
64.8641
64.8641
64.8641
64.8641
64.8641
64.8641
64.8641
64.8641
64.8641
64.8641
64.8641
64.8641
64.8641
64.8641
64.8641
64.8641
64.8641
64.8641
64.8641
64.8641
64.8641
64.8641
64.8641
64.8641
64.8641
64.8641
64.8641
64.8641
64.8641
64.8641
64.8641
64.8641
64.8641
64.8641
64.8641
64.8641
64.8641
64.8641
64.8641
64.8641
64.8641
64.8641
64.8641
64.8641
64.8641
64.8641
64.8641
64.8641
64.8641
64.8641
64.8641
64.8641
64.8641
64.8641
64.8641
64.8641
64.8641
64.8641
64.8641
64.8641
64.8641
64.8641
64.8641
64.8641
64.8641
64.8641
64.8641
64.8641
64.8641
64.8641
64.8641
64.8641
64.8641
64.8641
64.8641
64.8641
64.8641
64.8641
64.8641
64.8641
64.8641
64.8641
64.8641
64.8641
64.8641
64.8641
64.8641
64.8641
64.8641
64.8641
64.8641
64.8641
64.8641
64.8641
64.8641
64.8641
64.8641
64.8641
64.8641
64.8641
64.8641
64.8641
64.8641
64.8641
64.8641
64.8641
64.8641
64.8641
64.8641
64.8641
64.8641
64.8641
64.8641
64.8641
64.8641
64.8641
64.8641
64.8641
64.8641
64.8641
64.8641
64.8641
64.8641
64.8641
64.8641
64.8641
64.8641
64.8641
64.8641
64.8641
64.8641
64.8641
64.8641
64.8641
64.8641
64.8641
64.8641
64.8641
64.8641
64.8641
64.8641
64.8641
64.8641
64.8641
64.8641
64.8641
64.8641
64.8641
64.8641
64.8641
64.8641
64.8641
64.8641
64.8641
64.8641
64.8641
64.8641
64.8641
64.8641
64.8641
64.8641
64.8641
64.8641
64.8641
64.8641
64.8641
64.8641
64.8641
64.8641
64.8641
64.8641
64.8641
64.8641
64.8641
64.8641
64.8641
64.8641
64.8641
64.8641
64.8641
64.8641
64.8641
64.8641
64.8641
64.8641
64.8641
64.8641
64.8641
64.8641
64.8641
64.8641
64.8641
64.8641
64.8641
64.8641
64.8641
64.8641
64.8641
64.8641
64.8641
64.8641
64.8641
64.8641
64.8641
64.8641
64.8641
64.8641
64.8641
64.8641
64.8641
64.8641
64.8641
64.8641
64.8641
64.8641
64.8641
64.8641
64.8641
64.8641
64.8641
64.8641
64.8641
64.8641
64.8641
64.8641
64.8641
64.8641
64.8641
64.8641
64.8641
64.8641
64.8641
64.8641
64.8641
64.8641
64.8641
64.8641
64.8641
64.8641
64.8641
64.8641
64.8641
64.8641
64.8641
64.8641
64.8641
64.8641
64.8641
64.8641
64.8641
64.8641
64.8641
64.8641
64.8641
64.8641
64.8641
64.8641
64.8641
64.8641
64.8641
64.8641
64.8641
64.8641
64.8641
64.8641
64.8641
64.8641
64.8641
64.8641
64.8641
64.8641
64.8641
64.8641
64.8641
64.8641
64.8641
64.8641
64.8641
64.8641
64.8641
64.8641
64.8641
64.8641
64.8641
64.8641
64.8641
64.8641
64.8641
64.8641
64.8641
64.8641
64.8641
64.8641
64.8641
64.8641
64.8641
64.8641
64.8641
64.8641
64.8641
64.8641
64.8641
64.8641
64.8641
64.8641
64.8641
64.8641
64.8641
64.8641
64.8641
64.8641
64.8641
64.8641
64.8641
64.8641
64.8641
64.8641
64.8641
64.8641
64.8641
64.8641
64.8641
64.8641
64.8641
64.8641
64.8641
64.8641
64.8641
64.8641
64.8641
64.8641
64.8641
64.8641
64.8641
64.8641
64.8641
64.8641
64.8641
64.8641
64.8641
64.8641
64.8641
64.8641
64.8641
64.8641
64.8641
64.8641
64.8641
64.8641
64.8641
64.8641
64.8641
64.8641
64.8641
64.8641
64.8641
64.8641
64.8641
64.8641
64.8641
64.8641
64.8641
64.8641
64.8641
64.8641
64.8641
64.8641
64.8641
64.8641
64.8641
64.8641
64.8641
64.8641
64.8641
64.8641
64.8641
64.8641
64.8641
64.8641
64.8641
64.8641
64.8641
64.8641
64.8641
64.8641
64.8641
64.8641
64.8641
64.8641
64.8641
64.8641
64.8641
64.8641
64.8641
64.8641
64.8641
64.8641
64.8641
64.8641
64.8641
64.8641
64.8641
64.8641
64.8641
64.8641
64.8641
64.8641
64.8641
64.8641
64.8641
64.8641
64.8641
64.8641
64.8641
64.8641
64.8641
64.8641
64.8641
64.8641
64.8641
64.8641
64.8641
64.8641
64.8641
64.8641
64.8641
64.8641
64.8641
64.8641
64.8641
64.8641
64.8641
64.8641
64.8641
64.8641
64.8641
64.8641
64.8641
64.8641
64.8641
64.8641
64.8641
64.8641
64.8641
64.8641
64.8641
64.8641
64.8641
64.8641
64.8641
64.8641
64.8641
64.8641
64.8641
64.8641
64.8641
64.8641
64.8641
64.8641
64.8641
64.8641
64.8641
64.8641
64.8641
64.8641
64.8641
64.8641
64.8641
64.8641
64.8641
64.8641
64.8641
64.8641
64.8641
64.8641
64.8641
64.8641
64.8641
64.8641
64.8641
64.8641
64.8641
64.8641
64.8641
64.8641
64.8641
64.8641
64.8641
64.8641
64.8641
64.8641
64.8641
64.8641
64.8641
64.8641
64.8641
64.8641
64.8641
64.8641
64.8641
64.8641
64.8641
64.8641
64.8641
64.8641
64.8641
64.8641
64.8641
64.8641
64.8641
64.8641
64.8641
64.8641
64.8641
64.8641
64.8641
64.8641
64.8641
64.8641
64.8641
64.8641
64.8641
64.8641
64.8641
64.8641
64.8641
64.8641
64.8641
64.8641
64.8641
64.8641
64.8641
64.8641
64.8641
64.8641
64.8641
64.8641
64.8641
64.8641
64.8641
64.8641
64.8641
64.8641
64.8641
64.8641
64.8641
64.8641
64.8641
64.8641
64.8641
64.8641
64.8641
64.8641
64.8641
64.8641
64.8641
64.8641
64.8641
64.8641
64.8641
64.8641
64.8641
64.8641
64.8641
64.8641
64.8641
64.8641
64.8641
64.8641
64.8641
64.8641
64.8641
64.8641
64.8641
64.8641
64.8641
64.8641
64.8641
64.8641
64.8641
64.8641
64.8641
64.8641
64.8641
64.8641
64.8641
64.8641
64.8641
64.8641
64.8641
64.8641
64.8641
64.8641
64.8641
64.8641
64.8641
64.8641
64.8641
64.8641
64.8641
64.8641
64.8641
64.8641
64.8641
64.8641
64.8641
64.8641
64.8641
64.8641
64.8641
64.8641
64.8641
64.8641
64.8641
64.8641
64.8641
64.8641
64.8641
64.8641
64.8641
64.8641
64.8641
64.8641
64.8641
64.8641
64.8641
64.8641
64.8641
64.8641
64.8641
64.8641
64.8641
64.8641
64.8641
64.8641
64.8641
64.8641
64.8641
64.8641
64.8641
64.8641
64.8641
64.8641
64.8641
64.8641
64.8641
64.8641
64.8641
64.8641
64.8641
64.8641
64.8641
64.8641
64.8641
64.8641
64.8641
64.8641
64.8641
64.8641
64.8641
64.8641
64.8641
64.8641
64.8641
64.8641
64.8641
64.8641
64.8641
64.8641
64.8641
64.8641
64.8641
64.8641
64.8641
64.8641
64.8641
64.8641
64.8641
64.8641
64.8641
