410.609
403.215
394.743
385.922
383.723
371.558
346.375
346.375
337.026
336.948
329.383
323.237
314.797
309.117
309.117
303.107
302.793
301.147
293.644
289.935
288.723
285.481
284.012
280.94
279.782
275.544
270.841
267.969
267.969
261.736
260.489
257.461
250.034
250.034
248.118
247.362
242.19
241.485
241.485
236.768
234.61
229.077
229.077
227.862
226.026
221.852
221.147
216.087
215.649
214.636
211.181
209.939
208.756
207.318
206.538
203.276
199.21
197.513
196.557
194.496
193.536
192.83
192.365
191.611
191.611
189.331
187.618
187.618
187.618
186.512
186.512
184.239
181.662
181.094
181.094
181.094
181.094
179.889
178.33
178.33
176.81
176.81
176.045
175.927
172.592
169.634
169.634
167.667
167.667
167.667
166.918
165.376
165.376
163.752
163.752
163.752
163.752
163.248
163.248
163.248
162.855
158.033
157.86
157.458
156.379
154.816
154.18
153.41
152.774
152.529
152.287
151.672
150.938
150.081
149.724
149.412
146.215
146.215
146.215
145.644
145.644
145.34
144.324
144.324
142.743
142.743
141.698
141.698
141.151
140.694
138.953
138.953
138.809
138.67
138.295
138.295
138.295
137.424
136.955
136.955
136.942
135.98
135.98
135.579
135.579
135.117
134.581
133.491
133.029
131.79
131.79
131.254
130.555
130.064
129.084
129.084
129.084
128.67
127.972
127.972
126.145
126.145
125.844
125.844
125.844
125.796
125.486
124.364
123.144
123.144
122.418
122.418
122.166
121.713
121.509
121.509
121.509
121.219
121.219
118.416
118.126
117.39
116.937
115.269
115.269
115.269
113.789
113.789
113.37
113.37
112.442
113.042
112.399
112.071
112.071
112.071
112.071
110.778
110.778
110.778
110.778
110.778
110.778
110.778
110.778
110.194
110.194
109.644
109.644
107.939
107.556
107.556
107.556
107.556
106.64
106.354
106.354
106.354
106.354
106.216
106.216
104.666
104.455
104.398
104.398
103.689
103.016
102.935
102.719
102.251
101.331
101.331
101.207
99.6098
99.6098
99.4861
98.5128
98.5128
98.5128
98.5128
98.2836
97.7771
97.7771
97.7771
97.7771
98.2836
98.2836
98.2836
98.2836
98.0836
98.0836
98.0836
98.0836
98.0836
98.0836
98.0836
98.0836
97.5863
97.5863
97.5863
97.5863
96.8788
96.8788
96.8788
96.8788
96.8788
96.8788
96.8788
96.8788
96.8653
96.8653
96.8653
96.5802
95.4465
95.4465
95.3479
95.3479
95.3479
95.3479
94.9409
94.9409
94.9409
94.9409
94.9409
94.8024
94.8024
94.8024
94.7366
94.7366
94.5734
94.4955
94.1926
94.0869
94.0869
94.0869
94.0869
94.0869
93.7006
93.7006
93.7006
93.7006
93.7006
93.7006
93.1645
93.1645
93.1645
93.1645
93.1645
92.9235
92.9235
92.794
92.794
92.7457
92.2646
91.8941
91.8941
91.8941
91.8941
91.7956
91.8941
91.8941
91.5355
91.5355
91.5355
91.437
91.5355
91.2652
91.2652
91.2652
91.2652
91.2423
91.2423
91.2423
91.2423
91.2423
91.2423
91.2423
90.9279
90.9279
90.0928
90.0928
87.5342
87.5342
87.5342
87.5342
87.5342
87.5342
87.325
87.325
87.325
87.325
87.325
87.325
87.325
87.325
87.325
86.6913
86.6913
86.6913
86.6913
86.6913
86.6913
86.6913
86.6913
86.6913
86.6913
86.6913
86.4238
86.4238
86.4238
86.4238
86.4238
86.4238
86.2315
86.2315
86.2315
86.1709
86.1709
85.9065
85.9065
85.9065
85.8887
85.1431
85.1431
85.1431
85.1431
84.6311
84.6311
84.6311
84.6311
84.6311
84.6311
84.6311
84.6311
84.6311
84.5325
84.4532
84.4532
84.4532
84.4532
84.4532
83.9052
83.9052
83.9052
83.9052
83.9052
83.9052
83.7419
83.7419
83.7419
83.7419
83.7419
83.4479
82.9854
82.9854
82.9854
82.9854
82.9854
82.9854
82.9854
82.9854
82.9854
82.9854
82.9854
82.6961
82.6961
82.6961
82.6961
82.6961
82.6961
82.6961
82.6961
82.6961
82.6961
82.6961
82.6961
82.6961
82.6961
82.6961
82.6961
82.6961
82.6961
82.6961
82.6961
82.6961
82.6961
82.6961
82.6961
82.6961
82.6961
82.6961
82.6961
82.6961
82.6961
82.6961
82.6961
82.549
82.549
82.549
82.1615
82.1615
82.1615
81.8594
81.8594
81.7123
81.7123
81.7123
81.7123
81.7123
81.7123
81.1067
81.1067
81.1067
81.1067
81.1067
81.1067
81.1067
81.1067
81.1067
80.8937
80.8937
80.8937
80.8937
80.8937
80.8937
80.8511
80.8511
80.8511
80.8068
80.8068
80.8068
80.8068
80.8068
80.2352
80.2352
80.2352
80.2352
80.2352
80.2352
80.2352
78.4659
78.4659
78.218
78.218
78.218
78.218
78.218
78.218
78.218
78.218
78.218
77.6822
77.6822
77.6822
77.6822
77.3636
77.3636
77.3636
77.3636
77.3636
77.3636
77.3636
77.3636
77.3636
77.3636
77.3636
77.3636
77.2227
77.2227
77.2227
77.2227
77.2227
77.2227
77.2227
77.2227
77.2227
77.2227
77.2227
77.2227
76.9441
76.9441
76.9441
76.9441
76.8408
76.8408
76.8408
76.5334
76.5334
76.5334
76.5334
76.5334
76.5334
76.5334
76.5334
76.5334
76.5334
76.4675
76.4675
76.4675
76.4675
76.4675
76.4675
76.4675
76.4675
76.4675
76.4127
76.4127
76.4127
76.4127
76.1582
76.1582
76.1582
76.1582
76.1582
76.1582
76.1582
76.1582
75.9735
75.9735
75.4286
75.4286
75.4286
75.4286
75.1481
75.1481
75.1481
75.1481
75.1481
75.1481
75.1481
75.0774
75.0774
75.0774
75.0774
75.0774
75.0144
75.0144
75.0144
75.0144
75.0144
75.0144
74.9924
74.9924
74.9924
74.9924
74.182
74.182
74.182
74.182
74.182
74.182
74.182
74.182
74.182
74.182
74.182
74.182
74.182
74.182
74.182
74.182
74.182
74.182
74.182
74.182
74.182
74.182
74.182
74.182
74.182
74.182
74.182
74.182
74.182
74.182
74.182
74.182
74.182
74.182
74.182
74.182
74.182
74.1019
74.1019
74.1019
74.1019
74.1019
74.1019
74.1019
73.9468
73.9468
73.9468
73.9468
73.9468
73.9468
73.9468
73.9468
73.9468
73.9468
73.9468
73.9468
73.9468
73.813
73.813
73.813
73.813
73.813
73.813
73.813
73.813
73.813
73.813
73.813
73.813
73.813
73.813
73.813
73.813
73.813
73.813
73.813
73.813
73.813
73.813
73.813
73.813
73.813
73.813
73.813
73.813
73.813
73.813
73.813
73.813
73.813
73.813
73.813
73.813
73.813
73.813
73.813
73.813
73.813
73.813
73.813
73.813
73.813
73.813
73.813
73.813
73.722
73.722
73.722
73.722
73.722
73.722
73.722
73.722
73.349
73.722
73.722
73.722
73.722
73.6103
73.6103
73.6103
73.6103
73.6103
73.6103
73.6103
73.6103
73.6103
73.6103
73.6103
73.6103
73.6103
73.6103
73.6103
73.6103
73.6103
73.6103
73.6103
73.6103
73.6103
73.2874
73.2874
73.2874
73.2874
73.2874
73.2874
73.2874
73.2874
73.2874
73.2874
73.2874
73.2874
73.2874
73.2874
73.2874
73.2874
73.2874
73.2874
73.2874
73.2874
73.2874
73.2874
73.2874
73.2874
73.2874
73.2874
73.2874
73.2681
73.2681
73.2681
73.2681
73.2681
73.2681
73.2681
73.2681
73.2681
73.2681
73.2681
73.2681
73.2681
73.2681
73.2681
73.2681
73.0213
73.0213
73.0213
73.0213
73.0213
72.9258
72.9258
72.9258
72.9258
72.9258
72.9258
72.9258
72.9258
72.9258
72.9258
72.9258
72.9258
72.9258
72.9258
72.9258
72.9258
72.9258
72.9258
72.9258
72.9258
72.9258
72.9258
72.9258
72.9258
72.9258
72.9258
72.9258
72.9258
72.9258
72.9258
72.9258
72.9258
72.9258
72.9258
72.9258
72.9258
72.9258
72.9258
72.9258
72.9258
72.9258
72.9258
72.9258
72.9258
72.9258
72.9258
72.9258
72.9258
72.9258
72.9192
72.9192
72.9192
72.9192
72.9192
72.9192
72.9192
72.9192
72.9192
72.9192
72.9192
72.9192
72.6777
72.4578
72.4578
72.4578
72.4578
72.4286
72.4286
72.4286
72.4286
72.4286
72.4286
72.4286
72.4286
72.4286
72.4286
72.4286
72.4286
72.4286
72.4286
72.4286
72.4286
72.4286
72.4286
72.4286
72.4286
72.4286
72.4286
72.4286
72.4286
72.4286
72.4286
72.4286
72.4286
72.4286
72.4286
72.4286
72.4286
72.0931
72.0931
72.0931
72.075
72.075
72.075
72.075
72.075
72.075
72.075
72.075
72.075
72.075
72.075
72.075
72.075
72.075
72.075
72.075
72.075
72.075
72.075
72.075
72.075
72.075
72.075
72.075
72.075
72.075
72.075
72.075
72.075
72.075
72.075
72.075
72.075
72.075
72.075
72.075
72.075
72.075
72.075
72.075
71.836
71.836
71.836
71.5569
71.5569
71.5569
71.5569
71.5569
71.5569
71.5569
71.5569
71.5569
71.5569
71.5569
71.5569
71.5569
71.5569
71.5569
71.5569
71.5569
71.5569
71.5569
71.5569
71.5569
71.5569
71.1309
71.1309
71.1309
71.1309
71.1309
71.1309
71.1309
71.1309
71.1309
71.1309
71.1309
71.1309
71.1309
71.1309
71.1309
71.1309
71.1309
71.1309
71.1309
71.1309
71.1309
71.1309
71.1309
71.1309
71.1309
71.1309
71.1309
71.1309
71.1309
71.1309
71.1309
71.1309
71.1309
71.1309
71.1309
71.1309
71.1309
71.1309
71.1309
71.1309
71.0403
71.0403
69.3971
69.3971
69.3971
69.3971
69.3971
69.0633
69.0633
69.0633
69.0633
69.0633
69.0633
69.0633
69.0633
69.0633
69.0633
69.0633
69.0633
69.0633
69.0633
69.0633
69.0633
69.0633
69.0633
69.0633
69.0633
69.0633
69.0633
69.0633
69.0633
69.0633
69.0633
69.0633
69.0633
69.0633
69.0633
69.0633
69.0633
69.0633
69.0633
69.0633
69.0633
69.0633
69.0633
69.0633
69.0633
69.0633
69.0633
69.0633
69.0633
69.0633
69.0633
69.0633
69.0633
69.0633
69.0633
69.0633
69.0633
69.0633
69.0633
69.0633
69.0633
69.0633
69.0633
69.0633
69.0633
69.0633
69.0633
69.0633
69.0633
69.0633
69.0633
69.0633
69.0633
69.0633
69.0633
69.0633
69.0633
69.0633
69.0633
69.0633
69.0633
69.0633
69.0633
69.0633
69.0633
69.0633
69.0633
69.0633
69.0633
69.0633
69.0633
69.0633
69.0633
69.0633
69.0633
69.0633
69.0633
69.0633
69.0633
69.0633
69.0633
69.0633
69.0633
69.0633
69.0633
69.0633
69.0633
69.0633
69.0633
69.0633
69.0633
69.0633
69.0633
69.0633
69.0633
69.0633
69.0633
69.0633
69.0633
69.0633
69.0633
69.0633
69.0633
69.0633
69.0633
69.0633
69.0633
69.0633
69.0633
69.0633
69.0633
69.0633
69.0633
69.0633
69.0633
69.0633
69.0633
69.0633
69.0633
69.0633
69.0633
69.0633
69.0633
69.0633
69.0633
69.0633
68.9405
68.9405
68.9405
68.9405
68.9405
68.9405
68.9405
68.9405
68.9405
68.9405
68.9405
68.9405
68.9405
68.9405
68.9405
68.9405
68.9405
68.9405
68.9405
68.9405
68.9405
68.9405
68.9405
68.9405
68.9405
68.9405
68.9405
68.9405
68.9405
68.9405
68.9405
68.9405
68.9405
68.9405
68.9405
68.9405
68.9405
68.9405
68.9405
68.9405
68.9405
68.9405
68.9405
68.9405
68.9405
68.9405
68.9405
68.9405
68.9405
68.9405
68.9405
68.9405
68.9405
68.9405
68.9405
68.9405
68.9405
68.9405
68.9405
68.9405
68.9405
68.9405
68.9405
68.9405
68.9405
68.9405
68.9405
68.9405
68.9405
68.9405
68.9405
68.9405
68.9405
68.9405
68.9405
68.9405
68.9405
68.9405
68.9405
68.9405
68.9405
68.6513
68.6513
68.6513
68.6513
68.6513
68.6513
68.6513
68.6513
68.6513
68.6513
68.6513
68.6513
68.6513
68.6513
68.6513
68.6513
68.6513
68.6513
68.5002
68.5002
68.5002
68.5002
68.5002
68.5002
68.5002
68.5002
68.5002
68.5002
68.5002
68.5002
68.5002
68.5002
68.5002
68.5002
68.5002
68.5002
68.5002
68.5002
68.5002
68.5002
68.5002
68.5002
68.4336
68.4336
68.4336
68.4336
68.4336
68.4336
68.4336
68.4307
68.4307
68.4307
68.4307
68.4307
68.4307
68.4307
68.4307
68.4307
68.4307
68.4307
68.4307
68.4307
68.4307
68.4307
68.4307
68.4307
68.4307
68.4307
68.4307
68.4307
68.4307
68.4307
68.4307
68.4307
68.4307
68.4288
68.4288
68.4288
68.4288
68.4288
68.4288
68.4265
68.4265
68.4265
68.4265
68.4265
68.4265
68.4265
68.4265
68.4265
68.4265
68.4265
68.4265
68.4265
68.4265
68.4265
68.4265
68.4265
68.4265
68.4265
68.4265
68.4265
68.4265
68.4265
68.4265
68.4265
68.4265
68.4265
68.4265
68.4265
68.4265
68.4265
68.4265
68.4265
68.4265
68.4265
68.4265
68.4265
68.4117
68.4117
68.4117
68.4117
68.4117
68.4117
68.4117
68.4117
68.4117
68.4117
68.4117
68.4117
68.4117
68.4117
68.4117
68.4117
68.4117
68.4117
68.4117
68.4117
68.4117
68.4117
68.4117
68.4117
68.4117
68.4117
68.4117
68.4117
68.4117
68.4117
68.4117
68.4117
68.4117
68.4117
68.4117
68.4117
68.4117
68.4117
68.4117
68.4117
68.4117
68.4117
68.4117
68.3471
68.3471
68.3471
68.3471
68.3471
68.3471
68.3471
68.3471
68.3471
68.3471
68.3471
68.3471
68.2463
67.9271
67.9271
67.9271
67.9271
67.9271
67.9271
67.9271
67.9271
67.9271
67.7235
67.7235
67.7235
67.7235
67.7235
67.7235
67.7235
67.7235
67.7235
67.7235
67.7235
67.7235
67.7235
67.7235
67.7235
67.7235
67.7235
67.7235
67.7235
67.7235
67.7235
67.7235
67.7235
67.7235
67.7235
67.7235
67.7235
67.7235
67.7235
67.7235
67.7235
67.7235
67.7235
67.7235
67.7235
67.7235
67.7235
67.7235
67.7235
67.7235
67.7235
67.7235
67.7235
67.7235
67.7235
67.7235
67.7235
67.7235
67.7235
67.7235
67.7235
67.7235
67.7235
67.7235
67.7235
67.7235
67.7235
67.7235
67.7235
67.7235
67.7235
67.7235
67.7235
67.7235
67.7235
67.7235
67.7235
67.7235
67.7235
67.7235
67.7235
67.7235
67.7235
67.7235
67.7235
67.7235
67.7235
67.7235
67.7235
67.7235
67.7235
67.7235
67.7235
67.7235
67.7235
67.7235
67.7235
67.7235
67.7235
67.7235
67.7235
67.7235
67.7235
67.7235
67.7235
67.7235
67.7235
67.7235
67.7235
67.7235
67.7235
67.7235
67.7235
67.7235
67.7235
67.7235
67.7235
67.7235
67.7235
67.7235
67.7235
67.7235
67.7235
67.7235
67.7235
67.7235
67.7235
67.7235
67.7235
67.7235
67.7235
67.7235
67.7235
67.7235
67.7235
67.7235
67.7235
67.7235
67.7235
67.7235
67.7235
67.7235
67.7235
67.7235
67.7235
67.7235
67.7235
67.7235
67.7235
67.7235
67.7235
67.7235
67.7235
67.7235
67.7235
67.7235
67.7235
67.7235
67.7235
67.7235
67.7235
67.7235
67.7235
67.7235
67.7235
67.7235
67.7235
67.7235
67.7235
67.7235
67.7235
67.7235
67.7235
67.7235
67.7235
67.7235
67.7235
67.7235
67.7235
67.7235
67.7235
67.7235
67.7235
67.7235
67.7235
67.7235
67.7235
67.7235
67.7235
67.7235
67.7235
67.7235
67.7235
67.7235
67.7235
67.7235
67.7235
67.7235
67.7235
67.7235
67.7235
67.7235
67.7235
67.7235
67.7235
67.7235
67.7235
67.7235
67.7235
67.7235
67.7235
67.7235
67.7235
67.7235
67.7235
67.7235
67.7235
67.7235
67.7235
67.7235
67.7235
67.7235
67.7235
67.7235
67.7235
67.7235
67.7235
67.7235
67.7235
67.7235
67.7235
67.7235
67.7235
67.7235
67.7235
67.7235
67.7235
67.7235
67.7235
67.7235
67.7235
67.7235
67.7235
67.7235
67.7235
67.7235
67.7235
67.7235
67.7235
67.7235
67.7235
67.7235
67.7235
67.7235
67.7235
67.7235
67.7235
67.7235
67.7235
67.7235
67.7235
67.7235
67.7235
67.7235
67.7235
67.7235
67.7235
67.7235
67.7235
67.7235
67.7235
67.7235
67.7235
67.7235
67.7235
67.7235
67.7235
67.7235
67.7235
67.7235
67.7235
67.7235
67.7235
67.7235
67.7235
67.7235
67.7235
67.7235
67.7235
67.7235
67.7235
67.7235
67.7235
67.7235
67.7235
67.7235
67.7235
67.7235
67.7235
67.7235
67.7235
67.7235
67.7235
67.7235
67.7235
67.7235
67.7235
67.7235
67.7235
67.7235
67.7235
67.7235
67.7235
67.7235
67.7235
67.7235
67.7235
67.7235
67.7235
67.7235
67.7235
67.7235
67.7235
67.7235
67.7235
67.7235
67.7235
67.7235
67.7235
67.7235
67.7235
67.7235
67.7235
67.7235
67.7235
67.7235
67.7235
67.7235
67.7235
67.7235
67.7235
67.7235
67.7235
67.7235
67.7235
67.7235
67.7235
67.7235
67.7235
67.7235
67.7235
67.7235
67.7235
67.7235
67.7235
67.7235
67.7235
67.7235
67.7235
67.7235
67.7235
67.7235
67.7235
67.7235
67.7235
67.7235
67.7235
67.7235
67.7235
67.7235
67.7235
67.7235
67.7235
67.7235
67.7235
67.7235
67.7235
67.7235
67.7235
67.7235
67.7235
67.7235
67.7235
67.7235
67.7235
67.7235
67.7235
67.7235
67.7235
67.7235
67.7235
67.7235
67.7235
67.7235
67.7235
67.7235
67.7235
67.7235
67.7235
67.7235
67.7235
67.7235
67.7235
67.7235
67.7235
67.7235
67.7235
67.7235
67.7235
67.7235
67.7235
67.7235
67.7235
67.7235
67.7235
67.7235
67.7235
67.7235
67.7235
67.7235
67.7235
67.7235
67.7235
67.7235
67.7235
67.7235
67.7235
67.7235
67.7235
67.7235
67.7235
67.7235
67.7235
67.7235
67.7235
67.7235
67.7235
67.7235
67.7235
67.7235
67.7235
67.3949
67.3949
67.3949
67.3949
67.3949
67.3949
67.3949
67.3949
67.3949
67.3949
67.3949
67.3949
67.3949
67.3949
66.7754
66.7754
66.7754
66.7754
66.7754
66.7754
66.7754
66.7754
66.7754
66.7754
66.7754
66.7754
66.7754
66.7754
66.7754
66.7754
66.7754
66.7754
66.7754
66.7754
66.7754
66.7754
66.7754
66.7754
66.7754
66.7754
66.7754
66.7754
66.7754
66.7754
66.7754
66.7754
66.7754
66.7754
66.7754
66.7754
66.7754
66.7754
66.7754
66.7754
66.7754
66.7754
66.7754
66.7754
66.7754
66.7754
66.7754
66.7754
66.7754
66.7754
66.7754
66.5497
66.5497
66.5497
66.5497
66.5497
66.5497
66.5497
66.5497
66.5497
66.5497
66.5497
66.5497
66.5497
66.5497
66.5497
66.5497
66.5497
66.5497
66.5497
66.5497
66.5497
66.5497
66.5497
66.5497
66.5497
66.5497
66.5497
66.5497
66.5497
66.5497
66.5497
66.5497
66.5497
66.5497
66.5497
66.5497
66.5497
66.5497
66.5497
66.5497
66.5497
66.5497
66.5497
66.5497
66.5497
66.5497
66.5497
66.5497
66.5497
66.5497
66.5497
66.5497
66.5497
66.5497
66.5497
66.5497
66.5497
66.5497
66.5497
66.5497
66.5497
66.5497
66.5497
66.5497
66.5497
66.5497
66.5497
66.5497
66.5497
66.5497
66.5497
66.5497
66.5497
66.5497
66.5497
66.5497
66.5497
66.5497
66.5497
66.5497
66.5497
66.5497
66.5497
66.5497
66.5497
66.5497
66.5497
66.5497
66.5497
66.5497
66.5497
66.5497
66.5497
66.5497
66.5497
66.5497
66.5497
66.5497
66.5497
66.5497
66.5497
66.5497
66.5497
66.5497
66.5497
66.5497
66.5497
66.5497
66.5497
66.5497
66.5497
66.5497
66.5497
66.5497
66.5497
66.5497
66.5497
66.5497
66.5497
66.5497
66.5497
66.5497
66.5497
66.5497
66.5497
66.5497
66.5497
66.5497
66.5497
66.5497
66.5497
66.5497
66.5497
66.5497
66.5497
66.5497
66.5497
66.5497
66.5497
66.5497
66.5497
66.5497
66.5497
66.5497
66.5497
66.5497
66.5497
66.5497
66.5497
66.5497
66.5497
66.5497
66.5497
66.5497
66.5497
66.5497
66.5497
66.5497
66.5497
66.5497
66.5497
66.5497
66.5497
66.5497
66.5497
66.5497
66.5497
66.5497
66.5497
66.5497
66.5497
66.5497
66.5497
66.5497
66.5497
66.5497
66.5497
66.5497
66.5497
66.5497
66.5497
66.5497
66.5497
66.5497
66.5497
66.5497
66.5497
66.5497
66.5497
66.5497
66.5497
66.5497
66.5497
66.5497
66.5497
66.5497
66.5497
66.5497
66.5497
66.5497
66.5497
66.5497
66.5497
66.5497
66.5497
66.5497
66.5497
66.5497
66.5497
66.5497
66.5497
66.5497
66.5497
66.5497
66.5497
66.5497
66.5497
66.5497
66.5497
66.5497
66.5497
66.5497
66.5497
66.5497
66.5497
66.5497
66.5497
66.5497
66.5497
66.5497
66.5497
66.5497
66.5497
66.5497
66.5497
66.5497
66.5497
66.5497
66.5497
66.5497
66.5497
66.5497
66.5497
66.5497
66.5497
66.5497
66.5497
66.5497
66.5497
66.5497
66.5497
66.5497
66.5497
66.5497
66.5497
66.5497
66.5497
66.5497
66.5497
66.5497
66.5497
66.5497
66.5497
66.5497
66.5497
66.5497
66.5497
66.5497
66.5497
66.5497
66.5497
66.5497
66.5497
66.5497
66.5497
66.5497
66.5497
66.5497
66.5497
66.5497
66.5497
66.5497
66.5497
66.5497
66.5497
66.5497
66.5497
66.5497
66.5497
66.5497
66.5497
66.5497
66.5497
66.5497
66.5497
66.5497
66.5497
66.5497
66.5497
66.5497
66.5497
66.5497
66.5497
66.5497
66.5497
66.5497
66.5497
66.5497
66.5497
66.5497
66.5497
66.5497
66.5497
66.5497
66.5497
66.5497
66.5497
66.5497
66.5497
66.5497
66.5497
66.5497
66.5497
66.5497
66.5497
66.5497
66.5497
66.5497
66.5497
66.5497
66.5497
66.5497
66.5497
66.5497
66.5497
66.5497
66.5497
66.5497
66.5497
66.5497
66.5497
66.5497
66.5497
66.5497
66.5497
66.5497
66.5497
66.5497
66.5497
66.5497
66.5497
66.5497
66.5497
66.5497
66.5497
66.5497
66.5497
66.5497
66.5497
66.5497
66.5497
66.5497
66.5497
66.5497
66.5497
66.5497
66.5497
66.5497
66.5497
66.5497
66.5497
66.5497
66.5497
66.5497
66.5497
66.5497
66.5497
66.5497
66.5497
66.5497
66.5497
66.5497
66.5497
66.5497
66.5497
66.5497
66.5497
66.5497
66.5497
66.5497
66.5497
66.5497
66.5497
66.5497
66.5497
66.5497
66.5497
66.5497
66.5497
66.5497
66.5497
66.5497
66.5497
66.5497
66.5497
66.5497
66.5497
66.5497
66.5497
66.5497
66.5497
66.5497
66.5497
66.5497
66.5497
66.5497
66.5497
66.5497
66.5497
66.5497
66.5497
66.5497
66.5497
66.5497
66.5497
66.5497
66.5497
66.5497
66.5497
66.5497
66.5497
66.5497
66.5497
66.5497
66.5497
66.5497
66.5497
66.5497
66.5497
66.5497
66.5497
66.5497
66.5497
66.5497
66.5497
66.5497
66.5497
66.5497
66.5497
66.5497
66.5497
66.5497
66.5497
66.5497
66.5497
66.5497
66.5497
66.5497
66.5497
66.5497
66.5497
66.5497
66.5497
66.5497
66.5497
66.5497
66.5497
66.5497
66.5497
66.5497
66.5497
66.5497
66.5497
66.5497
66.5497
66.5497
66.5497
66.5497
66.5497
66.5497
66.5497
66.5497
66.5497
66.5497
66.5497
66.5497
66.5497
66.5497
66.5497
66.5497
66.5497
66.5497
66.5497
66.5497
66.5497
66.5497
66.5497
66.5497
66.5497
66.5497
66.5497
66.5497
66.5497
66.5497
66.5497
66.5497
66.5497
66.5497
66.5497
66.5497
66.5497
66.5497
66.5497
66.5497
66.5497
66.5497
66.5497
66.5497
66.5497
66.5497
66.5497
66.5497
66.5497
66.5497
66.5497
66.5497
66.5497
66.5497
66.5497
66.5497
66.5497
66.5497
66.5497
66.5159
66.5159
66.5159
66.5159
66.5159
66.5159
66.5159
66.5159
66.5159
66.5159
66.5159
66.5159
66.5159
66.5159
66.5159
66.5159
66.5159
66.5159
66.5159
66.5159
66.5159
66.5159
66.5159
66.5159
66.5159
66.5159
66.5159
66.5159
66.5159
66.5159
66.5159
66.5159
66.5159
66.5159
66.5159
66.5159
66.5159
66.5159
66.5159
66.5159
66.5159
66.5159
66.5159
66.5159
66.5159
66.5159
66.5159
66.5159
66.5159
66.5159
66.5159
66.5159
66.5159
66.5159
66.5159
66.5159
66.5159
66.5159
66.5159
66.5159
66.5159
65.9397
65.9397
65.9397
65.9397
65.9397
65.9397
65.9397
65.9397
65.9397
65.9397
65.9397
65.9397
65.9397
65.9397
65.9397
65.9397
65.9397
65.9397
65.9397
65.9397
65.9397
65.9397
65.9397
65.9397
65.9397
65.9397
65.9397
65.9397
65.9397
65.9397
65.9397
65.9397
65.9397
65.9397
65.9397
65.9397
65.9397
65.9397
65.9397
65.9397
65.9397
65.9397
65.9397
65.9397
65.9397
65.9397
65.9397
65.9397
65.9397
65.9397
65.9397
65.9397
65.9397
65.9397
65.9397
65.9397
65.9397
65.9397
65.9397
65.9397
65.9397
65.9397
65.9397
65.9397
65.9397
65.9397
65.9397
65.9397
65.9397
65.9397
65.9397
65.9397
65.9397
65.9397
65.9397
65.9397
65.9397
65.9397
65.9397
65.9397
65.9397
65.9397
65.9397
65.9397
65.9397
65.9397
65.9397
65.9397
65.9397
65.9397
65.9397
65.9397
65.9397
65.9397
65.9397
65.9397
65.9397
65.9397
65.9397
65.9397
65.9397
65.9397
65.9397
65.9397
65.9397
65.9397
65.9397
65.9397
65.9397
65.9397
65.9397
65.9397
65.9397
65.9397
65.9397
65.9397
65.9397
65.9397
65.9397
65.9397
65.9397
65.9397
65.9397
65.9397
65.9397
65.9397
65.9397
65.9397
65.9397
65.9397
65.9397
65.9397
65.9397
65.9397
65.9397
65.9397
65.9397
65.9397
65.9397
65.9397
65.9397
65.9397
65.9397
65.9397
65.9397
65.9397
65.9397
65.9397
65.9397
65.9397
65.9397
65.9397
65.9397
65.9397
65.9397
65.9397
65.9397
65.9397
65.9397
65.9397
65.9397
65.9397
65.9397
65.9397
65.9397
65.9397
65.9397
65.9397
65.9397
65.9397
65.9397
65.9397
65.9397
65.9397
65.9397
65.9397
65.9397
65.9397
65.9397
65.9397
65.9397
65.9397
65.9397
65.9397
65.9397
65.9397
65.9397
65.9397
65.9397
65.9397
65.9397
65.9397
65.9397
65.9397
65.9397
65.9397
65.9397
65.9397
65.9397
65.9397
65.9397
65.9397
65.9397
65.9397
65.9397
65.9397
65.9397
65.9397
65.9397
65.9397
65.9397
65.9397
65.9397
65.9397
65.9397
65.9397
65.9397
65.9397
65.9397
65.9397
65.9397
65.9397
65.9397
65.9397
65.9397
65.9397
65.9397
65.9397
65.9397
65.9397
65.9397
65.9397
65.9397
65.9397
65.9397
65.9397
65.9397
65.9397
65.9397
65.9397
65.9397
65.9397
65.9397
65.9397
65.9397
65.9397
65.9397
65.9397
65.9397
65.9397
65.9397
65.9397
65.9397
65.9397
65.9397
65.9397
65.9397
65.9397
65.9397
65.9397
65.9397
65.9397
65.9397
65.9397
65.9397
65.9397
65.9397
65.9397
65.9397
65.9397
65.9397
65.9397
65.9397
65.9397
65.9397
65.9397
65.9397
65.9397
65.9397
65.9397
65.9397
65.9397
65.9397
65.9397
65.9397
65.9397
65.9397
65.9397
65.9397
65.9397
65.9397
65.9397
65.9397
65.9397
65.9397
65.9397
65.9397
65.9397
65.9397
65.9397
65.9397
65.9397
65.9397
65.9397
65.9397
65.9397
65.9397
65.9397
65.9397
65.9397
65.9397
65.9397
65.9397
65.9397
65.9397
65.9397
65.9397
65.9397
65.9397
65.9397
65.9397
65.9397
65.9397
65.9397
65.9397
65.9397
65.9397
65.9397
65.9397
65.9397
65.9397
65.9397
65.9397
65.9397
65.9397
65.9397
65.9397
65.9397
65.9397
65.9397
65.9397
65.9397
65.9397
65.9397
65.9397
65.9397
65.9397
65.9397
65.9397
65.9397
65.9397
65.9397
65.9397
65.9397
65.9397
65.9397
65.9397
65.9397
65.9397
65.9397
65.9397
65.9397
65.9397
65.9397
65.9397
65.9397
65.9397
65.9397
65.9397
65.9397
65.9397
65.9397
65.9397
65.9397
65.9397
65.9397
65.9397
65.9397
65.9397
65.9397
65.9397
65.9397
65.9397
65.9397
65.9397
65.9397
65.9397
65.9397
65.9397
65.9397
65.9397
65.9397
65.9397
65.9397
65.9397
65.9397
65.9397
65.9397
65.9397
65.9397
65.9397
65.9397
65.9397
65.9397
65.9397
65.9397
65.9397
65.9397
65.9397
65.9397
65.9397
65.9397
65.9397
65.9397
65.9397
65.9397
65.9397
65.9397
65.9397
65.9397
65.9397
65.9397
65.9397
65.9397
65.9397
65.9397
65.9397
65.9397
65.9397
65.9397
65.9397
65.9397
65.9397
65.9397
65.9397
65.9397
65.9397
65.9397
65.9397
65.9397
65.9397
65.9397
65.9397
65.9397
65.9397
65.9397
65.9397
65.9397
65.9397
65.9397
65.9397
65.9397
65.9397
65.9397
65.9397
65.9397
65.9397
65.9397
65.9397
65.9397
65.9397
65.9397
65.9397
65.9397
65.9397
65.9397
65.9397
65.9397
65.9397
65.9397
65.9397
65.9397
65.9397
65.9397
65.9397
65.9397
65.9397
65.9397
65.9397
65.9397
65.9397
65.9397
65.9397
65.9397
65.9397
65.9397
65.9397
65.9397
65.9397
65.9397
65.9397
65.9397
65.9397
65.9397
65.9397
65.9397
65.9397
65.9397
65.9397
65.9397
65.9397
65.9397
65.9397
65.9397
65.9397
65.9397
65.9397
65.9397
65.9397
65.9397
65.9397
65.9397
65.9397
65.9397
65.9397
65.9397
65.9397
65.9397
65.9397
65.9397
65.9397
65.9397
65.9397
65.9397
65.9397
65.9397
65.9397
65.9397
65.9397
65.9397
65.9397
65.9397
65.9397
65.9397
65.9397
65.9397
65.9397
65.9397
65.9397
65.9397
65.9397
65.9397
65.9397
65.9397
65.9397
65.9397
65.9397
65.9397
65.9397
65.9397
65.9397
65.9397
65.9397
65.9397
65.9397
65.9397
65.9397
65.9397
65.9397
65.9397
65.9397
65.9397
65.9397
65.9397
65.9397
65.9397
65.9397
65.9397
65.9397
65.9397
65.9397
65.9397
65.9397
65.9397
65.9397
65.9397
65.9397
65.9397
65.9397
65.9397
65.9397
65.9397
65.9397
65.9397
65.9397
65.9397
65.9397
65.9397
65.9397
65.9397
65.9397
65.9397
65.9397
65.9397
65.9397
65.9397
65.9397
65.9397
65.9397
65.9397
65.9397
65.9397
65.9397
65.9397
65.9397
65.9397
65.9397
65.9397
65.9397
65.9397
65.9397
65.9397
65.9397
65.9397
65.9397
65.9397
65.9397
65.9397
65.9397
65.9397
65.9397
65.9397
65.9397
65.9397
65.9397
65.9397
65.9397
65.9397
65.9397
65.9397
65.9397
65.9397
65.9397
65.9397
65.9397
65.9397
65.9397
65.9397
65.9397
65.9397
65.9397
65.9397
65.9397
65.9397
65.9397
65.9397
65.9397
65.9397
65.9397
65.9397
65.9397
65.9397
65.9397
65.9397
65.9397
65.9397
65.9397
65.9397
65.9397
65.9397
65.9397
65.9397
65.9397
65.9397
65.9397
65.9397
65.9397
65.9397
65.9397
65.9397
65.9397
65.9397
65.9397
65.9397
65.9397
65.9397
65.9397
65.9397
65.9397
65.9397
65.9397
65.9397
65.9397
65.9397
65.9397
65.9397
65.9397
65.9397
65.9397
65.9397
65.9397
65.9397
65.9397
65.9397
65.9397
65.9397
65.9397
65.9397
65.9397
65.9397
65.9397
65.9397
65.9397
65.9397
65.9397
65.9397
65.9397
65.9397
65.9397
65.9397
65.9397
65.9397
65.9397
65.9397
65.9397
65.9397
65.9397
65.9397
65.9397
65.9397
65.9397
65.9397
65.9397
65.9397
65.9397
65.9397
65.9397
65.9397
65.9397
65.9397
65.9397
65.9397
65.9397
65.9397
65.9397
65.9397
65.9397
65.9397
65.9397
65.9397
65.9397
65.9397
65.9397
65.9397
65.9397
65.9397
65.9397
65.9397
65.9397
65.9397
65.9397
65.9397
65.9397
65.9397
65.9397
65.9397
65.9397
65.9397
65.9397
65.9397
65.9397
65.9397
65.9397
65.9397
65.9397
65.9397
65.9397
65.9397
65.9397
65.9397
65.9397
65.9397
65.9397
65.9397
65.9397
65.9397
65.9397
65.9397
65.9397
65.9397
65.9397
65.9397
65.9397
65.9397
65.9397
65.9397
65.9397
65.9397
65.9397
65.9397
65.9397
65.9397
65.9397
65.9397
65.9397
65.9397
65.9397
65.9397
65.9397
65.9397
65.9397
65.9397
65.9397
65.9397
65.9397
65.9397
65.9397
65.9397
65.9397
65.9397
65.9397
65.9397
65.9397
65.9397
65.9397
65.9397
65.9397
65.9397
65.9397
65.9397
65.9397
65.9397
65.9397
65.9397
65.9397
65.9397
65.9397
65.9397
65.9397
65.9397
65.9397
65.9397
65.9397
65.9397
65.9397
65.9397
65.9397
65.9397
65.9397
65.9397
65.9397
65.9397
65.9397
65.9397
65.9397
65.9397
65.9397
65.9397
65.9397
65.9397
65.9397
65.9397
65.9397
65.9397
65.9397
65.9397
65.9397
65.9397
65.9397
65.9397
65.9397
65.9397
65.9397
65.9397
65.9397
65.9397
65.9397
65.9397
65.9397
65.9397
65.9397
65.9397
65.9397
65.9397
65.9397
65.9397
65.9397
65.9397
65.9397
65.9397
65.9397
65.9397
65.9397
65.9397
65.9397
65.9397
65.9397
65.9397
65.9397
65.9397
65.9397
65.9397
65.9397
65.9397
65.9397
65.9397
65.9397
65.9397
65.9397
65.9397
65.9397
65.9397
65.9397
65.9397
65.9397
65.9397
65.9397
65.9397
65.9397
65.9397
65.9397
65.9397
65.9397
65.9397
65.9397
65.9397
65.9397
65.9397
65.9397
65.9397
65.9397
65.9397
65.9397
65.9397
65.9397
65.9397
65.9397
65.9397
65.9397
65.9397
65.9397
65.9397
65.9397
65.9397
65.9397
65.9397
65.9397
65.9397
65.9397
65.9397
65.9397
65.9397
65.9397
65.9397
65.9397
65.9397
65.9397
65.9397
65.9397
65.9397
65.9397
65.9397
65.9397
65.9397
65.9397
65.9397
65.9397
65.9397
65.9397
65.9397
65.9397
65.9397
65.9397
65.9397
65.9397
65.9397
65.9397
65.9397
65.9397
65.9397
65.9397
65.9397
65.9397
65.9397
65.9397
65.9397
65.9397
65.9397
65.9397
65.9397
65.9397
65.9397
65.9397
65.9397
65.9397
65.9397
65.9397
65.9397
65.9397
65.9397
65.9397
65.9397
65.9397
65.9397
65.9397
65.9397
65.9397
65.9397
65.9397
65.9397
65.5647
65.5647
65.5647
65.5647
65.5647
65.5647
65.5647
65.5647
65.5647
65.5647
65.5647
65.5647
65.5647
65.5647
65.5647
65.5647
65.5647
65.5647
65.5647
65.5647
65.5647
65.5647
65.5647
65.5647
65.5647
65.5647
65.5647
65.5647
65.5647
65.5647
65.5647
65.5647
65.5647
65.5647
65.5647
65.5647
65.5647
65.5647
65.5647
65.5647
65.5647
65.5647
65.5647
65.5647
65.5647
65.5647
65.5647
65.5647
65.5647
65.5647
65.5647
65.5647
65.5647
65.5647
65.5647
65.5647
65.5647
65.5647
65.5647
65.5647
65.5647
65.5647
65.5647
65.5647
65.5647
65.5647
65.5647
65.5647
65.5647
65.5647
65.5647
65.5647
65.5647
65.5647
65.5647
65.5647
65.5647
65.5647
65.5647
65.5647
65.5647
65.5647
65.5647
65.5647
65.5647
65.5647
65.5647
65.5647
65.5647
65.5647
65.5647
65.5647
65.5647
65.5647
65.5647
65.5647
65.5647
65.5647
65.5647
65.5647
65.5647
65.5647
65.5647
65.5647
65.5647
65.5647
65.5647
65.5647
65.5647
65.5647
65.5647
65.5647
65.5647
65.5647
65.5647
65.5647
65.5647
65.5647
65.5647
65.5647
65.5647
65.5647
65.5647
65.5647
65.5647
65.5647
65.5647
65.5647
65.5647
65.5647
65.5647
65.5647
65.5647
65.5647
65.5647
65.5647
65.5647
65.5647
65.5647
65.5647
65.5647
65.5647
65.5647
65.5647
65.5647
65.5647
65.5647
65.5647
65.5647
65.5647
65.5647
65.5647
65.5647
65.5647
65.5647
65.5647
65.5647
65.5647
65.5647
65.5647
65.5647
65.5647
65.5647
65.5647
65.5647
65.5647
65.5647
65.5647
65.5647
65.5647
65.5647
65.5647
65.5647
65.5647
65.5647
65.5647
65.5647
65.5647
65.5647
65.5647
65.5647
65.5647
65.5647
65.5647
65.5647
65.5647
65.5647
65.5647
65.5647
65.5647
65.5647
65.5647
65.5647
65.5647
65.5647
65.5647
65.5647
65.5647
65.5647
65.5647
65.5647
65.5647
65.5647
65.5647
65.5647
65.5647
65.5647
65.5647
65.5647
65.5647
65.5647
65.5647
65.5647
65.5647
65.5647
65.5647
65.5647
65.5647
65.5647
65.5647
65.5647
65.5647
65.5647
65.5647
65.5647
65.5647
65.5647
65.5647
65.5647
65.5647
65.5647
65.5647
65.5647
65.5647
65.5647
65.5647
65.5647
65.5647
65.5647
65.5647
65.5647
65.5647
65.5647
65.5647
65.5647
65.5647
65.5647
65.5647
65.5647
65.5647
65.5647
65.5647
65.5647
65.5647
65.5647
65.5647
65.5647
65.5647
65.5647
65.5647
65.5647
65.5647
65.5647
65.5647
65.5647
65.5647
65.5647
65.5647
65.5647
65.5647
65.5647
65.5647
65.5647
65.5647
65.5647
65.5647
65.5647
65.5647
65.5647
65.5647
65.5647
65.5647
65.5647
65.5647
65.5647
65.5647
65.5647
65.5647
65.5647
65.5647
65.5647
65.5647
65.5647
65.5647
65.5647
65.5647
65.5647
65.5647
65.5647
65.5647
65.5647
65.5647
65.5647
65.5647
65.5647
65.5647
65.5647
65.5647
65.5647
65.5647
65.5647
65.5647
65.5647
65.5647
65.5647
65.5647
65.5647
65.5647
65.5647
65.5647
65.5647
65.5647
65.5647
65.5647
65.5647
65.5647
65.5647
65.5647
65.5647
65.5647
65.5647
65.5647
65.5647
65.5647
65.5647
65.5647
65.5647
65.5647
65.5647
65.5647
65.5647
65.5647
65.5647
65.5647
65.5647
65.5647
65.5647
65.5647
65.5647
65.5647
65.5647
65.5647
65.5647
65.5647
65.5647
65.5647
65.5647
65.5647
65.5647
65.5647
65.5647
65.5647
65.5647
65.5647
65.5647
65.5647
65.5647
65.5647
65.5647
65.5647
65.5647
65.5647
65.5647
65.5647
65.5647
65.5647
65.5647
65.5647
65.5647
65.5647
65.5647
65.5647
65.5647
65.5647
65.5647
65.5647
65.5647
65.5647
65.5647
65.5647
65.5647
65.5647
65.5647
65.5647
65.5647
65.5647
65.5647
65.5647
65.5647
65.5647
65.5647
65.5647
65.5647
65.5647
65.5647
65.5647
65.5647
65.5647
65.5647
65.5647
65.5647
65.5647
65.5647
65.5647
65.5647
65.5647
65.5647
65.5647
65.5647
65.5647
65.5647
65.5647
65.5647
65.5647
65.5647
65.5647
65.5647
65.5647
65.5647
65.5647
65.5647
65.5647
65.5647
65.5647
65.5647
65.5647
65.5647
65.5647
65.5647
65.5647
65.5647
65.5647
65.5647
65.5647
65.5647
65.5647
65.5647
65.5647
65.5647
65.5647
65.5647
65.5647
65.5647
65.5647
65.5647
65.5647
65.5647
65.5647
65.5647
65.5647
65.5647
65.5647
65.5647
65.5647
65.5647
65.5647
65.5647
65.5647
65.5647
65.5647
65.5647
65.5647
65.5647
65.5647
65.5647
65.5647
65.5647
65.5647
65.5647
65.5647
65.5647
65.5647
65.5647
65.5647
65.5647
65.5647
65.5647
65.5647
65.5647
65.5647
65.5647
65.5647
65.5647
65.5647
65.5647
65.5647
65.5647
65.5647
65.5647
65.5647
65.3287
65.3287
65.3287
65.3287
65.3287
65.3287
65.3287
65.3287
65.3287
65.3287
65.1785
65.1785
65.1785
65.1785
65.1785
65.1785
65.1785
65.1785
65.1785
65.1785
65.1785
65.1785
65.1785
65.1785
65.1785
65.1785
65.1785
65.1785
65.1785
65.1785
65.1785
65.1785
65.1785
65.1785
65.1785
65.1785
65.1785
65.1785
65.1785
65.1785
65.1785
65.1785
65.1785
65.1785
65.1785
65.1785
65.1785
65.1785
65.1785
65.1785
65.1785
65.1785
65.1785
65.1785
65.1785
65.1785
65.1785
65.1785
65.1785
65.1785
65.1785
65.1785
65.1785
65.1785
65.1785
65.1785
65.1785
65.1785
65.1785
65.1785
65.1785
65.1785
65.1785
65.1785
65.1785
65.1785
65.1785
65.1785
65.1785
65.1785
65.1785
65.1785
65.1785
65.1785
65.1785
65.1785
65.1785
65.1785
65.1785
65.1785
65.1785
65.1785
65.1785
65.1785
65.1785
65.1785
65.1785
65.1785
65.1785
65.1785
65.1785
65.1785
65.1785
65.1785
65.1785
65.1785
65.1785
65.1785
65.1785
65.1785
65.1785
65.1785
65.1785
65.1785
65.1785
65.1785
65.1785
65.1785
65.1785
65.1785
65.1785
65.1785
65.1785
65.1785
65.1785
65.1785
65.1785
65.1785
65.1785
65.1785
65.1785
65.1785
65.1785
65.1785
65.1785
65.1785
65.1785
65.1785
65.1785
65.1785
65.1785
65.1785
65.1785
65.1785
65.1785
65.1785
65.1785
65.1785
65.1785
65.1785
65.1785
65.1785
65.1785
65.1785
65.1785
65.1785
65.1785
65.1785
65.1785
65.1785
65.1785
65.1785
65.1785
65.1785
65.1785
65.1785
65.1785
65.1785
65.1785
65.1785
65.1785
65.1785
65.1785
65.1785
65.1785
65.1785
65.1785
65.1785
65.1785
65.1785
65.1785
65.1785
65.1785
65.1785
65.1785
65.1785
65.1785
65.1785
65.1785
65.1785
65.1785
65.1785
65.1785
65.1785
65.1785
65.1785
65.1785
65.1785
65.1785
65.1785
65.1785
65.1785
65.1785
65.1785
65.1785
65.1785
65.1785
65.1785
65.1785
65.1785
65.1785
65.1785
65.1785
65.1785
65.1785
65.1785
65.1785
65.1785
65.1785
65.1785
65.1785
65.1785
65.1785
65.1785
65.1785
65.1785
65.1785
65.1785
65.1785
65.1785
65.1785
65.1785
65.1785
65.1785
65.1785
65.1785
65.1785
65.1785
65.1785
65.1785
65.1785
65.1785
65.1785
65.1785
65.1785
65.1785
65.1785
65.1785
65.1785
65.1785
65.1785
65.1785
65.1785
65.1785
65.1785
65.1785
65.1785
65.1785
65.1785
65.1785
65.1785
65.1785
65.1785
65.1785
65.1785
65.1785
65.1785
65.1785
65.1785
65.1785
65.1785
65.1785
65.1785
65.1785
65.1785
65.1785
65.1785
65.1785
65.1785
65.1785
65.1785
65.1785
65.1785
65.1785
65.1785
65.1785
65.1785
65.1785
65.1785
65.1785
65.1785
65.1785
65.1785
65.1785
65.1785
65.1785
65.1785
65.1785
65.1785
65.1785
65.1785
65.1785
65.1785
65.1785
65.1785
65.1785
65.1785
65.1785
65.1785
65.1785
65.1785
65.1785
65.1785
65.1785
65.1785
65.1785
65.1785
65.1785
65.1785
65.1785
65.1785
65.1785
65.1785
65.1785
65.1785
65.1785
65.1785
65.1785
65.1785
65.1785
65.1785
65.1785
65.1785
65.1785
65.1785
65.1785
65.1785
65.1785
65.1785
65.1785
65.1785
65.1785
65.1785
65.1785
65.1785
65.1785
65.1785
65.1785
65.1785
65.1785
65.1785
65.1785
65.1785
65.1785
65.1785
65.1785
65.1785
65.1785
65.1785
65.1785
65.1785
65.1785
65.1785
65.1785
65.1785
65.1785
65.1785
65.1785
65.1785
65.1785
65.1785
65.1785
65.1785
65.1785
65.1785
65.1785
65.1785
65.1785
65.1785
65.1785
65.1785
65.1785
65.1785
65.1785
65.1785
65.1785
65.1785
65.1785
65.1785
65.1785
65.1785
65.1785
65.1785
65.1785
65.1785
65.1785
65.1785
65.1785
65.1785
65.1785
65.1785
65.1785
65.1785
65.1785
65.1785
65.1785
65.1785
65.1785
65.1785
65.1785
65.1785
65.1785
65.1785
65.1785
65.1785
65.1785
65.1785
65.1785
65.1785
65.1785
65.1785
65.1785
65.1785
65.1785
65.1785
65.1785
65.1785
65.1785
65.1785
65.1785
65.1785
65.1785
65.1785
65.1785
65.1785
65.1785
65.1785
65.1785
65.1785
65.1785
65.1785
65.1785
65.1785
65.1785
65.1785
65.1785
65.1785
65.1785
65.1785
65.1785
65.1785
65.1785
65.1785
65.1785
65.1785
65.1785
65.1785
65.1785
65.1785
65.1785
65.1785
65.1785
65.1785
65.1785
65.1785
65.1785
65.1785
65.1785
65.1785
65.1785
65.1785
65.1785
65.1785
65.1785
65.1785
65.1785
65.1785
65.1785
65.1785
65.1785
65.1785
65.1785
65.1785
65.1785
65.1785
65.1785
65.1785
65.1785
65.1785
65.1785
65.1785
65.1785
65.1785
65.1785
65.1785
65.1785
65.1785
65.1785
65.1785
65.1785
65.1785
65.1785
65.1785
65.1785
65.1785
65.1785
65.1785
65.1785
65.1785
65.1785
65.1785
65.1785
65.1785
65.1785
65.1785
65.1785
65.1785
65.1785
65.1785
65.1785
65.1785
65.1785
65.1785
65.1785
65.1785
65.1785
65.1785
65.1785
65.1785
65.1785
65.1785
65.1785
65.1785
65.1785
65.1785
65.1785
65.1785
65.1785
65.1785
65.1785
65.1785
65.1785
65.1785
65.1785
65.1785
65.1785
65.1785
65.1785
65.1785
65.1785
65.1785
65.1785
65.1785
65.1785
65.1785
65.1785
65.1785
65.1785
65.1785
65.1785
65.1785
65.1785
65.1785
65.1785
65.1785
65.1785
65.1785
65.1785
65.1785
65.1785
65.1785
65.1785
65.1785
65.1785
65.1785
65.1785
65.1785
65.1785
65.1785
65.1785
65.1785
65.1785
65.1785
65.1785
65.1785
65.1785
65.1785
65.1785
65.1785
65.1785
65.1785
65.1785
65.1785
65.1785
65.1785
65.1785
65.1785
65.1785
65.1785
65.1785
65.1785
65.1785
65.1785
65.1785
65.1785
65.1785
65.1785
65.1785
65.1785
65.1785
65.1785
65.1785
65.1785
65.1785
65.1785
65.1785
65.1785
65.1785
65.1785
65.1785
65.1785
65.1785
65.1785
65.1785
65.1785
65.1785
65.1785
65.1785
65.1785
65.1785
65.1785
65.1785
65.1785
65.1785
65.1785
65.1785
65.1785
65.1785
65.1785
65.1785
65.1785
65.1785
65.1785
65.1785
65.1785
65.1785
65.1785
65.1785
65.1785
65.1785
65.1785
65.1785
65.1785
65.1785
64.8641
64.8641
64.8641
64.8641
64.8641
64.8641
64.8641
64.8641
64.8641
64.8641
64.8641
64.8641
64.8641
64.8641
64.8641
64.8641
64.8641
64.8641
64.8641
64.8641
64.8641
64.8641
64.8641
64.8641
64.8641
64.8641
64.8641
64.8641
64.8641
64.8641
64.8641
64.8641
64.8641
64.8641
64.8641
64.8641
64.8641
64.8641
64.8641
64.8641
64.8641
64.8641
64.8641
64.8641
64.8641
64.8641
64.8641
64.8641
64.8641
64.8641
64.8641
64.8641
64.8641
64.8641
64.8641
64.8641
64.8641
64.8641
64.8641
64.8641
64.8641
64.8641
64.8641
64.8641
64.8641
64.8641
64.8641
64.8641
64.8641
64.8641
64.8641
64.8641
64.8641
64.8641
64.8641
64.8641
64.8641
64.8641
64.8641
64.8641
64.8641
64.8641
64.8641
64.8641
64.8641
64.8641
64.8641
64.8641
64.8641
64.8641
64.8641
64.8641
64.8641
64.8641
64.8641
64.8641
64.8641
64.8641
64.8641
64.8641
64.8641
64.8641
64.8641
64.8641
64.8641
64.8641
64.8641
64.8641
64.8641
64.8641
64.8641
64.8641
64.8641
64.8641
64.8641
64.8641
64.8641
64.8641
64.8641
64.8641
64.8641
64.8641
64.8641
64.8641
64.8641
64.8641
64.8641
64.8641
64.8641
64.8641
64.8641
64.8641
64.8641
64.8641
64.8641
64.8641
64.8641
64.8641
64.8641
64.8641
64.8641
64.8641
64.8641
64.8641
64.8641
64.8641
64.8641
64.8641
64.8641
64.8641
64.8641
64.8641
64.8641
64.8641
64.8641
64.8641
64.8641
64.8641
64.8641
64.8641
64.8641
64.8641
64.8641
64.8641
64.8641
64.8641
64.8641
64.8641
64.8641
64.8641
64.8641
64.8641
64.8641
64.8641
64.8641
64.8641
64.8641
64.8641
64.8641
64.8641
64.8641
64.8641
64.8641
64.8641
64.8641
64.8641
64.8641
64.8641
64.8641
64.8641
64.8641
64.8641
64.8641
64.8641
64.8641
64.8641
64.8641
64.8641
64.8641
64.8641
64.8641
64.8641
64.8641
64.8641
64.8641
64.8641
64.8641
64.8641
64.8641
64.8641
64.8641
64.8641
64.8641
64.8641
64.8641
64.8641
64.8641
64.8641
64.8641
64.8641
64.8641
64.8641
64.8641
64.8641
64.8641
64.8641
64.8641
64.8641
64.8641
64.8641
64.8641
64.8641
64.8641
64.8641
64.8641
64.8641
64.8641
64.8641
64.8641
64.8641
64.8641
64.8641
64.8641
64.8641
64.8641
64.8641
64.8641
64.8641
64.8641
64.8641
64.8641
64.8641
64.8641
64.8641
64.8641
64.8641
64.8641
64.8641
64.8641
64.8641
64.8641
64.8641
64.8641
64.8641
64.8641
64.8641
64.8641
64.8641
64.8641
64.8641
64.8641
64.8641
64.8641
64.8641
64.8641
64.8641
64.8641
64.8641
64.8641
64.8641
64.8641
64.8641
64.8641
64.8641
64.8641
64.8641
64.8641
64.8641
64.8641
64.8641
64.8641
64.8641
64.8641
64.8641
64.8641
64.8641
64.8641
64.8641
64.8641
64.8641
64.8641
64.8641
64.8641
64.8641
64.8641
64.8641
64.8641
64.8641
64.8641
64.8641
64.8641
64.8641
64.8641
64.8641
64.8641
64.8641
64.8641
64.8641
64.8641
64.8641
64.8641
64.8641
64.8641
64.8641
64.8641
64.8641
64.8641
64.8641
64.8641
64.8641
64.8641
64.8641
64.8641
64.8641
64.8641
64.8641
64.8641
64.8641
64.8641
64.8641
64.8641
64.8641
64.8641
64.8641
64.8641
64.8641
64.8641
64.8641
64.8641
64.8641
64.8641
64.8641
64.8641
64.8641
64.8641
64.8641
64.8641
64.8641
64.8641
64.8641
64.8641
64.8641
64.8641
64.8641
64.8641
64.8641
64.8641
64.8641
64.8641
64.8641
64.8641
64.8641
64.8641
64.8641
64.8641
64.8641
64.8641
64.8641
64.8641
64.8641
64.8641
64.8641
64.8641
64.8641
64.8641
64.8641
64.8641
64.8641
64.8641
64.8641
64.8641
64.8641
64.8641
64.8641
64.8641
64.8641
64.8641
64.8641
64.8641
64.8641
64.8641
64.8641
64.8641
64.8641
64.8641
64.8641
64.8641
64.8641
64.8641
64.8641
64.8641
64.8641
64.8641
64.8641
64.8641
64.8641
64.8641
64.8641
64.8641
64.8641
64.8641
64.8641
64.8641
64.8641
64.8641
64.8641
64.8641
64.8641
64.8641
64.8641
64.8641
64.8641
64.8641
64.8641
64.8641
64.8641
64.8641
64.8641
64.8641
64.8641
64.8641
64.8641
64.8641
64.8641
64.8641
64.8641
64.8641
64.8641
64.8641
64.8641
64.8641
64.8641
64.8641
64.8641
64.8641
64.8641
64.8641
64.8641
64.8641
64.8641
64.8641
64.8641
64.8641
64.8641
64.8641
64.8641
64.8641
64.8641
64.8641
64.8641
64.8641
64.8641
64.8641
64.8641
64.8641
64.8641
64.8641
64.8641
64.8641
64.8641
64.8641
64.8641
64.8641
64.8641
64.8641
64.8641
64.8641
64.8641
64.8641
64.8641
64.8641
64.8641
64.8641
64.8641
64.8641
64.8641
64.8641
64.8641
64.8641
64.8641
64.8641
64.8641
64.8641
64.8641
64.8641
64.8641
64.8641
64.8641
64.8641
64.8641
64.8641
64.8641
64.8641
64.8641
64.8641
64.8641
64.8641
64.8641
64.8641
64.8641
64.8641
64.8641
64.8641
64.8641
64.8641
64.8641
64.8641
64.8641
64.8641
64.8641
64.8641
64.8641
64.8641
64.8641
64.8641
64.8641
64.8641
64.8641
64.8641
64.8641
64.8641
64.8641
64.8641
64.8641
64.8641
64.8641
64.8641
64.8641
64.8641
64.8641
64.8641
64.8641
64.8641
64.8641
64.8641
64.8641
64.8641
64.8641
64.8641
64.8641
64.8641
64.8641
64.8641
64.8641
64.8641
64.8641
64.8641
64.8641
64.8641
64.8641
64.8641
64.8641
64.8641
64.8641
64.8641
64.8641
64.8641
64.8641
64.8641
64.8641
64.8641
64.8641
64.8641
64.8641
64.8641
64.8641
64.8641
64.8641
64.8641
64.8641
64.8641
64.8641
64.8641
64.8641
64.8641
64.8641
64.8641
64.8641
64.8641
64.8641
64.8641
64.8641
64.8641
64.8641
64.8641
64.8641
64.8641
64.8641
64.8641
64.8641
64.8641
64.8641
64.8641
64.8641
64.8641
64.8641
64.8641
64.8641
64.8641
64.8641
64.8641
64.8641
64.8641
64.8641
64.8641
64.8641
64.8641
64.8641
64.8641
64.8641
64.8641
64.8641
64.8641
64.8641
64.8641
64.8641
64.8641
64.8641
64.8641
64.8641
64.8641
64.8641
64.8641
64.8641
64.8641
64.8641
64.8641
64.8641
64.8641
64.8641
64.8641
64.8641
64.8641
64.8641
64.8641
64.8641
64.8641
64.8641
64.8641
64.8641
64.8641
64.8641
64.8641
64.8641
64.8641
64.8641
64.8641
64.8641
64.8641
64.8641
64.8641
64.8641
64.8641
64.8641
64.8641
64.8641
64.8641
64.8641
64.8641
64.8641
64.8641
64.8641
64.8641
64.8641
64.8641
64.8641
64.8641
64.8641
64.8641
64.8641
64.8641
64.8641
64.8641
64.8641
64.8641
64.8641
64.8641
64.8641
64.8641
64.8641
64.8641
64.8641
64.8641
64.8641
64.8641
64.8641
64.8641
64.8641
64.8641
64.8641
64.8641
64.8641
64.8641
64.8641
64.8641
64.8641
64.8641
64.8641
64.8641
64.8641
64.8641
64.8641
64.8641
64.8641
64.8641
64.8641
64.8641
64.8641
64.8641
64.8641
64.8641
64.8641
64.8641
64.8641
64.8641
64.8641
64.8641
64.8641
64.8641
64.8641
64.8641
64.8641
64.8641
64.8641
64.8641
64.8641
64.8641
64.8641
64.8641
64.8641
64.8641
64.8641
64.8641
64.8641
64.8641
64.8641
64.8641
64.8641
64.8641
64.8641
64.8641
64.8641
64.8641
64.8641
64.8641
64.8641
64.8641
64.8641
64.8641
64.8641
64.8641
64.8641
64.8641
64.8641
64.8641
64.8641
64.8641
64.8641
64.8641
64.8641
64.8641
64.8641
64.8641
64.8641
64.8641
64.8641
64.8641
64.8641
64.8641
64.8641
64.8641
64.8641
64.8641
64.8641
64.8641
64.8641
64.8641
64.8641
64.8641
64.8641
64.8641
64.8641
64.8641
64.8641
64.8641
64.8641
64.8641
64.8641
64.8641
64.8641
64.8641
64.8641
64.8641
64.8641
64.8641
64.8641
64.8641
64.8641
64.8641
64.8641
64.8641
64.8641
64.8641
64.8641
64.8641
64.8641
64.8641
64.8641
64.8641
64.8641
64.8641
64.8641
64.8641
64.8641
64.8641
64.8641
64.8641
64.8641
64.8641
64.8641
64.8641
64.8641
64.8641
64.8641
64.8641
64.8641
64.8641
64.8641
64.8641
64.8641
64.8641
64.8641
64.8641
64.8641
64.8641
64.8641
64.8641
64.8641
64.8641
64.8641
64.8641
64.8641
64.8641
64.8641
64.8641
64.8641
64.8641
64.8641
64.8641
64.8641
64.8641
64.8641
64.8641
64.8641
64.8641
64.8641
64.8641
64.8641
64.8641
64.8641
64.8641
64.8641
64.8641
64.8641
64.8641
64.8641
64.8641
64.8641
64.8641
64.8641
64.8641
64.8641
64.8641
64.8641
64.8641
64.8641
64.8641
64.8641
64.8641
64.8641
64.8641
64.8641
64.8641
64.8641
64.8641
64.8641
64.8641
64.8641
64.8641
64.8641
64.8641
64.8641
64.8641
64.8641
64.8641
64.8641
64.8641
64.8641
64.8641
64.8641
64.8641
64.8641
64.8641
64.8641
64.8641
64.8641
64.8641
64.8641
64.8641
64.8641
64.8641
64.8641
64.8641
64.8641
64.8641
64.8641
64.8641
64.8641
64.8641
64.8641
64.8641
64.8641
64.8641
64.8641
64.8641
64.8641
64.8641
64.8641
64.8641
64.8641
64.8641
64.8641
64.8641
64.8641
64.8641
64.8641
64.8641
64.8641
64.8641
64.8641
64.8641
64.8641
64.8641
64.8641
64.8641
64.8641
64.8641
64.8641
64.8641
64.8641
64.8641
64.8641
64.8641
64.8641
64.8641
64.8641
64.8641
64.8641
64.8641
64.8641
64.8641
64.8641
64.8641
64.8641
64.8641
64.8641
64.8641
64.8641
64.8641
64.8641
64.8641
64.8641
64.8641
64.8641
64.8641
64.8641
64.8641
64.8641
64.8641
64.8641
64.8641
64.8641
64.8641
64.8641
64.8641
64.8641
64.8641
64.8641
64.8641
64.8641
64.8641
64.8641
64.8641
64.8641
64.8641
64.8641
64.8641
64.8641
64.8641
64.8641
64.8641
64.8641
64.8641
64.8641
64.8641
64.8641
64.8641
64.8641
64.8641
64.8641
64.8641
64.8641
64.8641
64.8641
64.8641
64.8641
64.8641
64.8641
64.8641
64.8641
64.8641
64.8641
64.8641
64.8641
64.8641
64.8641
64.8641
64.8641
64.8641
64.8641
64.8641
64.8641
64.8641
64.8641
64.8641
64.8641
64.8641
64.8641
64.8641
64.8641
64.8641
64.8641
64.8641
64.8641
64.8641
64.8641
64.8641
64.8641
64.8641
64.8641
64.8641
64.8641
64.8641
64.8641
64.8641
64.8641
64.8641
64.8641
64.8641
64.8641
64.8641
64.8641
64.8641
64.8641
64.8641
64.8641
64.8641
64.8641
64.8641
64.8641
64.8641
64.8641
64.8641
64.8641
64.8641
64.8641
64.8641
64.8641
64.8641
64.8641
64.8641
64.8641
64.8641
64.8641
64.8641
64.8641
64.8641
64.8641
64.8641
64.8641
64.8641
64.8641
64.8641
64.8641
64.8641
64.8641
64.8641
64.8641
64.8641
64.8641
64.8641
64.8641
64.8641
64.8641
64.8641
64.8641
64.8641
64.8641
64.8641
64.8641
64.8641
64.8641
64.8641
64.8641
64.8641
64.8641
64.8641
64.8641
64.8641
64.8641
64.8641
64.8641
64.8641
64.8641
64.8641
64.8641
64.8641
64.8641
64.8641
64.8641
64.8641
64.8641
64.8641
64.8641
64.8641
64.8641
64.8641
64.8641
64.8641
64.8641
64.8641
64.8641
64.8641
64.8641
64.8641
64.8641
64.8641
64.8641
64.8641
64.8641
64.8641
64.8641
64.8641
64.8641
64.8641
64.8641
64.8641
64.8641
64.8641
64.8641
64.8641
64.8641
64.8641
64.8641
64.8641
64.8641
64.8641
64.8641
64.8641
64.8641
64.8641
64.8641
64.8641
64.8641
64.8641
64.8641
64.8641
64.8641
64.8641
64.8641
64.8641
64.8641
64.8641
64.8641
64.8641
64.8641
64.8641
64.8641
64.8641
64.8641
64.8641
64.8641
64.8641
64.8641
64.8641
64.8641
64.8641
64.8641
64.8641
64.8641
64.8641
64.8641
64.8641
64.8641
64.8641
64.8641
64.8641
64.8641
64.8641
64.8641
64.8641
64.8641
64.8641
64.8641
64.8641
64.8641
64.8641
64.8641
64.8641
64.8641
64.8641
64.8641
64.8641
64.8641
64.8641
64.8641
64.8641
64.8641
64.8641
64.8641
64.8641
64.8641
64.8641
64.8641
64.8641
64.8641
64.8641
64.8641
64.8641
64.8641
64.8641
64.8641
64.8641
64.8641
64.8641
64.8641
64.8641
64.8641
64.8641
64.8641
64.8641
64.8641
64.8641
64.8641
64.8641
64.8641
64.8641
64.8641
64.8641
64.8641
64.8641
64.8641
64.8641
64.8641
64.8641
64.8641
64.8641
64.8641
64.8641
64.8641
64.8641
64.8641
64.8641
64.8641
64.8641
64.8641
64.8641
64.8641
64.8641
64.8641
64.8641
64.8641
64.8641
64.8641
64.8641
64.8641
64.8641
64.8641
64.8641
64.8641
64.8641
64.8641
64.8641
64.8641
64.8641
64.8641
64.8641
64.8641
64.8641
64.8641
64.8641
64.8641
64.8641
64.8641
64.8641
64.8641
64.8641
64.8641
64.8641
64.8641
64.8641
64.8641
64.8641
64.8641
64.8641
64.8641
64.8641
64.8641
64.8641
64.8641
64.8641
64.8641
64.8641
64.8641
64.8641
64.8641
64.8641
64.8641
64.8641
64.8641
64.8641
64.8641
64.8641
64.8641
64.8641
64.8641
64.8641
64.8641
64.8641
64.8641
64.8641
64.8641
64.8641
64.8641
64.8641
64.8641
64.8641
64.8641
64.8641
64.8641
64.8641
64.8641
64.8641
64.8641
64.8641
64.8641
64.8641
64.8641
64.8641
64.8641
64.8641
64.8641
64.8641
64.8641
64.8641
64.8641
64.8641
64.8641
64.8641
64.8641
64.8641
64.8641
64.8641
64.8641
64.8641
64.8641
64.8641
64.8641
64.8641
64.8641
64.8641
64.8641
64.8641
64.8641
64.8641
64.8641
64.8641
64.8641
64.8641
64.8641
64.8641
64.8641
64.8641
64.8641
64.8641
64.8641
64.8641
64.8641
64.8641
64.8641
64.8641
64.8641
64.8641
64.8641
64.8641
64.8641
64.8641
64.8641
64.8641
64.8641
64.8641
64.8641
64.8641
64.8641
64.8641
64.8641
64.8641
64.8641
64.8641
64.8641
64.8641
64.8641
64.8641
64.8641
64.8641
64.8641
64.8641
64.8641
64.8641
64.8641
64.8641
64.8641
64.8641
64.8641
64.8641
64.8641
64.8641
64.8641
64.8641
64.8641
64.8641
64.8641
64.8641
64.8641
64.8641
64.8641
64.8641
64.8641
64.8641
64.8641
64.8641
64.8641
64.8641
64.8641
64.8641
64.8641
64.8641
64.8641
64.8641
64.8641
64.8641
64.8641
64.8641
64.8641
64.8641
64.8641
64.8641
64.8641
64.8641
64.8641
64.8641
64.8641
64.8641
64.8641
64.8641
64.8641
64.8641
64.8641
64.8641
64.8641
64.8641
64.8641
64.8641
64.8641
64.8641
64.8641
64.8641
64.8641
64.8641
64.8641
64.8641
64.8641
64.8641
64.8641
64.8641
64.8641
64.8641
64.8641
64.8641
64.8641
64.8641
64.8641
64.8641
64.8641
64.8641
64.8641
64.8641
64.8641
64.8641
64.8641
64.8641
64.8641
64.8641
64.8641
64.8641
64.8641
64.8641
64.8641
64.8641
64.8641
64.8641
64.8641
64.8641
64.8641
64.8641
64.8641
64.8641
64.8641
64.8641
64.8641
64.8641
64.8641
64.8641
64.8641
64.8641
64.8641
64.8641
64.8641
64.8641
64.8641
64.8641
64.8641
64.8641
64.8641
64.8641
64.8641
64.8641
64.8641
64.8641
64.8641
64.8641
64.8641
64.8641
64.8641
64.8641
64.8641
64.8641
64.8641
64.8641
64.8641
64.8641
64.8641
64.8641
64.8641
64.8641
64.8641
64.8641
64.8641
64.8641
64.8641
64.8641
64.8641
64.8641
64.8641
64.8641
64.8641
64.8641
64.8641
64.8641
64.8641
64.8641
64.8641
64.8641
64.8641
64.8641
64.8641
64.8641
64.8641
64.8641
64.8641
64.8641
64.8641
64.8641
64.8641
64.8641
64.8641
64.8641
64.8641
64.8641
64.8641
64.8641
64.8641
64.8641
64.8641
64.8641
64.8641
64.8641
64.8641
64.8641
64.8641
64.8641
64.8641
64.8641
64.8641
64.8641
64.8641
64.8641
64.8641
64.8641
64.8641
64.8641
64.8641
64.8641
64.8641
64.8641
64.8641
64.8641
64.8641
64.8641
64.8641
64.8641
64.8641
64.8641
64.8641
64.8641
64.8641
64.8641
64.8641
64.8641
64.8641
64.8641
64.8641
64.8641
64.8641
64.8641
64.8641
64.8641
64.8641
64.8641
64.8641
64.8641
64.8641
64.8641
64.8641
64.8641
64.8641
64.8641
64.8641
64.8641
64.8641
64.8641
64.8641
64.8641
64.8641
64.8641
64.8641
64.8641
64.8641
64.8641
64.8641
64.8641
64.8641
64.8641
64.8641
64.8641
64.8641
64.8641
64.8641
64.8641
64.8641
64.8641
64.8641
64.8641
64.8641
64.8641
64.8641
64.8641
64.8641
64.8641
64.8641
64.8641
64.8641
64.8641
64.8641
64.8641
64.8641
64.8641
64.8641
64.8641
64.8641
64.8641
64.8641
64.8641
64.8641
64.8641
64.8641
64.8641
64.8641
64.8641
64.8641
64.8641
64.8641
64.8641
64.8641
64.8641
64.8641
64.8641
64.8641
64.8641
64.8641
64.8641
64.8641
64.8641
64.8641
64.8641
64.8641
64.8641
64.8641
64.8641
64.8641
64.8641
64.8641
64.8641
64.8641
64.8641
64.8641
64.8641
64.8641
64.8641
64.8641
64.8641
64.8641
64.8641
64.8641
64.8641
64.8641
64.8641
64.8641
64.8641
64.8641
64.8641
64.8641
64.8641
64.8641
64.8641
64.8641
64.8641
64.8641
64.8641
64.8641
64.8641
64.8641
64.8641
64.8641
64.8641
64.8641
64.8641
64.8641
64.8641
64.8641
64.8641
64.8641
64.8641
64.8641
64.8641
64.8641
64.8641
64.8641
64.8641
64.8641
64.8641
64.8641
64.8641
64.8641
64.8641
64.8641
64.8641
64.8641
64.8641
64.8641
64.8641
64.8641
64.8641
64.8641
64.8641
64.8641
64.8641
64.8641
64.8641
64.8641
64.8641
64.8641
64.8641
64.8641
64.8641
64.8641
64.8641
64.8641
64.8641
64.8641
64.8641
64.8641
64.8641
64.8641
64.8641
64.8641
64.8641
64.8641
64.8641
64.8641
64.8641
64.8641
64.8641
64.8641
64.8641
64.8641
64.8641
64.8641
64.8641
64.8641
64.8641
64.8641
64.8641
64.8641
64.8641
64.8641
64.8641
64.8641
64.8641
64.8641
64.8641
64.8641
64.8641
64.8641
64.8641
64.8641
64.8641
64.8641
64.8641
64.8641
64.8641
64.8641
64.8641
64.8641
64.8641
64.8641
64.8641
64.8641
64.8641
64.8641
64.8641
64.8641
64.8641
64.8641
64.8641
64.8641
64.8641
64.8641
64.8641
64.8641
64.8641
64.8641
64.8641
64.8641
64.8641
64.8641
64.8641
64.8641
64.8641
64.8641
64.8641
64.8641
64.8641
64.8641
64.8641
64.8641
64.8641
64.8641
64.8641
64.8641
64.8641
64.8641
64.8641
64.8641
64.8641
64.8641
64.8641
64.8641
64.8641
64.8641
64.8641
64.8641
64.8641
64.8641
64.8641
64.8641
64.8641
64.8641
64.8641
64.8641
64.8641
64.8641
64.8641
64.8641
64.8641
64.8641
64.8641
64.8641
64.8641
64.8641
64.8641
64.8641
64.8641
64.8641
64.8641
64.8641
64.8641
64.8641
64.8641
64.8641
64.8641
64.8641
64.8641
64.8641
64.8641
64.8641
64.8641
64.8641
64.8641
64.8641
64.8641
64.8641
64.8641
64.8641
64.8641
64.8641
64.8641
64.8641
64.8641
64.8641
64.8641
64.8641
64.8641
64.8641
64.8641
64.8641
64.8641
64.8641
64.8641
64.8641
64.8641
64.8641
64.8641
64.8641
64.8641
64.8641
64.8641
64.8641
64.8641
64.8641
64.8641
64.8641
64.8641
64.8641
64.8641
64.8641
64.8641
64.8641
64.8641
64.8641
64.8641
64.8641
64.8641
64.8641
64.8641
64.8641
64.8641
64.8641
64.8641
64.8641
64.8641
64.8641
64.8641
64.8641
64.8641
64.8641
64.8641
64.8641
64.8641
64.8641
64.8641
64.8641
64.8641
64.8641
64.8641
64.8641
64.8641
64.8641
64.8641
64.8641
64.8641
64.8641
64.8641
64.8641
64.8641
64.8641
64.8641
64.8641
64.8641
64.8641
64.8641
64.8641
64.8641
64.8641
64.8641
64.8641
64.8641
64.8641
64.8641
64.8641
64.8641
64.8641
64.8641
64.8641
64.8641
64.8641
64.8641
64.8641
64.8641
64.8641
64.8641
64.8641
64.8641
64.8641
64.8641
64.8641
64.8641
64.8641
64.8641
64.8641
64.8641
64.8641
64.8641
64.8641
64.8641
64.8641
64.8641
64.8641
64.8641
64.8641
64.8641
64.8641
64.8641
64.8641
64.8641
64.8641
64.8641
64.8641
64.8641
64.8641
64.8641
64.8641
64.8641
64.8641
64.8641
64.8641
64.8641
64.8641
64.8641
64.8641
64.8641
64.8641
64.8641
64.8641
64.8641
64.8641
64.8641
64.8641
64.8641
64.8641
64.8641
64.8641
64.8641
64.8641
64.8641
64.8641
64.8641
64.8641
64.8641
64.8641
64.8641
64.8641
64.8641
64.8641
64.8641
64.8641
64.8641
64.8641
64.8641
64.8641
64.8641
64.8641
64.8641
64.8641
64.8641
64.8641
64.8641
64.8641
64.8641
64.8641
64.8641
64.8641
64.8641
64.8641
64.8641
64.8641
64.8641
64.8641
64.8641
64.8641
64.8641
64.8641
64.8641
64.8641
64.8641
64.8641
64.8641
64.8641
64.8641
64.8641
64.8641
64.8641
64.8641
64.8641
64.8641
64.8641
64.8641
64.8641
64.8641
64.8641
64.8641
64.8641
64.8641
64.8641
64.8641
64.8641
64.8641
64.8641
64.8641
64.8641
64.8641
64.8641
64.8641
64.8641
64.8641
64.8641
64.8641
64.8641
64.8641
64.8641
64.8641
64.8641
64.8641
64.8641
64.8641
64.8641
64.8641
64.8641
64.8641
64.8641
64.8641
64.8641
64.8641
64.8641
64.8641
64.8641
64.8641
64.8641
64.8641
64.8641
64.8641
64.8641
64.8641
64.8641
64.8641
64.8641
64.8641
64.8641
64.8641
64.8641
64.8641
64.8641
64.8641
64.8641
64.8641
64.8641
64.8641
64.8641
64.8641
64.8641
64.8641
64.8641
64.8641
64.8641
64.8641
64.8641
64.8641
64.8641
64.8641
64.8641
64.8641
64.8641
64.8641
64.8641
64.8641
64.8641
64.8641
64.8641
64.8641
64.8641
64.8641
64.8641
64.8641
64.8641
64.8641
64.8641
64.8641
64.8641
64.8641
64.8641
64.8641
64.8641
64.8641
64.8641
64.8641
64.8641
64.8641
64.8641
64.8641
64.8641
64.8641
64.8641
64.8641
64.8641
64.8641
64.8641
64.8641
64.8641
64.8641
64.8641
64.8641
64.8641
64.8641
64.8641
64.8641
64.8641
64.8641
64.8641
64.8641
64.8641
64.8641
64.8641
64.8641
64.8641
64.8641
64.8641
64.8641
64.8641
64.8641
64.8641
64.8641
64.8641
64.8641
64.8641
64.8641
64.8641
64.8641
64.8641
64.8641
64.8641
64.8641
64.8641
64.8641
64.8641
64.8641
64.8641
64.8641
64.8641
64.8641
64.8641
64.8641
64.8641
64.8641
64.8641
64.8641
64.8641
64.8641
64.8641
64.8641
64.8641
64.8641
64.8641
64.8641
64.8641
64.8641
64.8641
64.8641
64.8641
64.8641
64.8641
64.8641
64.8641
64.8641
64.8641
64.8641
64.8641
64.8641
64.8641
64.8641
64.8641
64.8641
64.8641
64.8641
64.8641
64.8641
64.8641
64.8641
64.8641
64.8641
64.8641
64.8641
64.8641
64.8641
64.8641
64.8641
64.8641
64.8641
64.8641
64.8641
64.8641
64.8641
64.8641
64.8641
64.8641
64.8641
64.8641
64.8641
64.8641
64.8641
64.8641
64.8641
64.8641
64.8641
64.8641
64.8641
64.8641
64.8641
64.8641
64.8641
64.8641
64.8641
64.8641
64.8641
64.8641
64.8641
64.8641
64.8641
64.8641
64.8641
64.8641
64.8641
64.8641
64.8641
64.8641
64.8641
64.8641
64.8641
64.8641
64.8641
64.8641
64.8641
64.8641
64.8641
64.8641
64.8641
64.8641
64.8641
64.8641
64.8641
64.8641
64.8641
64.8641
64.8641
64.8641
64.8641
64.8641
64.8641
64.8641
64.8641
64.8641
64.8641
64.8641
64.8641
64.8641
64.8641
64.8641
64.8641
64.8641
64.8641
64.8641
64.8641
64.8641
64.8641
64.8641
64.8641
64.8641
64.8641
64.8641
64.8641
64.8641
64.8641
64.8641
64.8641
64.8641
64.8641
64.8641
64.8641
64.8641
64.8641
64.8641
64.8641
64.8641
64.8641
64.8641
64.8641
64.8641
64.8641
64.8641
64.8641
64.8641
64.8641
64.8641
64.8641
64.8641
64.8641
64.8641
64.8641
64.8641
64.8641
64.8641
64.8641
64.8641
64.8641
64.8641
64.8641
64.8641
64.8641
64.8641
64.8641
64.8641
64.8641
64.8641
64.8641
64.8641
64.8641
64.8641
64.8641
64.8641
64.8641
64.8641
64.8641
64.8641
64.8641
64.8641
64.8641
64.8641
64.8641
64.8641
64.8641
64.8641
64.8641
64.8641
64.8641
64.8641
64.8641
64.8641
64.8641
64.8641
64.8641
64.8641
64.8641
64.8641
64.8641
64.8641
64.8641
64.8641
64.8641
64.8641
64.8641
64.8641
64.8641
64.8641
64.8641
64.8641
64.8641
64.8641
64.8641
64.8641
64.8641
64.8641
64.8641
64.8641
64.8641
64.8641
64.8641
64.8641
64.8641
64.8641
64.8641
64.8641
64.8641
64.8641
64.8641
64.8641
64.8641
64.8641
64.8641
64.8641
64.8641
64.8641
64.8641
64.8641
64.8641
64.8641
64.8641
64.8641
64.8641
64.8641
64.8641
64.8641
64.8641
64.8641
64.8641
64.8641
64.8641
64.8641
64.8641
64.8641
64.8641
64.8641
64.8641
64.8641
64.8641
64.8641
64.8641
64.8641
64.8641
64.8641
64.8641
64.8641
64.8641
64.8641
64.8641
64.8641
64.8641
64.8641
64.8641
64.8641
64.8641
64.8641
64.8641
64.8641
64.8641
64.8641
64.8641
64.8641
64.8641
64.8641
64.8641
64.8641
64.8641
64.8641
64.8641
64.8641
64.8641
64.8641
64.8641
64.8641
64.8641
64.8641
64.8641
64.8641
64.8641
64.8641
64.8641
64.8641
64.8641
64.8641
64.8641
64.8641
64.8641
64.8641
64.8641
64.8641
64.8641
64.8641
64.8641
64.8641
64.8641
64.8641
64.8641
64.8641
64.8641
64.8641
64.8641
64.8641
64.8641
64.8641
64.8641
64.8641
64.8641
64.8641
64.8641
64.8641
64.8641
64.8641
64.8641
64.8641
64.8641
64.8641
64.8641
64.8641
64.8641
64.8641
64.8641
64.8641
64.8641
64.8641
64.8641
64.8641
64.8641
64.8641
64.8641
64.8641
64.8641
64.8641
64.8641
64.8641
64.8641
64.8641
64.8641
64.8641
64.8641
64.8641
64.8641
64.8641
64.8641
64.8641
64.8641
64.8641
64.8641
64.8641
64.8641
64.8641
64.8641
64.8641
64.8641
64.8641
64.8641
64.8641
64.8641
64.8641
64.8641
64.8641
64.8641
64.8641
64.8641
64.8641
64.8641
64.8641
64.8641
64.8641
64.8641
64.8641
64.8641
64.8641
64.8641
64.8641
64.8641
64.8641
64.8641
64.8641
64.8641
64.8641
64.8641
64.8641
64.8641
64.8641
64.8641
64.8641
64.8641
64.8641
64.8641
64.8641
64.8641
64.8641
64.8641
64.8641
64.8641
64.8641
64.8641
64.8641
64.8641
64.8641
64.8641
64.8641
64.8641
64.8641
64.8641
64.8641
64.8641
64.8641
64.8641
64.8641
64.8641
64.8641
64.8641
64.8641
64.8641
64.8641
64.8641
64.8641
64.8641
64.8641
64.8641
64.8641
64.8641
64.8641
64.8641
64.8641
64.8641
64.8641
64.8641
64.8641
64.8641
64.8641
64.8641
64.8641
64.8641
64.8641
64.8641
64.8641
64.8641
64.8641
64.8641
64.8641
64.8641
64.8641
64.8641
64.8641
64.8641
64.8641
64.8641
64.8641
64.8641
64.8641
64.8641
64.8641
64.8641
64.8641
64.8641
64.8641
64.8641
64.8641
64.8641
64.8641
64.8641
64.8641
64.8641
64.8641
64.8641
64.8641
64.8641
64.8641
64.8641
64.8641
64.8641
64.8641
64.8641
64.8641
64.8641
64.8641
64.8641
64.8641
64.8641
64.8641
64.8641
64.8641
64.8641
64.8641
64.8641
64.8641
64.8641
64.8641
64.8641
64.8641
64.8641
64.8641
64.8641
64.8641
64.8641
64.8641
64.8641
64.8641
64.8641
64.8641
64.8641
64.8641
64.8641
64.8641
64.8641
64.8641
64.8641
64.8641
64.8641
64.8641
64.8641
64.8641
64.8641
64.8641
64.8641
64.8641
64.8641
64.8641
64.8641
64.8641
64.8641
64.8641
64.8641
64.8641
64.8641
64.8641
64.8641
64.8641
64.8641
64.8641
64.8641
64.8641
64.8641
64.8641
64.8641
64.8641
64.8641
64.8641
64.8641
64.8641
64.8641
64.8641
64.8641
64.8641
64.8641
64.8641
64.8641
64.8641
64.8641
64.8641
64.8641
64.8641
64.8641
64.8641
64.8641
64.8641
64.8641
64.8641
64.8641
64.8641
64.8641
64.8641
64.8641
64.8641
64.8641
64.8641
64.8641
64.8641
64.8641
64.8641
64.8641
64.8641
64.8641
64.8641
64.8641
64.8641
64.8641
64.8641
64.8641
64.8641
64.8641
64.8641
64.8641
64.8641
64.8641
64.8641
64.8641
64.8641
64.8641
64.8641
64.8641
64.8641
64.8641
64.8641
64.8641
64.8641
64.8641
64.8641
64.8641
64.8641
64.8641
64.8641
64.8641
64.8641
64.8641
64.8641
64.8641
64.8641
64.8641
64.8641
64.8641
64.8641
64.8641
64.8641
64.8641
64.8641
64.8641
64.8641
64.8641
64.8641
64.8641
64.8641
64.8641
64.8641
64.8641
64.8641
64.8641
64.8641
64.8641
64.8641
64.8641
64.8641
64.8641
64.8641
64.8641
64.8641
64.8641
64.8641
64.8641
64.8641
64.8641
64.8641
64.8641
64.8641
64.8641
64.8641
64.8641
64.8641
64.8641
64.8641
64.8641
64.8641
64.8641
64.8641
64.8641
64.8641
64.8641
64.8641
64.8641
64.8641
64.8641
64.8641
64.8641
64.8641
64.8641
64.8641
64.8641
64.8641
64.8641
64.8641
64.8641
64.8641
64.8641
64.8641
64.8641
64.8641
64.8641
64.8641
64.8641
64.8641
64.8641
64.8641
64.8641
64.8641
64.8641
64.8641
64.8641
64.8641
64.8641
64.8641
64.8641
64.8641
64.8641
64.8641
64.8641
64.8641
64.8641
64.8641
64.8641
64.8641
64.8641
64.8641
64.8641
64.8641
64.8641
64.8641
64.8641
64.8641
64.8641
64.8641
64.8641
64.8641
64.8641
64.8641
64.8641
64.8641
64.8641
64.8641
64.8641
64.8641
64.8641
64.8641
64.8641
64.8641
64.8641
64.8641
64.8641
64.8641
64.8641
64.8641
64.8641
64.8641
64.8641
64.8641
64.8641
64.8641
64.8641
64.8641
64.8641
64.8641
64.8641
64.8641
64.8641
64.8641
64.8641
64.8641
64.8641
64.8641
64.8641
64.8641
64.8641
64.8641
64.8641
64.8641
64.8641
64.8641
64.8641
64.8641
64.8641
64.8641
64.8641
64.8641
64.8641
64.8641
64.8641
64.8641
64.8641
64.8641
64.8641
64.8641
64.8641
64.8641
64.8641
64.8641
64.8641
64.8641
64.8641
64.8641
64.8641
64.8641
64.8641
64.8641
64.8641
64.8641
64.8641
64.8641
64.8641
64.8641
64.8641
64.8641
64.8641
64.8641
64.8641
64.8641
64.8641
64.8641
64.8641
64.8641
64.8641
64.8641
64.8641
64.8641
64.8641
64.8641
64.8641
64.8641
64.8641
64.8641
64.8641
64.8641
64.8641
64.8641
64.8641
64.8641
64.8641
64.8641
64.8641
64.8641
64.8641
64.8641
64.8641
64.8641
64.8641
64.8641
64.8641
64.8641
64.8641
64.8641
64.8641
64.8641
64.8641
64.8641
64.8641
64.8641
64.8641
64.8641
64.8641
64.8641
64.8641
64.8641
64.8641
64.8641
64.8641
64.8641
64.8641
64.8641
64.8641
64.8641
64.8641
64.8641
64.8641
64.8641
64.8641
64.8641
64.8641
64.8641
64.8641
64.8641
64.8641
64.8641
64.8641
64.8641
64.8641
64.8641
64.8641
64.8641
64.8641
64.8641
64.8641
64.8641
64.8641
64.8641
64.8641
64.8641
64.8641
64.8641
64.8641
64.8641
64.8641
64.8641
64.8641
64.8641
64.8641
64.8641
64.8641
64.8641
64.8641
64.8641
64.8641
64.8641
64.8641
64.8641
64.8641
64.8641
64.8641
64.8641
64.8641
64.8641
64.8641
64.8641
64.8641
64.8641
64.8641
64.8641
64.8641
64.8641
64.8641
64.8641
64.8641
64.8641
64.8641
64.8641
64.8641
64.8641
64.8641
64.8641
64.8641
64.8641
64.8641
64.8641
64.8641
64.8641
64.8641
64.8641
64.8641
64.8641
64.8641
64.8641
64.8641
64.8641
64.8641
64.8641
64.8641
64.8641
64.8641
64.8641
64.8641
64.8641
64.8641
64.8641
64.8641
64.8641
64.8641
64.8641
64.8641
64.8641
64.8641
64.8641
64.8641
64.8641
64.8641
64.8641
64.8641
64.8641
64.8641
64.8641
64.8641
64.8641
64.8641
64.8641
64.8641
64.8641
64.8641
64.8641
64.8641
64.8641
64.8641
64.8641
64.8641
64.8641
64.8641
64.8641
64.8641
64.8641
64.8641
64.8641
64.8641
64.8641
64.8641
64.8641
64.8641
64.8641
64.8641
64.8641
64.8641
64.8641
64.8641
64.8641
64.8641
64.8641
64.8641
64.8641
64.8641
64.8641
64.8641
64.8641
64.8641
64.8641
64.8641
64.8641
64.8641
64.8641
64.8641
64.8641
64.8641
64.8641
64.8641
64.8641
64.8641
64.8641
64.8641
64.8641
64.8641
64.8641
64.8641
64.8641
64.8641
64.8641
64.8641
64.8641
64.8641
64.8641
64.8641
64.8641
64.8641
64.8641
64.8641
64.8641
64.8641
64.8641
64.8641
64.8641
64.8641
64.8641
64.8641
64.8641
64.8641
64.8641
64.8641
64.8641
64.8641
64.8641
64.8641
64.8641
64.8641
64.8641
64.8641
64.8641
64.8641
64.8641
64.8641
64.8641
64.8641
64.8641
64.8641
64.8641
64.8641
64.8641
64.8641
64.8641
64.8641
64.8641
64.8641
64.8641
64.8641
64.8641
64.8641
64.8641
64.8641
64.8641
64.8641
64.8641
64.8641
64.8641
64.8641
64.8641
64.8641
64.8641
64.8641
64.8641
64.8641
64.8641
64.8641
64.8641
64.8641
64.8641
64.8641
64.8641
64.8641
64.8641
64.8641
64.8641
64.8641
64.8641
64.8641
64.8641
64.8641
64.8641
64.8641
64.8641
64.8641
64.8641
64.8641
64.8641
64.8641
64.8641
64.8641
64.8641
64.8641
64.8641
64.8641
64.8641
64.8641
64.8641
64.8641
64.8641
64.8641
64.8641
64.8641
64.8641
64.8641
64.8641
64.8641
64.8641
64.8641
64.8641
64.8641
64.8641
64.8641
64.8641
64.8641
64.8641
64.8641
64.8641
64.8641
64.8641
64.8641
64.8641
64.8641
64.8641
64.8641
64.8641
64.8641
64.8641
64.8641
64.8641
64.8641
64.8641
64.8641
64.8641
64.8641
64.8641
64.8641
64.8641
64.8641
64.8641
64.8641
64.8641
64.8641
64.8641
64.8641
64.8641
64.8641
64.8641
64.8641
64.8641
64.8641
64.8641
64.8641
64.8641
64.8641
64.8641
64.8641
64.8641
64.8641
64.8641
64.8641
64.8641
64.8641
64.8641
64.8641
64.8641
64.8641
64.8641
64.8641
64.8641
64.8641
64.8641
64.8641
64.8641
64.8641
64.8641
64.8641
64.8641
64.8641
64.8641
64.8641
64.8641
64.8641
64.8641
64.8641
64.8641
64.8641
64.8641
64.8641
64.8641
64.8641
64.8641
64.8641
64.8641
64.8641
64.8641
64.8641
64.8641
64.8641
64.8641
64.8641
64.8641
64.8641
64.8641
64.8641
64.8641
64.8641
64.8641
64.8641
64.8641
64.8641
64.8641
64.8641
64.8641
64.8641
64.8641
64.8641
64.8641
64.8641
64.8641
64.8641
64.8641
64.8641
64.8641
64.8641
64.8641
64.8641
64.8641
64.8641
64.8641
64.8641
64.8641
64.8641
64.8641
64.8641
64.8641
64.8641
64.8641
64.8641
64.8641
64.8641
64.8641
64.8641
64.8641
64.8641
64.8641
64.8641
64.8641
64.8641
64.8641
64.8641
64.8641
64.8641
64.8641
64.8641
64.8641
64.8641
64.8641
64.8641
64.8641
64.8641
64.8641
64.8641
64.8641
64.8641
64.8641
64.8641
64.8641
64.8641
64.8641
64.8641
64.8641
64.8641
64.8641
64.8641
64.8641
64.8641
64.8641
64.8641
64.8641
64.8641
64.8641
64.8641
64.8641
64.8641
64.8641
64.8641
64.8641
64.8641
64.8641
64.8641
64.8641
64.8641
64.8641
64.8641
64.8641
64.8641
64.8641
64.8641
64.8641
64.8641
64.8641
64.8641
64.8641
64.8641
64.8641
64.8641
64.8641
64.8641
64.8641
64.8641
64.8641
64.8641
64.8641
64.8641
64.8641
64.8641
64.8641
64.8641
64.8641
64.8641
64.8641
64.8641
64.8641
64.8641
64.8641
64.8641
64.8641
64.8641
64.8641
64.8641
64.8641
64.8641
64.8641
64.8641
64.8641
64.8641
64.8641
64.8641
64.8641
64.8641
64.8641
64.8641
64.8641
64.8641
64.8641
64.8641
64.8641
64.8641
64.8641
64.8641
64.8641
64.8641
64.8641
64.8641
64.8641
64.8641
64.8641
64.8641
64.8641
64.8641
64.8641
64.8641
64.8641
64.8641
64.8641
64.8641
64.8641
64.8641
64.8641
64.8641
64.8641
64.8641
64.8641
64.8641
64.8641
64.8641
64.8641
64.8641
64.8641
64.8641
64.8641
64.8641
64.8641
64.8641
64.8641
64.8641
64.8641
64.8641
64.8641
64.8641
64.8641
64.8641
64.8641
64.8641
64.8641
64.8641
64.8641
64.8641
64.8641
64.8641
64.8641
64.8641
64.8641
64.8641
64.8641
64.8641
64.8641
64.8641
64.8641
64.8641
64.8641
64.8641
64.8641
64.8641
64.8641
64.8641
64.8641
64.8641
64.8641
64.8641
64.8641
64.8641
64.8641
64.8641
64.8641
64.8641
64.8641
64.8641
64.8641
64.8641
64.8641
64.8641
64.8641
64.8641
64.8641
64.8641
64.8641
64.8641
64.8641
64.8641
64.8641
64.8641
64.8641
64.8641
64.8641
64.8641
64.8641
64.8641
64.8641
64.8641
64.8641
64.8641
64.8641
64.8641
64.8641
64.8641
64.8641
64.8641
64.8641
64.8641
64.8641
64.8641
64.8641
64.8641
64.8641
64.8641
64.8641
64.8641
64.8641
64.8641
64.8641
64.8641
64.8641
64.8641
64.8641
64.8641
64.8641
64.8641
64.8641
64.8641
64.8641
64.8641
64.8641
64.8641
64.8641
64.8641
64.8641
64.8641
64.8641
64.8641
64.8641
64.8641
64.8641
64.8641
64.8641
64.8641
64.8641
64.8641
64.8641
64.8641
64.8641
64.8641
64.8641
64.8641
64.8641
64.8641
64.8641
64.8641
64.8641
64.8641
64.8641
64.8641
64.8641
64.8641
64.8641
64.8641
64.8641
64.8641
64.8641
64.8641
64.8641
64.8641
64.8641
64.8641
64.8641
64.8641
64.8641
64.8641
64.8641
64.8641
64.8641
64.8641
64.8641
64.8641
64.8641
64.8641
64.8641
64.8641
64.8641
64.8641
64.8641
64.8641
64.8641
64.8641
64.8641
64.8641
64.8641
64.8641
64.8641
64.8641
64.8641
64.8641
64.8641
64.8641
64.8641
64.8641
64.8641
64.8641
64.8641
64.8641
64.8641
64.8641
64.8641
64.8641
64.8641
64.8641
64.8641
64.8641
64.8641
64.8641
64.8641
64.8641
64.8641
64.8641
64.8641
64.8641
64.8641
64.8641
64.8641
64.8641
64.8641
64.8641
64.8641
64.8641
64.8641
64.8641
64.8641
64.8641
64.8641
64.8641
64.8641
64.8641
64.8641
64.8641
64.8641
64.8641
64.8641
64.8641
64.8641
64.8641
64.8641
64.8641
64.8641
64.8641
64.8641
64.8641
64.8641
64.8641
64.8641
64.8641
64.8641
64.8641
64.8641
64.8641
64.8641
64.8641
64.8641
64.8641
64.8641
64.8641
64.8641
64.8641
64.8641
64.8641
64.8641
64.8641
64.8641
64.8641
64.8641
64.8641
64.8641
64.8641
64.8641
64.8641
64.8641
64.8641
64.8641
64.8641
64.8641
64.8641
64.8641
64.8641
64.8641
64.8641
64.8641
64.8641
64.8641
64.8641
64.8641
64.8641
64.8641
64.8641
64.8641
64.8641
64.8641
64.8641
64.8641
64.8641
64.8641
64.8641
64.8641
64.8641
64.8641
64.8641
64.8641
64.8641
64.8641
64.8641
64.8641
64.8641
64.8641
64.8641
64.8641
64.8641
64.8641
64.8641
64.8641
64.8641
64.8641
64.8641
64.8641
64.8641
64.8641
64.8641
64.8641
64.8641
64.8641
64.8641
64.8641
64.8641
64.8641
64.8641
64.8641
64.8641
64.8641
64.8641
64.8641
64.8641
64.8641
64.8641
64.8641
64.8641
64.8641
64.8641
64.8641
64.8641
64.8641
64.8641
64.8641
64.8641
64.8641
64.8641
64.8641
64.8641
64.8641
64.8641
64.8641
64.8641
64.8641
64.8641
64.8641
64.8641
64.8641
64.8641
64.8641
64.8641
64.8641
64.8641
64.8641
64.8641
64.8641
64.8641
64.8641
64.8641
64.8641
64.8641
64.8641
64.8641
64.8641
64.8641
64.8641
64.8641
64.8641
64.8641
64.8641
64.8641
64.8641
64.8641
64.8641
64.8641
64.8641
64.8641
64.8641
64.8641
64.8641
64.8641
64.8641
64.8641
64.8641
64.8641
64.8641
64.8641
64.8641
64.8641
64.8641
64.8641
64.8641
64.8641
64.8641
64.8641
64.8641
64.8641
64.8641
64.8641
64.8641
64.8641
64.8641
64.8641
64.8641
64.8641
64.8641
64.8641
64.8641
64.8641
64.8641
64.8641
64.8641
64.8641
64.8641
64.8641
64.8641
64.8641
64.8641
64.8641
64.8641
64.8641
64.8641
64.8641
64.8641
64.8641
64.8641
64.8641
64.8641
64.8641
64.8641
64.8641
64.8641
64.8641
64.8641
64.8641
64.8641
64.8641
64.8641
64.8641
64.8641
64.8641
64.8641
64.8641
64.8641
64.8641
64.8641
64.8641
64.8641
64.8641
64.8641
64.8641
64.8641
64.8641
64.8641
64.8641
64.8641
64.8641
64.8641
64.8641
64.8641
64.8641
64.8641
64.8641
64.8641
64.8641
64.8641
64.8641
64.8641
64.8641
64.8641
64.8641
64.8641
64.8641
64.8641
64.8641
64.8641
64.8641
64.8641
64.8641
64.8641
64.8641
64.8641
64.8641
64.8641
64.8641
64.8641
64.8641
64.8641
64.8641
64.8641
64.8641
64.8641
64.8641
64.8641
64.8641
64.8641
64.8641
64.8641
64.8641
64.8641
64.8641
64.8641
64.8641
64.8641
64.8641
64.8641
64.8641
64.8641
64.8641
64.8641
64.8641
64.8641
64.8641
64.8641
64.8641
64.8641
64.8641
64.8641
64.8641
64.8641
64.8641
64.8641
64.8641
64.8641
64.8641
64.8641
64.8641
64.8641
64.8641
64.8641
64.8641
64.8641
64.8641
64.8641
64.8641
64.8641
64.8641
64.8641
64.8641
64.8641
64.8641
64.8641
64.8641
64.8641
64.8641
64.8641
64.8641
64.8641
64.8641
64.8641
64.8641
64.8641
64.8641
64.8641
64.8641
64.8641
64.8641
64.8641
64.8641
64.8641
64.8641
64.8641
64.8641
64.8641
64.8641
64.8641
64.8641
64.8641
64.8641
64.8641
64.8641
64.8641
64.8641
64.8641
64.8641
64.8641
64.8641
64.8641
64.8641
64.8641
64.8641
64.8641
64.8641
64.8641
64.8641
64.8641
64.8641
64.8641
64.8641
64.8641
64.8641
64.8641
64.8641
64.8641
64.8641
64.8641
64.8641
64.8641
64.8641
64.8641
64.8641
64.8641
64.8641
64.8641
64.8641
64.8641
64.8641
64.8641
64.8641
64.8641
64.8641
64.8641
64.8641
64.8641
64.8641
64.8641
64.8641
64.8641
64.8641
64.8641
64.8641
64.8641
64.8641
64.8641
64.8641
64.8641
64.8641
64.8641
64.8641
64.8641
64.8641
64.8641
64.8641
64.8641
64.8641
64.8641
64.8641
64.8641
64.8641
64.8641
64.8641
64.8641
64.8641
64.8641
64.8641
64.8641
64.8641
64.8641
64.8641
64.8641
64.8641
64.8641
64.8641
64.8641
64.8641
64.8641
64.8641
64.8641
64.8641
64.8641
64.8641
64.8641
64.8641
64.8641
64.8641
64.8641
64.8641
64.8641
64.8641
64.8641
64.8641
64.8641
64.8641
64.8641
64.8641
64.8641
64.8641
64.8641
64.8641
64.8641
64.8641
64.8641
64.8641
64.8641
64.8641
64.8641
64.8641
64.8641
64.8641
64.8641
64.8641
64.8641
64.8641
64.8641
64.8641
64.8641
64.8641
64.8641
64.8641
64.8641
64.8641
64.8641
64.8641
64.8641
64.8641
64.8641
64.8641
64.8641
64.8641
64.8641
64.8641
64.8641
64.8641
64.8641
64.8641
64.8641
64.8641
64.8641
64.8641
64.8641
64.8641
64.8641
64.8641
64.8641
64.8641
64.8641
64.8641
64.8641
64.8641
64.8641
64.8641
64.8641
64.8641
64.8641
64.8641
64.8641
64.8641
64.8641
64.8641
64.8641
64.8641
64.8641
64.8641
64.8641
64.8641
64.8641
64.8641
64.8641
64.8641
64.8641
64.8641
64.8641
64.8641
64.8641
64.8641
64.8641
64.8641
64.8641
64.8641
64.8641
64.8641
64.8641
64.8641
64.8641
64.8641
64.8641
64.8641
64.8641
64.8641
64.8641
64.8641
64.8641
64.8641
64.8641
64.8641
64.8641
64.8641
64.8641
64.8641
64.8641
64.8641
64.8641
64.8641
64.8641
64.8641
64.8641
64.8641
64.8641
64.8641
64.8641
64.8641
64.8641
64.8641
64.8641
64.8641
64.8641
64.8641
64.8641
64.8641
64.8641
64.8641
64.8641
64.8641
64.8641
64.8641
64.8641
64.8641
64.8641
64.8641
64.8641
64.8641
64.8641
64.8641
64.8641
64.8641
64.8641
64.8641
64.8641
64.8641
64.8641
64.8641
64.8641
64.8641
64.8641
64.8641
64.8641
64.8641
64.8641
64.8641
64.8641
64.8641
64.8641
64.8641
64.8641
64.8641
64.8641
64.8641
64.8641
64.8641
64.8641
64.8641
64.8641
64.8641
64.8641
64.8641
64.8641
64.8641
64.8641
64.8641
64.8641
64.8641
64.8641
64.8641
64.8641
64.8641
64.8641
64.8641
64.8641
64.8641
64.8641
64.8641
64.8641
64.8641
64.8641
64.8641
64.8641
64.8641
64.8641
64.8641
64.8641
64.8641
64.8641
64.8641
64.8641
64.8641
64.8641
64.8641
64.8641
64.8641
64.8641
64.8641
64.8641
64.8641
64.8641
64.8641
64.8641
64.8641
64.8641
64.8641
64.8641
64.8641
64.8641
64.8641
64.8641
64.8641
64.8641
64.8641
64.8641
64.8641
64.8641
64.8641
64.8641
64.8641
64.8641
64.8641
64.8641
64.8641
64.8641
64.8641
64.8641
64.8641
64.8641
64.8641
64.8641
64.8641
64.8641
64.8641
64.8641
64.8641
64.8641
64.8641
64.8641
64.8641
64.8641
64.8641
64.8641
64.8641
64.8641
64.8641
64.8641
64.8641
64.8641
64.8641
64.8641
64.8641
64.8641
64.8641
64.8641
64.8641
64.8641
64.8641
64.8641
64.8641
64.8641
64.8641
64.8641
64.8641
64.8641
64.8641
64.8641
64.8641
64.8641
64.8641
64.8641
64.8641
64.8641
64.8641
64.8641
64.8641
64.8641
64.8641
64.8641
64.8641
64.8641
64.8641
64.8641
64.8641
64.8641
64.8641
64.8641
64.8641
64.8641
64.8641
64.8641
64.8641
64.8641
64.8641
64.8641
64.8641
64.8641
64.8641
64.8641
64.8641
64.8641
64.8641
64.8641
64.8641
64.8641
64.8641
64.8641
64.8641
64.8641
64.8641
64.8641
64.8641
64.8641
64.8641
64.8641
64.8641
64.8641
64.8641
64.8641
64.8641
64.8641
64.8641
64.8641
64.8641
64.8641
64.8641
64.8641
64.8641
64.8641
64.8641
64.8641
64.8641
64.8641
64.8641
64.8641
64.8641
64.8641
64.8641
64.8641
64.8641
64.8641
64.8641
64.8641
64.8641
64.8641
64.8641
64.8641
64.8641
64.8641
64.8641
64.8641
64.8641
64.8641
64.8641
64.8641
64.8641
64.8641
64.8641
64.8641
64.8641
64.8641
64.8641
64.8641
64.8641
64.8641
64.8641
64.8641
64.8641
64.8641
64.8641
64.8641
64.8641
64.8641
64.8641
64.8641
64.8641
64.8641
64.8641
64.8641
64.8641
64.8641
64.8641
64.8641
64.8641
64.8641
64.8641
64.8641
64.8641
64.8641
64.8641
64.8641
64.8641
64.8641
64.8641
64.8641
64.8641
64.8641
64.8641
64.8641
64.8641
64.8641
64.8641
64.8641
64.8641
64.8641
64.8641
64.8641
64.8641
64.8641
64.8641
64.8641
64.8641
64.8641
64.8641
64.8641
64.8641
64.8641
64.8641
64.8641
64.8641
64.8641
64.8641
64.8641
64.8641
64.8641
64.8641
64.8641
64.8641
64.8641
64.8641
64.8641
64.8641
64.8641
64.8641
64.8641
64.8641
64.8641
64.8641
64.8641
64.8641
64.8641
64.8641
64.8641
64.8641
64.8641
64.8641
64.8641
64.8641
64.8641
64.8641
64.8641
64.8641
64.8641
64.8641
64.8641
64.8641
64.8641
64.8641
64.8641
64.8641
64.8641
64.8641
64.8641
64.8641
64.8641
64.8641
64.8641
64.8641
64.8641
64.8641
64.8641
64.8641
64.8641
64.8641
64.8641
64.8641
64.8641
64.8641
64.8641
64.8641
64.8641
64.8641
64.8641
64.8641
64.8641
64.8641
64.8641
64.8641
64.8641
64.8641
64.8641
64.8641
64.8641
64.8641
64.8641
64.8641
64.8641
64.8641
64.8641
64.8641
64.8641
64.8641
64.8641
64.8641
64.8641
64.8641
64.8641
64.8641
64.8641
64.8641
64.8641
64.8641
64.8641
64.8641
64.8641
64.8641
64.8641
64.8641
64.8641
64.8641
64.8641
64.8641
64.8641
64.8641
64.8641
64.8641
64.8641
64.8641
64.8641
64.8641
64.8641
64.8641
64.8641
64.8641
64.8641
64.8641
64.8641
64.8641
64.8641
64.8641
64.8641
64.8641
64.8641
64.8641
64.8641
64.8641
64.8641
64.8641
64.8641
64.8641
64.8641
64.8641
64.8641
64.8641
64.8641
64.8641
64.8641
64.8641
64.8641
64.8641
64.8641
64.8641
64.8641
64.8641
64.8641
64.8641
64.8641
64.8641
64.8641
64.8641
64.8641
64.8641
64.8641
64.8641
64.8641
64.8641
64.8641
64.8641
64.8641
64.8641
64.8641
64.8641
64.8641
64.8641
64.8641
64.8641
64.8641
64.8641
64.8641
64.8641
64.8641
64.8641
64.8641
64.8641
64.8641
64.8641
64.8641
64.8641
64.8641
64.8641
64.8641
64.8641
64.8641
64.8641
64.8641
64.8641
64.8641
64.8641
64.8641
64.8641
64.8641
64.8641
64.8641
64.8641
64.8641
64.8641
64.8641
64.8641
64.8641
64.8641
64.8641
64.8641
64.8641
64.8641
64.8641
64.8641
64.8641
64.8641
64.8641
64.8641
64.8641
64.8641
64.8641
64.8641
64.8641
64.8641
64.8641
64.8641
64.8641
64.8641
64.8641
64.8641
64.8641
64.8641
64.8641
64.8641
64.8641
64.8641
64.8641
64.8641
64.8641
64.8641
64.8641
64.8641
64.8641
64.8641
64.8641
64.8641
64.8641
64.8641
64.8641
64.8641
64.8641
64.8641
64.8641
64.8641
64.8641
64.8641
64.8641
64.8641
64.8641
64.8641
64.8641
64.8641
64.8641
64.8641
64.8641
64.8641
64.8641
64.8641
64.8641
64.8641
64.8641
64.8641
64.8641
64.8641
64.8641
64.8641
64.8641
64.8641
64.8641
64.8641
64.8641
64.8641
64.8641
64.8641
64.8641
64.8641
64.8641
64.8641
64.8641
64.8641
64.8641
64.8641
64.8641
64.8641
64.8641
64.8641
64.8641
64.8641
64.8641
64.8641
64.8641
64.8641
64.8641
64.8641
64.8641
64.8641
64.8641
64.8641
64.8641
64.8641
64.8641
64.8641
64.8641
64.8641
64.8641
64.8641
64.8641
64.8641
64.8641
64.8641
64.8641
64.8641
64.8641
64.8641
64.8641
64.8641
64.8641
64.8641
64.8641
64.8641
64.8641
64.8641
64.8641
64.8641
64.8641
64.8641
64.8641
64.8641
64.8641
64.8641
64.8641
64.8641
64.8641
64.8641
64.8641
64.8641
64.8641
64.8641
64.8641
64.8641
64.8641
64.8641
64.8641
64.8641
64.8641
64.8641
64.8641
64.8641
64.8641
64.8641
64.8641
64.8641
64.8641
64.8641
64.8641
64.8641
64.8641
64.8641
64.8641
64.8641
64.8641
64.8641
64.8641
64.8641
64.8641
64.8641
64.8641
64.8641
64.8641
64.8641
64.8641
64.8641
64.8641
64.8641
64.8641
64.8641
64.8641
64.8641
64.8641
64.8641
64.8641
64.8641
64.8641
64.8641
64.8641
64.8641
64.8641
64.8641
64.8641
64.8641
64.8641
64.8641
64.8641
64.8641
64.8641
64.8641
64.8641
64.8641
64.8641
64.8641
64.8641
64.8641
64.8641
64.8641
64.8641
64.8641
64.8641
64.8641
64.8641
64.8641
64.8641
64.8641
64.8641
64.8641
64.8641
64.8641
64.8641
64.8641
64.8641
64.8641
64.8641
64.8641
64.8641
64.8641
64.8641
64.8641
64.8641
64.8641
64.8641
64.8641
64.8641
64.8641
64.8641
64.8641
64.8641
64.8641
64.8641
64.8641
64.8641
64.8641
64.8641
64.8641
64.8641
64.8641
64.8641
64.8641
64.8641
64.8641
64.8641
64.8641
64.8641
64.8641
64.8641
64.8641
64.8641
64.8641
64.8641
64.8641
64.8641
64.8641
64.8641
64.8641
64.8641
64.8641
64.8641
64.8641
64.8641
64.8641
64.8641
64.8641
64.8641
64.8641
64.8641
64.8641
64.8641
64.8641
64.8641
64.8641
64.8641
64.8641
64.8641
64.8641
64.8641
64.8641
64.8641
64.8641
64.8641
64.8641
64.8641
64.8641
64.8641
64.8641
64.8641
64.8641
64.8641
64.8641
64.8641
64.8641
64.8641
64.8641
64.8641
64.8641
64.8641
