427.843
410.829
407.711
384.451
384.451
380.194
373.921
359.563
345.981
345.265
336.997
332.194
329.005
324.533
320.026
310.841
308.949
305.179
299.678
294.561
294.495
283.412
278.843
274.755
272.936
271.198
267.816
266.526
259.953
257.064
253.819
250.275
250.275
248.44
247.006
243.107
241.078
231.995
231.995
230.616
228.947
228.947
228.155
227.35
222.194
215.846
214.956
212.654
209.378
209.378
207.482
207.482
205.517
205.517
204.228
199.445
199.445
198.261
196.423
195.595
195.595
195.195
194.564
190.182
185.84
185.083
182.506
180.617
180.617
178.104
177.496
176.394
175.387
173.819
173.819
173.66
172.679
170.831
168.826
164.79
164.79
164.79
164.79
163.275
162.564
162.337
161.266
161.266
161.006
156.107
152.023
152.023
150.209
150.209
150.209
148.006
148.006
148.006
146.899
146.899
146.899
145.912
145.912
145.103
145.011
144.117
144.117
142.535
142.535
142.535
141.78
141.529
141.345
140.747
139.625
139.248
138.968
138.617
137.81
137.81
137.221
136.181
136.181
135.737
135.737
134.063
133.754
133.038
132.729
131.984
131.827
130.648
130.235
130.235
130.235
128.346
126.931
126.894
126.261
123.091
123.091
123.091
123.091
123.091
121.634
121.634
121.634
121.634
119.489
119.062
119.062
119.061
117.602
116.667
116.667
116.667
116.667
115.741
115.741
114.567
114.567
113.885
113.885
113.788
113.731
113.731
113.705
113.438
113.069
112.365
111.836
111.646
110.909
110.909
110.19
110.19
109.731
109.731
109.731
109.569
109.11
109.11
109.012
109.012
109.012
108.22
108.122
107.684
107.586
107.449
107.449
107.449
106.363
106.363
106.325
106.056
105.464
105.464
105.332
104.921
104.747
104.747
104.747
104.747
104.747
104.509
104.341
104.341
103.855
103.618
103.381
102.838
102.838
102.438
102.438
101.547
101.404
101.147
100.807
100.807
99.9522
99.9522
99.3619
98.9626
98.9626
98.9626
98.3083
98.3083
97.5188
97.5188
97.5188
97.5188
97.5188
97.5188
97.5188
96.8212
96.422
96.422
96.422
96.422
95.4584
95.4584
94.8528
94.1448
94.1448
93.1402
93.1402
92.9302
92.9302
91.8633
91.8633
91.8633
91.8633
91.8432
91.8432
91.4807
91.4807
91.4606
91.2392
91.2392
91.2191
91.2191
91.0574
90.9997
90.9997
90.5842
90.5842
90.4225
90.4225
90.192
90.192
90.192
90.192
90.0789
88.9079
88.9079
88.9079
88.9079
88.9079
88.7944
88.6992
88.5411
88.5411
88.5411
88.5411
88.3969
87.9923
87.8481
87.8481
87.5104
87.5104
87.2504
86.9127
86.7685
86.7685
86.7685
86.7685
86.7685
86.7685
86.5457
86.5457
86.5457
86.5457
86.3613
86.3613
86.3613
86.3613
86.3613
85.8605
85.8605
85.8605
85.8605
85.5163
85.5163
85.4148
85.4148
84.9901
84.9901
84.9676
84.6227
84.6227
84.6227
84.6227
84.6227
84.6227
84.6227
84.6227
84.1982
83.9859
84.1982
83.9859
83.9859
83.9859
83.9697
83.9697
83.9697
83.3201
83.3201
83.3201
83.3201
83.3201
83.1298
83.1298
83.1069
82.8459
82.8459
82.8459
82.8459
82.7192
82.7192
82.7192
82.3763
81.9592
81.8326
81.8326
81.7708
81.7708
81.7708
81.7708
81.6324
81.6324
81.6324
81.5707
81.5707
81.5707
81.5707
81.5707
81.5707
81.5707
81.5707
81.1532
81.1532
81.1532
81.1532
81.1532
81.1532
81.1532
81.1532
81.1532
81.1532
81.1532
81.1532
81.1532
81.1532
80.9854
80.9854
80.9854
80.9854
80.9854
80.9854
80.9854
80.9854
80.9854
80.9854
80.9854
80.9854
80.9854
80.9854
80.7827
80.7827
80.7827
80.7827
80.7827
80.1201
80.1201
80.1201
79.6085
79.6085
79.4166
79.3438
79.3438
79.3438
79.3438
79.3438
79.3438
79.3438
79.1488
79.1488
79.1488
79.1488
79.1488
79.1488
79.1488
79.1488
79.1488
79.1488
79.1488
79.1488
79.1488
79.1488
78.5736
78.5736
78.5736
78.5736
78.5736
78.5736
78.5736
78.5736
78.5736
78.5736
78.5736
78.5736
78.5736
78.5736
78.2636
78.2636
78.2636
78.2636
78.2636
78.2636
77.5105
77.5105
77.5105
77.5105
77.5105
77.5105
77.5105
77.5105
77.2753
77.2753
77.2753
77.2753
77.2753
77.2753
77.2753
77.2753
77.2753
76.6325
76.4541
76.4541
76.4541
76.4541
76.4541
76.4541
76.4541
76.4541
76.4356
76.4356
76.2573
76.2573
76.2573
76.2573
76.2573
76.2506
76.2506
76.2506
76.2506
76.2506
76.2506
76.2506
76.2506
76.2506
76.2506
76.2506
76.2506
76.2506
76.2506
76.2506
76.1307
76.1307
74.9985
74.9985
74.9985
74.9985
74.9985
74.9985
74.9985
74.9985
74.9985
74.9985
74.9473
74.9473
74.9473
74.9473
74.9473
74.9473
74.9473
73.7334
73.7334
73.7334
73.7334
73.7334
73.7334
73.1928
73.1928
73.1928
73.1928
73.1928
73.1928
73.1928
73.1928
73.1928
73.0075
73.0075
73.0075
73.0075
73.0075
73.0075
73.0075
72.7534
72.7534
72.7534
72.7534
72.7534
72.621
72.621
72.621
72.621
72.621
72.621
72.5073
72.5073
72.5073
72.386
72.386
72.386
72.386
72.386
72.386
72.386
72.386
72.386
72.386
72.386
72.386
72.386
72.386
72.386
72.386
72.386
72.386
72.386
72.386
72.386
72.386
72.386
72.386
72.386
72.386
72.386
72.386
72.386
71.7824
71.7824
71.7824
71.7824
71.7824
71.7824
71.7824
71.7824
71.7824
71.7824
71.7824
71.7824
71.7824
71.7824
71.7824
71.6215
71.6215
71.6215
71.6215
71.6215
71.6215
71.203
71.203
71.203
71.203
71.203
70.9569
70.7764
70.6522
70.5959
70.5959
70.2272
70.2272
70.2272
70.2272
70.2272
70.2272
70.2272
70.2272
70.2272
70.2272
70.2272
70.2272
70.2272
70.2272
70.2272
70.2272
70.2272
70.2272
70.2272
70.2272
70.2272
70.2091
70.2091
70.2091
70.2091
70.2091
70.2091
70.2091
70.2091
70.2091
70.2091
70.2091
70.2091
70.2091
70.2091
70.2091
70.2091
70.2091
70.2091
70.2091
70.2091
70.2091
70.2091
70.2091
70.2091
70.2091
70.2091
70.2091
70.2091
70.2091
70.2091
70.2091
70.2091
70.2091
70.2091
70.2091
70.2091
70.2091
70.2091
70.2091
70.2091
70.2091
70.2091
70.2091
70.2091
70.2091
70.2091
70.2091
70.2091
70.2091
70.2091
70.2091
70.2091
70.2091
70.2091
70.2091
70.2091
70.2091
70.2091
70.2091
70.2091
70.2091
70.2091
70.2091
70.2091
70.2091
70.2091
70.2091
70.2091
70.2091
70.2091
70.2091
70.2091
70.2091
70.2091
70.2091
70.2091
70.2091
70.2091
70.2091
70.2091
70.2091
70.2091
70.2091
70.2091
70.2091
70.2091
70.2091
70.2091
70.2091
70.2091
70.2091
70.2091
70.2091
70.2091
70.2091
70.2091
70.2091
70.2091
70.2091
70.2091
70.2091
70.2091
70.2091
70.2091
70.2091
70.2091
70.2091
70.2091
70.2091
70.2091
70.2091
69.6122
69.6122
69.6122
69.6122
69.6122
69.5444
69.5444
69.5444
69.5444
69.5444
69.5444
69.5444
69.5444
69.5444
69.5444
69.5444
69.3688
69.3688
69.3688
69.3688
69.3688
69.3688
69.3688
69.3688
69.3688
69.3688
69.3688
69.3688
69.3688
69.3688
69.3688
69.3688
69.3688
69.3688
69.3688
69.3688
69.3688
69.3688
69.3688
69.3688
69.3688
69.3688
69.3688
69.3688
69.3688
69.3688
69.3688
69.3688
69.3688
69.3688
69.3688
69.3688
69.3688
69.3688
69.3688
69.3688
69.3688
69.3688
69.3688
69.3688
69.3688
69.3688
69.3688
69.3688
69.3688
69.3688
69.3688
69.3688
69.3688
69.3688
69.3688
69.3688
69.3688
69.3688
69.3688
69.3688
69.3688
69.3688
69.3688
69.3688
69.3688
69.3688
69.3688
69.3688
69.3688
69.3688
69.3688
69.3688
69.3688
69.3688
69.3688
69.3688
69.3688
69.3688
69.3688
69.3688
69.3688
69.3688
69.3688
69.3688
69.3688
69.3688
69.3688
69.3688
69.3688
69.3688
69.3688
69.3688
69.3688
69.3688
69.3688
69.3688
69.3688
69.3688
69.3688
69.3688
69.3688
69.3688
69.3688
69.3688
69.3688
69.3688
69.3688
69.3688
69.3688
69.3688
69.3688
69.3688
69.3688
69.3688
69.3688
69.3688
69.3688
69.3688
69.3688
69.3688
69.3688
69.3688
69.3688
69.3688
69.3688
69.3688
69.3688
69.3688
69.3688
69.3688
69.3688
69.3688
69.3688
69.3688
69.3688
69.3688
69.3688
69.3688
69.3688
69.3688
69.3688
69.3688
69.3688
69.3688
69.3688
69.3688
69.3688
69.3688
69.3688
69.3688
69.3688
69.3688
69.3688
69.3688
69.3688
69.3688
69.3688
69.3688
69.3688
69.3688
69.3688
69.3688
69.3688
69.3688
69.3688
69.3688
69.3688
69.3688
69.3688
69.3688
69.3688
69.3688
69.3688
69.3688
69.3688
69.3688
69.3688
69.3688
69.3688
69.3688
69.3688
69.3688
69.3688
69.3688
69.3688
69.3688
69.3688
69.3688
69.3688
69.3688
69.2435
69.2435
69.2435
69.2435
69.2435
69.2435
69.2435
69.2435
69.2435
69.2435
69.2435
69.2435
69.2435
69.2435
69.2435
69.2435
69.2435
68.8892
68.8892
68.8892
68.8892
68.8892
68.8892
68.8892
68.8892
68.8892
68.8892
68.8892
68.8892
68.8892
68.8892
68.8892
68.8892
68.8892
68.8892
68.8892
68.8892
68.8892
68.8892
68.8892
68.8892
68.8892
68.8892
68.8892
68.8892
68.8892
68.8892
68.8892
68.8892
68.8892
68.8892
68.8892
68.8892
68.8892
68.8892
68.8892
68.8892
68.8892
68.8892
68.8892
68.8892
68.8892
68.8892
68.8892
68.8892
68.8892
68.8892
68.8892
68.8892
68.8892
68.8892
68.8892
68.5339
68.5339
68.5339
68.5339
68.5339
68.5339
68.5339
68.5339
68.5339
68.5339
68.5339
68.5339
68.5339
68.5339
68.5339
68.5339
68.5339
68.5339
68.5339
68.5339
68.5339
68.5339
68.5339
68.5085
68.5085
68.5085
68.5085
68.079
68.0537
68.0537
68.0537
68.0537
68.0537
68.0537
68.0537
68.0537
68.0537
68.0537
68.0537
68.0537
68.0537
68.0537
68.0537
68.0537
68.0537
68.0537
68.0537
68.0537
68.0537
68.0537
68.0537
68.0537
68.0537
68.0537
68.0537
68.0537
68.0537
68.0537
68.0537
68.0537
68.0537
68.0537
68.0537
68.0537
68.0537
68.0537
68.0537
68.0537
68.0537
68.0537
68.0537
68.0537
68.0537
68.0537
68.0537
68.0537
68.0537
68.0537
68.0537
68.0537
68.0537
68.0537
68.0537
68.0537
68.0537
68.0537
68.0537
68.0537
68.0537
68.0537
68.0537
68.0537
68.0537
68.0537
68.0537
68.0537
68.0537
68.0537
68.0537
68.0537
68.0537
68.0537
68.0537
68.0537
67.8843
67.8843
67.8843
67.8843
67.8843
67.8843
67.8843
67.8843
67.8843
67.8843
67.8843
67.8843
67.8843
67.8843
67.8843
67.8843
67.8843
67.8843
67.8843
67.8843
67.8843
67.8843
67.8843
67.8843
67.8843
67.8843
67.8843
67.8843
67.8843
67.8843
67.8843
67.8843
67.8843
67.8843
67.8843
67.8843
67.8843
67.8843
67.8843
67.8843
67.8843
67.8843
67.8843
67.8843
67.8843
67.8843
67.8843
67.8843
67.8843
67.8843
67.8843
67.8843
67.8843
67.8843
67.8843
67.8843
67.8843
67.8843
67.8843
67.8843
67.8843
67.8843
67.8843
67.8843
67.8843
67.8843
67.8843
67.8843
67.8843
67.8843
67.8838
67.8838
67.8838
67.8838
67.8838
67.8838
67.8838
67.8838
67.8838
67.8838
67.8838
67.8838
67.8838
67.8838
67.8838
67.8838
67.8838
67.8838
67.8838
67.8838
67.8838
67.8838
67.8838
67.8838
67.8838
67.8838
67.8838
67.8838
67.8382
67.8382
67.8382
67.8382
67.8382
67.8382
67.8382
67.8382
67.8382
67.8382
67.8382
67.8382
67.8382
67.8382
67.8382
67.8382
67.8382
67.8382
67.8382
67.8382
67.8382
67.8382
67.8382
67.8382
67.8382
67.8382
67.8382
67.8382
67.8382
67.8382
67.4602
67.4602
67.4602
67.4602
67.4602
67.4602
67.4602
67.4602
67.4602
67.4602
67.4602
67.4602
67.4602
67.4602
67.4602
67.4602
67.4602
67.4602
67.4602
67.4602
67.4602
67.4602
67.4602
67.4602
67.4602
67.4602
67.4602
67.4602
67.4602
67.4602
67.4602
67.3647
67.3647
67.0944
67.0944
67.0944
67.0944
67.0944
67.0944
67.0944
67.0944
67.0944
67.0944
67.0944
67.0944
67.0944
67.0944
67.0944
67.0944
67.0944
67.0944
67.0944
67.0944
67.0944
67.0944
67.0944
67.0944
67.0944
67.0944
67.0944
67.0944
67.0944
67.0944
67.0944
67.0944
67.0944
67.0944
67.0944
67.0944
67.0944
67.0944
67.0944
67.0944
67.0944
67.0944
67.0944
67.0944
67.0944
67.0944
67.0944
67.0944
67.0944
67.0944
67.0944
67.0944
67.0944
67.0944
67.0944
67.0944
67.0944
67.0944
67.0944
67.0944
67.0944
67.0944
67.0944
67.0944
67.0944
67.0944
67.0944
67.0917
67.0917
67.0917
67.0917
67.0917
67.0141
67.0141
67.0141
67.0141
67.0141
67.0141
67.0141
67.0141
67.0141
67.0141
67.0141
67.0141
67.0141
67.0141
67.0141
67.0141
67.0141
67.0141
67.0141
67.0141
67.0141
67.0141
67.0141
67.0141
67.0141
67.0141
67.0141
67.0141
67.0141
67.0141
67.0141
67.0141
67.0141
67.0141
66.7905
66.7905
66.7905
66.7905
66.7905
66.7905
66.7905
66.7905
66.7905
66.7905
66.7905
66.7905
66.7905
66.7905
66.7905
66.7905
66.7905
66.7905
66.7905
66.7905
66.7905
66.7905
66.7905
66.7905
66.7905
66.7905
66.7905
66.7905
66.7905
66.7905
66.7905
66.7905
66.7905
66.7905
66.7905
66.7905
66.7905
66.7905
66.7905
66.7905
66.7905
66.7905
66.7905
66.7905
66.7905
66.7905
66.7905
66.7905
66.7905
66.7905
66.7905
66.7905
66.7905
66.7905
66.7905
66.7905
66.7905
66.7905
66.7905
66.7905
66.7905
66.7905
66.7905
66.7905
66.7905
66.7905
66.7905
66.7905
66.7905
66.7905
66.7905
66.7905
66.7905
66.7905
66.7905
66.7905
66.7905
66.7905
66.7905
66.7905
66.7905
66.7905
66.7905
66.7905
66.7905
66.7905
66.7905
66.7905
66.7905
66.7905
66.7905
66.7905
66.7905
66.7905
66.7905
66.7905
66.7905
66.7905
66.7905
66.7905
66.7905
66.7905
66.7905
66.7905
66.7905
66.7905
66.7905
66.7905
66.7905
66.7905
66.7905
66.7905
66.7905
66.7905
66.7905
66.7905
66.7905
66.7905
66.7905
66.7905
66.7905
66.7905
66.7905
66.7905
66.7905
66.6999
66.6999
66.6999
66.6999
66.6999
66.6999
66.6999
66.6999
66.6999
66.6999
66.6999
66.6999
66.6999
66.6999
66.6999
66.6999
66.6999
66.6999
66.6999
66.6999
66.6999
66.6999
66.6999
66.6999
66.6999
66.6999
66.6999
66.6999
66.6999
66.6999
66.6999
66.6999
66.6999
66.6999
66.6999
66.6999
66.6999
66.6999
66.6999
66.6999
66.6999
66.6999
66.6999
66.6999
66.6999
66.6999
66.6999
66.6999
66.6999
66.6999
66.6999
66.6999
66.6999
66.6999
66.6999
66.6999
66.6999
66.6999
66.6999
66.6999
66.6999
66.6999
66.6999
66.6999
66.6999
66.6999
66.6999
66.6999
66.6999
66.6999
66.6999
66.6999
66.6999
66.6999
66.6999
66.6999
66.6999
66.6999
66.6999
66.6999
66.6999
66.6999
66.6999
66.6999
66.6999
66.6999
66.6999
66.6999
66.6999
66.6999
66.6999
66.6999
66.6999
66.6999
66.6999
66.6999
66.6999
66.6999
66.6999
66.6999
66.6999
66.6999
66.6999
66.6999
66.6999
66.6999
66.6999
66.6999
66.6999
66.6999
66.6999
66.6999
66.6999
66.6999
66.6999
66.6999
66.6999
66.6999
66.6999
66.6999
66.6999
66.6999
66.6999
66.6999
66.6999
66.6999
66.6999
66.6999
66.6999
66.6999
66.6999
66.6999
66.6999
66.6999
66.6999
66.6999
66.6999
66.6999
66.6999
66.6999
66.6999
66.6999
66.6999
66.6999
66.6999
66.6999
66.4338
66.4338
66.4338
66.4338
66.4338
66.4338
66.4338
66.4338
66.4338
66.4338
66.4338
66.4338
66.4338
66.4338
66.4338
66.4338
66.4338
66.4338
66.4338
66.4338
66.4338
66.4338
66.4338
66.4338
66.4338
66.4338
66.4338
66.4338
66.4338
66.4338
66.4338
66.4338
66.4338
66.4338
66.4338
66.4338
66.4338
66.4338
66.4338
66.4338
66.4338
66.4338
66.4338
66.4338
66.4338
66.4338
66.4338
66.4338
66.4338
66.4338
66.4338
66.4338
66.4338
66.4338
66.4338
66.4338
66.4338
66.4338
66.4338
66.4338
66.4338
66.4338
66.4338
66.4338
66.4338
66.4338
66.4338
66.4338
66.4338
66.4338
66.4338
66.4338
66.4338
66.4338
66.4338
66.4338
66.4338
66.4338
66.4338
66.4338
66.4338
66.4338
66.4338
66.4338
66.4338
66.4338
66.4338
66.4338
66.4338
66.4338
66.4338
66.4338
66.4338
66.4338
66.4338
66.4338
66.4338
66.4338
66.4338
66.4338
66.4338
66.4338
66.4338
66.4338
66.4338
66.4338
66.4338
66.4338
66.4338
66.4338
66.4338
66.4338
66.4338
66.4338
66.4338
66.4338
66.4338
66.4338
66.4338
66.4338
66.4338
66.4338
66.4338
66.4338
66.4338
66.4338
66.4338
66.4338
66.4338
66.4338
66.4338
66.4338
66.4338
66.4338
66.4338
66.4338
66.4338
66.4338
66.4338
66.4338
66.4338
66.4338
66.4338
66.4338
66.4338
66.4338
66.4338
66.4338
66.4338
66.4338
66.4338
66.4338
66.4338
66.4338
66.4338
66.4338
66.4338
66.4338
66.4338
66.4338
66.4338
66.4338
66.4338
66.4338
66.4338
66.4338
66.4338
66.4338
66.4338
66.4338
66.4338
66.4338
66.4338
66.4338
66.4338
66.4338
66.4338
66.4338
66.4338
66.4338
66.4338
66.4338
66.4338
66.4338
66.4338
66.4338
66.4338
66.4338
66.4338
66.4338
66.4338
66.4338
66.4338
66.4338
66.4338
66.4338
66.4338
66.4338
66.4338
66.4338
66.4338
66.4338
66.4338
66.4338
66.4338
66.4338
66.4338
66.4338
66.4338
66.4338
66.4338
66.4338
66.4338
66.4338
66.4338
66.4338
66.4338
66.4338
66.4338
66.4338
66.4338
66.4338
66.4338
66.4338
66.4338
66.4338
66.4338
66.4338
66.4338
66.4338
66.4338
66.4338
66.4338
66.4338
66.4338
66.4338
66.4338
66.4338
66.4338
66.4338
66.4338
66.4338
66.4338
66.4338
66.4338
66.4338
66.4338
66.4338
66.4338
66.4338
66.4338
66.4338
66.4338
66.4338
66.4338
66.4338
66.4338
66.4338
66.4338
66.4338
66.4338
66.4338
66.4338
66.4338
66.4338
66.4338
66.4338
66.4338
66.4338
66.4338
66.4338
66.4338
66.4338
66.4338
66.4338
66.4338
66.4338
66.4338
66.4338
66.4338
66.4338
66.4338
66.4338
66.4338
66.4338
66.4338
66.4338
66.4338
66.4338
66.4338
66.4338
66.4338
66.4338
66.4338
66.4338
66.4338
66.4338
66.4338
66.4338
66.4338
66.4338
66.4338
66.4338
66.4338
66.4338
66.4338
66.4338
66.4338
66.4338
66.4338
66.4338
66.4338
66.4338
66.4338
66.4338
66.4338
66.4338
66.4338
66.4338
66.4338
66.4338
66.4338
66.4338
66.4338
66.4338
66.4338
66.4338
66.4338
66.4338
66.4338
66.4338
66.4338
66.4338
66.4338
66.4338
66.4338
66.4338
66.4338
66.4338
66.4338
66.4338
66.4338
66.4338
66.4338
66.4338
66.4338
66.4338
66.4338
66.4338
66.4338
66.4338
66.4338
66.4338
66.4338
66.4338
66.4338
66.4338
66.4338
66.4338
66.4338
66.4338
66.4338
66.4338
66.4338
66.4338
66.4338
66.4338
66.4338
66.4338
66.4338
66.4338
66.4338
66.4338
66.4338
66.4338
66.4338
66.4338
66.4338
66.4338
66.4338
66.4338
66.4338
66.4338
66.4338
66.4338
66.4338
66.4338
66.4338
66.4338
66.4338
66.4338
66.4338
66.4338
66.4338
66.4338
66.4338
66.4338
66.4338
66.4338
66.4338
66.4338
66.4338
66.4338
66.4338
66.4338
66.4338
66.4338
66.4338
66.4338
66.4338
66.4338
66.4338
66.4338
66.4338
66.4338
66.4338
66.4338
66.4338
66.4338
66.4338
66.4338
66.4338
66.4338
66.4338
66.4338
66.4338
66.4338
66.4338
66.4338
66.4338
66.4338
66.4338
66.4338
66.4338
66.4338
66.4338
66.4338
66.4338
66.4338
66.4338
66.4338
66.4338
66.4338
66.4338
66.4338
66.4338
66.4338
66.4338
66.4338
66.4338
66.4338
66.4338
66.4338
66.4338
66.4338
66.4338
66.4338
66.4338
66.4338
66.4338
66.4338
66.4338
66.4338
66.4338
66.4338
66.4338
66.4338
66.4338
66.4338
66.4338
66.4338
66.4338
66.4338
66.4338
66.4338
66.4338
66.4338
66.4338
66.4338
66.4338
66.4338
66.4338
66.4338
66.4338
66.4338
66.4338
66.4338
66.4338
66.4338
66.4338
66.4338
66.4338
66.4338
66.4338
66.4338
66.4338
66.4338
66.4338
66.4338
66.4338
66.4338
66.4338
66.4338
66.4338
66.4338
66.4338
66.4338
66.4338
66.4338
66.4338
66.4338
66.4338
66.4338
66.4338
66.4338
66.4338
66.4338
66.4338
66.4338
66.4338
66.4338
66.4338
66.4338
66.4338
66.4338
66.4338
66.4338
66.4338
66.4338
66.4338
66.4338
66.4338
66.4338
66.4338
66.4338
66.4338
66.4338
66.4338
66.4338
66.4338
66.4338
66.4338
66.4338
66.4338
66.4338
66.4338
66.4338
66.4338
66.4338
66.4338
66.4338
66.4338
66.4338
66.4338
66.4338
66.4338
66.4338
66.4338
66.4338
66.4338
66.4338
66.4338
66.4338
66.4338
66.4338
66.4338
66.4338
66.4338
66.4338
66.4338
66.4338
66.4338
66.4338
66.4338
66.4338
66.4338
66.4338
66.4338
66.4338
66.4338
66.4338
66.4338
66.4338
66.4338
66.4338
66.4338
66.4338
66.4338
66.4338
66.4338
66.4338
66.4338
66.4338
66.4338
66.4338
66.4338
66.4338
66.4338
66.4338
66.4338
66.4338
66.4338
66.4338
66.4338
66.4338
66.4338
66.4338
66.4338
66.4338
66.4338
66.4338
66.4338
66.4338
66.4338
66.4338
66.4338
66.4338
66.4338
66.4338
66.4338
66.4338
66.4338
66.4338
66.4338
66.4338
66.4338
66.4338
66.4338
66.4338
66.4338
66.4338
66.4338
66.4338
66.4338
66.4338
66.4338
66.4338
66.4338
66.4338
66.4338
66.4338
66.4338
66.4338
66.4338
66.4338
66.4338
66.4338
66.4338
66.4338
66.4338
66.4338
66.4338
66.4338
66.4338
66.4338
66.4338
66.4338
66.4338
66.4338
66.4338
66.4338
66.4338
66.4338
66.4338
66.4338
66.4338
66.4338
66.4338
66.4338
66.4338
66.4338
66.4338
66.4338
66.4338
66.4338
66.4338
66.4338
66.4338
66.4338
66.4338
66.4338
66.4338
66.4338
66.4338
66.4338
66.4338
66.4338
66.4338
66.4338
66.4338
66.4338
66.4338
66.4338
66.4338
66.4338
66.4338
66.4338
66.4338
66.4338
66.4338
66.4338
66.4338
66.4338
66.4338
66.4338
66.4338
66.4338
66.4338
66.4338
66.4338
66.4338
66.4338
66.4338
66.4338
66.4338
66.4338
66.4338
66.4338
66.4338
66.4338
66.4338
66.4338
66.4338
66.4338
66.4338
66.4338
66.4338
66.4338
66.4338
66.4338
66.4338
66.4338
66.4338
66.4338
66.4338
66.4338
66.4338
66.4338
66.4338
66.4338
66.4338
66.4338
66.4338
66.4338
66.4338
66.4338
66.4338
66.4338
66.4338
66.4338
66.4338
66.4338
66.4338
66.4338
66.4338
66.4338
66.4338
66.4338
66.4338
66.4338
66.4338
66.4338
66.4338
66.4338
66.4338
66.4338
66.4338
66.4338
66.4338
66.4338
66.4338
66.4338
66.4338
66.4338
66.4338
66.4338
66.4338
66.4338
66.4338
66.4338
66.4338
66.4338
66.4338
66.4338
66.4338
66.4338
66.4338
66.4338
66.4338
66.4338
66.4338
66.4338
66.4338
66.4338
66.4338
66.4338
66.4338
66.4338
66.4338
66.4338
66.4338
66.4338
66.4338
66.4338
66.4338
66.4338
66.4338
66.4338
66.4338
66.4338
66.4338
66.4338
66.4338
66.4338
66.4338
66.4338
66.4338
66.4338
66.4338
66.4338
66.4338
66.4338
66.4338
66.4338
66.4338
66.4338
66.4338
66.4338
66.4338
66.4338
66.4338
66.4338
66.4338
66.4338
66.4338
66.4338
66.4338
66.4338
66.4338
66.4338
66.4338
66.4338
66.4338
66.4338
66.4338
66.4338
66.4338
66.4338
66.4338
66.4338
66.4338
66.4338
66.4338
66.4338
66.4338
66.4338
66.4338
66.4338
66.4338
66.4338
66.4338
66.4338
66.4338
66.4338
66.4338
66.4338
66.4338
66.4338
66.4338
66.4338
66.4338
66.4338
66.4338
66.4338
66.4338
66.4338
66.4338
66.4338
66.4338
66.4338
66.4338
66.4338
66.4338
66.4338
66.4338
66.4338
66.4338
66.4338
66.4338
66.4338
66.4338
66.4338
66.4338
66.4338
66.4338
66.4338
66.4338
66.4338
66.4338
66.4338
66.4338
66.4338
66.4338
66.4338
66.4338
66.4338
66.4338
66.4338
66.4338
66.4338
66.4338
66.4338
66.4338
66.4338
66.4338
66.4338
66.4338
66.4338
66.4338
66.4338
66.4338
66.4338
66.4338
66.4338
66.4338
66.4338
66.4338
66.4338
66.4338
66.4338
66.4338
66.4338
66.4338
66.4338
66.4338
66.4338
66.4338
66.4338
66.4338
66.4338
66.4338
66.4338
66.4338
66.4338
66.4338
66.4338
66.4338
66.4338
66.4338
66.4338
66.4338
66.4338
66.4338
66.4338
66.4338
66.4338
66.4338
66.4338
66.4338
66.4338
66.4338
66.4338
66.4338
66.4338
66.4338
66.4338
66.4338
66.4338
66.4338
66.4338
66.4338
66.4338
66.4338
66.4338
66.4338
66.4338
66.4338
66.4338
66.4338
66.4338
66.4338
66.4338
66.4338
66.4338
66.4338
66.4338
66.4338
66.4338
66.4338
66.4338
66.4338
66.4338
66.4338
66.4338
66.4338
66.4338
66.4338
66.4338
66.4338
66.4338
66.4338
66.4338
66.4338
66.4338
66.4338
66.4338
66.4338
66.4338
66.4338
66.4338
66.4338
66.4338
66.4338
66.4338
66.4338
66.4338
66.4338
66.4338
66.4338
66.4338
66.4338
66.4338
66.4338
66.4338
66.4338
66.4338
66.4338
66.4338
66.4338
66.4338
66.4338
66.4338
66.4338
66.4338
66.4338
66.4338
66.4338
66.4338
66.4338
66.4338
66.4338
66.4338
66.4338
66.4338
66.4338
66.4338
66.4338
66.4338
66.4338
66.4338
66.4338
66.4338
66.4338
66.4338
66.4338
66.4338
66.4338
66.4338
66.4338
66.4338
66.4338
66.4338
66.4338
66.4338
66.4338
66.4338
66.4338
66.4338
66.4338
66.4338
66.4338
66.4338
66.4338
66.4338
66.4338
66.4338
66.4338
66.4338
66.4338
66.4338
66.4338
66.4338
66.4338
66.4338
66.4338
66.4338
66.4338
66.4338
66.4338
66.4338
66.4338
66.4338
66.4338
66.4338
66.4338
66.4338
66.4338
66.4338
66.4338
66.4338
66.4338
66.4338
66.4338
66.4338
66.4338
66.4338
66.4338
66.4338
66.4338
66.4338
66.4338
66.4338
66.4338
66.4338
66.4338
66.4338
66.4338
66.4338
66.4338
66.4338
66.4338
66.4338
66.4338
66.4338
66.4338
66.4338
66.4338
66.4338
66.4338
66.4338
66.4338
66.4338
66.4338
66.4338
66.4338
66.4338
66.4338
66.4338
66.4338
66.4338
66.4338
66.4338
66.4338
66.4338
66.4338
66.4338
66.4338
66.4338
66.4338
66.4338
66.4338
66.4338
66.4338
66.4338
66.4338
66.4338
66.4338
66.4338
66.4338
66.4338
66.4338
66.4338
66.4338
66.4338
66.4338
66.4338
66.4338
66.4338
66.4338
66.4338
66.4338
66.4338
66.4338
66.4338
66.4338
66.4338
66.4338
66.4338
66.4338
66.4338
66.4338
66.4338
66.4338
66.4338
66.4338
66.4338
66.4338
66.4338
66.4338
66.4338
66.4338
66.4338
66.4338
66.4338
66.4338
66.4338
66.4338
66.4338
66.4338
66.4338
66.4338
66.4338
66.4338
66.4338
66.4338
66.4338
66.4338
66.4338
66.4338
66.4338
66.4338
66.4338
66.4338
66.4338
66.4338
66.4338
66.4338
66.4338
66.4338
66.4338
66.4338
66.4338
66.4338
66.4338
66.4338
66.4338
66.4338
66.4338
66.4338
66.4338
66.4338
66.4338
66.4338
66.4338
66.4338
66.4338
66.4338
66.4338
66.4338
66.4338
66.4338
66.4338
66.4338
66.4338
66.4338
66.4338
66.4338
66.4338
66.4338
66.4338
66.4338
66.4338
66.4338
66.4338
66.4338
66.4338
66.4338
66.4338
66.4338
66.4338
66.4338
66.4338
66.4338
66.4338
66.4338
66.4338
66.4338
66.4338
66.4338
66.4338
66.4338
66.4338
66.4338
66.4338
66.4338
66.4338
66.4338
66.4338
66.4338
66.4338
66.4338
66.4338
66.4338
66.4338
66.4338
66.4338
66.4338
66.4338
66.4338
66.4338
66.4338
66.4338
66.4338
66.4338
66.4338
66.4338
66.4338
66.4338
66.4338
66.4338
66.4338
66.4338
66.4338
66.4338
66.4338
66.4338
66.4338
66.4338
66.4338
66.4338
66.4338
66.4338
66.4338
66.4338
66.4338
66.4338
66.4338
66.4338
66.4338
66.4338
66.4338
66.4338
66.4338
66.4338
66.4338
66.4338
66.4338
66.4338
66.4338
66.4338
66.4338
66.4338
66.4338
66.4338
66.4338
65.3287
65.3287
65.3287
65.3287
65.3287
65.3287
65.3287
65.3287
65.3287
65.3287
65.3287
65.3287
65.3287
65.3287
65.3287
65.3287
65.3287
65.3287
65.3287
65.3287
65.3287
65.3287
65.3287
65.3287
65.3287
65.3287
65.3287
65.3287
65.3287
65.3287
65.3287
65.3287
65.3287
65.3287
65.3287
65.3287
65.3287
65.3287
65.3287
65.3287
65.3287
65.3287
65.3287
65.3287
65.3287
65.3287
65.3287
65.3287
65.3287
65.3287
65.3287
65.3287
65.3287
65.3287
65.3287
65.3287
65.3287
65.3287
65.3287
65.3287
65.3287
65.3287
65.3287
65.3287
65.3287
65.3287
65.3287
65.3287
65.3287
65.3287
65.3287
65.3287
65.3287
65.3287
65.3287
65.3287
65.3287
65.3287
65.3287
65.3287
65.3287
65.3287
65.3287
65.3287
65.3287
65.3287
65.3287
65.3287
65.3287
65.3287
65.3287
65.3287
65.3287
65.3287
65.3287
65.3287
65.3287
65.3287
65.3287
65.3287
65.3287
65.3287
65.3287
65.3287
65.3287
65.3287
65.3287
65.3287
65.3287
65.3287
65.3287
65.3287
65.3287
65.3287
65.3287
65.3287
65.3287
65.3287
65.3287
65.3287
65.3287
65.3287
65.3287
65.3287
65.3287
65.3287
65.3287
65.3287
65.3287
65.3287
65.3287
65.3287
65.3287
65.3287
65.3287
65.3287
65.3287
65.3287
65.3287
65.3287
65.3287
65.3287
65.3287
65.3287
65.3287
65.3287
65.3287
65.3287
65.3287
65.3287
65.3287
65.3287
65.3287
65.3287
65.3287
65.3287
65.3287
65.3287
65.3287
65.3287
65.3287
65.3287
65.3287
65.3287
65.3287
65.3287
65.3287
65.3287
65.3287
65.3287
65.3287
65.3287
65.3287
65.3287
65.3287
65.3287
65.3287
65.3287
65.3287
65.3287
65.3287
65.3287
65.3287
65.3287
65.3287
65.3287
65.3287
65.3287
65.3287
65.3287
65.3287
65.3287
65.3287
65.3287
65.3287
65.3287
65.3287
65.3287
65.3287
65.3287
65.3287
65.3287
65.3287
65.3287
65.3287
65.3287
65.3287
65.3287
65.3287
65.3287
65.3287
65.3287
65.3287
65.3287
65.3287
65.3287
65.3287
65.3287
65.3287
65.3287
65.3287
65.3287
65.3287
65.3287
65.3287
65.3287
65.3287
65.3287
65.3287
65.3287
65.3287
65.3287
65.3287
65.3287
65.3287
65.3287
65.3287
65.3287
65.3287
65.3287
65.3287
65.3287
65.3287
65.3287
65.3287
65.3287
65.3287
65.3287
65.3287
65.3287
65.3287
65.3287
65.3287
65.3287
65.3287
65.3287
65.3287
65.3287
65.3287
65.3287
65.3287
65.3287
65.3287
65.3287
65.3287
65.3287
65.3287
65.3287
65.3287
65.3287
65.3287
65.3287
65.3287
65.3287
65.3287
65.3287
65.3287
65.3287
65.3287
65.3287
65.3287
65.3287
65.3287
65.3287
65.3287
65.3287
65.3287
65.3287
65.3287
65.3287
65.3287
65.3287
65.3287
65.3287
65.3287
65.3287
65.3287
65.3287
65.3287
65.3287
65.3287
65.3287
65.3287
65.3287
65.3287
65.3287
65.3287
65.3287
65.3287
65.3287
65.3287
65.3287
65.3287
65.3287
65.3287
65.3287
65.3287
65.3287
65.3287
65.3287
65.3287
65.3287
65.3287
65.3287
65.3287
65.3287
65.3287
65.3287
65.3287
65.3287
65.3287
65.3287
65.3287
65.3287
65.3287
65.3287
65.3287
65.3287
65.3287
65.3287
65.3287
65.3287
65.3287
65.3287
65.3287
65.3287
65.3287
65.3287
65.3287
65.3287
65.3287
65.3287
65.3287
65.3287
65.3287
65.3287
65.3287
65.3287
65.3287
65.3287
65.3287
65.3287
65.3287
65.3287
65.3287
65.3287
65.3287
65.3287
65.3287
65.3287
65.3287
65.3287
65.3287
65.3287
65.3287
65.3287
65.3287
65.3287
65.3287
65.3287
65.3287
65.3287
65.3287
65.3287
65.3287
65.3287
65.3287
65.3287
65.3287
65.3287
65.3287
65.3287
65.3287
65.3287
65.3287
65.3287
65.3287
65.3287
65.3287
65.3287
65.3287
65.3287
65.3287
65.3287
65.3287
65.3287
65.3287
65.3287
65.3287
65.3287
65.3287
65.3287
65.3287
65.3287
65.3287
65.3287
65.3287
65.3287
65.3287
65.3287
65.3287
65.3287
65.3287
65.3287
65.3287
65.3287
65.3287
65.3287
65.3287
65.3287
65.3287
65.3287
65.3287
65.3287
65.3287
65.3287
65.3287
65.3287
65.3287
65.3287
65.3287
65.3287
65.3287
65.3287
65.3287
65.3287
65.3287
65.3287
65.3287
65.3287
65.3287
65.3287
65.3287
65.3287
65.3287
65.3287
65.3287
65.3287
65.3287
65.3287
65.3287
65.3287
65.3287
65.3287
65.3287
65.3287
65.3287
65.3287
65.3287
65.3287
65.3287
65.3287
65.3287
65.3287
65.3287
65.3287
65.3287
65.3287
65.3287
65.3287
65.3287
65.3287
65.3287
65.3287
65.3287
65.3287
65.3287
65.3287
65.3287
65.3287
65.3287
65.3287
65.3287
65.3287
65.3287
65.3287
65.3287
65.3287
65.3287
65.3287
65.3287
65.3287
65.3287
65.3287
65.3287
65.3287
65.3287
65.3287
65.3287
65.3287
65.3287
65.3287
65.3287
65.3287
65.3287
65.3287
65.3287
65.3287
65.3287
65.3287
65.3287
65.3287
65.3287
65.3287
65.3287
65.3287
65.3287
65.3287
65.3287
65.3287
65.3287
65.3287
65.3287
65.3287
65.3287
65.3287
65.3287
65.3287
65.3287
65.3287
65.3287
65.3287
65.3287
65.3287
65.3287
65.3287
65.3287
65.3287
65.3287
65.3287
65.3287
65.3287
65.3287
65.3287
65.3287
65.3287
65.3287
65.3287
65.3287
65.3287
65.3287
65.3287
65.3287
65.3287
65.3287
65.3287
65.3287
65.3287
65.3287
65.3287
65.3287
65.3287
65.3287
65.3287
65.3287
65.3287
65.3287
65.3287
65.3287
65.3287
65.3287
65.3287
65.3287
65.3287
65.3287
65.3287
65.3287
65.3287
65.3287
65.3287
65.3287
65.3287
65.3287
65.3287
65.3287
65.3287
65.3287
65.3287
65.3287
65.3287
65.3287
65.3287
65.3287
65.3287
65.3287
65.3287
65.3287
65.3287
65.3287
65.3287
65.3287
65.3287
65.3287
65.3287
65.3287
65.3287
65.3287
65.3287
65.3287
65.3287
65.3287
65.3287
65.3287
65.3287
65.3287
65.3287
65.3287
65.3287
65.3287
65.3287
65.3287
65.3287
65.3287
65.3287
65.3287
65.3287
65.3287
65.3287
65.3287
65.3287
65.3287
65.3287
65.3287
65.3287
65.3287
65.3287
65.3287
65.3287
65.3287
65.3287
65.3287
65.3287
65.3287
65.3287
65.3287
65.3287
65.3287
65.3287
65.3287
65.3287
65.3287
65.3287
65.3287
65.3287
65.3287
65.3287
65.3287
65.3287
65.3287
65.3287
65.3287
65.3287
65.3287
65.3287
65.3287
65.3287
65.3287
65.3287
65.3287
65.3287
65.3287
65.3287
65.3287
65.3287
65.3287
65.3287
65.3287
65.3287
65.3287
65.3287
65.3287
65.3287
65.3287
65.3287
65.3287
65.3287
65.3287
65.3287
65.3287
65.3287
65.3287
65.3287
65.3287
65.3287
65.3287
65.3287
65.3287
65.3287
65.3287
65.3287
65.3287
65.3287
65.3287
65.3287
65.3287
65.3287
65.3287
65.3287
65.3287
65.3287
65.3287
65.3287
65.3287
65.3287
65.3287
65.3287
65.3287
65.3287
65.3287
65.3287
65.3287
65.3287
65.3287
65.3287
65.3287
65.3287
65.3287
65.3287
65.3287
65.3287
65.3287
65.3287
65.3287
65.3287
65.3287
65.3287
65.3287
65.3287
65.3287
65.3287
65.3287
65.3287
65.3287
65.3287
65.3287
65.3287
65.3287
65.3287
65.3287
65.3287
65.3287
65.3287
65.3287
65.3287
65.3287
65.3287
65.3287
65.3287
65.3287
65.3287
65.3287
65.3287
65.3287
65.3287
65.3287
65.3287
65.3287
65.3287
65.3287
65.3287
65.3287
65.3287
65.3287
65.3287
65.3287
65.3287
65.3287
65.3287
65.3287
65.3287
65.3287
65.3287
65.3287
65.3287
65.3287
65.3287
65.3287
65.3287
65.3287
65.3287
65.3287
65.3287
65.3287
65.3287
65.3287
65.3287
65.3287
65.3287
65.3287
65.3287
65.3287
65.3287
65.3287
65.3287
65.3287
65.3287
65.3287
65.3287
65.3287
65.3287
65.3287
65.3287
65.3287
65.3287
65.3287
65.3287
65.3287
65.3287
65.3287
65.3287
65.3287
65.3287
65.3287
65.3287
65.3287
65.3287
65.3287
65.3287
65.3287
65.3287
65.3287
65.3287
65.3287
65.3287
65.3287
65.3287
65.3287
65.3287
65.3287
65.3287
65.3287
65.3287
65.3287
65.3287
65.3287
65.3287
65.3287
65.3287
65.3287
65.3287
65.3287
65.3287
65.3287
65.3287
65.3287
65.3287
65.3287
65.3287
65.3287
65.3287
65.3287
65.3287
65.3287
65.3287
65.3287
65.3287
65.3287
65.3287
65.3287
65.3287
65.3287
65.3287
65.3287
65.3287
65.3287
65.3287
65.3287
65.3287
65.3287
65.3287
65.3287
65.3287
65.3287
65.3287
65.3287
65.3287
65.3287
65.3287
65.3287
65.3287
65.3287
65.3287
65.3287
65.3287
65.3287
65.3287
65.3287
65.3287
65.3287
65.3287
65.3287
65.3287
65.3287
65.3287
65.3287
65.3287
65.3287
65.3287
65.3287
65.3287
65.3287
65.3287
65.3287
65.3287
65.3287
65.3287
65.3287
65.3287
65.3287
65.3287
65.3287
65.3287
65.3287
65.3287
65.3287
65.3287
65.3287
65.3287
65.3287
65.3287
65.3287
65.3287
65.3287
65.3287
65.3287
65.3287
65.3287
65.3287
65.3287
65.3287
65.3287
65.3287
65.3287
65.3287
65.3287
65.3287
65.3287
65.3287
65.3287
65.3287
65.3287
65.3287
65.3287
65.3287
65.3287
65.3287
65.3287
65.3287
65.3287
65.3287
65.3287
65.3287
65.3287
65.3287
65.3287
65.3287
65.3287
65.3287
65.3287
65.3287
65.3287
65.3287
65.3287
65.3287
65.3287
65.3287
65.3287
65.3287
65.3287
65.3287
65.3287
65.3287
65.3287
65.3287
65.3287
65.3287
65.3287
65.3287
65.3287
65.3287
65.3287
65.3287
65.3287
65.3287
65.3287
65.3287
65.3287
65.3287
65.3287
65.3287
65.3287
65.3287
65.3287
65.3287
65.3287
65.3287
65.3287
65.3287
65.3287
65.3287
65.3287
65.3287
65.3287
65.3287
65.3287
65.3287
65.3287
65.3287
65.3287
65.3287
65.3287
65.3287
65.3287
65.3287
65.3287
65.3287
65.3287
65.3287
65.3287
65.3287
65.3287
65.3287
65.3287
65.3287
65.3287
65.3287
65.3287
65.3287
65.3287
65.3287
65.3287
65.3287
65.3287
65.3287
65.3287
65.3287
65.3287
65.3287
65.3287
65.3287
65.3287
65.3287
65.3287
65.3287
65.3287
65.3287
65.3287
65.3287
65.3287
65.3287
65.3287
65.3287
65.3287
65.3287
65.3287
65.3287
65.3287
65.3287
65.3287
65.3287
65.3287
65.3287
65.3287
65.3287
65.3287
65.3287
65.3287
65.3287
65.3287
65.3287
65.3287
65.3287
65.3287
65.3287
65.3287
65.3287
65.3287
65.3287
65.3287
65.3287
65.3287
65.3287
65.3287
65.3287
65.3287
65.3287
65.3287
65.3287
65.3287
65.3287
65.3287
65.3287
65.3287
65.3287
65.3287
65.3287
65.3287
65.3287
65.3287
65.3287
65.3287
65.3287
65.3287
65.3287
65.3287
65.3287
65.3287
65.3287
65.3287
65.3287
65.3287
65.3287
65.3287
65.3287
65.3287
65.3287
65.3287
65.3287
65.3287
65.3287
65.3287
65.3287
65.3287
65.3287
65.3287
65.3287
65.3287
65.3287
65.3287
65.3287
65.3287
65.3287
65.3287
65.3287
65.3287
65.3287
65.3287
65.3287
65.3287
65.3287
65.3287
65.3287
65.3287
65.3287
65.3287
65.3287
65.3287
65.3287
65.3287
65.3287
65.3287
65.3287
65.3287
65.3287
65.3287
65.3287
65.3287
65.3287
65.3287
65.3287
65.3287
65.3287
65.3287
65.3287
65.3287
65.3287
65.3287
65.3287
65.3287
65.3287
65.3287
65.3287
65.3287
65.3287
65.3287
65.3287
65.3287
65.3287
65.3287
65.3287
65.3287
65.3287
65.3287
65.3287
65.3287
65.3287
65.3287
65.3287
65.3287
65.3287
65.3287
65.3287
65.3287
65.3287
65.3287
65.3287
65.3287
65.3287
65.3287
65.3287
65.3287
65.3287
65.3287
65.3287
65.3287
65.3287
65.3287
65.3287
65.3287
65.3287
65.3287
65.3287
65.3287
65.3287
65.3287
65.3287
65.3287
65.3287
65.3287
65.3287
65.3287
65.3287
65.3287
65.3287
65.3287
65.3287
65.3287
65.3287
65.3287
65.3287
65.3287
65.3287
65.3287
65.3287
65.3287
65.3287
65.3287
65.3287
65.3287
65.3287
65.3287
65.3287
65.3287
65.3287
65.3287
65.3287
65.3287
65.3287
65.3287
65.3287
65.3287
65.3287
65.3287
65.3287
65.3287
65.3287
65.3287
65.3287
65.3287
65.3287
65.3287
65.3287
65.3287
65.3287
65.3287
65.3287
65.3287
65.3287
65.3287
65.3287
65.3287
65.3287
65.3287
65.3287
65.3287
65.3287
65.3287
65.3287
65.3287
65.3287
65.3287
65.3287
65.3287
65.3287
65.3287
65.3287
65.3287
65.3287
65.3287
65.3287
65.3287
65.3287
65.3287
65.3287
65.3287
65.3287
65.3287
65.3287
65.3287
65.3287
65.3287
65.3287
65.3287
65.3287
65.3287
65.3287
65.3287
65.3287
65.3287
65.3287
65.3287
65.3287
65.3287
65.3287
65.3287
65.3287
65.3287
65.3287
65.3287
65.3287
65.3287
65.3287
65.3287
65.3287
65.3287
65.3287
65.3287
65.3287
65.3287
65.3287
65.3287
65.3287
65.3287
65.3287
65.3287
65.3287
65.3287
65.3287
65.3287
65.3287
65.3287
65.3287
65.3287
65.3287
65.3287
65.3287
65.3287
65.3287
65.3287
65.3287
65.3287
65.3287
65.3287
65.3287
65.3287
65.3287
65.3287
65.3287
65.3287
65.3287
65.3287
65.3287
65.3287
65.3287
65.3287
65.3287
65.3287
65.3287
65.3287
65.3287
65.3287
65.3287
65.3287
65.3287
65.3287
65.3287
65.3287
65.3287
65.3287
65.3287
65.3287
65.3287
65.3287
65.3287
65.3287
65.3287
65.3287
65.3287
65.3287
65.3287
65.3287
65.3287
65.3287
65.3287
65.3287
65.3287
65.3287
65.3287
65.3287
65.3287
65.3287
65.3287
65.3287
65.3287
65.3287
65.3287
65.3287
65.3287
65.3287
65.3287
65.3287
65.3287
65.3287
65.3287
65.3287
65.3287
65.3287
65.3287
65.3287
65.3287
65.3287
65.3287
65.3287
65.3287
65.3287
65.3287
65.3287
65.3287
65.3287
65.3287
65.3287
65.3287
65.3287
65.3287
65.3287
65.3287
65.3287
65.3287
65.3287
65.3287
65.3287
65.3287
65.3287
65.3287
65.3287
65.3287
65.3287
65.3287
65.3287
65.3287
65.3287
65.3287
65.3287
65.3287
65.3287
65.3287
65.3287
65.3287
65.3287
65.3287
65.3287
65.3287
65.3287
65.3287
65.3287
65.3287
65.3287
65.3287
65.3287
65.3287
65.3287
65.3287
65.3287
65.3287
65.3287
65.3287
65.3287
65.3287
65.3287
65.3287
65.1785
65.1785
65.1785
65.1785
65.1785
65.1785
65.1785
65.1785
65.1785
65.1785
65.1785
65.1785
65.1785
65.1785
65.1785
65.1785
65.1785
65.1785
65.1785
65.1785
65.1785
65.1785
65.1785
65.1785
65.1785
65.1785
65.1785
65.1785
65.1785
65.1785
65.1785
65.1785
65.1785
65.1785
65.1785
65.1785
65.1785
65.1785
65.1785
65.1785
65.1785
65.1785
65.1785
65.1785
65.1785
65.1785
65.1785
65.1785
65.1785
65.1785
65.1785
65.1785
65.1785
65.1785
65.1785
65.1785
65.1785
65.1785
65.1785
65.1785
65.1785
65.1785
65.1785
65.1785
65.1785
65.1785
65.1785
65.1785
65.1785
65.1785
65.1785
65.1785
65.1785
65.1785
65.1785
65.1785
65.1785
65.1785
65.1785
65.1785
65.1785
65.1785
65.1785
65.1785
65.1785
65.1785
65.1785
65.1785
65.1785
65.1785
65.1785
65.1785
65.1785
65.1785
65.1785
65.1785
65.1785
65.1785
65.1785
65.1785
65.1785
65.1785
65.1785
65.1785
65.1785
65.1785
65.1785
65.1785
65.1785
65.1785
65.1785
65.1785
65.1785
65.1785
65.1785
65.1785
65.1785
65.1785
65.1785
65.1785
65.1785
65.1785
65.1785
65.1785
65.1785
65.1785
65.1785
65.1785
65.1785
65.1785
65.1785
65.1785
65.1785
65.1785
65.1785
65.1785
65.1785
65.1785
65.1785
65.1785
65.1785
65.1785
65.1785
65.1785
65.1785
65.1785
65.1785
65.1785
65.1785
65.1785
65.1785
65.1785
65.1785
65.1785
65.1785
65.1785
65.1785
65.1785
65.1785
65.1785
65.1785
65.1785
65.1785
65.1785
65.1785
65.1785
65.1785
65.1785
65.1785
65.1785
65.1785
65.1785
65.1785
65.1785
65.1785
65.1785
65.1785
65.1785
65.1785
65.1785
65.1785
65.1785
65.1785
65.1785
65.1785
65.1785
65.1785
65.1785
65.1785
65.1785
65.1785
65.1785
65.1785
65.1785
65.1785
65.1785
65.1785
65.1785
65.1785
65.1785
65.1785
65.1785
65.1785
65.1785
65.1785
65.1785
65.1785
65.1785
65.1785
65.1785
65.1785
65.1785
65.1785
65.1785
65.1785
65.1785
65.1785
65.1785
65.1785
65.1785
65.1785
65.1785
65.1785
65.1785
65.1785
65.1785
65.1785
65.1785
65.1785
65.1785
65.1785
65.1785
65.1785
65.1785
65.1785
65.1785
65.1785
65.1785
65.1785
65.1785
65.1785
65.1785
65.1785
65.1785
65.1785
65.1785
65.1785
65.1785
65.1785
65.1785
65.1785
65.1785
65.1785
65.1785
65.1785
65.1785
65.1785
65.1785
65.1785
65.1785
65.1785
65.1785
65.1785
65.1785
65.1785
65.1785
65.1785
65.1785
65.1785
65.1785
65.1785
65.1785
65.1785
65.1785
65.1785
65.1785
65.1785
65.1785
65.1785
65.1785
65.1785
65.1785
65.1785
65.1785
65.1785
65.1785
65.1785
65.1785
65.1785
65.1785
65.1785
65.1785
65.1785
65.1785
65.1785
65.1785
65.1785
65.1785
65.1785
65.1785
65.1785
65.1785
65.1785
65.1785
65.1785
65.1785
65.1785
65.1785
65.1785
65.1785
65.1785
65.1785
65.1785
65.1785
65.1785
65.1785
65.1785
65.1785
65.1785
65.1785
65.1785
65.1785
65.1785
65.1785
65.1785
65.1785
65.1785
65.1785
65.1785
65.1785
65.1785
65.1785
65.1785
65.1785
65.1785
65.1785
65.1785
65.1785
65.1785
65.1785
65.1785
65.1785
65.1785
65.1785
65.1785
65.1785
65.1785
65.1785
65.1785
65.1785
65.1785
65.1785
65.1785
65.1785
65.1785
65.1785
65.1785
65.1785
65.1785
65.1785
65.1785
65.1785
65.1785
65.1785
65.1785
65.1785
65.1785
65.1785
65.1785
65.1785
65.1785
65.1785
65.1785
65.1785
65.1785
65.1785
65.1785
65.1785
65.1785
65.1785
65.1785
65.1785
65.1785
65.1785
65.1785
65.1785
65.1785
65.1785
65.1785
65.1785
65.1785
65.1785
65.1785
65.1785
65.1785
65.1785
65.1785
65.1785
65.1785
65.1785
65.1785
65.1785
65.1785
65.1785
65.1785
65.1785
65.1785
65.1785
65.1785
65.1785
65.1785
65.1785
65.1785
65.1785
65.1785
65.1785
65.1785
65.1785
65.1785
65.1785
65.1785
65.1785
65.1785
65.1785
65.1785
65.1785
65.1785
65.1785
65.1785
65.1785
65.1785
65.1785
65.1785
65.1785
65.1785
65.1785
65.1785
65.1785
65.1785
65.1785
65.1785
65.1785
65.1785
65.1785
65.1785
65.1785
65.1785
65.1785
65.1785
65.1785
65.1785
65.1785
65.1785
65.1785
65.1785
65.1785
65.1785
65.1785
65.1785
65.1785
65.1785
65.1785
65.1785
65.1785
65.1785
65.1785
65.1785
65.1785
65.1785
65.1785
65.1785
65.1785
65.1785
65.1785
65.1785
65.1785
65.1785
65.1785
65.1785
65.1785
65.1785
65.1785
65.1785
65.1785
65.1785
65.1785
65.1785
65.1785
65.1785
65.1785
65.1785
65.1785
65.1785
65.1785
65.1785
65.1785
65.1785
65.1785
65.1785
65.1785
64.8641
64.8641
64.8641
64.8641
64.8641
64.8641
64.8641
64.8641
64.8641
64.8641
64.8641
64.8641
64.8641
64.8641
64.8641
64.8641
64.8641
64.8641
64.8641
64.8641
64.8641
64.8641
64.8641
64.8641
64.8641
64.8641
64.8641
64.8641
64.8641
64.8641
64.8641
64.8641
64.8641
64.8641
64.8641
64.8641
64.8641
64.8641
64.8641
64.8641
64.8641
64.8641
64.8641
64.8641
64.8641
64.8641
64.8641
64.8641
64.8641
64.8641
64.8641
64.8641
64.8641
64.8641
64.8641
64.8641
64.8641
64.8641
64.8641
64.8641
64.8641
64.8641
64.8641
64.8641
64.8641
64.8641
64.8641
64.8641
64.8641
64.8641
64.8641
64.8641
64.8641
64.8641
64.8641
64.8641
64.8641
64.8641
64.8641
64.8641
64.8641
64.8641
64.8641
64.8641
64.8641
64.8641
64.8641
64.8641
64.8641
64.8641
64.8641
64.8641
64.8641
64.8641
64.8641
64.8641
64.8641
64.8641
64.8641
64.8641
64.8641
64.8641
64.8641
64.8641
64.8641
64.8641
64.8641
64.8641
64.8641
64.8641
64.8641
64.8641
64.8641
64.8641
64.8641
64.8641
64.8641
64.8641
64.8641
64.8641
64.8641
64.8641
64.8641
64.8641
64.8641
64.8641
64.8641
64.8641
64.8641
64.8641
64.8641
64.8641
64.8641
64.8641
64.8641
64.8641
64.8641
64.8641
64.8641
64.8641
64.8641
64.8641
64.8641
64.8641
64.8641
64.8641
64.8641
64.8641
64.8641
64.8641
64.8641
64.8641
64.8641
64.8641
64.8641
64.8641
64.8641
64.8641
64.8641
64.8641
64.8641
64.8641
64.8641
64.8641
64.8641
64.8641
64.8641
64.8641
64.8641
64.8641
64.8641
64.8641
64.8641
64.8641
64.8641
64.8641
64.8641
64.8641
64.8641
64.8641
64.8641
64.8641
64.8641
64.8641
64.8641
64.8641
64.8641
64.8641
64.8641
64.8641
64.8641
64.8641
64.8641
64.8641
64.8641
64.8641
64.8641
64.8641
64.8641
64.8641
64.8641
64.8641
64.8641
64.8641
64.8641
64.8641
64.8641
64.8641
64.8641
64.8641
64.8641
64.8641
64.8641
64.8641
64.8641
64.8641
64.8641
64.8641
64.8641
64.8641
64.8641
64.8641
64.8641
64.8641
64.8641
64.8641
64.8641
64.8641
64.8641
64.8641
64.8641
64.8641
64.8641
64.8641
64.8641
64.8641
64.8641
64.8641
64.8641
64.8641
64.8641
64.8641
64.8641
64.8641
64.8641
64.8641
64.8641
64.8641
64.8641
64.8641
64.8641
64.8641
64.8641
64.8641
64.8641
64.8641
64.8641
64.8641
64.8641
64.8641
64.8641
64.8641
64.8641
64.8641
64.8641
64.8641
64.8641
64.8641
64.8641
64.8641
64.8641
64.8641
64.8641
64.8641
64.8641
64.8641
64.8641
64.8641
64.8641
64.8641
64.8641
64.8641
64.8641
64.8641
64.8641
64.8641
64.8641
64.8641
64.8641
64.8641
64.8641
64.8641
64.8641
64.8641
64.8641
64.8641
64.8641
64.8641
64.8641
64.8641
64.8641
64.8641
64.8641
64.8641
64.8641
64.8641
64.8641
64.8641
64.8641
64.8641
64.8641
64.8641
64.8641
64.8641
64.8641
64.8641
64.8641
64.8641
64.8641
64.8641
64.8641
64.8641
64.8641
64.8641
64.8641
64.8641
64.8641
64.8641
64.8641
64.8641
64.8641
64.8641
64.8641
64.8641
64.8641
64.8641
64.8641
64.8641
64.8641
64.8641
64.8641
64.8641
64.8641
64.8641
64.8641
64.8641
64.8641
64.8641
64.8641
64.8641
64.8641
64.8641
64.8641
64.8641
64.8641
64.8641
64.8641
64.8641
64.8641
64.8641
64.8641
64.8641
64.8641
64.8641
64.8641
64.8641
64.8641
64.8641
64.8641
64.8641
64.8641
64.8641
64.8641
64.8641
64.8641
64.8641
64.8641
64.8641
64.8641
64.8641
64.8641
64.8641
64.8641
64.8641
64.8641
64.8641
64.8641
64.8641
64.8641
64.8641
64.8641
64.8641
64.8641
64.8641
64.8641
64.8641
64.8641
64.8641
64.8641
64.8641
64.8641
64.8641
64.8641
64.8641
64.8641
64.8641
64.8641
64.8641
64.8641
64.8641
64.8641
64.8641
64.8641
64.8641
64.8641
64.8641
64.8641
64.8641
64.8641
64.8641
64.8641
64.8641
64.8641
64.8641
64.8641
64.8641
64.8641
64.8641
64.8641
64.8641
64.8641
64.8641
64.8641
64.8641
64.8641
64.8641
64.8641
64.8641
64.8641
64.8641
64.8641
64.8641
64.8641
64.8641
64.8641
64.8641
64.8641
64.8641
64.8641
64.8641
64.8641
64.8641
64.8641
64.8641
64.8641
64.8641
64.8641
64.8641
64.8641
64.8641
64.8641
64.8641
64.8641
64.8641
64.8641
64.8641
64.8641
64.8641
64.8641
64.8641
64.8641
64.8641
64.8641
64.8641
64.8641
64.8641
64.8641
64.8641
64.8641
64.8641
64.8641
64.8641
64.8641
64.8641
64.8641
64.8641
64.8641
64.8641
64.8641
64.8641
64.8641
64.8641
64.8641
64.8641
64.8641
64.8641
64.8641
64.8641
64.8641
64.8641
64.8641
64.8641
64.8641
64.8641
64.8641
64.8641
64.8641
64.8641
64.8641
64.8641
64.8641
64.8641
64.8641
64.8641
64.8641
64.8641
64.8641
64.8641
64.8641
64.8641
64.8641
64.8641
64.8641
64.8641
64.8641
64.8641
64.8641
64.8641
64.8641
64.8641
64.8641
64.8641
64.8641
64.8641
64.8641
64.8641
64.8641
64.8641
64.8641
64.8641
64.8641
64.8641
64.8641
64.8641
64.8641
64.8641
64.8641
64.8641
64.8641
64.8641
64.8641
64.8641
64.8641
64.8641
64.8641
64.8641
64.8641
64.8641
64.8641
64.8641
64.8641
64.8641
64.8641
64.8641
64.8641
64.8641
64.8641
64.8641
64.8641
64.8641
64.8641
64.8641
64.8641
64.8641
64.8641
64.8641
64.8641
64.8641
64.8641
64.8641
64.8641
64.8641
64.8641
64.8641
64.8641
64.8641
64.8641
64.8641
64.8641
64.8641
64.8641
64.8641
64.8641
64.8641
64.8641
64.8641
64.8641
64.8641
64.8641
64.8641
64.8641
64.8641
64.8641
64.8641
64.8641
64.8641
64.8641
64.8641
64.8641
64.8641
64.8641
64.8641
64.8641
64.8641
64.8641
64.8641
64.8641
64.8641
64.8641
64.8641
64.8641
64.8641
64.8641
64.8641
64.8641
64.8641
64.8641
64.8641
64.8641
64.8641
64.8641
64.8641
64.8641
64.8641
64.8641
64.8641
64.8641
64.8641
64.8641
64.8641
64.8641
64.8641
64.8641
64.8641
64.8641
64.8641
64.8641
64.8641
64.8641
64.8641
64.8641
64.8641
64.8641
64.8641
64.8641
64.8641
64.8641
64.8641
64.8641
64.8641
64.8641
64.8641
64.8641
64.8641
64.8641
64.8641
64.8641
64.8641
64.8641
64.8641
64.8641
64.8641
64.8641
64.8641
64.8641
64.8641
64.8641
64.8641
64.8641
64.8641
64.8641
64.8641
64.8641
64.8641
64.8641
64.8641
64.8641
64.8641
64.8641
64.8641
64.8641
64.8641
64.8641
64.8641
64.8641
64.8641
64.8641
64.8641
64.8641
64.8641
64.8641
64.8641
64.8641
64.8641
64.8641
64.8641
64.8641
64.8641
64.8641
64.8641
64.8641
64.8641
64.8641
64.8641
64.8641
64.8641
64.8641
64.8641
64.8641
64.8641
64.8641
64.8641
64.8641
64.8641
64.8641
64.8641
64.8641
64.8641
64.8641
64.8641
64.8641
64.8641
64.8641
64.8641
64.8641
64.8641
64.8641
64.8641
64.8641
64.8641
64.8641
64.8641
64.8641
64.8641
64.8641
64.8641
64.8641
64.8641
64.8641
64.8641
64.8641
64.8641
64.8641
64.8641
64.8641
64.8641
64.8641
64.8641
64.8641
64.8641
64.8641
64.8641
64.8641
64.8641
64.8641
64.8641
64.8641
64.8641
64.8641
64.8641
64.8641
64.8641
64.8641
64.8641
64.8641
64.8641
64.8641
64.8641
64.8641
64.8641
64.8641
64.8641
64.8641
64.8641
64.8641
64.8641
64.8641
64.8641
64.8641
64.8641
64.8641
64.8641
64.8641
64.8641
64.8641
64.8641
64.8641
64.8641
64.8641
64.8641
64.8641
64.8641
64.8641
64.8641
64.8641
64.8641
64.8641
64.8641
64.8641
64.8641
64.8641
64.8641
64.8641
64.8641
64.8641
64.8641
64.8641
64.8641
64.8641
64.8641
64.8641
64.8641
64.8641
64.8641
64.8641
64.8641
64.8641
64.8641
64.8641
64.8641
64.8641
64.8641
64.8641
64.8641
64.8641
64.8641
64.8641
64.8641
64.8641
64.8641
64.8641
64.8641
64.8641
64.8641
64.8641
64.8641
64.8641
64.8641
64.8641
64.8641
64.8641
64.8641
64.8641
64.8641
64.8641
64.8641
64.8641
64.8641
64.8641
64.8641
64.8641
64.8641
64.8641
64.8641
64.8641
64.8641
64.8641
64.8641
64.8641
64.8641
64.8641
64.8641
64.8641
64.8641
64.8641
64.8641
64.8641
64.8641
64.8641
64.8641
64.8641
64.8641
64.8641
64.8641
64.8641
64.8641
64.8641
64.8641
64.8641
64.8641
64.8641
64.8641
64.8641
64.8641
64.8641
64.8641
64.8641
64.8641
64.8641
64.8641
64.8641
64.8641
64.8641
64.8641
64.8641
64.8641
64.8641
64.8641
64.8641
64.8641
64.8641
64.8641
64.8641
64.8641
64.8641
64.8641
64.8641
64.8641
64.8641
64.8641
64.8641
64.8641
64.8641
64.8641
64.8641
64.8641
64.8641
64.8641
64.8641
64.8641
64.8641
64.8641
64.8641
64.8641
64.8641
64.8641
64.8641
64.8641
64.8641
64.8641
64.8641
64.8641
64.8641
64.8641
64.8641
64.8641
64.8641
64.8641
64.8641
64.8641
64.8641
64.8641
64.8641
64.8641
64.8641
64.8641
64.8641
64.8641
64.8641
64.8641
64.8641
64.8641
64.8641
64.8641
64.8641
64.8641
64.8641
64.8641
64.8641
64.8641
64.8641
64.8641
64.8641
64.8641
64.8641
64.8641
64.8641
64.8641
64.8641
64.8641
64.8641
64.8641
64.8641
64.8641
64.8641
64.8641
64.8641
64.8641
64.8641
64.8641
64.8641
64.8641
64.8641
64.8641
64.8641
64.8641
64.8641
64.8641
64.8641
64.8641
64.8641
64.8641
64.8641
64.8641
64.8641
64.8641
64.8641
64.8641
64.8641
64.8641
64.8641
64.8641
64.8641
64.8641
64.8641
64.8641
64.8641
64.8641
64.8641
64.8641
64.8641
64.8641
64.8641
64.8641
64.8641
64.8641
64.8641
64.8641
64.8641
64.8641
64.8641
64.8641
64.8641
64.8641
64.8641
64.8641
64.8641
64.8641
64.8641
64.8641
64.8641
64.8641
64.8641
64.8641
64.8641
64.8641
64.8641
64.8641
64.8641
64.8641
64.8641
64.8641
64.8641
64.8641
64.8641
64.8641
64.8641
64.8641
64.8641
64.8641
64.8641
64.8641
64.8641
64.8641
64.8641
64.8641
64.8641
64.8641
64.8641
64.8641
64.8641
64.8641
64.8641
64.8641
64.8641
64.8641
64.8641
64.8641
64.8641
64.8641
64.8641
64.8641
64.8641
64.8641
64.8641
64.8641
64.8641
64.8641
64.8641
64.8641
64.8641
64.8641
64.8641
64.8641
64.8641
64.8641
64.8641
64.8641
64.8641
64.8641
64.8641
64.8641
64.8641
64.8641
64.8641
64.8641
64.8641
64.8641
64.8641
64.8641
64.8641
64.8641
64.8641
64.8641
64.8641
64.8641
64.8641
64.8641
64.8641
64.8641
64.8641
64.8641
64.8641
64.8641
64.8641
64.8641
64.8641
64.8641
64.8641
64.8641
64.8641
64.8641
64.8641
64.8641
64.8641
64.8641
64.8641
64.8641
64.8641
64.8641
64.8641
64.8641
64.8641
64.8641
64.8641
64.8641
64.8641
64.8641
64.8641
64.8641
64.8641
64.8641
64.8641
64.8641
64.8641
64.8641
64.8641
64.8641
64.8641
64.8641
64.8641
64.8641
64.8641
64.8641
64.8641
64.8641
64.8641
64.8641
64.8641
64.8641
64.8641
64.8641
64.8641
64.8641
64.8641
64.8641
64.8641
64.8641
64.8641
64.8641
64.8641
64.8641
64.8641
64.8641
64.8641
64.8641
64.8641
64.8641
64.8641
64.8641
64.8641
64.8641
64.8641
64.8641
64.8641
64.8641
64.8641
64.8641
64.8641
64.8641
64.8641
64.8641
64.8641
64.8641
64.8641
64.8641
64.8641
64.8641
64.8641
64.8641
64.8641
64.8641
64.8641
64.8641
64.8641
64.8641
64.8641
64.8641
64.8641
64.8641
64.8641
64.8641
64.8641
64.8641
64.8641
64.8641
64.8641
64.8641
64.8641
64.8641
64.8641
64.8641
64.8641
64.8641
64.8641
64.8641
64.8641
64.8641
64.8641
64.8641
64.8641
64.8641
64.8641
64.8641
64.8641
64.8641
64.8641
64.8641
64.8641
64.8641
64.8641
64.8641
64.8641
64.8641
64.8641
64.8641
64.8641
64.8641
64.8641
64.8641
64.8641
64.8641
64.8641
64.8641
64.8641
64.8641
64.8641
64.8641
64.8641
64.8641
64.8641
64.8641
64.8641
64.8641
64.8641
64.8641
64.8641
64.8641
64.8641
64.8641
64.8641
64.8641
64.8641
64.8641
64.8641
64.8641
64.8641
64.8641
64.8641
64.8641
64.8641
64.8641
64.8641
64.8641
64.8641
64.8641
64.8641
64.8641
64.8641
64.8641
64.8641
64.8641
64.8641
64.8641
64.8641
64.8641
64.8641
64.8641
64.8641
64.8641
64.8641
64.8641
64.8641
64.8641
64.8641
64.8641
64.8641
64.8641
64.8641
64.8641
64.8641
64.8641
64.8641
64.8641
64.8641
64.8641
64.8641
64.8641
64.8641
64.8641
64.8641
64.8641
64.8641
64.8641
64.8641
64.8641
64.8641
64.8641
64.8641
64.8641
64.8641
64.8641
64.8641
64.8641
64.8641
64.8641
64.8641
64.8641
64.8641
64.8641
64.8641
64.8641
64.8641
64.8641
64.8641
64.8641
64.8641
64.8641
64.8641
64.8641
64.8641
64.8641
64.8641
64.8641
64.8641
64.8641
64.8641
64.8641
64.8641
64.8641
64.8641
64.8641
64.8641
64.8641
64.8641
64.8641
64.8641
64.8641
64.8641
64.8641
64.8641
64.8641
64.8641
64.8641
64.8641
64.8641
64.8641
64.8641
64.8641
64.8641
64.8641
64.8641
64.8641
64.8641
64.8641
64.8641
64.8641
64.8641
64.8641
64.8641
64.8641
64.8641
64.8641
64.8641
64.8641
64.8641
64.8641
64.8641
64.8641
64.8641
64.8641
64.8641
64.8641
64.8641
64.8641
64.8641
64.8641
64.8641
64.8641
64.8641
64.8641
64.8641
64.8641
64.8641
64.8641
64.8641
64.8641
64.8641
64.8641
64.8641
64.8641
64.8641
64.8641
64.8641
64.8641
64.8641
64.8641
64.8641
64.8641
64.8641
64.8641
64.8641
64.8641
64.8641
64.8641
64.8641
64.8641
64.8641
64.8641
64.8641
64.8641
64.8641
64.8641
64.8641
64.8641
64.8641
64.8641
64.8641
64.8641
64.8641
64.8641
64.8641
64.8641
64.8641
64.8641
64.8641
64.8641
64.8641
64.8641
64.8641
64.8641
64.8641
64.8641
64.8641
64.8641
64.8641
64.8641
64.8641
64.8641
64.8641
64.8641
64.8641
64.8641
64.8641
64.8641
64.8641
64.8641
64.8641
64.8641
64.8641
64.8641
64.8641
64.8641
64.8641
64.8641
64.8641
64.8641
64.8641
64.8641
64.8641
64.8641
64.8641
64.8641
64.8641
64.8641
64.8641
64.8641
64.8641
64.8641
64.8641
64.8641
64.8641
64.8641
64.8641
64.8641
64.8641
64.8641
64.8641
64.8641
64.8641
64.8641
64.8641
64.8641
64.8641
64.8641
64.8641
64.8641
64.8641
64.8641
64.8641
64.8641
64.8641
64.8641
64.8641
64.8641
64.8641
64.8641
64.8641
64.8641
64.8641
64.8641
64.8641
64.8641
64.8641
64.8641
64.8641
64.8641
64.8641
64.8641
64.8641
64.8641
64.8641
64.8641
64.8641
64.8641
64.8641
64.8641
64.8641
64.8641
64.8641
64.8641
64.8641
64.8641
64.8641
64.8641
64.8641
64.8641
64.8641
64.8641
64.8641
64.8641
64.8641
64.8641
64.8641
64.8641
64.8641
64.8641
64.8641
64.8641
64.8641
64.8641
64.8641
64.8641
64.8641
64.8641
64.8641
64.8641
64.8641
64.8641
64.8641
64.8641
64.8641
64.8641
64.8641
64.8641
64.8641
64.8641
64.8641
64.8641
64.8641
64.8641
64.8641
64.8641
64.8641
64.8641
64.8641
64.8641
64.8641
64.8641
64.8641
64.8641
64.8641
64.8641
64.8641
64.8641
64.8641
64.8641
64.8641
64.8641
64.8641
64.8641
64.8641
64.8641
64.8641
64.8641
64.8641
64.8641
64.8641
64.8641
64.8641
64.8641
64.8641
64.8641
64.8641
64.8641
64.8641
64.8641
64.8641
64.8641
64.8641
64.8641
64.8641
64.8641
64.8641
64.8641
64.8641
64.8641
64.8641
64.8641
64.8641
64.8641
64.8641
64.8641
64.8641
64.8641
64.8641
64.8641
64.8641
64.8641
64.8641
64.8641
64.8641
64.8641
64.8641
64.8641
64.8641
64.8641
64.8641
64.8641
64.8641
64.8641
64.8641
64.8641
64.8641
64.8641
64.8641
64.8641
64.8641
64.8641
64.8641
64.8641
64.8641
64.8641
64.8641
64.8641
64.8641
64.8641
64.8641
64.8641
64.8641
64.8641
64.8641
64.8641
64.8641
64.8641
64.8641
64.8641
64.8641
64.8641
64.8641
64.8641
64.8641
64.8641
64.8641
64.8641
64.8641
64.8641
64.8641
64.8641
64.8641
64.8641
64.8641
64.8641
64.8641
64.8641
64.8641
64.8641
64.8641
64.8641
64.8641
64.8641
64.8641
64.8641
64.8641
64.8641
64.8641
64.8641
64.8641
64.8641
64.8641
64.8641
64.8641
64.8641
64.8641
64.8641
64.8641
64.8641
64.8641
64.8641
64.8641
64.8641
64.8641
64.8641
64.8641
64.8641
64.8641
64.8641
64.8641
64.8641
64.8641
64.8641
64.8641
64.8641
64.8641
64.8641
64.8641
64.8641
64.8641
64.8641
64.8641
64.8641
64.8641
64.8641
64.8641
64.8641
64.8641
64.8641
64.8641
64.8641
64.8641
64.8641
64.8641
64.8641
64.8641
64.8641
64.8641
64.8641
64.8641
64.8641
64.8641
64.8641
64.8641
64.8641
64.8641
64.8641
64.8641
64.8641
64.8641
64.8641
64.8641
64.8641
64.8641
64.8641
64.8641
64.8641
64.8641
64.8641
64.8641
64.8641
64.8641
64.8641
64.8641
64.8641
64.8641
64.8641
64.8641
64.8641
64.8641
64.8641
64.8641
64.8641
64.8641
64.8641
64.8641
64.8641
64.8641
64.8641
64.8641
64.8641
64.8641
64.8641
64.8641
64.8641
64.8641
64.8641
64.8641
64.8641
64.8641
64.8641
64.8641
64.8641
64.8641
64.8641
64.8641
64.8641
64.8641
64.8641
64.8641
64.8641
64.8641
64.8641
64.8641
64.8641
64.8641
64.8641
64.8641
64.8641
64.8641
64.8641
64.8641
64.8641
64.8641
64.8641
64.8641
64.8641
64.8641
64.8641
64.8641
64.8641
64.8641
64.8641
64.8641
64.8641
64.8641
64.8641
64.8641
64.8641
64.8641
64.8641
64.8641
64.8641
64.8641
64.8641
64.8641
64.8641
64.8641
64.8641
64.8641
64.8641
64.8641
64.8641
64.8641
64.8641
64.8641
64.8641
64.8641
64.8641
64.8641
64.8641
64.8641
64.8641
64.8641
64.8641
64.8641
64.8641
64.8641
64.8641
64.8641
64.8641
64.8641
64.8641
64.8641
64.8641
64.8641
64.8641
64.8641
64.8641
64.8641
64.8641
64.8641
64.8641
64.8641
64.8641
64.8641
64.8641
64.8641
64.8641
64.8641
64.8641
64.8641
64.8641
64.8641
64.8641
64.8641
64.8641
64.8641
64.8641
64.8641
64.8641
64.8641
64.8641
64.8641
64.8641
64.8641
64.8641
64.8641
64.8641
64.8641
64.8641
64.8641
64.8641
64.8641
64.8641
64.8641
64.8641
64.8641
64.8641
64.8641
64.8641
64.8641
64.8641
64.8641
64.8641
64.8641
64.8641
64.8641
64.8641
64.8641
64.8641
64.8641
64.8641
64.8641
64.8641
64.8641
64.8641
64.8641
64.8641
64.8641
64.8641
64.8641
64.8641
64.8641
64.8641
64.8641
64.8641
64.8641
64.8641
64.8641
64.8641
64.8641
64.8641
64.8641
64.8641
64.8641
64.8641
64.8641
64.8641
64.8641
64.8641
64.8641
64.8641
64.8641
64.8641
64.8641
64.8641
64.8641
64.8641
64.8641
64.8641
64.8641
64.8641
64.8641
64.8641
64.8641
64.8641
64.8641
64.8641
64.8641
64.8641
64.8641
64.8641
64.8641
64.8641
64.8641
64.8641
64.8641
64.8641
64.8641
64.8641
64.8641
64.8641
64.8641
64.8641
64.8641
64.8641
64.8641
64.8641
64.8641
64.8641
64.8641
64.8641
64.8641
64.8641
64.8641
64.8641
64.8641
64.8641
64.8641
64.8641
64.8641
64.8641
64.8641
64.8641
64.8641
64.8641
64.8641
64.8641
64.8641
64.8641
64.8641
64.8641
64.8641
64.8641
64.8641
64.8641
64.8641
64.8641
64.8641
64.8641
64.8641
64.8641
64.8641
64.8641
64.8641
64.8641
64.8641
64.8641
64.8641
64.8641
64.8641
64.8641
64.8641
64.8641
64.8641
64.8641
64.8641
64.8641
64.8641
64.8641
64.8641
64.8641
64.8641
64.8641
64.8641
64.8641
64.8641
64.8641
64.8641
64.8641
64.8641
64.8641
64.8641
64.8641
64.8641
64.8641
64.8641
64.8641
64.8641
64.8641
64.8641
64.8641
64.8641
64.8641
64.8641
64.8641
64.8641
64.8641
64.8641
64.8641
64.8641
64.8641
64.8641
64.8641
64.8641
64.8641
64.8641
64.8641
64.8641
64.8641
64.8641
64.8641
64.8641
64.8641
64.8641
64.8641
64.8641
64.8641
64.8641
64.8641
64.8641
64.8641
64.8641
64.8641
64.8641
64.8641
64.8641
64.8641
64.8641
64.8641
64.8641
64.8641
64.8641
64.8641
64.8641
64.8641
64.8641
64.8641
64.8641
64.8641
64.8641
64.8641
64.8641
64.8641
64.8641
64.8641
64.8641
64.8641
64.8641
64.8641
64.8641
64.8641
64.8641
64.8641
64.8641
64.8641
64.8641
64.8641
64.8641
64.8641
64.8641
64.8641
64.8641
64.8641
64.8641
64.8641
64.8641
64.8641
64.8641
64.8641
64.8641
64.8641
64.8641
64.8641
64.8641
64.8641
64.8641
64.8641
64.8641
64.8641
64.8641
64.8641
64.8641
64.8641
64.8641
64.8641
64.8641
64.8641
64.8641
64.8641
64.8641
64.8641
64.8641
64.8641
64.8641
64.8641
64.8641
64.8641
64.8641
64.8641
64.8641
64.8641
64.8641
64.8641
64.8641
64.8641
64.8641
64.8641
64.8641
64.8641
64.8641
64.8641
64.8641
64.8641
64.8641
64.8641
64.8641
64.8641
64.8641
64.8641
64.8641
64.8641
64.8641
64.8641
64.8641
64.8641
64.8641
64.8641
64.8641
64.8641
64.8641
64.8641
64.8641
64.8641
64.8641
64.8641
64.8641
64.8641
64.8641
64.8641
64.8641
64.8641
64.8641
64.8641
64.8641
64.8641
64.8641
64.8641
64.8641
64.8641
64.8641
64.8641
64.8641
64.8641
64.8641
64.8641
64.8641
64.8641
64.8641
64.8641
64.8641
64.8641
64.8641
64.8641
64.8641
64.8641
64.8641
64.8641
64.8641
64.8641
64.8641
64.8641
64.8641
64.8641
64.8641
64.8641
64.8641
64.8641
64.8641
64.8641
64.8641
64.8641
64.8641
64.8641
64.8641
64.8641
64.8641
64.8641
64.8641
64.8641
64.8641
64.8641
64.8641
64.8641
64.8641
64.8641
64.8641
64.8641
64.8641
64.8641
64.8641
64.8641
64.8641
64.8641
64.8641
64.8641
64.8641
64.8641
64.8641
64.8641
64.8641
64.8641
64.8641
64.8641
64.8641
64.8641
64.8641
64.8641
64.8641
64.8641
64.8641
64.8641
64.8641
64.8641
64.8641
64.8641
64.8641
64.8641
64.8641
64.8641
64.8641
64.8641
64.8641
64.8641
64.8641
64.8641
64.8641
64.8641
64.8641
64.8641
64.8641
64.8641
64.8641
64.8641
64.8641
64.8641
64.8641
64.8641
64.8641
64.8641
64.8641
64.8641
64.8641
64.8641
64.8641
64.8641
64.8641
64.8641
64.8641
64.8641
64.8641
64.8641
64.8641
64.8641
64.8641
64.8641
64.8641
64.8641
64.8641
64.8641
64.8641
64.8641
64.8641
64.8641
64.8641
64.8641
64.8641
64.8641
64.8641
64.8641
64.8641
64.8641
64.8641
64.8641
64.8641
64.8641
64.8641
64.8641
64.8641
64.8641
64.8641
64.8641
64.8641
64.8641
64.8641
64.8641
64.8641
64.8641
64.8641
64.8641
64.8641
64.8641
64.8641
64.8641
64.8641
64.8641
64.8641
64.8641
64.8641
64.8641
64.8641
64.8641
64.8641
64.8641
64.8641
64.8641
64.8641
64.8641
64.8641
64.8641
64.8641
64.8641
64.8641
64.8641
64.8641
64.8641
64.8641
64.8641
64.8641
64.8641
64.8641
64.8641
64.8641
64.8641
64.8641
64.8641
64.8641
64.8641
64.8641
64.8641
64.8641
64.8641
64.8641
64.8641
64.8641
64.8641
64.8641
64.8641
64.8641
64.8641
64.8641
64.8641
64.8641
64.8641
64.8641
64.8641
64.8641
64.8641
64.8641
64.8641
64.8641
64.8641
64.8641
64.8641
64.8641
64.8641
64.8641
64.8641
64.8641
64.8641
64.8641
64.8641
64.8641
64.8641
64.8641
64.8641
64.8641
64.8641
64.8641
64.8641
64.8641
64.8641
64.8641
64.8641
64.8641
64.8641
64.8641
64.8641
64.8641
64.8641
64.8641
64.8641
64.8641
64.8641
64.8641
64.8641
64.8641
64.8641
64.8641
64.8641
64.8641
64.8641
64.8641
64.8641
64.8641
64.8641
64.8641
64.8641
64.8641
64.8641
64.8641
64.8641
64.8641
64.8641
64.8641
64.8641
64.8641
64.8641
64.8641
64.8641
64.8641
64.8641
64.8641
64.8641
64.8641
64.8641
64.8641
64.8641
64.8641
64.8641
64.8641
64.8641
64.8641
64.8641
64.8641
64.8641
64.8641
64.8641
64.8641
64.8641
64.8641
64.8641
64.8641
64.8641
64.8641
64.8641
64.8641
64.8641
64.8641
64.8641
64.8641
64.8641
64.8641
64.8641
64.8641
64.8641
64.8641
64.8641
64.8641
64.8641
64.8641
64.8641
64.8641
64.8641
64.8641
64.8641
64.8641
64.8641
64.8641
64.8641
64.8641
64.8641
64.8641
64.8641
64.8641
64.8641
64.8641
64.8641
64.8641
64.8641
64.8641
64.8641
64.8641
64.8641
64.8641
64.8641
64.8641
64.8641
64.8641
64.8641
64.8641
64.8641
64.8641
64.8641
64.8641
64.8641
64.8641
64.8641
64.8641
64.8641
64.8641
64.8641
64.8641
64.8641
64.8641
64.8641
64.8641
64.8641
64.8641
64.8641
64.8641
64.8641
64.8641
64.8641
64.8641
64.8641
64.8641
64.8641
64.8641
64.8641
64.8641
64.8641
64.8641
64.8641
64.8641
64.8641
64.8641
64.8641
64.8641
64.8641
64.8641
64.8641
64.8641
64.8641
64.8641
64.8641
64.8641
64.8641
64.8641
64.8641
64.8641
64.8641
64.8641
64.8641
64.8641
64.8641
64.8641
64.8641
64.8641
64.8641
64.8641
64.8641
64.8641
64.8641
64.8641
64.8641
64.8641
64.8641
64.8641
64.8641
64.8641
64.8641
64.8641
64.8641
64.8641
64.8641
64.8641
64.8641
64.8641
64.8641
64.8641
64.8641
64.8641
64.8641
64.8641
64.8641
64.8641
64.8641
64.8641
64.8641
64.8641
64.8641
64.8641
64.8641
64.8641
64.8641
64.8641
64.8641
64.8641
64.8641
64.8641
64.8641
64.8641
64.8641
64.8641
64.8641
64.8641
64.8641
64.8641
64.8641
64.8641
64.8641
64.8641
64.8641
64.8641
64.8641
64.8641
64.8641
64.8641
64.8641
64.8641
64.8641
64.8641
64.8641
64.8641
64.8641
64.8641
64.8641
64.8641
64.8641
64.8641
64.8641
64.8641
64.8641
64.8641
64.8641
64.8641
64.8641
64.8641
64.8641
64.8641
64.8641
64.8641
64.8641
64.8641
64.8641
64.8641
64.8641
64.8641
64.8641
64.8641
64.8641
64.8641
64.8641
64.8641
64.8641
64.8641
64.8641
64.8641
64.8641
64.8641
64.8641
64.8641
64.8641
64.8641
64.8641
64.8641
64.8641
64.8641
64.8641
64.8641
64.8641
64.8641
64.8641
64.8641
64.8641
64.8641
64.8641
64.8641
64.8641
64.8641
64.8641
64.8641
64.8641
64.8641
64.8641
64.8641
64.8641
64.8641
64.8641
64.8641
64.8641
64.8641
64.8641
64.8641
64.8641
64.8641
64.8641
64.8641
64.8641
64.8641
64.8641
64.8641
64.8641
64.8641
64.8641
64.8641
64.8641
64.8641
64.8641
64.8641
64.8641
64.8641
64.8641
64.8641
64.8641
64.8641
64.8641
64.8641
64.8641
64.8641
64.8641
64.8641
64.8641
64.8641
64.8641
64.8641
64.8641
64.8641
64.8641
64.8641
64.8641
64.8641
64.8641
64.8641
64.8641
64.8641
64.8641
64.8641
64.8641
64.8641
64.8641
64.8641
64.8641
64.8641
64.8641
64.8641
64.8641
64.8641
64.8641
64.8641
64.8641
64.8641
64.8641
64.8641
64.8641
64.8641
64.8641
64.8641
64.8641
64.8641
64.8641
64.8641
64.8641
64.8641
64.8641
64.8641
64.8641
64.8641
64.8641
64.8641
64.8641
64.8641
64.8641
64.8641
64.8641
64.8641
64.8641
64.8641
64.8641
64.8641
64.8641
64.8641
64.8641
64.8641
64.8641
64.8641
64.8641
64.8641
64.8641
64.8641
64.8641
64.8641
64.8641
64.8641
64.8641
64.8641
64.8641
64.8641
64.8641
64.8641
64.8641
64.8641
64.8641
64.8641
64.8641
64.8641
64.8641
64.8641
64.8641
64.8641
64.8641
64.8641
64.8641
64.8641
64.8641
64.8641
64.8641
64.8641
64.8641
64.8641
64.8641
64.8641
64.8641
64.8641
64.8641
64.8641
64.8641
64.8641
64.8641
64.8641
64.8641
64.8641
64.8641
64.8641
64.8641
64.8641
64.8641
64.8641
64.8641
64.8641
64.8641
64.8641
64.8641
64.8641
64.8641
64.8641
64.8641
64.8641
64.8641
64.8641
64.8641
64.8641
64.8641
64.8641
64.8641
64.8641
64.8641
64.8641
64.8641
64.8641
64.8641
64.8641
64.8641
64.8641
64.8641
64.8641
64.8641
64.8641
64.8641
64.8641
64.8641
64.8641
64.8641
64.8641
64.8641
64.8641
64.8641
64.8641
64.8641
64.8641
64.8641
64.8641
64.8641
64.8641
64.8641
64.8641
64.8641
64.8641
64.8641
64.8641
64.8641
64.8641
64.8641
64.8641
64.8641
64.8641
64.8641
64.8641
64.8641
64.8641
64.8641
64.8641
64.8641
64.8641
64.8641
64.8641
64.8641
64.8641
64.8641
64.8641
64.8641
64.8641
64.8641
64.8641
64.8641
64.8641
64.8641
64.8641
64.8641
64.8641
64.8641
64.8641
64.8641
64.8641
64.8641
64.8641
64.8641
64.8641
64.8641
64.8641
64.8641
64.8641
64.8641
64.8641
64.8641
64.8641
64.8641
64.8641
64.8641
64.8641
64.8641
64.8641
64.8641
64.8641
64.8641
64.8641
64.8641
64.8641
64.8641
64.8641
64.8641
64.8641
64.8641
64.8641
64.8641
64.8641
64.8641
64.8641
64.8641
64.8641
64.8641
64.8641
64.8641
64.8641
64.8641
64.8641
64.8641
64.8641
64.8641
64.8641
64.8641
64.8641
64.8641
64.8641
64.8641
64.8641
64.8641
64.8641
64.8641
64.8641
64.8641
64.8641
64.8641
64.8641
64.8641
64.8641
64.8641
64.8641
64.8641
64.8641
64.8641
64.8641
64.8641
64.8641
64.8641
64.8641
64.8641
64.8641
64.8641
64.8641
64.8641
64.8641
64.8641
64.8641
64.8641
64.8641
64.8641
64.8641
64.8641
64.8641
64.8641
64.8641
64.8641
64.8641
64.8641
64.8641
64.8641
64.8641
64.8641
64.8641
64.8641
64.8641
64.8641
64.8641
64.8641
64.8641
64.8641
64.8641
64.8641
64.8641
64.8641
64.8641
64.8641
64.8641
64.8641
64.8641
64.8641
64.8641
64.8641
64.8641
64.8641
64.8641
64.8641
64.8641
64.8641
64.8641
64.8641
64.8641
64.8641
64.8641
64.8641
64.8641
64.8641
64.8641
64.8641
64.8641
64.8641
64.8641
64.8641
64.8641
64.8641
64.8641
64.8641
64.8641
64.8641
64.8641
64.8641
64.8641
64.8641
64.8641
64.8641
64.8641
64.8641
64.8641
64.8641
64.8641
64.8641
64.8641
64.8641
64.8641
64.8641
64.8641
64.8641
64.8641
64.8641
64.8641
64.8641
64.8641
64.8641
64.8641
64.8641
64.8641
64.8641
64.8641
64.8641
64.8641
64.8641
64.8641
64.8641
64.8641
64.8641
64.8641
64.8641
64.8641
64.8641
64.8641
64.8641
64.8641
64.8641
64.8641
64.8641
64.8641
64.8641
64.8641
64.8641
64.8641
64.8641
64.8641
64.8641
64.8641
64.8641
64.8641
64.8641
64.8641
64.8641
64.8641
64.8641
64.8641
64.8641
64.8641
64.8641
64.8641
64.8641
64.8641
64.8641
64.8641
64.8641
64.8641
64.8641
64.8641
64.8641
64.8641
64.8641
64.8641
64.8641
64.8641
64.8641
64.8641
64.8641
64.8641
64.8641
64.8641
64.8641
64.8641
64.8641
64.8641
64.8641
64.8641
64.8641
64.8641
64.8641
64.8641
64.8641
64.8641
64.8641
64.8641
64.8641
64.8641
64.8641
64.8641
64.8641
64.8641
64.8641
64.8641
64.8641
64.8641
64.8641
64.8641
64.8641
64.8641
64.8641
64.8641
64.8641
64.8641
64.8641
64.8641
64.8641
64.8641
64.8641
64.8641
64.8641
64.8641
64.8641
64.8641
64.8641
64.8641
64.8641
64.8641
64.8641
64.8641
64.8641
64.8641
64.8641
64.8641
64.8641
64.8641
64.8641
64.8641
64.8641
64.8641
64.8641
64.8641
64.8641
64.8641
64.8641
64.8641
64.8641
64.8641
64.8641
64.8641
64.8641
64.8641
64.8641
64.8641
64.8641
64.8641
64.8641
64.8641
64.8641
64.8641
64.8641
64.8641
64.8641
64.8641
64.8641
64.8641
64.8641
64.8641
64.8641
64.8641
64.8641
64.8641
64.8641
64.8641
64.8641
64.8641
64.8641
64.8641
64.8641
64.8641
64.8641
64.8641
64.8641
64.8641
64.8641
64.8641
64.8641
64.8641
64.8641
64.8641
64.8641
64.8641
64.8641
64.8641
64.8641
64.8641
64.8641
64.8641
64.8641
64.8641
64.8641
64.8641
64.8641
64.8641
64.8641
64.8641
64.8641
64.8641
64.8641
64.8641
64.8641
64.8641
64.8641
64.8641
64.8641
64.8641
64.8641
64.8641
64.8641
64.8641
64.8641
64.8641
64.8641
64.8641
64.8641
64.8641
64.8641
64.8641
64.8641
64.8641
64.8641
64.8641
64.8641
64.8641
64.8641
64.8641
64.8641
64.8641
64.8641
64.8641
64.8641
64.8641
64.8641
64.8641
64.8641
64.8641
64.8641
64.8641
64.8641
64.8641
64.8641
64.8641
64.8641
64.8641
64.8641
64.8641
64.8641
64.8641
64.8641
64.8641
64.8641
64.8641
64.8641
64.8641
64.8641
64.8641
64.8641
64.8641
64.8641
64.8641
64.8641
64.8641
64.8641
64.8641
64.8641
64.8641
64.8641
64.8641
64.8641
64.8641
64.8641
64.8641
64.8641
64.8641
64.8641
64.8641
64.8641
64.8641
64.8641
64.8641
64.8641
64.8641
64.8641
64.8641
64.8641
64.8641
64.8641
64.8641
64.8641
64.8641
64.8641
64.8641
64.8641
64.8641
64.8641
64.8641
64.8641
64.8641
64.8641
64.8641
64.8641
64.8641
64.8641
64.8641
64.8641
64.8641
64.8641
64.8641
64.8641
64.8641
64.8641
64.8641
64.8641
64.8641
64.8641
64.8641
64.8641
64.8641
64.8641
64.8641
64.8641
64.8641
64.8641
64.8641
64.8641
64.8641
64.8641
64.8641
64.8641
64.8641
64.8641
64.8641
64.8641
64.8641
64.8641
64.8641
64.8641
64.8641
64.8641
64.8641
64.8641
64.8641
64.8641
64.8641
64.8641
64.8641
64.8641
64.8641
64.8641
64.8641
64.8641
64.8641
64.8641
64.8641
64.8641
64.8641
64.8641
64.8641
64.8641
64.8641
64.8641
64.8641
64.8641
64.8641
64.8641
64.8641
64.8641
64.8641
64.8641
64.8641
64.8641
64.8641
64.8641
64.8641
64.8641
64.8641
64.8641
64.8641
64.8641
64.8641
64.8641
64.8641
64.8641
64.8641
64.8641
64.8641
64.8641
64.8641
64.8641
64.8641
64.8641
64.8641
64.8641
64.8641
64.8641
64.8641
64.8641
64.8641
64.8641
64.8641
64.8641
64.8641
64.8641
64.8641
64.8641
64.8641
64.8641
64.8641
64.8641
64.8641
64.8641
64.8641
64.8641
64.8641
64.8641
64.8641
64.8641
64.8641
64.8641
64.8641
64.8641
64.8641
64.8641
64.8641
64.8641
64.8641
64.8641
64.8641
64.8641
64.8641
64.8641
64.8641
64.8641
64.8641
64.8641
64.8641
64.8641
64.8641
64.8641
64.8641
64.8641
64.8641
64.8641
64.8641
64.8641
64.8641
64.8641
64.8641
64.8641
64.8641
64.8641
64.8641
64.8641
64.8641
64.8641
64.8641
64.8641
64.8641
64.8641
64.8641
64.8641
64.8641
64.8641
64.8641
64.8641
64.8641
64.8641
64.8641
64.8641
64.8641
64.8641
64.8641
64.8641
64.8641
64.8641
64.8641
64.8641
64.8641
64.8641
64.8641
64.8641
64.8641
64.8641
64.8641
64.8641
64.8641
64.8641
64.8641
64.8641
64.8641
64.8641
64.8641
64.8641
64.8641
64.8641
64.8641
64.8641
64.8641
64.8641
64.8641
64.8641
64.8641
64.8641
64.8641
64.8641
64.8641
64.8641
64.8641
64.8641
64.8641
64.8641
64.8641
64.8641
64.8641
64.8641
64.8641
64.8641
64.8641
64.8641
64.8641
64.8641
64.8641
64.8641
64.8641
64.8641
64.8641
64.8641
64.8641
64.8641
64.8641
64.8641
64.8641
64.8641
64.8641
64.8641
64.8641
64.8641
64.8641
64.8641
64.8641
64.8641
64.8641
64.8641
64.8641
64.8641
64.8641
64.8641
64.8641
64.8641
64.8641
64.8641
64.8641
64.8641
64.8641
64.8641
64.8641
64.8641
64.8641
64.8641
64.8641
64.8641
64.8641
64.8641
64.8641
64.8641
64.8641
64.8641
64.8641
64.8641
64.8641
64.8641
64.8641
64.8641
64.8641
64.8641
64.8641
64.8641
64.8641
64.8641
64.8641
64.8641
64.8641
64.8641
64.8641
64.8641
64.8641
64.8641
64.8641
64.8641
64.8641
64.8641
64.8641
64.8641
64.8641
64.8641
64.8641
64.8641
64.8641
64.8641
64.8641
64.8641
64.8641
64.8641
64.8641
64.8641
64.8641
64.8641
64.8641
64.8641
64.8641
64.8641
64.8641
64.8641
64.8641
64.8641
64.8641
64.8641
64.8641
64.8641
64.8641
64.8641
64.8641
64.8641
64.8641
64.8641
64.8641
64.8641
64.8641
64.8641
64.8641
64.8641
64.8641
64.8641
64.8641
64.8641
64.8641
64.8641
64.8641
64.8641
64.8641
64.8641
64.8641
64.8641
64.8641
64.8641
64.8641
64.8641
64.8641
64.8641
64.8641
64.8641
64.8641
64.8641
64.8641
64.8641
64.8641
64.8641
64.8641
64.8641
64.8641
64.8641
64.8641
64.8641
64.8641
64.8641
64.8641
64.8641
64.8641
64.8641
64.8641
64.8641
64.8641
64.8641
64.8641
64.8641
64.8641
64.8641
64.8641
64.8641
64.8641
64.8641
64.8641
64.8641
64.8641
64.8641
64.8641
64.8641
64.8641
64.8641
64.8641
64.8641
64.8641
64.8641
64.8641
64.8641
64.8641
64.8641
64.8641
64.8641
64.8641
64.8641
64.8641
64.8641
64.8641
64.8641
64.8641
64.8641
64.8641
64.8641
64.8641
64.8641
64.8641
64.8641
64.8641
64.8641
64.8641
64.8641
64.8641
64.8641
64.8641
64.8641
64.8641
64.8641
64.8641
64.8641
64.8641
64.8641
64.8641
64.8641
64.8641
64.8641
64.8641
64.8641
64.8641
64.8641
64.8641
64.8641
64.8641
64.8641
64.8641
64.8641
64.8641
64.8641
64.8641
64.8641
64.8641
64.8641
64.8641
64.8641
64.8641
64.8641
64.8641
64.8641
64.8641
64.8641
64.8641
64.8641
64.8641
64.8641
64.8641
64.8641
64.8641
64.8641
64.8641
64.8641
64.8641
64.8641
64.8641
64.8641
64.8641
64.8641
64.8641
64.8641
64.8641
64.8641
64.8641
64.8641
64.8641
64.8641
64.8641
64.8641
64.8641
64.8641
64.8641
64.8641
64.8641
64.8641
64.8641
64.8641
64.8641
64.8641
64.8641
64.8641
64.8641
64.8641
64.8641
64.8641
64.8641
64.8641
64.8641
64.8641
64.8641
64.8641
64.8641
64.8641
64.8641
64.8641
64.8641
64.8641
64.8641
64.8641
64.8641
64.8641
64.8641
64.8641
64.8641
64.8641
64.8641
64.8641
64.8641
64.8641
64.8641
64.8641
64.8641
64.8641
64.8641
64.8641
64.8641
64.8641
64.8641
64.8641
64.8641
64.8641
64.8641
64.8641
64.8641
64.8641
64.8641
64.8641
64.8641
64.8641
64.8641
64.8641
64.8641
64.8641
64.8641
64.8641
64.8641
64.8641
64.8641
64.8641
64.8641
64.8641
64.8641
64.8641
64.8641
64.8641
64.8641
64.8641
64.8641
64.8641
64.8641
64.8641
64.8641
64.8641
64.8641
64.8641
64.8641
64.8641
64.8641
64.8641
64.8641
64.8641
64.8641
64.8641
64.8641
64.8641
64.8641
64.8641
64.8641
64.8641
64.8641
64.8641
64.8641
64.8641
64.8641
64.8641
64.8641
64.8641
64.8641
64.8641
64.8641
64.8641
64.8641
64.8641
64.8641
64.8641
64.8641
64.8641
64.8641
64.8641
64.8641
64.8641
64.8641
64.8641
64.8641
64.8641
64.8641
64.8641
64.8641
64.8641
64.8641
64.8641
64.8641
64.8641
64.8641
64.8641
64.8641
64.8641
64.8641
64.8641
64.8641
64.8641
64.8641
64.8641
64.8641
64.8641
64.8641
64.8641
64.8641
64.8641
64.8641
64.8641
64.8641
64.8641
64.8641
64.8641
64.8641
64.8641
64.8641
64.8641
64.8641
64.8641
64.8641
64.8641
64.8641
64.8641
64.8641
64.8641
64.8641
64.8641
64.8641
64.8641
64.8641
64.8641
64.8641
64.8641
64.8641
64.8641
64.8641
64.8641
64.8641
64.8641
64.8641
64.8641
64.8641
64.8641
64.8641
64.8641
64.8641
64.8641
64.8641
64.8641
64.8641
64.8641
64.8641
64.8641
64.8641
64.8641
64.8641
64.8641
64.8641
64.8641
64.8641
64.8641
64.8641
64.8641
64.8641
64.8641
64.8641
64.8641
64.8641
64.8641
64.8641
64.8641
64.8641
64.8641
64.8641
64.8641
64.8641
64.8641
64.8641
64.8641
64.8641
64.8641
64.8641
64.8641
64.8641
64.8641
64.8641
64.8641
64.8641
64.8641
64.8641
64.8641
64.8641
64.8641
64.8641
64.8641
64.8641
64.8641
64.8641
64.8641
64.8641
64.8641
64.8641
64.8641
64.8641
64.8641
64.8641
64.8641
64.8641
64.8641
64.8641
64.8641
64.8641
64.8641
64.8641
64.8641
64.8641
64.8641
64.8641
64.8641
64.8641
64.8641
64.8641
64.8641
64.8641
64.8641
64.8641
64.8641
64.8641
64.8641
64.8641
64.8641
64.8641
64.8641
64.8641
64.8641
64.8641
64.8641
64.8641
64.8641
64.8641
64.8641
64.8641
64.8641
64.8641
64.8641
64.8641
64.8641
64.8641
64.8641
64.8641
64.8641
64.8641
64.8641
64.8641
64.8641
64.8641
64.8641
64.8641
64.8641
64.8641
64.8641
64.8641
64.8641
64.8641
64.8641
64.8641
64.8641
64.8641
64.8641
64.8641
64.8641
64.8641
64.8641
64.8641
64.8641
64.8641
64.8641
64.8641
64.8641
64.8641
64.8641
64.8641
64.8641
64.8641
64.8641
64.8641
64.8641
64.8641
64.8641
64.8641
64.8641
64.8641
64.8641
64.8641
64.8641
64.8641
64.8641
64.8641
64.8641
64.8641
64.8641
64.8641
64.8641
64.8641
64.8641
64.8641
64.8641
64.8641
64.8641
64.8641
64.8641
64.8641
64.8641
64.8641
64.8641
64.8641
64.8641
64.8641
64.8641
64.8641
64.8641
64.8641
64.8641
64.8641
64.8641
64.8641
64.8641
64.8641
64.8641
64.8641
64.8641
64.8641
64.8641
64.8641
64.8641
64.8641
64.8641
64.8641
64.8641
64.8641
64.8641
64.8641
64.8641
64.8641
64.8641
64.8641
64.8641
64.8641
64.8641
64.8641
64.8641
64.8641
64.8641
64.8641
64.8641
64.8641
64.8641
64.8641
64.8641
64.8641
64.8641
64.8641
64.8641
64.8641
64.8641
64.8641
64.8641
64.8641
64.8641
64.8641
64.8641
64.8641
64.8641
64.8641
64.8641
64.8641
64.8641
64.8641
64.8641
64.8641
64.8641
64.8641
64.8641
64.8641
64.8641
64.8641
64.8641
64.8641
64.8641
64.8641
64.8641
64.8641
64.8641
64.8641
64.8641
64.8641
64.8641
64.8641
64.8641
64.8641
64.8641
64.8641
64.8641
64.8641
64.8641
64.8641
64.8641
64.8641
64.8641
64.8641
64.8641
64.8641
64.8641
64.8641
64.8641
64.8641
64.8641
64.8641
64.8641
64.8641
64.8641
64.8641
64.8641
64.8641
64.8641
64.8641
64.8641
64.8641
64.8641
64.8641
64.8641
64.8641
64.8641
64.8641
64.8641
64.8641
64.8641
64.8641
64.8641
64.8641
64.8641
64.8641
64.8641
64.8641
64.8641
64.8641
64.8641
64.8641
64.8641
64.8641
64.8641
64.8641
64.8641
64.8641
64.8641
64.8641
64.8641
64.8641
64.8641
64.8641
64.8641
64.8641
64.8641
64.8641
64.8641
64.8641
64.8641
64.8641
64.8641
64.8641
64.8641
64.8641
64.8641
64.8641
64.8641
64.8641
64.8641
64.8641
64.8641
64.8641
64.8641
64.8641
64.8641
64.8641
64.8641
64.8641
64.8641
64.8641
64.8641
64.8641
64.8641
64.8641
64.8641
64.8641
64.8641
64.8641
64.8641
64.8641
64.8641
64.8641
64.8641
64.8641
64.8641
64.8641
64.8641
64.8641
64.8641
64.8641
64.8641
64.8641
64.8641
64.8641
64.8641
64.8641
64.8641
64.8641
64.8641
64.8641
64.8641
64.8641
64.8641
64.8641
64.8641
64.8641
64.8641
64.8641
64.8641
64.8641
64.8641
64.8641
64.8641
64.8641
64.8641
64.8641
64.8641
64.8641
64.8641
64.8641
64.8641
64.8641
64.8641
64.8641
64.8641
64.8641
64.8641
64.8641
64.8641
64.8641
64.8641
64.8641
64.8641
64.8641
64.8641
64.8641
64.8641
64.8641
64.8641
64.8641
64.8641
64.8641
64.8641
64.8641
64.8641
64.8641
64.8641
64.8641
64.8641
64.8641
64.8641
64.8641
64.8641
64.8641
64.8641
64.8641
64.8641
64.8641
64.8641
64.8641
64.8641
64.8641
64.8641
64.8641
64.8641
64.8641
64.8641
64.8641
64.8641
64.8641
64.8641
64.8641
64.8641
64.8641
64.8641
64.8641
64.8641
64.8641
64.8641
64.8641
64.8641
64.8641
64.8641
64.8641
64.8641
64.8641
64.8641
64.8641
64.8641
64.8641
64.8641
64.8641
64.8641
64.8641
64.8641
64.8641
64.8641
64.8641
64.8641
64.8641
64.8641
64.8641
64.8641
64.8641
64.8641
64.8641
64.8641
64.8641
64.8641
64.8641
64.8641
64.8641
64.8641
64.8641
64.8641
64.8641
64.8641
64.8641
64.8641
64.8641
64.8641
64.8641
64.8641
64.8641
64.8641
64.8641
64.8641
64.8641
64.8641
64.8641
64.8641
64.8641
64.8641
64.8641
64.8641
64.8641
64.8641
64.8641
64.8641
64.8641
64.8641
64.8641
64.8641
64.8641
64.8641
64.8641
64.8641
64.8641
64.8641
64.8641
64.8641
64.8641
64.8641
64.8641
64.8641
64.8641
64.8641
64.8641
64.8641
64.8641
64.8641
64.8641
64.8641
64.8641
64.8641
64.8641
64.8641
64.8641
64.8641
64.8641
64.8641
64.8641
64.8641
64.8641
64.8641
64.8641
64.8641
64.8641
64.8641
64.8641
64.8641
64.8641
64.8641
64.8641
64.8641
64.8641
64.8641
64.8641
64.8641
64.8641
64.8641
64.8641
64.8641
64.8641
64.8641
64.8641
64.8641
64.8641
64.8641
64.8641
64.8641
64.8641
64.8641
64.8641
64.8641
64.8641
64.8641
64.8641
64.8641
64.8641
64.8641
64.8641
64.8641
64.8641
64.8641
64.8641
64.8641
64.8641
64.8641
64.8641
64.8641
64.8641
64.8641
64.8641
64.8641
64.8641
64.8641
64.8641
64.8641
64.8641
64.8641
64.8641
64.8641
64.8641
64.8641
64.8641
64.8641
64.8641
64.8641
64.8641
64.8641
64.8641
64.8641
64.8641
64.8641
64.8641
64.8641
64.8641
64.8641
64.8641
64.8641
64.8641
64.8641
64.8641
64.8641
64.8641
64.8641
64.8641
64.8641
64.8641
64.8641
64.8641
64.8641
64.8641
64.8641
64.8641
64.8641
64.8641
64.8641
64.8641
64.8641
64.8641
64.8641
64.8641
64.8641
64.8641
64.8641
64.8641
64.8641
64.8641
64.8641
64.8641
64.8641
64.8641
64.8641
64.8641
64.8641
64.8641
64.8641
64.8641
64.8641
64.8641
64.8641
64.8641
64.8641
64.8641
64.8641
64.8641
64.8641
64.8641
64.8641
64.8641
64.8641
64.8641
64.8641
64.8641
64.8641
64.8641
64.8641
64.8641
64.8641
64.8641
64.8641
64.8641
64.8641
64.8641
64.8641
64.8641
64.8641
64.8641
64.8641
64.8641
64.8641
64.8641
64.8641
64.8641
64.8641
64.8641
64.8641
64.8641
64.8641
64.8641
64.8641
64.8641
64.8641
64.8641
64.8641
64.8641
64.8641
64.8641
64.8641
64.8641
64.8641
64.8641
64.8641
64.8641
64.8641
64.8641
64.8641
64.8641
64.8641
64.8641
64.8641
64.8641
64.8641
64.8641
64.8641
64.8641
64.8641
64.8641
64.8641
64.8641
64.8641
64.8641
64.8641
64.8641
64.8641
64.8641
64.8641
64.8641
64.8641
64.8641
64.8641
64.8641
64.8641
64.8641
64.8641
64.8641
64.8641
64.8641
64.8641
64.8641
64.8641
64.8641
64.8641
64.8641
64.8641
64.8641
64.8641
64.8641
64.8641
64.8641
64.8641
64.8641
64.8641
64.8641
64.8641
64.8641
64.8641
64.8641
64.8641
64.8641
64.8641
64.8641
64.8641
64.8641
64.8641
64.8641
64.8641
64.8641
64.8641
64.8641
64.8641
64.8641
64.8641
64.8641
64.8641
64.8641
64.8641
64.8641
64.8641
64.8641
64.8641
64.8641
64.8641
64.8641
64.8641
64.8641
64.8641
64.8641
64.8641
64.8641
64.8641
64.8641
64.8641
64.8641
64.8641
64.8641
64.8641
64.8641
64.8641
64.8641
64.8641
64.8641
64.8641
64.8641
64.8641
64.8641
64.8641
64.8641
64.8641
64.8641
64.8641
64.8641
64.8641
64.8641
64.8641
64.8641
64.8641
64.8641
64.8641
64.8641
64.8641
64.8641
64.8641
64.8641
64.8641
64.8641
64.8641
64.8641
64.8641
64.8641
64.8641
64.8641
64.8641
64.8641
64.8641
64.8641
