472.76
456.132
439.34
421.618
406.839
396.656
388.601
381.824
375.227
368.286
360.592
354.089
345.9
337.529
329.528
323.841
316.87
311.376
308.016
304.374
301.736
297.99
293.061
288.84
286.928
283.385
281.163
279.44
274.589
271.159
267.761
264.975
262.301
259.238
257.642
253.993
251.304
248.748
247.773
246.194
243.697
242.787
240.587
239.688
238.038
235.789
234.309
230.356
228.043
225.848
224.108
222.569
222.678
219.881
218.563
218.085
217.835
215.57
215.355
210.706
207.375
203.326
200.35
198.65
197.779
196.596
194.662
194.571
193.002
192.004
190.445
188.73
186.763
184.781
182.43
181.631
180.832
179.623
178.117
176.061
175.081
173.424
172.638
172.788
173.049
172.88
172.974
171.418
171.25
168.797
168.128
166.097
162.973
160.768
159.663
158.314
156.51
154.975
154.237
154.275
152.515
151.659
151.425
152.074
150.731
149.79
149.844
149.567
147.844
147.855
147.803
147.54
145.743
143.656
141.159
141.136
140.87
140.406
139.06
138.392
137.235
136.153
135.121
136.384
134.691
134.032
134.229
134.126
134.805
135.012
135.866
134.8
134.988
134.048
133.603
133.4
132.298
132.174
131.306
131.425
130.773
131.863
131.558
131.126
129.617
128.667
127.45
127.091
128.101
128.293
127.023
127.233
128.873
127.166
128.005
128.388
128.883
127.643
126.658
125.5
124.612
123.502
124.495
123.947
123.201
121.95
122.586
122.579
121.262
120.239
120.276
120.687
120.848
122.083
121.262
120.943
120.748
120.561
120.044
120.195
119.035
119.011
118.483
119.06
119.152
120.77
120.225
120.344
118.847
118.515
119.807
119.14
117.417
117.358
116.036
114.675
114.325
113.837
113.505
112.362
111.752
112.067
111.465
111.963
112.07
112.293
112.751
112.244
114.695
114.358
114.348
113.696
113.813
113.213
113.201
111.624
110.488
110.297
109.782
109.482
108.785
108.636
107.602
108.625
109.18
108.141
110.362
109.769
110.223
109.362
107.462
106.106
106.737
106.179
106.353
105.653
105.814
106.834
106.975
107.466
107.554
107.748
106.374
105.933
107.039
105.112
104.989
104.189
104.388
104.464
102.843
102.391
102.779
102.009
102.409
100.31
99.9622
100.255
99.3522
98.6992
99.1088
98.9654
98.5814
99.2951
97.9784
98.3833
98.6085
99.6992
99.8056
99.9563
100.996
99.6528
100.316
99.6593
99.6004
98.4673
98.6607
98.0382
97.6801
97.7608
96.3
96.7993
97.2319
97.2196
96.9099
97.0002
95.7824
95.3539
94.8397
95.7078
94.2944
93.5791
92.2562
92.3528
91.9688
92.1316
91.6488
92.2408
93.5539
93.3992
92.6845
91.4541
91.3622
91.2907
91.8868
91.7407
91.4125
91.61
91.9291
91.026
90.0044
89.0894
90.1392
90.6196
91.6837
92.3439
92.2835
90.8972
90.811
90.5901
90.8269
89.8043
89.9306
90.2037
89.5023
89.4901
90.4159
90.6688
90.7089
90.0936
90.7913
89.5423
89.5891
89.2983
88.9669
89.4435
88.7379
89.1324
89.8616
88.9917
88.5284
87.9974
88.0034
87.55
87.2073
87.8243
87.4359
87.9504
88.3533
88.4867
88.0689
89.2988
88.7771
88.3208
88.6418
87.8524
86.5986
86.155
86.5823
87.3854
88.0599
87.9182
88.4971
88.3498
88.0905
87.4947
86.9508
87.5976
87.4942
88.1778
87.2071
87.949
88.109
87.8399
87.418
86.3105
86.3974
86.6037
87.7409
87.2064
85.8057
85.3704
86.098
86.2747
86.2606
87.053
87.2148
86.7267
85.1308
85.3548
84.9237
84.6327
85.4936
85.3174
85.9327
85.8243
86.1022
85.336
85.1102
85.7049
87.0781
87.737
88.2821
89.0513
89.0955
89.2131
89.7334
89.3587
90.8473
90.1919
90.8022
92.4689
91.9497
93.7751
93.9494
94.5584
93.532
92.3393
91.4167
90.1607
89.255
88.2246
89.9792
88.4905
87.6162
87.0531
85.5075
85.1505
84.3529
85.8513
85.5286
85.1345
85.2296
84.4576
85.3311
85.0392
85.2368
83.7205
83.7473
84.1087
83.0745
82.2728
82.6087
81.9046
82.4049
81.698
82.9654
83.159
83.3391
83.4913
83.3486
85.0169
86.5335
87.6054
88.7866
89.3222
87.6857
87.0535
85.9653
85.3754
85.0582
82.8044
83.832
83.8571
83.992
84.377
83.6527
83.5583
82.0895
83.4292
82.8523
82.4142
82.6109
82.1342
82.8558
82.5284
82.4461
82.1119
83.2818
83.435
83.8085
83.5057
83.625
82.6717
82.8431
82.5016
80.9289
79.9356
81.2627
81.6
81.2846
81.0936
81.5677
82.6355
84.5742
84.4221
85.5267
86.3156
86.6128
85.6928
86.6523
86.0532
86.6045
88.1162
90.5297
92.198
91.9561
91.6131
90.9334
88.9537
88.052
86.3224
84.066
84.2113
83.9779
82.0889
79.6659
79.6875
79.9
80.526
80.3894
79.2884
79.1564
79.5959
79.83
79.8213
81.2282
81.2623
80.4986
80.0129
79.7241
79.761
79.9829
80.3478
78.9351
78.1544
78.8352
79.4797
80.9045
80.8701
82.2225
81.6315
79.9757
79.0796
80.0879
79.0934
79.2458
80.4285
79.553
80.0278
80.0207
80.0509
79.2304
78.9865
79.2546
79.6302
78.6396
78.3415
79.0163
78.5605
78.9007
78.7818
78.6383
79.2629
78.6407
78.1269
77.6896
78.9629
78.4955
79.273
78.9867
78.6487
78.4532
78.3824
78.3882
77.8945
79.5783
79.0582
79.1904
79.3516
79.9642
79.5114
79.4538
81.117
80.4313
80.1741
80.8628
79.5924
80.3792
80.2511
79.5068
79.2462
79.0758
79.8188
79.3274
78.2222
79.2153
79.8599
78.5164
77.4332
77.454
78.3675
78.1378
78.276
77.9703
79.292
79.2852
79.2519
80.501
79.7415
78.4362
78.7951
78.2777
78.1939
78.5463
79.8745
80.2307
79.139
78.4361
78.8524
80.2969
78.8567
80.5172
80.5714
80.945
79.9758
79.3291
78.8039
79.0949
77.5765
77.8197
78.5658
78.7334
78.3675
79.7387
79.406
78.6944
78.1251
79.0385
78.354
78.6732
79.1581
78.9737
79.1527
77.9751
78.6737
79.5065
79.1084
79.7722
79.4498
78.2067
78.2195
78.6799
77.7819
77.105
77.9691
78.2382
78.4276
79.0006
78.9163
78.6315
78.3415
78.1579
78.1003
78.4388
76.9828
77.9219
77.7007
78.6193
78.2196
77.42
78.3116
77.9229
77.7502
78.1186
78.2901
77.8631
77.2018
77.9913
77.3011
78.4067
78.0521
78.1375
78.5307
77.5644
78.0139
78.209
76.9869
77.2263
77.739
76.4056
76.2232
76.8831
76.0444
76.4296
77.3649
76.8908
77.9696
77.96
78.8334
78.9263
79.4418
79.4948
79.1515
79.532
77.7585
77.0867
76.838
77.3175
77.1841
77.2579
77.0373
77.5907
77.0166
76.8374
78.0782
79.175
78.4726
78.6683
78.4365
78.5516
76.9486
77.1333
76.5899
76.5728
77.464
77.6727
77.311
77.4427
77.2443
77.0913
76.8812
76.9928
76.7809
77.6845
76.3665
76.5449
77.7823
78.6277
77.6061
77.5506
78.1041
76.7032
75.9147
76.2627
76.9785
76.2624
76.6313
77.4958
77.434
77.5821
78.7235
77.8764
78.6025
78.0308
76.9954
76.512
76.0131
77.1716
76.2076
75.9374
76.2109
77.409
76.7841
77.2151
78.3238
77.6958
77.3228
77.3208
77.2301
77.4471
77.2578
77.1025
77.2756
76.269
76.463
76.8782
76.4596
76.2132
76.5621
77.718
77.7865
78.255
77.7811
77.6576
76.687
77.1853
77.4733
76.6743
78.4814
79.1151
79.6047
78.6444
78.2156
77.2501
77.3899
76.514
77.3982
76.7664
77.0061
77.5226
78.6683
78.2201
78.3145
78.5651
78.8743
78.6246
78.7243
77.8806
77.8675
77.8018
77.6884
79.3158
78.1579
78.7384
78.971
78.3072
78.4938
78.3449
78.3936
78.7261
79.5617
79.564
80.0686
78.8862
79.2447
79.393
78.2823
77.7889
76.994
77.0468
78.1675
77.4501
77.1031
77.0237
78.016
78.0584
78.8228
77.3843
78.1383
79.4748
80.3156
80.4682
79.7017
78.9734
79.0671
78.1964
77.1175
78.034
78.1106
76.3218
76.9164
77.3097
77.2003
77.6269
78.3502
78.4014
78.4992
78.2305
77.2029
77.3291
76.9263
77.4137
77.7902
76.9902
77.9755
77.8406
76.7192
77.1856
76.8446
75.7875
76.2185
76.1151
77.0741
77.581
77.2936
78.1742
78.4142
79.8972
78.7887
79.0559
80.1664
77.4485
77.7972
78.4347
78.2217
78.4284
77.7784
78.4525
77.7345
78.2282
77.3097
76.7272
76.4191
76.0356
77.5949
79.2897
78.8714
78.1786
76.8404
77.2589
76.9517
77.7329
78.8768
79.3104
77.9846
77.9478
78.0534
77.7666
76.4159
77.894
77.3348
77.5965
77.7889
76.9174
77.3182
77.733
77.7093
77.4871
76.644
76.7973
77.256
77.6119
76.1905
75.6808
75.9155
76.1291
75.9057
76.7635
76.5829
76.8392
76.4894
76.9849
77.8647
76.79
76.9202
76.9535
77.8137
76.8995
76.2146
77.0428
77.0082
76.6125
77.1139
76.2914
77.1829
77.3634
77.2269
75.4333
76.1804
77.1307
77.0233
76.9044
76.7115
76.5534
76.1466
75.6618
75.7706
75.6323
76.1076
77.8902
77.3228
76.7794
75.7267
75.6452
76.5707
76.2572
76.5382
77.1019
77.0455
76.5921
76.1823
75.895
76.2943
76.4731
75.94
75.6006
75.1859
76.1355
76.5553
76.3238
77.0316
77.3734
76.5678
76.1784
76.3227
76.4742
77.8517
76.766
76.4284
76.2859
76.0445
75.9693
76.6588
76.2054
76.8846
76.5773
76.1181
77.0945
76.793
77.0103
77.8849
80.9218
80.714
82.8533
82.4394
81.2296
81.3513
81.3844
78.8746
76.446
75.9631
75.582
75.3557
75.2577
74.6273
74.1406
74.1519
73.7273
72.5286
72.311
73.0893
73.0178
73.9913
73.4694
73.4873
73.173
72.9952
73.7991
73.4532
73.2987
74.1088
72.8175
73.7769
73.0025
72.8827
73.5096
72.5657
72.2704
71.9786
73.3049
73.6415
73.5299
73.2773
73.9955
73.7702
73.8579
73.3661
73.9183
74.0627
73.7801
75.5858
74.5611
75.0586
76.3236
75.6453
73.9883
73.686
74.759
75.4672
73.9855
73.9689
73.4271
73.1893
72.9828
72.0059
71.9733
72.4471
72.3975
72.0249
72.8596
73.0995
72.4944
73.1619
74.0418
74.1615
74.0394
73.6746
74.6705
73.3745
73.9609
72.945
73.0375
73.6383
74.2471
73.9444
74.0028
73.2435
74.0231
73.307
75.0029
73.1253
73.4928
73.5549
72.4342
71.1106
71.8524
72.5073
73.6856
72.8509
72.4337
71.5624
71.182
72.9391
73.3527
74.5234
74.0595
74.4925
73.3506
74.3308
73.8537
72.1161
72.3665
72.7376
72.1958
72.2238
71.9416
72.7733
73.3007
73.0789
72.6591
72.3119
71.592
71.8702
71.1296
71.8403
73.5381
73.7487
72.975
73.1632
72.9756
74.1142
74.1735
73.1095
72.8964
73.5645
73.401
73.2811
72.824
71.8125
72.813
72.2887
71.8771
71.8616
74.0553
73.9067
73.0053
74.3542
73.8455
74.6923
73.8111
74.4646
74.2802
74.1637
73.1401
73.587
73.2013
72.4843
72.1423
71.9118
72.3149
72.5658
73.4915
73.0302
72.2132
72.4307
73.6123
73.3602
73.6463
72.2818
70.8827
72.254
72.8018
73.2709
72.4169
72.6488
72.8515
73.0535
72.0868
72.0941
71.7616
73.572
73.2211
72.8038
71.7098
72.5528
72.538
72.6728
71.7408
71.6094
71.0583
71.0631
71.1949
71.6916
72.011
72.4169
71.4672
71.6233
71.6265
70.5867
70.9949
71.6408
72.0078
71.9591
72.0192
71.9002
72.3194
71.688
71.272
71.9324
72.2371
73.2355
72.8239
72.0893
71.7023
72.4475
73.0239
73.2728
72.4904
71.7281
71.9155
72.4133
72.6664
72.1147
72.2913
71.9449
72.4869
71.7453
71.4958
72.2876
71.3066
71.4736
70.7947
71.2469
71.1393
70.9657
71.2187
71.7769
72.6248
73.361
72.8287
73.2917
73.0492
73.3208
71.3754
71.0072
71.8653
71.4329
72.5629
72.8674
72.7743
70.8757
72.1196
72.7077
71.6679
71.3072
71.9602
72.3443
71.5579
72.3841
71.8751
71.8071
72.7767
73.8294
73.9664
73.3048
72.6632
74.3734
73.2065
73.3948
72.6056
71.3675
71.961
72.7643
72.2914
71.5211
72.4368
72.2033
72.2605
72.5222
72.155
72.3362
72.5317
72.8173
71.7858
72.6261
72.5792
72.5761
72.8497
73.8967
74.6454
74.4076
72.8275
73.4995
73.058
72.0921
72.1214
72.9691
72.4382
72.4796
72.1549
72.7912
72.5746
73.2907
72.5674
72.0483
71.6849
71.2726
71.4378
71.5562
72.2417
73.3564
73.5963
72.4452
70.8615
72.3868
72.5136
72.6676
73.1688
73.2077
71.9671
72.1359
71.8606
72.2276
71.807
71.9829
71.309
70.3421
71.7076
73.0335
73.637
72.1699
72.5752
72.0189
72.9851
73.2142
72.9286
72.4252
72.2104
73.0443
72.572
72.0013
72.0393
72.872
73.3156
73.5811
72.3815
72.3169
72.4056
72.2475
73.0223
72.5038
73.2558
71.7586
72.2639
72.7523
72.8564
72.4364
72.5326
72.4413
72.5103
72.7628
71.8698
72.5897
71.2906
72.4103
73.0056
73.2387
72.3146
72.5256
72.7344
73.7595
73.7683
74.1206
72.3935
74.2787
73.4269
73.3002
72.6557
72.0787
72.1287
72.4467
73.1397
72.5255
72.3316
72.4438
72.7643
72.6383
72.3084
72.1543
70.8264
71.403
71.701
72.2206
72.5767
72.8321
72.3732
72.1759
72.7525
72.5639
71.783
71.5157
71.2384
71.3224
71.0074
71.3514
72.1961
72.9531
72.8937
72.2124
72.6804
73.0086
72.6135
71.7746
71.9449
72.1969
72.55
72.4319
72.0652
72.0022
71.245
71.5084
71.8489
72.2541
71.8404
71.9936
72.4817
72.2838
72.5553
73.0387
72.0312
73.086
73.4835
74.0426
73.708
73.0164
73.7236
73.3098
72.9208
73.4239
73.3605
73.9685
72.9902
73.1121
72.1862
71.3835
71.2438
70.4263
71.5539
71.8258
70.8885
72.1499
71.6735
71.7881
71.4054
71.064
73.3335
72.5061
71.0449
72.8206
72.7418
72.7121
72.4334
71.3269
71.157
72.277
72.307
72.6483
73.4441
73.1006
73.4497
72.9598
72.0247
72.3508
71.3019
70.7225
72.0615
71.3736
72.7106
72.5924
72.3813
72.3125
72.524
71.8579
73.0163
72.7489
71.5292
71.7653
72.2411
72.373
73.6285
72.324
72.3506
71.9186
72.3219
72.2506
73.4308
72.1725
71.8033
71.7885
71.3743
72.2043
72.0039
71.5746
71.7122
72.0331
73.0347
72.9512
73.0138
73.1656
72.6251
72.3712
71.556
72.2831
72.1833
73.1183
73.1355
72.6716
72.451
73.1197
72.7962
72.2439
71.767
72.1117
71.4327
71.3175
71.4459
72.038
72.345
72.8662
72.6385
72.351
71.8597
72.202
71.9153
72.9141
72.3868
71.7403
72.0039
72.6385
72.5379
72.7314
73.4891
73.7407
73.4489
73.4338
73.5643
73.4046
74.5336
74.1754
72.8342
73.391
71.508
71.7431
71.8104
72.1723
71.2761
71.4551
71.0189
71.2773
70.4465
71.3885
72.2363
73.4964
73.4141
73.9749
72.7785
71.8414
73.0393
73.5641
72.7347
71.6138
71.9161
71.3203
71.6566
71.5842
71.7629
71.1463
71.6762
72.5744
72.4136
72.5961
72.5361
72.9721
72.9641
72.2051
73.1297
73.4042
73.3127
73.4724
73.1504
73.0272
72.4765
73.2297
73.3818
72.5916
71.4167
71.0324
70.9992
71.1754
71.9341
72.815
72.4459
71.4256
72.2354
73.3038
73.6003
73.2344
72.5898
73.0899
72.1012
71.9786
72.3062
72.3332
71.9857
72.593
72.1029
72.5372
71.4085
71.2352
71.7894
71.8466
72.3856
71.9839
73.4454
72.3865
72.312
72.9985
72.9327
71.9219
71.302
71.8788
71.6331
72.5622
73.2844
73.6606
72.1289
73.0642
73.3091
72.4299
71.6081
71.9084
72.2112
71.0623
71.3184
71.2485
72.036
72.7793
72.7076
72.7088
72.6746
72.6523
72.2344
72.0324
71.7448
72.2432
71.8076
72.1888
72.9579
73.5965
73.7896
73.6783
73.3116
73.3335
73.4338
73.2196
73.4514
72.5831
73.1997
72.9306
72.018
71.6685
71.2333
72.5002
73.3026
73.8306
74.295
73.4265
73.1073
72.2684
71.9928
71.983
71.8682
70.6383
70.4396
70.6124
71.4754
71.5727
72.1364
73.1814
72.8801
71.7894
72.3609
73.6401
72.3078
71.3691
71.482
72.0759
72.4053
72.8938
72.9397
72.7619
72.9253
72.6644
72.4055
72.4668
72.1908
72.0764
72.8991
72.8148
72.8631
72.4579
72.649
71.3298
71.1691
71.8561
70.9916
71.7313
71.5543
71.8318
73.2155
73.5107
72.2748
71.7077
72.4017
70.5376
70.6963
70.2732
70.4933
70.4875
71.3787
71.8797
72.1498
73.6106
72.4951
72.0498
72.0458
72.1044
71.4877
71.7179
70.8174
69.6144
69.6584
70.1575
70.3018
70.2166
71.7428
72.0564
72.2294
72.7808
72.1501
71.8897
72.803
72.9867
72.3327
72.2106
71.5015
71.8078
72.3816
71.3694
71.3482
71.1816
71.8387
71.9501
70.9778
70.6408
71.2457
71.0964
71.3
71.0091
72.2828
72.2283
72.4544
71.4615
71.0045
71.8289
71.0071
72.1749
71.6465
71.8789
71.7877
71.4596
71.6114
72.2076
72.4005
72.4501
71.8894
72.6752
72.7407
71.4317
70.9082
70.9422
71.7798
71.5456
71.9721
72.177
72.4226
72.3647
73.495
72.4483
71.3515
72.1031
72.5199
71.9131
72.5252
72.3064
71.9636
72.2708
71.9852
71.7621
71.5924
71.7015
72.8312
70.8524
71.7376
72.4308
72.2865
72.6535
72.4166
71.9262
72.1817
72.5939
73.8157
73.3124
73.5746
73.8707
73.2972
73.1684
72.6122
72.0889
72.0264
72.2103
72.4448
72.6142
73.1215
73.3404
72.8192
73.9478
74.2847
73.1967
71.8395
71.5591
72.6219
73.0345
72.9736
72.5431
73.0376
71.9437
73.0488
73.1993
73.608
73.382
73.3987
72.3215
71.5998
72.0478
72.4426
73.6148
73.1347
72.7488
72.8423
72.8967
72.3439
72.7265
71.7656
72.5585
71.5622
72.0934
71.9364
72.6234
72.538
71.8956
72.2582
71.932
72.5662
71.7658
70.6538
70.853
70.2364
71.0491
70.9145
71.5869
72.8862
73.7772
74.5357
74.0579
73.8033
73.1527
72.38
72.5185
71.8434
72.2692
72.8162
72.4474
71.7171
71.9035
70.7706
71.8024
72.7214
72.5968
72.7903
71.2499
70.8423
71.4492
72.5707
72.6057
72.9866
73.1574
72.5242
72.0056
71.475
72.0411
71.9847
71.7021
71.8978
71.4348
71.4337
71.3159
71.3293
71.5096
71.3878
71.8945
72.3216
72.272
73.2023
73.4364
74.2956
73.2379
73.2808
72.8749
71.96
71.8554
71.4982
70.8237
71.2611
70.7296
71.2809
71.6604
70.7633
70.1664
70.3595
70.2985
71.728
71.3144
71.189
71.5888
71.1583
71.0812
70.4674
71.9145
71.5768
72.2647
70.7289
70.757
70.2461
70.8658
71.1365
71.6159
72.8141
74.4807
73.5908
72.0066
71.3205
70.8725
70.2883
71.4821
71.0043
71.7053
73.232
74.4555
72.8013
73.0118
72.1701
71.9089
72.2816
73.0496
73.741
72.4263
71.5874
71.708
71.9934
72.442
72.0013
71.9592
73.0158
72.7366
72.3491
72.3313
73.3151
72.7111
74.1812
73.1989
73.2623
72.4078
71.231
71.99
72.2608
73.7759
72.1055
71.9321
72.6086
72.2151
72.5326
72.6026
73.1308
73.9521
73.2472
72.8983
73.4034
71.8183
71.8303
71.256
72.443
72.1412
71.391
71.6516
72.4552
71.4204
71.4819
71.3197
71.5773
71.7362
71.8213
71.7193
71.8588
73.1821
74.7458
76.2292
75.3498
74.0452
73.3728
72.1115
71.1541
70.8121
70.3349
71.1161
71.4375
71.8157
72.102
71.1664
71.4184
72.1331
73.3299
73.2397
74.2008
73.7771
72.618
72.6012
71.5635
72.1082
71.4363
72.3992
71.2849
72.4058
72.1229
71.952
72.4765
72.5668
73.0384
72.461
72.9072
72.2467
72.6487
72.0464
71.9082
72.2722
72.3201
72.4331
73.1476
73.1719
73.4392
72.1403
72.4402
72.1579
72.2189
72.5279
72.3706
72.1947
72.8016
73.4937
72.5032
70.8154
71.5887
71.3721
71.63
71.4607
71.1269
71.318
70.9067
69.4617
70.4578
71.6848
71.689
71.0942
72.2878
73.7632
72.6192
71.5694
71.4125
72.7013
72.206
71.9109
72.03
72.3698
71.8837
72.3263
71.4846
71.6378
70.6989
71.1211
71.0574
71.4722
70.2851
70.631
70.5732
71.5888
72.0956
72.3252
72.413
72.2988
71.8446
71.6063
71.6092
72.0725
71.9513
72.3239
72.3523
71.4877
71.0414
70.5193
71.0017
71.5179
71.6501
72.7511
71.6645
72.2765
72.0556
70.8027
71.4791
72.9963
71.7737
72.3777
72.998
72.3686
73.0675
71.9836
71.3957
71.1117
70.7855
70.5179
70.866
71.131
71.7253
72.2502
72.0073
71.3917
71.8377
72.1026
71.9546
71.459
71.9921
71.956
72.053
71.2441
71.2462
72.0783
74.4125
73.6753
72.6934
73.157
71.8731
71.4068
70.9033
70.2968
70.3999
70.0617
71.2449
72.5747
71.9831
71.6109
72.2435
73.5962
72.9447
72.5653
72.3155
72.2883
72.0206
72.3561
71.6179
72.2463
72.2624
72.3932
72.3906
71.2021
72.0544
72.6587
72.5228
73.2075
72.6913
73.0922
72.8122
72.3077
72.4662
73.4335
74.2941
72.2813
72.5925
73.7089
73.1936
72.9442
72.1894
72.2115
72.0266
72.6635
72.1336
72.567
72.903
73.0943
71.54
71.4408
70.9991
71.5744
71.0232
70.3209
70.8421
71.5192
72.0267
71.8913
72.7152
73.0394
73.9683
73.5644
71.7963
71.8634
72.2006
72.7204
72.0348
72.7505
71.9703
72.4053
72.1593
72.5007
71.7347
72.458
72.3758
71.8448
72.178
71.569
71.6514
71.369
71.8994
71.1401
69.5283
70.5783
70.0937
70.0675
70.4023
71.0026
70.8346
70.96
70.6447
70.4196
70.4409
71.19
71.5222
71.5269
72.2074
71.6814
71.384
70.4853
71.9144
73.5242
72.8971
73.7061
73.4745
73.4169
72.8373
72.1921
72.0291
72.0294
71.1019
71.272
72.1478
72.788
72.5948
73.4681
73.5259
73.5449
73.0726
72.8904
71.948
71.5273
71.4825
71.5553
70.9093
70.7372
71.9626
72.1158
72.2321
70.2746
70.3021
71.6551
73.1332
72.4136
71.6482
71.8588
73.4057
71.9217
72.8461
72.685
72.6814
71.7028
71.9154
72.9287
71.8544
71.5217
71.3899
72.5208
72.5435
72.7136
72.3988
71.7365
70.9098
70.3714
70.801
71.3133
71.4028
71.5998
71.7369
71.6887
73.4266
73.2852
73.1883
73.3393
72.6423
72.4836
71.4777
70.8904
71.2083
71.721
73.4002
73.2055
72.3507
72.3977
71.8864
72.2668
73.6854
73.1423
73.0407
72.5722
73.2485
70.6198
71.9154
71.6468
71.2897
72.1566
73.263
71.6102
72.326
72.0093
71.3305
70.3004
71.2708
71.3254
70.7851
70.4106
70.9579
71.8731
71.4746
70.8911
71.7661
70.8355
72.5483
72.0473
72.2939
71.4606
71.5626
72.335
72.4311
72.8
72.6725
71.5997
71.7432
71.4426
71.0296
71.3965
70.4024
70.9291
71.0888
71.5163
72.0699
71.903
72.076
72.4194
72.9843
73.5406
73.0447
72.6424
71.7804
71.8116
72.4324
72.3589
72.1126
71.7619
70.689
70.4014
70.6979
70.9674
71.2261
70.5259
70.6459
72.0014
71.6253
71.6714
71.5669
72.6197
71.2102
71.5307
71.5193
72.8785
72.736
71.9896
72.1768
71.8216
71.8208
71.7853
70.9989
70.8541
71.257
71.0206
71.2446
72.576
72.5476
72.7635
72.4975
72.4887
71.4515
72.1599
71.6196
72.7723
73.9162
73.9778
74.0381
72.9129
72.7827
73.81
73.0356
73.2679
72.207
72.9978
71.7942
72.773
72.6619
72.4443
72.4965
72.4118
71.5842
72.7968
71.2099
71.0227
72.6824
70.4779
71.8356
70.9096
71.5069
72.7395
72.5649
72.5789
72.8162
72.7884
72.1229
73.7093
72.0549
71.4972
71.616
72.6038
72.6078
72.7824
71.9419
71.339
70.6921
70.9216
70.977
71.7491
71.5003
71.9911
72.2014
71.3571
71.2066
71.2149
71.3311
71.9488
71.6508
71.4388
70.9006
71.9174
72.1578
71.0711
72.0048
71.7405
70.473
71.0136
73.5381
73.5486
72.883
73.8672
73.5249
72.4171
73.4874
71.9153
71.5903
71.4891
71.9384
71.7257
72.3049
72.2212
72.9196
73.6226
72.9277
71.8898
72.2902
71.766
72.1025
71.3394
70.4821
71.6038
70.2812
71.3749
70.2008
70.8959
71.842
72.4574
71.1197
70.959
71.3102
70.5627
70.354
70.8273
70.6428
70.0749
70.36
69.8994
70.3235
69.9021
69.5434
70.4851
71.3769
70.6373
70.5535
70.8636
71.058
71.8409
72.2935
72.5552
72.1808
71.8587
71.9425
72.1043
71.7475
71.8008
70.78
71.0438
71.6488
71.9198
72.2474
71.0834
70.8264
70.8468
71.0927
71.4964
71.1005
72.395
71.0399
70.8267
72.7823
72.8454
71.5841
71.5915
71.0857
72.5585
72.7848
72.3036
71.3683
71.2328
71.4627
71.84
72.2578
72.2986
72.4674
73.0508
72.1071
71.1734
70.6607
71.369
70.4681
71.2302
70.2328
70.6308
71.809
70.9206
70.0975
70.7383
70.4146
71.6163
70.3848
71.7817
70.3188
70.8786
70.9498
70.9464
71.5024
70.8742
70.4096
71.1489
71.0544
71.8055
72.9729
73.753
72.8096
72.7606
71.6407
70.6594
70.9069
69.8631
70.1143
71.4513
72.5661
71.4526
71.8084
71.2331
70.7375
70.343
70.8815
69.8768
70.3683
70.3633
70.8959
71.5003
71.7966
72.0072
72.3132
71.1424
70.4958
70.708
69.6069
70.4102
69.8031
70.0196
70.5818
70.1823
71.3776
70.742
70.8422
69.7908
68.9495
69.0808
69.845
69.3069
69.6017
70.2822
70.7347
71.1299
70.7529
70.467
70.5605
70.2503
72.078
71.878
71.5787
71.5372
71.6743
71.902
71.6359
72.3886
72.4098
72.6722
72.5408
71.6219
71.7605
70.6877
70.12
70.8273
70.8318
70.2738
70.6428
71.5445
71.3825
71.3183
71.299
69.688
70.31
70.1272
70.904
70.0341
70.6599
70.8341
71.2926
71.3012
70.6434
70.8602
71.2667
71.9855
72.4071
73.0005
73.4838
72.189
73.5611
72.286
71.5664
70.7258
70.2595
70.2745
70.6479
71.0766
71.8042
71.5561
71.7202
71.3823
71.2123
71.4115
72.291
72.7463
73.0918
72.2574
71.8647
72.3221
71.9641
72.0294
72.7296
72.5916
71.5904
71.1601
70.8935
71.2401
72.0964
71.3335
71.9537
72.3406
73.0035
73.4861
73.6541
72.6841
72.3356
72.6027
72.3235
72.0233
71.2699
70.7994
71.2565
73.1531
71.7504
70.5422
69.6921
70.2732
71.0026
71.0196
70.3098
70.9073
70.829
71.5941
71.5333
70.6978
71.4963
71.9513
72.3715
72.5908
72.4829
71.1157
71.0845
70.5543
70.5301
71.0387
71.3701
72.2041
71.2539
70.8808
70.1138
70.7126
71.8482
71.9022
71.0921
71.111
71.0999
70.7826
70.2144
71.3665
70.0945
70.8448
70.8826
71.9536
71.5857
71.4337
71.41
71.3973
71.064
71.5911
71.9495
71.0055
71.8511
71.9719
71.708
70.9941
70.7113
70.0798
71.8166
71.1802
71.7273
71.6898
72.0504
71.6103
70.6654
71.1148
71.1678
71.6288
71.0414
70.9849
71.1142
71.3953
72.0366
72.7447
73.2986
72.0343
71.8932
72.2945
71.9381
72.0403
71.134
71.2107
70.5289
71.2201
71.4378
72.6201
72.3938
71.0446
71.14
70.3281
70.2398
70.4165
69.9743
70.4022
69.4819
69.2429
68.9633
70.3906
70.1486
70.6619
69.8972
69.5545
70.4845
70.7649
70.6385
69.9422
71.0604
69.7542
70.3406
71.7923
72.2097
71.3533
71.4903
72.7739
71.6609
71.0269
69.9126
70.7239
70.4506
71.2726
70.8584
70.2001
70.4588
70.7877
71.7982
71.2117
71.2707
70.2721
70.0769
69.7346
70.056
70.9934
71.5527
71.6257
71.3928
71.4723
72.4553
73.0564
74.299
71.9962
71.7583
71.378
71.0229
71.0529
71.4799
72.2884
72.262
73.3808
72.3393
73.0928
73.3251
71.6587
71.4604
71.7304
70.6342
71.1025
70.1922
71.1128
70.7783
71.4023
70.9515
71.8605
72.0359
72.2126
72.998
73.5563
71.7674
70.2831
69.7119
70.3124
71.3487
70.8179
69.4062
70.3173
69.3213
70.4268
70.7168
70.6929
69.4795
69.47
70.4326
71.6892
71.8323
72.3639
72.466
71.9492
71.3353
71.5235
71.1941
71.7835
71.8045
71.8617
71.5822
71.6182
71.0922
71.0482
70.6992
70.4312
70.4478
71.1269
70.4662
71.6643
70.8255
70.8834
71.5377
71.3245
71.9086
71.3983
70.9056
72.1166
72.1765
71.2869
71.9787
72.1979
71.7954
71.1199
71.1271
70.5113
70.7749
69.3477
69.7175
69.891
70.5774
71.2723
70.4022
71.936
70.845
71.2832
71.39
71.8682
71.809
71.2354
71.0497
71.6643
71.2734
71.6278
71.3685
72.5869
72.9103
71.8346
72.5451
71.9639
72.5501
71.0591
70.9539
70.3231
70.963
71.9984
71.159
71.9775
72.8283
71.7859
72.0957
72.1528
71.366
70.961
70.0773
70.483
72.0568
72.9445
73.4478
71.343
71.3177
72.4768
71.2589
71.0828
72.3717
70.4425
71.0391
70.6174
71.0196
71.0845
71.809
70.281
70.2188
70.4115
71.4997
72.0462
71.5338
70.8345
70.2519
70.464
71.1447
70.6122
70.2264
70.221
70.1011
70.2361
69.7238
69.5467
70.6294
70.4859
71.2892
70.9529
71.5847
71.2099
71.2022
71.749
72.2648
72.0188
72.0556
71.7015
70.9933
72.1862
72.7832
72.9711
72.1681
71.0612
70.8872
72.0177
72.6807
71.8618
71.1197
70.6308
70.3611
70.0961
71.136
71.2812
71.1616
71.27
71.9868
72.7103
72.4764
72.3196
73.7053
72.6014
71.7023
70.6902
70.9691
72.3035
72.0713
70.2893
70.6118
70.6963
71.6236
69.9405
69.9566
70.5092
69.4292
70.0114
69.9955
70.0889
70.4684
70.0862
70.4218
71.6483
70.5596
72.1581
70.8839
69.7994
69.8322
69.9688
69.9174
69.4071
70.0056
71.1552
71.1302
71.1589
70.9042
72.2036
72.0488
71.478
72.0029
71.6334
71.3709
71.4744
73.1133
71.9845
70.7896
70.5632
70.0881
69.8935
70.5341
70.9788
70.8849
71.7825
71.5437
71.5389
70.8958
71.3165
72.503
71.1388
72.4523
71.9382
72.7542
72.8423
71.2738
71.7035
70.7894
72.0787
71.2155
69.7941
70.3845
71.1648
71.5874
71.9981
71.1148
69.8499
68.9644
70.5646
69.9856
70.3986
69.938
69.1511
70.2121
71.4553
71.145
72.2551
71.0142
71.3517
70.6056
70.8301
70.355
70.5884
70.5851
71.7539
72.3307
71.5394
71.1078
71.6238
72.3156
71.1169
71.3258
70.241
69.6058
70.3005
71.4051
71.965
72.0316
71.0557
71.1727
71.7324
70.9188
70.8692
71.8519
72.258
71.6499
71.909
71.9697
71.7108
71.9197
71.0636
71.6806
71.2965
70.0652
70.2184
70.4799
70.4244
70.1566
71.4573
73.7091
72.4976
71.7375
71.9251
71.7644
71.7494
70.4489
70.8262
71.1497
70.0089
70.6208
69.4211
69.4355
69.1743
69.6579
70.1367
71.2506
70.9882
71.2168
70.4959
69.5063
70.8816
70.5181
70.0584
69.4788
69.7607
70.7972
71.3912
71.4508
70.3164
70.3577
70.814
70.5932
70.6947
70.6914
70.8779
69.6205
70.1204
70.4338
70.1522
69.7143
70.3276
69.468
69.1729
69.9904
69.939
70.4989
69.6638
69.8012
69.7932
70.1842
70.7549
70.7836
71.1472
70.8652
71.4998
71.562
71.7786
71.63
71.0013
71.4957
71.2728
70.4864
71.1352
71.4991
70.8159
70.1199
70.0653
70.552
69.9998
69.0651
68.7714
68.4374
68.8883
69.1316
69.4246
69.357
69.5884
70.3134
70.1419
70.68
69.6064
70.4245
70.9064
71.4203
72.4036
71.6617
71.4466
71.3205
71.6044
71.5873
72.5754
72.2663
71.6553
70.8055
70.92
70.4554
70.6326
70.6915
70.2509
69.8485
70.0801
69.9876
69.514
69.8112
69.4226
69.3514
70.3719
70.4792
70.8144
70.0833
69.5085
69.8905
69.4435
69.5452
69.8125
69.5024
69.3992
70.7816
71.0263
70.8195
71.8433
71.9261
72.6911
71.8237
71.2939
70.359
71.215
71.3222
70.9543
70.9667
71.1113
70.791
70.9281
70.8455
71.745
72.7738
71.9148
71.9105
72.264
71.4065
71.1123
71.0952
71.0638
70.5075
70.8226
69.7666
70.2715
70.7923
69.8831
70.4374
69.9842
71.0531
69.5702
69.4388
70.2025
70.2481
71.3578
71.3979
71.3354
70.6485
71.9662
71.5618
71.328
72.2511
71.8922
72.2984
73.2275
72.116
71.7535
71.5897
71.1914
70.6301
70.7138
71.6224
71.5976
72.184
71.3854
71.2259
70.2502
70.5893
70.3724
69.654
70.2754
70.3206
70.9085
71.4595
70.9186
70.4821
71.2101
71.5853
70.7238
69.9749
69.2987
70.0803
70.1572
69.7488
69.6543
70.1162
69.9497
70.6065
70.9823
69.7883
70.1811
69.6316
69.4018
70.1294
69.7036
69.4426
70.8191
70.1928
70.3697
70.3408
70.7855
71.0781
72.1787
71.0357
71.7961
71.1957
70.8629
69.8846
70.4734
71.1306
71.1037
69.8237
70.5508
69.7799
69.6766
68.7091
69.0378
69.6505
69.7533
70.0681
70.6069
70.437
69.9041
69.1099
68.8621
70.3223
69.6354
70.0688
71.003
71.4848
71.4475
71.7206
72.4899
72.8273
70.8578
71.155
70.2005
69.7815
69.3414
71.1306
70.6262
69.7649
71.0992
70.8661
70.418
70.3955
70.5989
70.8524
70.6176
70.2072
70.4544
71.099
70.4843
70.6682
70.5264
69.6371
70.146
70.1816
69.8719
69.5489
70.1794
70.526
69.9556
70.6053
72.5326
71.5474
71.5128
70.955
70.2766
70.6617
70.8795
70.2903
69.2631
69.4708
70.6485
71.6388
72.6203
72.732
70.5948
69.9822
70.6046
70.7338
70.9219
70.2178
69.9129
69.7488
70.0588
70.0198
70.5195
70.9435
70.9372
71.0316
71.7633
71.4905
72.1501
72.4322
72.2721
71.1478
70.3684
70.5509
69.7576
69.2927
69.9115
71.0573
69.6477
70.1391
70.6421
70.589
70.1996
70.2118
69.9143
70.0317
70.8579
70.8942
72.1484
71.4202
72.4151
71.7497
71.3787
71.7108
72.1181
72.3589
71.8477
71.1239
70.6747
70.8108
70.2086
70.2233
70.5105
70.2575
70.1891
71.399
70.1642
70.9677
70.8253
70.9428
72.0366
71.7522
73.5811
71.8453
72.1164
71.656
70.5611
69.7719
70.1997
69.4451
70.0352
70.3484
71.0722
69.9637
69.9764
69.0578
69.6454
69.8218
70.1915
70.6283
70.8703
71.7632
70.9399
71.3397
71.7353
71.6179
71.5223
71.2139
70.2778
70.1292
70.102
70.5938
71.8222
71.9805
72.0792
71.38
71.2921
70.9505
71.4754
71.5017
70.1922
70.5228
70.3097
70.4147
72.054
71.0603
70.7493
71.6044
71.5385
72.2727
70.6735
71.2914
70.4564
71.362
71.079
70.7782
70.2662
69.9525
69.7332
70.4296
70.2556
69.644
69.7117
69.9243
70.1492
70.694
70.1514
70.1763
70.2757
70.425
70.1632
70.0627
69.7782
71.0014
71.1721
70.378
70.625
69.8777
69.6362
69.6935
69.9359
70.5746
70.9317
71.2006
70.57
71.3363
72.0771
71.8172
71.2457
70.2887
69.3616
69.7697
69.5407
68.7424
69.8528
70.5906
70.4766
71.3892
70.4119
70.5468
71.8021
70.8396
70.8292
71.5836
70.8423
70.415
70.7588
71.2379
69.7939
69.7533
70.0192
72.7522
73.0312
72.9454
72.7144
72.6593
72.4409
72.505
72.7777
71.3309
70.5046
70.2647
70.3693
70.0984
71.068
72.3804
72.7428
72.4359
71.5696
72.0154
70.5296
71.0209
70.5214
71.6909
71.6391
72.0415
71.817
69.6623
69.5776
70.0035
70.5617
70.8641
70.8541
70.7872
70.5737
69.627
69.7933
70.4389
69.9415
69.5675
68.6727
68.2999
69.5177
70.6037
69.082
70.1208
71.3772
72.7104
72.0555
72.3522
71.6795
71.3616
71.1498
70.8944
70.488
70.9628
70.7959
70.5275
70.9129
71.5756
69.7321
69.816
69.9202
71.1132
71.4411
71.9863
71.2656
70.5148
70.4774
69.9078
69.6156
69.6324
70.2467
69.7352
70.3499
71.4897
71.1429
71.1257
71.15
71.8118
71.7881
71.6433
71.0001
69.6119
69.7117
70.1965
71.3337
70.7774
70.8116
70.3944
70.3215
70.7755
70.9914
70.1112
70.0248
69.9404
70.5911
70.4977
71.0792
71.4092
70.9681
70.383
70.7559
71.1483
71.7923
70.7396
71.5721
70.6475
71.1312
69.5411
69.2601
69.9115
69.2371
69.4122
69.9478
70.8871
70.6802
70.2516
70.6317
71.9083
71.9104
70.7309
71.5184
71.5657
70.9948
71.2628
71.0128
70.2475
70.4427
70.4272
71.241
69.3498
69.2877
69.0193
68.8436
69.9214
69.8791
70.6131
70.5771
69.3649
69.8413
70.8769
70.0298
70.52
70.2636
70.3408
70.0562
68.9328
68.4573
69.4643
69.9809
71.6626
71.9179
71.9414
70.1358
69.4882
70.1465
69.9468
71.1049
70.6307
71.5298
70.3723
70.2659
70.558
70.0541
69.2913
69.8434
69.6863
68.9454
69.132
69.0141
69.3446
69.4059
68.9275
69.7165
69.4538
70.77
71.4
72.414
71.0163
72.4593
71.6258
70.9727
70.7714
70.7261
70.718
71.9444
71.4334
72.2382
72.803
72.2319
71.3645
71.4809
70.9253
70.5802
69.6354
70.4026
70.2046
70.3708
70.4104
71.1751
71.1233
70.4133
70.4719
70.2776
70.6098
71.2987
71.6068
71.5457
71.7129
72.3604
72.2953
71.1205
71.5823
70.9312
70.2411
70.9124
71.305
70.5384
69.8974
70.1488
70.965
70.7794
69.0204
69.3367
70.712
72.6881
72.0135
71.3801
70.3577
71.0444
69.8949
69.1912
69.4495
70.4604
71.6312
71.9781
71.7023
71.1841
71.4989
70.8161
70.8345
71.5374
72.3917
72.4016
72.9061
72.2203
71.9762
71.1178
70.7711
71.1513
70.9013
70.1826
70.0027
70.2167
70.92
70.222
69.2246
69.4301
69.1185
69.5481
69.7739
70.6584
70.8883
70.7213
69.9043
69.4246
71.0616
71.5088
70.387
70.7709
71.3484
70.5143
71.4053
72.0992
72.8881
72.2084
71.7311
71.8163
71.9611
71.9082
73.2824
72.4612
71.2873
71.3069
70.8357
71.2355
70.3552
70.6857
71.6682
69.7491
70.0771
71.1163
71.2537
71.0977
70.4083
69.9261
71.2394
71.087
71.0445
71.7235
71.6609
70.9397
70.3313
71.1563
71.812
71.4227
71.5445
72.1143
73.1405
71.8999
71.4803
72.4903
71.3402
71.4231
71.557
71.7374
70.4816
69.7188
69.1251
69.6383
70.2266
70.3228
70.6782
70.6096
70.2556
69.7724
69.6065
70.0446
70.3894
70.6771
70.569
71.2047
70.7086
70.1036
69.848
70.1792
71.3291
71.645
71.2322
72.0478
73.1356
72.5194
71.9176
70.861
69.5547
69.8492
69.4346
70.0185
70.0022
70.1321
70.9129
70.1917
70.2311
70.4933
70.1114
69.3284
69.8908
70.6747
70.0158
69.6643
69.9731
70.7812
70.9689
72.0139
71.7485
72.1655
71.4716
71.7969
71.3839
71.3001
71.2455
70.9001
70.8047
70.7561
71.8663
71.8704
72.4394
71.5006
71.1274
71.865
70.8646
70.9484
72.2696
72.1109
72.0382
72.085
72.4111
73.3367
72.9891
71.6604
70.6857
73.1369
72.2995
72.0692
72.1393
72.1784
72.377
71.0223
71.124
71.2225
71.0815
71.5047
72.288
71.6194
70.9462
71.4104
69.5182
69.0502
68.8972
69.2115
68.7589
69.4585
70.6402
71.8146
70.8922
71.0386
70.8577
70.203
70.0652
70.3538
71.0631
70.0149
70.8021
70.1957
71.4984
72.8331
73.1064
73.7208
72.768
73.5778
73.6866
72.516
73.5937
71.6409
72.2279
72.9113
73.8112
72.7512
71.9374
72.1771
70.9302
70.6364
70.4634
71.5695
71.5028
69.7797
69.488
69.136
68.4302
68.4588
69.0898
70.1482
70.6004
70.4971
69.9011
69.5724
69.8282
69.4506
68.9062
69.9486
70.9915
72.6221
71.9036
72.9416
71.9769
71.1489
71.5136
71.3942
71.4705
71.0417
70.3075
70.1619
70.331
70.707
70.2305
70.4642
70.1045
70.087
69.185
70.4326
70.9082
71.9715
72.7823
73.4016
72.0971
71.9634
72.6001
73.0073
72.2934
72.1124
72.1263
70.9317
73.1406
72.0378
71.1246
72.3169
71.5621
72.0951
71.8884
72.0821
71.7466
71.4547
71.0202
71.4086
71.7325
70.7251
70.6555
70.5439
70.3922
70.9443
70.6554
70.7457
70.7602
70.4183
71.2428
71.6651
71.4864
70.6565
70.8307
72.2788
71.0641
70.8388
70.3359
69.9867
70.6495
70.0784
70.6012
70.5356
69.3609
69.6655
70.445
71.5266
70.8053
71.7701
71.3772
70.8461
68.7132
69.2211
68.2915
68.625
69.309
70.7663
70.9872
71.1609
70.6268
71.0449
70.4832
69.4621
69.3165
69.4812
68.7407
69.9213
70.2971
70.824
70.6213
70.332
71.0249
70.2946
70.1676
70.2647
69.1567
69.5491
69.4817
69.9831
69.8087
69.6589
69.4522
69.7147
69.5883
70.0994
69.6394
70.058
70.3522
70.4542
70.0779
69.7113
69.6772
70.0852
70.3562
70.4324
70.1971
70.3188
70.6403
70.85
70.3011
69.3871
68.8087
68.4708
68.3048
70.1648
69.6306
69.8113
70.0615
70.1418
69.6238
69.7478
69.7854
69.7018
70.4979
71.2247
72.1518
71.2114
71.9721
71.3159
70.8736
70.6714
70.9514
71.2336
70.8187
72.7401
71.7213
71.2973
71.6835
71.1835
71.0868
71.3512
70.5709
71.4494
70.7836
71.3685
71.4404
69.7698
71.3413
71.4718
70.8857
70.8402
69.921
71.3295
71.0744
71.0871
70.4082
69.2579
70.0504
70.5506
70.7978
70.8679
71.6978
71.0445
72.0701
72.9495
71.6554
72.0675
70.7294
69.6262
69.8648
69.6589
70.9714
71.3953
70.0863
69.3959
69.6902
70.9088
71.0852
70.2286
70.1019
70.6637
70.7822
70.9702
70.7728
71.246
72.6496
73.0105
70.8593
72.213
73.0506
71.7496
70.8836
70.8849
70.1488
70.8594
70.1558
70.4943
70.1356
70.0311
69.8484
70.2952
70.183
71.1239
69.9515
69.06
69.6481
70.0092
70.3187
71.6064
71.7892
72.1292
72.0828
72.0736
72.7084
71.6883
71.3391
71.7137
72.1015
71.2192
71.8754
71.2076
71.0856
70.7032
71.221
71.0316
69.7933
70.0754
69.9465
70.5603
71.1998
72.2591
70.7614
71.1645
69.974
70.5201
70.0412
69.8938
71.2767
71.2628
71.5039
72.3488
72.0368
71.8227
70.9571
71.0044
69.6698
69.6704
70.6853
70.4642
69.7924
70.1285
70.1116
70.0472
71.0016
70.7839
69.9379
69.9783
71.1041
70.5217
70.4119
70.5073
71.0763
70.6519
70.2731
71.1382
71.9074
70.8401
71.7375
71.7967
71.6453
72.5372
72.0093
72.708
71.956
70.478
70.294
69.6552
69.8014
70.0282
71.2418
69.4042
69.273
68.8072
68.3345
69.6258
69.5606
69.6816
68.936
68.9389
68.5402
69.3571
69.512
69.8997
70.465
70.6389
70.8929
71.0128
69.5234
68.9272
68.9235
70.3357
70.5089
68.9723
69.6928
70.6103
72.4078
72.372
73.1976
72.6424
72.0577
71.7565
71.2769
72.0292
71.6214
70.0166
69.829
69.6326
70.7341
69.5521
70.0422
69.3885
69.8258
70.5073
70.142
69.2152
69.2615
69.6253
71.1065
70.8286
70.0751
70.7325
70.7494
69.7868
69.6849
70.177
70.9961
71.2273
69.9379
69.3457
69.757
70.1039
70.2708
70.799
71.1737
70.7706
73.0195
73.5418
71.4981
70.0469
70.3294
70.9414
71.4359
71.7395
70.5295
70.5012
70.5543
71.1351
71.2771
70.279
71.2316
71.4326
70.4484
70.0872
69.9799
70.7719
69.7991
70.1265
71.2221
70.8929
71.0911
70.9894
69.9388
70.3522
70.0771
71.4948
71.7476
70.9195
70.3233
70.2446
72.1506
72.1497
71.5167
72.4023
71.258
71.327
70.6917
71.3046
71.6265
71.5285
72.1969
71.9552
71.6987
72.948
71.8053
71.6676
71.6668
71.0845
71.6113
72.5432
71.6119
70.8716
69.9454
70.7242
71.5146
73.0501
72.7797
72.5562
72.3654
72.2339
71.9031
72.5427
71.1851
70.4252
69.8494
69.8607
70.3582
70.3885
70.6316
70.953
70.7558
70.596
70.7792
71.8472
71.8205
73.2128
71.3279
71.5063
72.229
72.6766
72.4865
70.7432
71.5909
72.2154
71.4845
70.925
70.2735
70.2619
70.2645
71.1327
70.9087
71.1884
70.4209
71.4589
71.5308
71.0548
70.8368
70.872
71.7661
71.1617
70.7704
70.3212
70.9344
70.9318
71.1856
71.2949
71.0014
71.0233
70.3113
72.1395
72.5357
71.7544
71.257
70.4729
69.9717
70.3546
70.3611
69.1705
69.9806
70.2527
70.1837
71.012
70.0571
70.7571
72.2285
71.1063
70.4849
70.152
70.6031
70.9695
71.9612
71.2468
70.832
71.5885
72.1064
70.4032
70.8114
71.6882
70.1784
70.9274
69.7214
69.8476
70.3877
70.4385
70.9995
71.1008
71.1898
70.7452
70.9643
70.8889
70.9954
70.8292
71.2674
71.7793
72.7174
72.1134
71.1945
70.2627
69.3894
69.19
69.3619
70.1027
68.6929
69.4818
68.7424
69.529
70.1476
70.2768
70.356
69.2714
69.9533
70.3431
71.1027
71.4991
72.1288
71.6735
70.5679
71.6506
71.3108
72.1067
72.7462
71.6738
71.4739
71.7361
72.156
72.5493
71.2838
71.1163
70.8473
71.7282
71.9868
71.6278
72.3806
72.6677
72.04
70.9115
70.3951
70.1859
70.4777
70.8047
69.6124
70.3625
70.9051
71.2403
71.7862
72.104
71.4438
72.6852
71.5331
71.5626
72.6649
71.9138
71.4637
71.1326
69.8591
70.3475
70.4756
70.9585
70.9758
70.8096
70.8864
71.4601
70.7608
71.3862
71.2758
71.0734
70.57
70.8833
70.8874
72.4072
73.3092
71.456
72.0677
71.0195
71.662
71.3205
70.6619
70.6899
71.8283
71.6977
71.7224
72.3746
72.4151
71.9926
72.3515
70.7441
71.1842
71.755
71.7215
71.8639
71.3808
72.3988
72.0424
72.0551
70.0324
69.8403
69.8194
69.7281
70.0891
70.1219
70.7559
70.7362
70.7324
70.5723
70.474
70.681
69.746
69.9468
70.3169
70.4716
70.3815
70.3881
70.5497
72.0368
73.2088
73.9957
72.9993
72.1548
71.7476
71.3482
74.0355
74.2461
71.4687
70.2652
69.368
69.3993
69.9575
69.2172
69.5714
69.4746
68.4143
69.5784
69.8103
69.8193
69.3735
68.7849
69.3705
69.9876
71.5692
72.793
71.9551
72.2154
72.5015
72.8042
71.2203
71.3846
72.2018
71.5216
70.357
71.4153
71.6238
70.4473
70.7742
71.6653
72.2211
71.5888
71.3784
72.431
71.5432
71.976
70.0613
70.3247
69.6669
69.9989
70.1213
70.7354
69.9278
70.6208
70.3433
70.9933
71.0144
71.3246
72.0347
71.7156
71.3708
71.8201
71.4311
71.4596
71.1533
71.0923
70.6385
70.5874
70.092
70.0348
69.9024
70.0424
69.4295
69.2557
70.0992
71.5879
71.2682
71.6526
71.5644
70.8084
71.3442
70.6206
70.6694
70.7753
71.207
71.6977
70.9626
69.9871
71.0736
70.7058
70.3375
72.122
71.5468
70.2929
70.2542
69.8855
69.7682
69.7868
71.6139
72.572
72.6003
71.8362
70.9526
69.7676
69.6904
70.3155
70.9131
70.7307
71.6946
71.5924
72.6699
71.7761
71.1176
70.6559
69.5617
69.5054
70.7118
70.9857
70.5989
71.288
70.8399
70.7001
70.0531
70.3116
70.3534
71.3199
71.4952
71.9797
70.5846
69.7198
69.3583
70.4654
70.4504
70.7201
70.7067
71.0443
70.7238
69.6973
69.5853
71.5813
70.6553
70.9854
71.5897
71.2056
70.6966
71.2801
71.3788
72.3658
71.5804
71.0417
71.7838
70.7952
69.8135
70.0669
69.6581
69.7225
70.458
70.9884
71.5151
71.4736
71.0316
70.388
70.5856
70.6353
70.0627
69.9584
69.4874
69.6954
70.8528
72.3814
72.2889
71.8081
72.2865
72.5521
70.9137
70.2087
69.7744
70.1819
69.9956
69.9447
70.3302
70.856
69.7361
68.7695
68.7736
68.9834
69.0596
69.8464
69.9208
69.597
69.5286
69.9037
70.6132
70.471
70.7955
70.3775
70.0095
69.4416
70.6855
70.0125
70.1092
70.2307
70.4033
70.385
69.9403
70.3097
70.4573
70.3535
69.4563
70.2839
70.0947
69.9336
69.5198
68.8046
69.9387
70.4993
70.1226
70.5702
70.2027
70.3902
71.1416
70.8695
71.0955
70.1025
70.2338
69.9771
70.3666
70.3146
70.6862
69.7227
69.6101
70.9035
71.4157
72.4379
71.6409
71.1069
70.5316
70.2252
71.1119
70.8499
72.1629
71.2897
70.2471
70.9541
71.5045
72.3587
73.4698
72.152
70.7814
70.0104
69.1498
69.6807
70.3425
70.531
71.7995
69.7366
70.5473
70.3585
70.3829
70.9775
71.3656
71.859
71.9888
72.2959
72.042
72.5098
71.8621
70.5094
70.3295
70.5045
70.1077
70.1867
70.3256
70.1007
70.0297
69.6675
68.9166
69.4014
69.3048
69.4979
69.8371
69.3252
68.4627
69.532
69.8454
69.0157
69.6237
70.9519
71.5399
71.7247
71.5211
71.4425
71.0125
71.1286
71.4324
71.3935
71.4757
71.2029
71.8048
72.1904
71.0144
71.562
71.5788
71.8357
71.1713
71.5876
71.3765
71.6163
71.4036
71.6206
71.3382
71.3117
70.5187
69.7705
69.3252
70.2341
69.2495
70.2103
69.493
69.6606
70.4692
71.8728
70.672
69.9523
71.3574
71.8554
71.3887
71.5389
72.8811
72.5688
71.0792
70.4019
70.5564
70.9196
71.8423
70.8903
70.9433
70.6576
71.1509
71.2825
71.151
71.5564
71.0743
71.5568
71.5847
70.9304
71.4353
69.9421
69.6003
69.5822
70.1713
70.1137
70.3512
71.039
71.2801
71.0037
71.1093
70.4489
69.872
70.9604
71.6184
70.6316
70.4957
70.5881
71.0984
70.2464
71.1581
70.6893
71.6065
71.0238
71.3833
71.6121
72.4709
72.8628
71.8489
71.6986
71.4755
71.78
71.8919
71.9615
71.4254
71.0839
71.8209
72.046
71.4506
71.2852
70.6293
71.1253
70.2004
71.6121
70.9655
70.2979
70.1462
69.8934
69.4463
69.5106
70.1798
71.0586
71.6807
72.1247
72.6346
70.1078
71.1822
72.4746
70.9556
70.4361
71.0318
71.1471
71.712
71.8758
70.7253
71.0766
73.2308
72.0865
72.5628
71.4119
70.7889
70.2442
71.2893
72.3989
72.5692
72.7636
71.625
72.7122
72.4999
71.8766
70.6204
71.3845
71.0287
70.4446
70.5947
71.5956
70.1859
69.9328
71.3854
71.1966
72.1766
70.5861
70.7416
70.3639
70.2778
71.9096
71.0966
70.4651
69.5832
69.6042
69.6109
71.0143
70.06
70.7302
71.1857
70.1243
71.3517
71.5253
72.0054
71.1629
70.6756
71.779
71.394
71.1718
71.4077
73.0187
72.2094
73.1031
70.9278
70.5363
70.8129
70.8909
70.088
69.8241
69.4795
70.774
70.381
70.5445
71.177
70.9633
70.1991
70.4344
69.5923
70.1065
70.8707
70.2872
70.7802
71.252
70.7037
72.2236
72.4061
73.4169
73.4876
71.5605
71.7618
71.4701
70.3049
69.2715
69.7605
69.5226
70.2536
70.8531
71.6998
72.2887
71.7605
71.3353
70.504
70.354
70.6956
70.101
70.6215
71.1105
70.812
70.8963
70.5386
70.6259
70.0844
70.611
71.1203
70.3285
69.7317
70.5568
71.2153
70.7277
70.9709
72.3579
71.337
71.2112
70.5273
70.9899
70.7353
70.7056
71.4153
71.866
72.742
72.4907
72.3194
72.5597
72.5265
70.9482
71.3265
70.7552
70.9274
71.2276
71.2374
70.5789
70.0659
69.675
69.0996
69.9303
69.8926
70.2803
72.3792
71.3904
72.0454
72.1835
71.4174
72.3391
71.6287
71.1592
70.4317
70.8556
71.1367
70.1754
70.787
69.489
70.4964
70.6766
71.5123
71.5681
71.1329
70.8724
69.845
70.3924
70.7077
70.8849
71.4321
72.406
71.5313
70.8272
70.8482
70.5609
69.8709
69.8216
71.2258
70.1513
70.2586
70.0524
70.3522
70.4006
71.1789
70.6416
70.3573
70.891
70.8561
70.4288
71.1406
70.3748
70.1033
71.0722
70.6355
70.1155
70.6249
69.796
71.8959
72.0831
71.0326
70.9128
69.5533
70.3743
70.7769
70.3153
70.4843
70.8542
71.6006
71.7881
72.042
72.4368
72.7029
72.179
71.5441
71.1914
70.0341
70.9058
70.4866
70.5312
70.4894
68.6757
68.3996
70.1347
69.4595
69.9279
71.0226
70.9168
69.9811
70.5719
70.0375
69.8704
69.7062
70.7527
70.0638
70.6994
70.4146
71.0935
71.1775
70.9847
71.1734
71.0693
71.2237
71.5989
71.1544
70.6794
71.1316
71.0861
70.0731
69.6948
69.839
69.8095
70.9766
70.9562
69.9944
69.7882
70.1952
69.3076
70.1387
69.2578
69.3492
69.6262
70.5642
69.5045
70.0953
70.7656
70.5283
71.3161
70.4187
70.7241
70.4219
71.5115
70.2438
70.9211
71.288
71.2362
70.6585
70.1734
69.9288
71.7278
71.6471
71.1617
70.958
70.7101
70.7545
69.9567
69.7842
71.5283
70.9709
70.8377
70.131
69.7945
70.3705
70.5619
70.5406
70.26
70.7537
69.9291
69.7628
69.6028
69.5307
70.3479
71.0784
70.5513
70.767
70.5366
71.0947
71.0204
70.9796
70.496
70.7524
70.2369
71.5091
70.9172
70.8604
70.7406
70.8619
71.6571
71.0223
70.7942
71.2322
71.0365
71.5572
72.0104
72.467
71.7672
71.2525
71.1426
71.7437
70.6376
71.0624
70.8608
70.8303
71.6701
71.6217
71.5263
71.8945
71.6786
71.5127
70.9663
70.9982
71.3782
72.457
73.0129
73.9664
75.206
75.3346
75.047
76.352
76.2612
77.8668
77.3385
77.4333
79.3919
80.7339
81.1738
78.9162
76.8953
75.7846
74.7694
73.1377
73.7659
73.0103
72.6851
70.9046
70.3539
70.5653
71.2503
70.1109
71.4662
71.4042
70.7547
70.8343
69.5308
70.3782
70.3618
69.9683
70.4068
70.5275
71.0153
69.6313
71.1919
70.9764
71.3135
71.9398
70.7245
71.4232
69.9261
70.132
70.5481
70.683
69.3463
69.314
68.8452
68.4107
68.0834
68.4076
69.7418
68.2285
68.25
69.7742
71.1875
70.4896
71.4102
71.7534
70.7521
69.8782
70.0724
70.0778
69.6883
70.7255
71.0026
70.9448
71.5195
71.4369
69.6341
69.489
70.114
70.4726
70.2308
70.3308
69.9362
71.1034
71.5548
71.458
69.9193
69.374
70.1611
70.9165
70.6896
70.1036
69.9667
71.2258
69.7251
70.3411
70.4892
69.3303
69.8416
69.5414
69.14
68.8647
69.0473
70.2562
69.5976
69.3671
68.7901
69.0328
68.9966
68.9496
70.1705
69.8969
68.3582
67.6686
68.0219
68.0851
68.325
68.1395
69.6346
69.5622
70.1718
69.4321
69.41
69.461
70.1788
70.4702
68.9466
70.1159
69.0936
69.7262
70.5569
70.7907
69.8147
70.1295
69.0289
69.3362
69.8992
70.8878
71.5736
71.4522
70.9392
70.8982
70.451
69.7888
70.1816
69.7026
68.4108
68.1592
69.6051
68.467
68.8265
68.9143
69.1318
68.9203
68.589
68.902
68.3499
69.4343
68.7221
69.6998
69.9209
70.7183
70.3426
71.5659
70.6513
70.4489
69.7257
70.1937
69.5709
70.2658
69.6003
69.3708
70.0674
71.1649
71.4135
70.9374
70.741
70.8592
70.848
70.7352
70.2632
69.6697
68.9937
68.8177
68.8558
69.045
69.7612
70.3469
71.1749
70.8249
69.5929
69.005
69.6325
69.4074
70.0066
68.643
69.6853
69.9023
70.5789
71.104
70.8477
70.7007
71.491
71.1549
70.7753
70.2695
70.2537
69.3448
69.5062
69.9502
69.9717
69.2816
69.9729
70.9804
70.5897
72.0517
71.5365
70.6224
69.7299
70.4466
69.8997
68.7987
68.7546
68.6404
69.4038
69.7148
69.7285
70.0754
69.9012
70.8095
70.3392
69.716
68.1718
69.4114
70.2979
70.616
70.2268
69.7082
67.7863
68.308
68.9592
67.7731
67.072
67.4524
68.4241
68.4722
68.2025
68.7315
69.1952
69.0803
68.6882
69.3413
68.831
68.7415
68.8487
69.0017
70.7732
71.059
71.1414
70.0577
70.7262
70.2863
70.6874
71.5807
71.7529
71.442
70.1989
70.2441
71.0116
70.8792
70.5646
68.3999
69.7685
69.4944
70.1401
70.1403
69.7973
69.9372
69.2115
69.4953
69.4425
71.1923
70.8935
71.5596
71.6951
70.5136
70.0759
70.8451
69.961
69.2647
69.6038
70.2123
70.4096
70.1759
70.5399
69.9887
69.6049
70.6213
71.9133
71.6936
70.7556
71.8288
71.0473
70.6035
70.237
70.0296
69.7923
69.5329
70.0139
69.221
70.0266
70.0847
70.8381
68.977
68.7911
68.884
67.4981
67.9338
68.5424
69.8514
70.0668
71.1771
70.8216
70.1467
69.9065
69.4499
68.5246
69.4335
69.3031
69.9279
69.0765
69.3863
69.2914
68.5665
69.3024
69.2642
68.7483
68.4949
69.6994
69.2066
69.2455
70.4142
70.707
71.2408
70.7854
70.1872
70.1667
69.5662
70.2314
71.0445
70.8025
70.4439
69.8279
69.4939
69.8092
69.7542
70.2221
71.2666
70.8513
70.9692
69.9823
70.4142
69.1636
69.4592
69.6661
68.8329
69.721
69.0836
69.3503
69.5376
70.0111
69.6847
69.4066
69.1464
68.9743
69.875
70.5649
71.5023
71.8587
70.7015
71.2446
71.4727
71.4028
70.6158
69.3996
69.8577
70.3613
71.0004
69.9263
69.8808
69.7507
69.8452
69.7208
71.2737
71.002
72.0588
70.4931
70.2749
70.0053
69.1611
70.0154
69.7428
70.3981
70.1887
69.981
69.7771
69.0167
69.0009
69.8556
70.7876
70.3274
70.2337
69.8857
70.3787
70.1437
69.6356
70.1567
69.5847
69.909
70.7398
69.3948
69.2957
68.8044
68.4431
69.6993
69.2324
70.2411
70.4736
70.6012
70.2507
70.5345
69.9171
70.4792
68.7463
68.5432
68.9819
68.4088
68.3882
70.3564
71.3178
72.5859
70.5206
71.1266
72.6607
71.348
72.1624
71.1254
70.3117
70.6863
69.7953
70.0452
70.2048
69.7241
69.1796
68.9274
68.2706
68.8161
69.9703
69.9054
70.2955
70.2646
70.5122
69.3826
70.8254
71.2128
71.5518
70.9383
70.0354
69.0014
69.2748
69.3073
68.8104
69.5362
68.1977
68.1224
68.8473
69.3475
68.658
68.5187
69.6006
69.7127
70.2369
68.9324
69.4997
69.3718
70.1045
71.6071
72.4331
72.3355
71.5268
71.8485
71.6115
71.572
72.3671
71.7266
71.8812
71.2037
72.0246
70.6322
71.7149
71.2581
69.0752
69.2327
70.1045
70.6087
70.1297
70.5938
71.1926
69.5436
69.5774
69.5839
69.33
70.4697
69.9508
70.7598
69.9444
69.8632
69.9839
70.3449
70.1753
70.9975
69.1398
68.9267
69.4074
70.2706
69.9532
69.7162
70.4246
70.3627
69.1254
68.4486
69.3646
70.0915
69.553
69.4951
70.9264
71.2365
70.8192
70.3849
69.7808
69.8377
68.7556
68.8577
68.7216
68.826
69.0105
69.2569
69.3923
67.8058
67.9905
68.2559
68.002
69.3762
69.8882
69.0833
70.4386
70.5626
69.6751
70.694
70.3487
70.6333
71.3811
71.1561
70.4162
70.4843
69.5167
70.3442
71.5403
71.1559
69.7093
70.6351
69.2201
69.442
69.706
68.7125
68.4596
68.6299
69.003
69.356
68.5116
68.1313
67.6367
67.7983
67.8808
69.0989
70.1881
69.2788
69.5136
70.1273
70.2861
69.9279
70.1624
70.3083
69.4233
69.4672
70.0758
69.9595
69.2024
70.1795
71.211
70.5928
69.948
71.2048
70.3794
70.0726
69.3653
69.663
69.3965
70.1048
71.146
71.7195
70.9629
71.3799
72.2105
71.9003
71.4385
72.2218
71.4891
70.6476
70.3889
70.7868
70.1628
70.3057
70.4374
69.8073
69.5404
69.2792
69.684
70.0843
70.4777
69.8678
69.4892
69.5718
69.2693
69.34
68.5998
68.6638
68.435
70.0146
69.6116
69.1888
68.856
68.7994
68.0838
68.5902
68.9891
68.5237
70.111
69.407
68.7352
69.4881
70.4149
71.0493
71.1931
70.9789
70.0223
71.3772
71.5159
71.4613
71.5787
72.0234
72.5622
71.607
71.8863
70.1805
70.5083
69.3167
69.3685
68.8627
68.952
69.6879
70.108
69.5969
68.4536
70.0068
69.6949
69.1582
69.2887
69.8356
70.5711
70.2426
70.8609
71.0956
70.6197
69.8909
69.4717
69.9127
69.0846
68.4858
69.3951
69.2642
69.2194
68.4062
69.2865
70.1149
70.3986
70.5272
71.0376
69.7329
70.2453
70.2452
69.9006
71.0411
71.9014
70.5894
70.3422
70.3971
70.8908
70.5605
69.6378
69.239
68.3661
68.6792
68.9388
67.8945
69.1479
69.5547
69.3364
69.411
69.068
69.7029
70.7614
70.5999
70.4333
70.0242
69.8006
69.0451
68.4317
69.4399
69.7182
69.2876
69.5295
69.6454
69.6738
68.5471
68.9776
69.7953
69.9477
70.2344
70.9135
70.7297
70.6091
70.7934
70.0606
70.054
70.4003
70.1957
70.1675
69.6426
69.6665
69.8976
68.915
69.5904
70.2605
69.2966
69.3368
69.95
70.1918
69.9116
70.1823
71.417
70.4236
69.9236
70.4092
70.6956
69.6628
69.7671
68.8363
70.7046
71.5507
71.5535
71.5497
71.1079
70.6907
70.2832
70.2745
71.597
70.214
70.054
70.1495
69.0244
68.0456
68.2242
68.935
70.6428
70.0913
70.1476
68.5087
68.6979
68.7092
68.4325
69.1717
68.7192
69.2769
69.0382
69.3682
69.8234
69.8747
70.4277
70.8852
71.175
70.5848
70.836
70.5405
69.2439
69.9481
70.2322
69.8097
70.7319
70.2374
70.9941
70.7686
69.1665
69.849
70.4391
69.6314
69.5262
68.7226
68.7687
69.6291
69.6422
68.4627
69.8744
70.5387
70.453
70.9381
70.4089
71.3953
71.7001
70.7073
70.0052
70.2093
70.2041
70.6117
71.9651
70.7461
70.1661
69.2619
68.3974
68.9665
69.2507
70.6494
70.2122
70.1261
68.942
69.141
70.5825
70.6163
69.9366
70.4137
69.0176
69.96
70.268
71.4312
70.8417
69.9258
70.1846
69.6964
68.8247
70.2932
69.5014
69.2927
69.2252
69.0886
70.4572
70.8836
69.8927
70.7548
70.7415
70.8426
70.8297
70.8998
70.3573
70.6372
70.3092
70.0036
69.6383
69.7661
70.0203
69.7579
70.759
71.1959
70.9047
71.4412
70.7668
71.099
71.1199
69.6695
70.5052
69.792
70.0002
69.542
70.7706
70.4504
70.9738
71.1774
70.8224
70.0207
68.3819
69.4748
68.3513
68.5217
69.0062
70.1516
69.8837
69.5952
69.5155
69.0233
68.9071
69.2593
69.0608
69.638
68.8201
68.9569
69.4135
69.4067
70.2756
70.458
69.4365
70.465
71.0011
70.5765
70.6884
71.0356
70.1041
69.5997
69.3709
70.1859
69.6154
69.3387
70.022
69.7579
69.5935
69.4267
69.0588
69.7016
69.1532
68.3352
68.9307
68.2961
69.1316
68.977
68.1997
67.0636
68.7895
69.2782
69.674
70.8347
69.5198
70.1269
69.9398
68.9309
68.9958
70.5613
70.6556
70.3881
70.7536
69.4672
69.7864
69.9002
68.9669
68.6011
69.0052
69.4116
69.6848
67.8175
68.8079
68.6238
68.0241
69.0457
69.0515
68.3257
68.9557
68.578
69.2111
69.6437
69.7645
69.4958
69.3111
70.6024
69.6018
70.1626
69.0842
68.8284
68.9619
69.1996
69.7837
70.5764
70.7174
69.6462
70.3748
69.733
69.0497
69.3293
68.9117
68.3762
68.9435
69.2876
68.9641
69.3737
69.3625
69.5842
69.0152
68.9434
68.9286
69.3701
68.8207
70.2423
70.1672
69.3019
70.1534
70.7183
70.9464
69.6903
69.4388
68.0256
69.4928
69.6853
70.257
70.0772
69.5803
69.5373
69.6704
70.4954
69.2847
69.7732
70.7306
70.8399
69.5939
69.5611
69.3759
70.1604
70.5726
70.1078
71.0982
70.5087
71.0615
70.0763
69.3847
69.5858
69.581
70.139
69.6713
69.3388
70.8184
69.669
69.9318
71.8134
70.9619
72.495
71.4354
70.1062
68.4964
69.1155
69.7889
70.0052
70.1654
69.6622
69.5671
68.6248
68.4333
69.0849
68.994
69.9443
70.6148
69.7304
69.7752
70.0919
70.1213
70.63
71.1372
71.2619
70.0712
68.956
70.2498
70.7205
71.539
71.5608
70.857
70.8303
71.708
71.3305
71.474
71.0595
70.8013
70.728
70.9085
70.684
70.7534
70.0124
68.7614
69.5879
68.7692
68.5607
69.0314
69.1973
69.4872
69.33
70.6115
71.9279
71.1918
70.8001
68.7426
68.355
69.8111
69.5416
70.7792
71.0154
69.9515
69.6518
69.3077
69.3206
69.3537
69.295
68.852
69.9198
69.5018
69.2605
69.8111
70.0983
70.7053
70.8887
70.5583
70.4651
70.3925
70.0509
70.005
69.2561
70.3231
70.8764
71.818
70.7573
70.9454
70.0382
70.0479
69.618
68.7425
70.1906
70.4985
71.1486
70.3871
70.1806
69.7418
69.5326
70.2381
70.2618
70.8233
70.3447
70.4553
69.3026
70.424
69.2885
69.3516
68.6487
68.786
69.2946
68.8978
68.5793
69.2975
70.1748
69.3926
71.0383
71.3303
71.3779
72.0333
71.1755
70.4509
69.5649
69.0607
69.1408
70.4243
70.7198
69.6214
70.28
70.3948
70.3274
69.8306
69.6077
69.9633
69.6996
69.4948
69.8173
68.9671
69.1886
68.2567
69.2241
70.1039
69.6757
69.0099
68.8245
68.8037
69.5827
69.2835
69.1029
68.6631
68.5227
68.3774
69.3771
70.0468
69.8227
70.2819
70.0909
70.4873
71.5661
71.3188
70.8221
70.0266
70.7667
69.5009
69.4082
69.9738
69.8469
69.2263
69.33
69.3528
68.8225
70.7175
69.9597
69.1434
69.048
68.5513
69.2736
69.0531
68.4775
68.945
68.8597
69.7043
70.8574
70.082
70.5767
70.1742
70.6211
71.0646
70.3717
70.1675
69.2395
69.7867
70.3864
69.7468
69.3243
71.2475
70.1927
70.8279
70.709
70.0061
69.8023
70.2687
69.5319
68.5368
68.1955
67.8395
68.5126
69.1511
69.6533
69.7812
69.2607
68.9433
68.8857
68.8581
68.1902
68.5343
70.1869
69.9084
70.4014
70.6414
69.8259
70.5539
71.9529
70.7728
70.3124
70.9403
69.8515
70.4123
70.805
70.9777
71.2513
71.0013
69.562
70.0429
69.5954
70.3655
70.5561
69.8519
69.1543
68.7684
68.8599
69.6726
68.4823
68.7684
68.7066
68.6604
68.8048
69.7192
69.6611
68.7528
69.5628
70.0751
70.2588
70.0049
69.8266
70.5296
70.2084
69.8271
69.1924
70.319
70.694
70.1511
69.4557
69.7533
70.5
70.9157
70.8629
70.6659
70.5722
70.0629
69.9558
71.2582
70.1363
69.69
69.9261
69.7749
69.9252
69.9804
70.7122
71.5955
70.9969
70.2254
69.5427
70.4876
70.757
71.5028
70.403
70.8805
70.0694
69.6856
69.3616
68.8087
69.6481
69.4601
68.4363
68.796
69.5631
69.0394
69.4036
69.2735
69.8406
69.0872
68.1604
68.8918
69.1342
69.7503
70.1939
70.3578
70.715
70.4994
71.1287
71.528
71.7131
70.7632
71.0343
71.3799
70.7733
71.1098
70.4553
70.8853
70.7964
70.1886
69.6942
69.6057
70.5429
69.9174
69.3161
68.9632
68.6911
68.6115
69.5264
69.6904
69.3177
69.2489
68.7961
69.5996
69.9614
71.4593
70.9467
71.0234
71.8884
71.7035
72.0469
72.3145
71.2315
70.7366
70.0955
70.7199
69.6406
69.8241
69.9476
69.8398
68.7452
70.3362
71.2419
71.2232
69.5036
70.1527
70.1145
70.3499
69.2839
70.5273
70.6452
70.0068
71.0223
70.645
69.8265
68.7915
69.9983
70.0389
69.7897
70.1288
70.5093
69.2781
69.6175
69.0241
69.5996
69.1704
69.4033
69.1661
70.0828
71.3452
71.8793
70.6794
70.5381
70.4479
70.5553
71.0575
70.6976
70.1081
69.8909
70.0303
69.9459
70.4764
70.3487
70.0362
69.3096
70.1557
70.148
69.5996
70.7525
69.5212
69.9406
69.6991
69.497
68.53
68.9076
71.117
72.3124
70.1963
70.3596
70.1268
71.0909
71.0598
69.9931
69.8443
69.5968
69.9576
69.8997
68.9699
69.7088
69.0453
69.7355
69.7826
70.3781
70.3793
69.6216
70.6742
71.3143
70.5181
69.6234
69.229
69.3462
69.2642
69.341
69.8298
69.9699
68.423
68.3741
68.4432
68.4682
68.9923
69.4466
69.8063
70.8589
69.3736
69.8178
70.4355
71.0595
70.1004
70.6638
71.0514
71.2017
70.1213
70.4444
69.1072
69.3834
68.7233
69.1083
68.7187
69.8929
70.4051
71.0679
70.7112
70.1692
70.3486
70.8105
70.1799
70.6247
71.1703
69.9517
68.9448
69.0679
68.3445
67.8871
68.7416
69.5069
70.4213
70.7298
70.671
71.0726
70.4987
69.7864
70.436
69.5839
69.5581
70.548
70.4152
70.6195
71.1649
70.2912
69.981
69.6435
70.6444
70.4217
71.6275
72.2035
71.21
71.2878
70.5822
70.6503
70.314
69.7434
70.4757
70.8068
70.5027
69.1428
69.1124
69.4068
70.0717
70.5356
71.4453
68.6009
69.1757
69.0005
68.5269
68.1376
68.8985
69.5956
69.8269
69.9649
69.2815
69.0184
70.6943
70.1964
71.0208
71.0643
70.6307
70.3154
69.8407
68.3134
68.3091
68.3202
68.7606
69.3092
69.6865
70.5405
71.4278
70.8731
70.6556
69.5802
71.9294
72.3415
71.3701
72.0624
70.7806
70.5856
70.1492
70.3899
69.7701
69.6362
69.2763
70.2157
69.689
70.8571
71.6548
70.4813
70.4281
70.1835
70.013
70.8517
71.0281
70.7117
70.1403
70.506
70.5022
70.8762
69.9226
69.1286
69.6708
69.9712
70.2965
69.2082
69.7271
69.3122
69.1869
69.9761
70.1811
70.7018
71.429
70.8222
71.3349
73.3895
70.8812
70.4932
71.0968
70.507
69.5866
69.7255
68.6613
67.3969
67.651
69.3665
68.8563
69.2085
69.9982
70.3425
69.1914
69.1685
68.9121
70.07
72.0871
71.3838
70.7664
71.2955
70.5011
70.6934
70.1314
69.7116
69.902
69.6715
69.8298
69.7697
69.2412
69.184
70.2137
69.3726
69.1995
68.6769
68.706
68.5351
68.8807
69.2786
70.2572
71.0993
70.3396
69.6947
70.6273
70.4262
70.1201
68.7624
68.6688
68.5027
68.9988
68.2096
68.1107
68.8061
68.1478
68.8864
69.1147
69.6493
69.3107
70.5935
71.0109
70.9009
70.7594
69.9694
69.993
70.0522
69.6236
69.9771
69.3186
69.1856
69.2261
70.13
70.433
68.8308
68.9378
69.6681
69.2489
70.0859
70.261
69.3201
68.8623
69.3734
69.5258
70.6013
71.2153
70.0139
69.6646
70.8516
69.7348
70.0997
69.8279
71.2293
71.0326
70.6068
70.2165
70.0535
69.8019
68.9971
69.8305
69.9856
70.1895
69.65
69.5673
70.0455
69.3404
68.3501
69.0962
69.4413
69.8779
69.9058
69.6132
69.1806
70.0887
70.4475
69.5986
68.2202
69.4234
69.7225
69.6331
69.1793
69.4268
70.3074
72.0473
70.7574
69.4259
71.5076
71.8363
71.0623
71.5742
70.9845
71.4295
70.887
69.8535
69.9404
69.8251
69.7176
69.4494
70.3062
68.5955
69.2032
69.2658
69.5773
71.0734
70.6894
69.8536
70.3873
70.4991
70.6379
70.6291
69.9591
69.6254
69.8982
69.508
69.6146
68.6087
70.0548
69.4124
69.6265
69.9673
69.239
70.1121
70.9635
70.7961
70.0143
70.0026
69.3171
69.8123
69.2925
69.8919
70.8059
70.4327
70.8939
70.0268
70.2608
71.2194
71.8689
70.875
71.0047
69.0234
68.6385
69.9125
70.3587
70.0666
70.7073
70.4739
69.9826
70.5501
69.4109
70.2532
70.141
69.6654
69.3808
68.9434
70.0811
69.9845
69.8122
69.1209
69.8529
70.1812
69.0833
68.4981
68.8085
69.1963
69.2254
70.1527
69.6183
69.1803
68.7402
69.4669
69.8741
70.1089
70.2783
69.884
68.4502
69.1185
69.6131
69.0469
68.3827
69.4415
70.599
69.8329
69.8299
69.2092
70.3297
68.2624
68.163
68.1316
69.0171
68.4481
67.5072
67.9133
68.0556
68.3739
69.4016
69.5469
69.6861
70.4021
69.8657
69.4671
69.7956
69.4455
69.0839
69.7613
68.4871
68.921
68.7416
69.0517
69.3379
69.4515
69.9187
69.8929
69.6858
68.9421
68.3562
68.8893
68.881
68.4427
68.5393
68.4729
69.3422
70.067
70.4875
69.6803
69.6767
70.098
70.4976
69.5142
69.2693
70.0136
70.5872
70.2006
70.086
68.9181
69.4342
70.0142
69.4218
69.7352
69.8849
70.2
70.8802
70.1021
69.7211
69.8571
69.6551
69.6542
68.4276
69.8528
70.4132
71.0343
71.2402
70.7592
69.3614
69.2621
70.3831
70.6653
69.6251
70.1983
70.1885
69.6693
69.1614
70.2145
71.1844
70.2442
69.204
68.7691
68.9563
70.4358
70.8581
70.5943
70.949
70.3895
71.9131
70.8349
69.4005
70.6534
70.1603
69.6684
68.2328
68.2947
69.2542
69.6663
69.667
69.5407
69.3018
68.8707
68.3122
69.4163
70.3113
70.4444
69.6761
68.8625
68.6553
69.1595
70.5494
70.1213
69.1591
68.9974
70.1283
69.7806
68.9889
69.7913
69.3695
68.9235
67.9116
68.6254
69.7015
69.3229
68.9343
69.0941
69.736
69.9235
69.8024
69.8268
70.4133
69.9065
70.1413
70.4614
70.5526
69.8189
70.4682
69.2279
69.9397
70.0828
70.0946
70.1756
69.1687
69.3868
69.9188
70.2173
69.9659
70.0124
69.9481
70.5438
71.1998
71.2609
71.0028
70.8204
69.818
70.2217
69.9994
70.062
69.5104
70.4688
70.8999
69.703
69.3465
69.7456
69.6084
68.5612
68.763
69.0568
68.9676
68.5757
67.7643
68.6898
68.1419
68.8085
69.7302
70.3109
71.3925
70.7765
70.5125
70.0388
70.3885
70.4498
69.7211
69.8988
70.8454
71.9112
70.2355
69.8048
69.5353
68.6129
68.5832
69.0352
69.4077
69.241
69.9926
70.8294
71.1767
71.793
70.8477
70.2074
70.3164
69.7175
68.7444
69.6939
69.2882
70.7786
70.1204
70.3454
68.625
69.0343
69.5645
68.4847
68.6524
68.7951
70.951
70.2555
70.9726
70.2413
69.7635
68.8418
69.2482
69.0098
68.9245
68.7768
68.0802
68.8158
68.5855
69.0019
69.7747
69.0704
68.2979
70.4792
70.3799
69.6262
69.7866
70.3133
69.6534
70.7792
71.3919
70.6719
69.885
69.9602
70.0089
68.7191
68.3686
69.2266
70.0781
70.051
69.6203
69.5881
69.3911
69.1825
68.5808
69.782
69.2779
69.2925
69.4133
70.7515
71.09
70.5002
70.8949
69.8437
70.2203
71.1478
70.4163
71.286
71.1322
70.6396
70.8615
69.927
70.4613
70.6102
71.077
71.6199
70.9193
69.8317
68.8612
69.6832
70.0837
70.5904
69.9411
70.96
69.7397
70.5209
70.5133
69.2734
70.6867
70.7184
70.5251
71.2019
70.0317
70.4895
70.4914
70.7503
70.9646
70.9581
71.4648
70.621
69.0557
69.5447
70.3856
70.6214
71.4293
70.4456
70.5013
70.5723
69.2903
69.3028
68.6603
70.2991
70.2386
69.6273
69.825
70.6377
70.6717
69.9519
71.1432
70.7505
70.6845
70.6794
69.3482
69.5297
69.1547
68.9036
69.1721
68.9053
68.509
69.586
69.278
68.8024
68.5826
68.3573
68.6539
70.4081
69.4427
68.5126
68.4626
69.3413
70.1254
69.6482
69.5146
69.8801
70.3798
69.8485
70.4174
70.7595
70.4376
71.6421
71.2279
69.4107
68.8707
69.3366
69.8648
70.7349
72.5212
70.9164
71.7407
70.7432
71.5493
71.1816
71.1911
70.9034
71.142
70.729
69.4626
69.7706
69.6908
69.4742
69.3759
68.6678
68.3491
68.3803
68.2166
68.0569
69.6207
69.2151
69.6184
69.6836
69.378
69.3431
69.332
69.6432
69.4181
69.835
71.6923
71.0774
70.9177
70.8529
68.9902
70.0849
71.2427
70.7975
72.0276
71.512
71.6543
72.3418
72.2175
72.2843
71.7522
70.8772
69.8819
70.0829
69.8256
69.0789
69.3464
69.5717
69.0923
69.3644
68.928
69.919
69.9979
70.5266
69.9934
70.9797
70.2854
71.6906
70.1494
69.6231
69.3553
69.6802
69.5552
70.0122
71.1257
72.1565
71.7393
70.8455
70.4913
70.1112
70.5379
69.8829
70.2942
71.7213
70.7683
68.9795
69.7589
69.2658
68.9634
68.956
69.9879
69.0878
69.456
69.4078
70.6508
69.8078
70.5125
69.8525
69.8151
69.2815
70.0344
70.5106
70.9238
69.4666
68.74
69.0011
68.1628
68.2735
68.8601
68.2589
68.4043
69.0839
69.6344
69.0592
68.5163
70.1847
70.8376
71.3435
70.4228
70.7851
70.8988
70.7541
69.9013
68.3575
68.033
68.7528
67.6078
68.1449
67.8197
69.0448
69.3125
69.9583
70.4015
70.3394
69.8051
69.8567
69.6638
68.855
69.8883
69.4335
69.2533
69.1834
68.8982
68.9212
68.6448
69.7221
70.0443
69.8207
69.8769
69.8435
69.5722
69.2236
68.9944
69.2055
69.9856
70.1527
69.9279
69.7585
69.1813
69.4045
68.9822
69.6922
69.5814
69.4698
69.0689
69.6799
69.8343
70.3398
68.7467
68.7348
69.5762
69.6796
69.2756
69.7699
69.2918
69.8749
71.191
70.7272
71.0236
71.2374
72.186
72.1759
71.5758
71.2858
70.4032
70.5852
69.2426
68.6798
69.6198
69.4675
70.0045
69.4986
70.9534
69.6172
68.9339
71.4347
70.812
70.9367
70.5848
71.1701
70.4241
69.0589
68.6616
69.0993
69.1559
69.9275
70.6686
69.2686
68.2588
69.5622
69.3071
69.8807
70.6664
69.3511
70.2884
70.3601
69.5894
69.7876
69.4284
68.8589
68.6446
69.9218
69.8441
68.8654
69.088
68.6683
68.0147
68.5257
67.2157
68.9074
68.8181
69.4494
69.4904
68.646
69.177
67.8799
68.4704
68.8123
69.7493
71.496
70.6022
71.2859
70.1944
69.034
68.9068
68.0247
68.2642
69.1765
69.6459
69.074
67.8537
68.1493
67.7512
68.8601
68.5715
69.4706
68.6135
68.8077
67.7684
68.5664
67.9351
68.1298
68.1223
68.3785
68.0637
67.788
69.0577
68.547
68.5713
68.4615
68.1876
68.4496
68.3944
69.1811
69.2861
69.2553
69.1576
68.9486
69.0223
69.0525
69.8513
69.4128
69.5757
69.1356
68.501
68.4594
68.8751
68.4862
67.6586
67.7438
68.05
69.2261
70.1368
69.1367
69.6012
68.8198
69.0529
68.9901
69.1967
70.2031
69.6862
69.5644
69.9141
69.8968
70.0086
70.5012
70.0995
69.4785
70.5305
69.7312
70.6787
71.9171
72.304
71.8072
71.7697
70.6015
70.9295
70.415
70.0267
71.0512
70.593
70.938
68.8248
69.2088
68.3797
69.151
69.7622
70.0751
69.745
70.0311
70.5704
70.3015
70.2456
69.9352
69.5646
69.4524
68.773
68.9109
69.6389
69.0326
68.7998
69.1258
70.0191
70.083
69.1588
69.1958
69.336
68.3787
69.0159
68.4137
68.0858
68.2499
68.6459
69.4043
69.6285
69.9407
68.089
69.0382
68.8682
69.3171
68.8205
69.0747
69.7919
70.0371
69.101
69.6844
69.3648
69.9505
70.2633
70.7929
70.9898
70.4568
71.237
69.5728
69.7451
70.0541
69.9825
70.0276
69.9355
70.318
69.1639
70.1018
69.7492
69.4896
69.3924
69.6288
68.8144
69.7977
68.9729
69.3878
69.3983
70.0729
70.0484
69.8062
69.5434
70.0979
70.6408
69.9435
69.8561
69.513
69.6631
68.9562
69.3953
69.715
69.5516
69.3749
69.3219
70.5943
69.2838
69.4551
69.9261
69.3622
70.533
69.4978
70.4201
69.1612
69.5826
70.0291
69.5319
70.2807
68.7081
68.4292
69.1606
68.0307
67.9003
67.9664
67.6086
68.3077
68.5986
68.9088
67.9264
67.5103
68.1831
68.1806
68.1378
68.2238
69.923
70.3264
70.1842
70.3429
70.53
69.1105
69.4745
69.7061
70.037
69.2763
69.6878
69.8607
69.3935
69.2699
69.6104
68.9795
68.2663
69.6832
69.2615
69.466
69.8448
69.4429
69.9004
70.0743
70.1372
70.1023
69.8197
69.4074
69.7487
70.057
69.3604
70.9481
70.4791
71.6289
71.6891
71.5404
70.8871
70.7964
70.4726
69.8929
69.5466
69.2635
69.718
70.4359
69.738
69.1056
69.0917
69.5764
69.2009
68.7917
70.2531
69.6035
70.297
69.6241
69.2594
70.2184
70.7607
70.8339
70.2984
69.3957
70.6757
71.0845
69.8787
69.6297
68.9569
69.7119
70.6114
69.7647
69.7694
69.4006
70.2704
70.0492
70.2531
70.6146
69.2567
70.5692
69.7596
69.1152
70.2722
69.8055
69.4845
69.2279
70.5596
70.8275
69.792
69.3274
70.6503
70.305
69.7944
70.2116
69.5811
69.2444
68.3531
68.6787
69.4942
70.2235
70.5839
70.4275
70.0825
68.7384
68.5909
68.3773
68.0764
68.0089
68.0465
69.2519
69.02
69.2378
69.2904
69.4728
68.4709
68.8252
68.7382
68.9224
69.2767
69.9037
69.1282
69.1034
70.0618
70.5011
71.7322
70.3672
70.2641
70.7395
69.3101
69.3553
69.8221
70.588
70.0841
68.8292
70.819
70.6932
70.4065
69.8986
70.0574
69.8026
69.6528
70.4327
70.8903
71.1664
69.7112
69.6191
70.2106
69.6173
68.931
69.3686
70.0517
70.0496
71.1775
70.6016
71.9606
70.4949
69.7142
69.515
67.7487
68.4945
69.0084
68.4445
69.1958
69.4049
68.6596
71.1777
70.1207
69.9373
71.0984
70.9159
70.6847
70.9522
70.5985
70.2011
69.3139
70.1478
70.199
69.8766
70.3509
70.0515
70.0321
69.8775
69.7588
71.202
71.3366
70.3081
68.7484
68.0854
67.4909
68.174
68.7525
69.1145
69.8437
70.1993
70.4169
69.1459
68.4313
68.6983
69.21
68.5262
69.103
70.2127
70.3355
70.0851
69.7947
70.5214
70.6836
71.7274
71.5562
70.0016
69.5096
70.2101
70.4109
71.0669
71.1491
70.5927
70.9116
70.1878
69.7728
69.9678
70.1808
71.0461
70.7995
70.2216
70.2841
71.2703
71.3586
70.4913
70.0884
69.5032
69.3602
68.5907
68.4506
68.5698
69.2493
68.61
68.5715
69.3411
70.6281
70.8656
70.1835
69.7828
70.1866
69.4501
69.7093
70.7369
70.4642
69.6154
70.3004
68.8776
69.0958
69.3131
70.1023
70.0615
70.2123
69.6817
70.2115
69.4666
69.7287
69.1584
67.8859
68.4763
68.2405
70.5241
71.7994
71.5636
70.3675
69.9233
70.0091
70.0751
70.0905
70.5321
70.8432
71.3167
70.7993
71.1355
70.0237
70.1597
69.7473
69.8412
68.6673
68.9216
69.2162
69.4904
69.2715
69.6302
70.7301
70.9666
70.3059
71.1299
69.5781
70.0745
70.4748
70.3678
69.4439
70.2853
70.6317
70.2729
70.8003
69.8558
70.0248
69.4025
69.1446
68.6239
69.7564
69.4387
69.4443
69.8003
70.3509
70.2428
70.481
70.201
70.1017
69.5884
69.4894
69.8383
70.3614
69.0583
70.4793
70.2711
69.0802
68.4491
69.9538
70.0525
69.4074
69.0212
70.0536
69.2261
69.1661
69.6483
71.1719
71.636
72.582
70.6871
70.7966
69.6385
69.3475
69.6547
68.5816
69.5799
69.932
71.1882
70.9675
70.364
70.204
69.7915
69.546
69.9674
70.6693
71.3354
69.4697
69.3713
69.5793
69.1354
69.1949
70.0986
70.4576
70.8633
70.5215
70.2959
70.4096
71.3003
70.6309
70.2479
70.091
69.4801
69.49
70.2875
71.4279
71.3812
70.6261
70.1172
69.1588
67.918
68.1506
68.2745
67.8746
69.4457
70.0568
71.2666
70.9967
70.7287
69.2371
69.3391
68.1731
68.5332
67.9689
68.3529
68.5063
68.9728
69.7156
70.0763
71.0314
69.943
70.4275
71.0953
71.5458
71.0196
70.5356
70.0193
70.7006
70.4373
69.212
69.7813
69.771
69.351
69.2611
69.7396
69.7022
68.5324
68.8194
69.3658
70.942
71.7523
71.6486
71.3231
70.9259
71.0665
70.3458
71.0138
71.2988
70.7689
71.0111
70.806
71.2837
70.7927
70.2256
70.4672
70.31
69.9454
70.3081
70.7991
71.3574
69.5252
68.4565
68.0852
69.5657
70.3149
69.5102
68.9962
69.3764
69.695
70.6465
70.3177
70.4844
69.1758
69.1821
68.9129
68.578
71.0899
70.5259
69.9257
69.0562
68.7657
68.6142
67.6809
68.4421
69.5108
70.6682
69.1489
69.1647
69.4969
69.2516
69.3248
68.3589
68.4858
69.1531
69.3695
70.2355
69.2343
69.726
69.2865
69.4685
69.5567
69.4499
69.7666
70.6943
71.3995
70.47
70.0388
69.9204
69.932
71.169
71.5851
71.9403
71.0686
71.0494
70.5476
70.8778
71.2478
71.0636
71.4758
71.9512
72.0263
71.7801
72.4219
70.8176
70.201
70.1459
69.6944
70.188
70.4007
70.0332
70.0598
71.4824
69.3825
68.9785
69.5911
69.4113
68.8359
70.0497
70.1395
70.0126
69.5496
70.3499
69.9656
68.9704
69.9686
69.0316
68.4389
68.1479
67.7033
67.4281
68.0737
70.0342
69.7535
70.5095
70.2904
70.408
70.8833
70.7839
69.9711
70.9061
71.1558
71.5035
71.5178
71.3763
70.1101
70.9566
70.2629
70.4338
69.3373
68.7799
70.2207
70.0887
69.9976
70.2604
70.2413
70.537
71.0226
71.5827
71.0884
70.6867
69.5534
70.4075
69.9119
69.6151
70.9641
72.1331
70.0484
70.2275
70.5163
70.3653
69.6141
68.9762
70.3413
68.5781
69.4827
70.6314
69.4923
71.0287
68.7027
69.8863
69.8211
69.0841
69.7832
69.6252
70.62
70.1306
70.002
69.9429
69.5837
70.0678
71.0166
70.8855
70.7752
70.3479
69.1037
68.4613
68.8924
70.1476
69.2005
69.2506
68.5166
67.9517
68.4854
69.0012
69.5058
68.4339
68.634
69.9835
70.1929
70.2191
68.9975
69.775
70.2682
70.6778
70.3271
69.1681
69.276
69.5108
69.718
69.1786
69.2764
68.7448
69.2872
69.143
68.199
69.4035
69.0651
69.2894
70.0563
69.6486
69.7203
69.2369
69.1099
68.3204
68.5639
69.2013
68.6017
68.6593
69.8483
70.4134
69.5637
70.076
69.4277
69.2132
69.5481
69.3746
68.707
68.9328
68.742
68.6144
68.7026
70.6035
70.6602
70.5853
70.5786
70.5755
69.4377
69.7718
69.4306
70.2241
71.3504
71.1831
70.3101
69.1409
69.8708
70.1064
70.33
70.4715
69.6766
70.1914
68.3906
67.6697
68.9203
68.5931
69.6638
70.7221
69.3493
69.1002
68.9305
69.1351
69.3177
69.2059
68.7024
68.5306
69.2912
70.5167
70.6305
70.219
70.4457
70.3014
72.3109
73.7095
71.8891
70.5844
69.9106
70.6432
70.0511
69.9909
69.1006
69.8014
69.6307
69.7731
69.8898
70.0636
70.4766
70.8052
70.1923
70.7932
70.0177
70.4068
69.2493
69.5497
69.9088
69.0631
68.9901
69.7744
69.9696
70.4183
70.8893
70.8008
70.7793
71.2992
70.7666
70.5952
70.6913
70.0294
69.6017
69.3391
69.6614
69.7878
70.1526
70.8508
71.0495
70.6969
71.2983
72.6712
70.5828
70.1544
70.5719
69.8359
69.7287
69.7557
68.5931
68.5419
68.091
68.6397
68.3433
69.459
70.0741
70.3648
70.3548
69.6455
70.022
69.4756
69.7761
69.9323
70.0701
70.1341
70.6709
70.4772
71.7581
71.8805
71.6936
70.0297
70.5328
70.259
68.9799
69.3395
69.3125
68.2782
68.4303
69.2127
68.646
68.4427
68.356
68.4511
68.9015
69.4422
69.3914
70.2263
68.7984
69.0446
69.5167
70.5256
70.6849
70.0925
69.08
68.5649
68.3969
68.8091
68.5902
70.3017
70.8648
70.4263
69.8812
69.4322
69.8756
69.5331
68.4111
69.0004
68.518
68.6969
68.4451
68.7897
68.1406
69.1155
67.4936
68.9122
69.5748
68.8887
68.1667
68.3797
68.6102
69.6436
70.4512
71.3576
71.7917
71.5378
71.1535
71.3123
71.2176
70.7701
68.7848
69.3043
69.8122
70.2741
69.1702
69.5739
69.9509
69.5296
70.0803
70.3597
68.8879
69.4235
69.2343
70.5109
69.1374
68.8314
69.4746
68.6663
69.9899
69.5635
69.3749
69.5761
70.1471
70.017
69.9375
70.4198
71.1934
69.2633
69.6108
68.6853
69.8103
69.7488
69.4434
69.9523
69.5717
69.7983
70.0085
70.74
69.8698
70.5773
70.6151
69.0405
69.0314
69.2689
69.677
68.6586
68.1527
68.9415
68.495
69.7197
70.1599
69.1284
70.0104
69.3469
70.0014
70.5507
70.8247
70.9092
70.3815
69.2811
69.4395
70.0353
69.4238
70.9057
70.0849
71.3025
70.4841
69.805
70.3627
71.1331
69.828
70.9016
71.8453
71.3077
70.63
69.8735
70.0258
70.1774
70.0887
69.241
70.8266
69.6979
69.9236
71.272
70.2318
69.2971
69.1696
68.9923
69.6633
68.7581
70.0998
69.8266
70.882
70.6242
70.0763
69.9914
68.7237
69.3421
69.3343
69.6105
70.3965
70.5643
70.2057
70.2769
71.0169
71.832
72.6902
73.3573
72.018
71.8552
71.325
70.6028
69.5412
69.0958
68.8405
69.3778
69.1363
69.7584
69.2494
69.7292
69.4087
69.6238
69.6277
68.8476
68.1609
69.8055
70.7246
70.0769
71.7676
72.3354
71.7635
69.3684
69.532
69.5774
68.4478
69.4503
69.9349
69.6165
69.9799
69.7581
69.5711
69.2029
68.9925
69.1841
69.2334
69.4356
69.7314
69.7653
71.2471
71.3364
72.9679
72.3987
71.5949
69.8482
69.8727
70.1689
70.8835
71.3442
71.379
71.0676
70.1239
70.4586
71.1585
71.0143
69.9939
69.7778
69.5788
68.9057
68.9964
67.8998
68.4903
68.6624
68.406
67.9768
68.6444
69.1091
69.4759
69.1954
70.3153
69.8139
70.1253
69.7249
68.813
70.1196
71.6756
69.9418
68.9538
69.4885
68.6757
68.5734
69.3663
69.5431
70.2814
70.4141
70.8013
69.7801
69.4113
68.3818
67.612
68.2872
68.1784
68.4671
67.6091
67.8854
68.9214
69.0399
69.9692
68.3892
68.174
69.1659
69.0087
69.5438
69.6949
69.402
69.3176
69.2628
70.516
70.208
70.4871
71.3198
72.3066
72.2803
72.9885
71.5052
71.3614
69.9814
70.464
69.8801
69.1479
69.93
70.3306
69.4562
68.9792
68.845
69.9605
70.0984
70.167
69.6432
70.3065
70.38
67.9892
68.7195
68.1086
68.703
69.2565
69.439
69.8789
69.1378
68.022
69.0056
69.3123
69.3898
69.0112
69.0721
67.979
69.7656
70.2135
70.4932
69.6723
70.7219
70.5739
70.4947
71.3935
71.4158
70.0796
70.0886
69.72
70.2358
70.2094
70.3466
70.724
71.0551
71.0707
70.0978
68.5338
68.8759
69.5811
70.7706
71.0284
70.5375
70.278
68.7636
68.2218
69.083
70.2407
70.2949
70.767
70.0659
69.6009
69.5744
70.3078
69.9563
68.9164
68.6253
69.3341
70.1164
71.223
70.2207
69.991
69.6922
69.6111
68.9516
69.3251
69.2453
68.7801
69.484
68.8946
68.8433
70.0256
71.1912
70.2846
70.743
69.7208
70.0222
68.1244
68.3683
68.0973
69.6781
68.8987
68.7273
69.445
69.1993
68.3279
69.2574
70.4771
69.4856
69.9459
70.9312
70.1301
69.6951
70.7981
69.8499
69.2576
69.4895
70.4601
70.156
70.4476
69.8237
70.0303
70.0881
70.5159
70.7016
70.3713
71.8825
71.4253
71.2124
71.9587
70.8878
70.783
70.9215
69.9911
69.6106
68.6212
69.372
70.2034
70.5096
70.697
70.329
69.5813
70.0277
70.389
70.6453
71.037
70.8192
69.6594
70.4205
70.4083
69.8381
69.1084
69.9462
69.2212
68.6693
69.2169
69.7325
70.1301
69.438
69.6203
70.5435
71.0745
70.7361
70.012
70.9172
70.7737
69.8184
69.7546
68.575
69.4366
69.5485
69.4669
70.1944
70.7525
71.5361
70.9524
70.6688
71.6126
70.5912
70.0084
70.0466
70.4298
70.5459
69.0587
69.8159
69.6142
69.5122
69.472
69.8895
69.8357
69.3564
69.2231
68.963
69.0298
68.837
68.4998
69.184
69.7292
69.2993
69.3279
70.2031
69.6213
70.2281
70.6597
71.0282
70.0668
70.4751
70.9079
70.6464
70.2499
69.5881
70.4483
70.8105
69.5818
68.7023
67.5838
68.1168
67.9087
69.6328
70.2133
69.9672
71.4216
70.0673
69.1573
69.3258
69.9003
68.2182
68.4271
68.1229
68.4237
68.244
68.4199
68.3792
68.7857
69.0152
69.4228
69.7984
69.7756
68.9843
69.6721
69.8395
70.0934
70.2216
69.6238
69.5936
70.171
69.6978
69.6077
68.98
68.9219
68.3668
69.0876
69.7069
69.659
69.4726
69.2907
68.0961
68.1157
68.7802
69.6547
70.6298
69.5522
69.7516
69.2097
68.7167
69.2885
69.1528
68.805
68.9714
69.8507
69.7604
69.4869
69.0197
68.4676
69.2018
69.4245
69.5338
69.1927
68.3021
68.6407
67.7119
68.6953
69.9512
69.1358
69.9985
69.7232
70.3496
71.1835
70.8503
71.14
70.8014
70.4167
70.174
69.3497
68.6211
69.6738
71.3078
70.606
70.3861
70.2679
71.154
71.5898
71.9433
71.5209
70.6201
71.5482
71.2225
70.4005
69.6857
69.0035
69.1045
69.3161
68.9231
68.6377
68.2868
68.3717
68.6689
69.3787
69.3702
69.7734
69.2557
68.9174
69.0877
69.8754
70.3624
71.2985
71.636
71.6007
70.0881
70.0035
69.7036
69.4791
68.1816
67.7547
67.9812
68.6889
68.9907
69.6318
70.1036
69.1149
69.4376
70.1516
69.3246
70.3535
70.6011
69.9136
70.2532
69.3611
68.9618
69.3962
70.2465
71.0133
69.7106
70.7226
70.3142
69.7151
70.1041
70.5074
69.0146
68.3636
68.5878
69.7712
70.1108
69.3557
69.6339
68.7983
69.1346
69.283
69.7077
70.9341
72.5521
71.896
71.3759
70.955
71.1543
70.9001
70.1597
71.781
70.6854
70.1344
69.6689
70.0657
70.3559
69.7746
69.7507
69.4384
69.6502
69.37
68.9049
69.9665
70.0719
70.4796
70.7226
69.9155
71.4315
72.1157
70.3604
71.0207
72.1224
71.7663
71.7406
71.2228
70.4711
69.8475
70.7489
70.7732
69.4351
70.1538
70.8186
70.8841
70.4815
70.0775
70.389
70.7359
70.4427
69.7494
70.2314
70.5622
70.6438
69.2382
68.4424
68.7854
69.4021
70.1777
70.9941
71.1035
72.2218
72.6143
72.0088
71.0555
69.5366
68.6961
68.0447
69.2185
70.0968
69.4976
69.4818
70.4784
69.8604
69.1319
67.9306
68.1313
68.6364
68.8301
69.1468
69.6616
69.4976
69.1338
69.0077
69.0063
69.7546
70.1478
71.1121
70.4099
69.5652
69.4407
69.1047
68.8869
68.8838
70.3159
70.4881
70.6706
70.4729
71.0408
70.9628
70.8607
69.6055
69.7328
69.1503
69.3486
68.83
68.5254
69.6554
70.4831
71.5235
70.2407
69.601
68.9128
69.312
68.6985
69.2358
69.4302
69.7483
69.2632
69.8393
70.6089
70.0577
69.4212
69.1329
69.3151
68.8951
70.0452
69.0307
69.5905
69.377
68.7541
68.4941
69.6123
71.1218
69.9296
69.7633
69.8374
69.6088
69.6806
69.3944
68.8287
69.1477
68.5691
68.9006
70.5474
70.4798
70.2099
70.4525
71.0509
70.4262
70.8332
71.2865
69.8093
68.9168
68.9447
69.6851
71.0045
70.8135
70.5433
70.3537
69.9116
69.8651
70.0283
70.0368
68.6865
68.6001
68.5992
69.2956
69.6506
69.1937
68.5958
68.6558
68.8562
68.9474
68.2743
68.3583
68.9649
69.6867
69.5258
69.2073
68.8482
68.8263
68.8341
68.1973
68.1856
68.2082
68.4758
69.7654
69.306
67.55
66.9491
67.8707
67.9258
68.514
69.7022
69.901
70.8629
70.2286
69.9578
68.9615
69.0347
69.3021
69.8702
69.0346
70.1762
70.5757
70.4615
70.7618
71.1215
71.1554
70.1995
69.7444
70.0889
70.7969
69.6887
70.7755
70.3955
69.5903
68.9667
70.4084
71.0049
69.9732
69.5609
69.7522
69.1692
70.5119
70.7217
71.221
70.651
68.9594
69.3297
70.4508
70.1312
68.8569
69.504
69.7549
69.9511
69.5242
69.8789
69.7315
69.7255
69.694
70.2721
70.1179
71.1008
71.1489
71.3656
69.5801
69.6072
69.9392
69.9773
70.3806
71.196
71.102
69.9079
69.6891
71.2633
70.4026
69.7667
69.2942
69.2408
69.2271
69.2798
69.5088
68.9976
69.2157
69.3788
69.4943
71.2458
70.6015
69.4011
68.1556
69.019
68.934
69.2294
69.0766
70.2997
70.0754
69.4525
70.8091
70.8319
71.1545
71.0509
70.8038
70.0662
69.6139
69.7894
68.9546
69.307
69.4721
70.3483
69.3945
68.8538
69.4136
68.8152
69.4359
69.5498
69.6526
69.0829
69.5622
69.4451
69.1577
69.2324
69.2344
69.1456
69.4732
68.8842
68.9866
69.3505
69.6418
70.0696
69.4439
69.0884
69.6175
69.9817
70.3889
70.2592
70.4569
69.6149
69.3961
70.0337
69.6389
68.767
69.3478
69.2144
69.4056
70.184
70.7259
70.6424
70.3098
69.9444
69.7436
68.8174
69.9268
69.5422
69.4962
71.3873
71.28
70.7603
70.5671
69.9953
68.9594
69.4994
69.7422
69.6559
70.3052
69.6843
68.9504
68.6513
69.9934
69.6651
69.9411
70.295
69.8527
71.8139
70.6776
70.7128
71.5249
71.3731
71.4946
70.7784
70.2226
70.0946
69.5659
69.5374
70.7791
70.9508
70.4253
71.4691
70.0303
70.4878
70.6296
69.9938
71.2459
71.608
72.3375
71.76
71.2346
70.73
70.3418
69.605
69.6827
69.0658
69.197
70.8763
71.5029
71.214
71.9492
69.6321
70.163
69.7486
69.48
68.5588
68.8013
68.8724
70.2377
69.5144
70.0174
70.4896
70.1548
69.9899
69.8493
70.2357
69.732
69.6292
69.7773
69.7254
69.9864
69.4358
69.2945
69.4318
69.7414
69.3564
69.2103
68.7929
69.4734
70.2058
69.0484
69.4554
69.5159
70.1067
69.5838
69.3572
68.9832
69.2029
70.0818
69.3308
69.2085
68.4752
67.968
69.7837
70.1933
69.8033
69.3001
69.8296
69.376
69.7476
68.979
69.4301
69.6356
69.2726
68.9779
68.8559
69.601
70.7621
70.629
69.5404
70.3693
69.7863
68.8328
68.5963
69.4863
70.0089
69.6182
70.3308
70.9685
70.836
69.7932
70.272
70.9265
70.9696
70.8494
71.2927
70.3409
70.2572
71.6335
70.8906
70.2225
70.1833
70.4533
69.8282
68.8343
68.863
69.2854
69.5729
68.599
68.9241
