475.461
461.956
451.501
439.668
428.53
416.707
403.887
393.578
385.371
375.263
365.217
356.39
351.765
346.4
341.425
335.998
331.741
328.242
322.852
320.021
316.378
312.007
305.787
302.34
298.799
293.136
289.882
285.814
280.838
277.184
273.076
270.08
266.72
263.496
261.572
257.681
256.513
255.143
253.274
250.711
248.228
243.697
240.858
238.35
235.334
234.725
231.547
228.464
225.671
223.692
220.873
218.593
217.1
216.568
214.875
213.74
212.302
209.269
207.907
205.955
203.379
202.609
201.229
200.392
199.16
199.084
197.547
195.71
194.879
193.824
191.059
189.718
186.367
184.47
183.997
184.443
183.364
181.331
180.792
180.252
178.554
177.134
175.702
174.186
172.728
171.956
170.359
169.191
168.336
168.093
167.32
166.442
164.428
163.194
161.536
160.92
160.722
159.586
156.926
155.863
155.126
153.796
152.499
152.768
151.382
150.448
150.75
150.841
149.775
149.889
149.734
149.148
149.235
147.977
146.87
146.817
146.489
145.777
145.059
145.451
144.369
143.458
143.326
143.881
143.486
143.559
142.777
142.099
140.837
138.652
138.228
138.232
137.024
137.614
136.886
136.922
135.477
135.926
136.499
136.99
137.922
136.903
134.615
132.705
130.9
130.117
130.157
129.337
129.532
128.203
127.117
126.908
127.331
127.025
125.927
124.551
124.137
123.182
122.139
121.394
121.42
122.121
121.899
120.286
119.51
119.34
117.864
117.54
118.46
117.687
118.561
118.307
118.223
118.492
118.04
118.177
117.682
116.989
117.35
116.253
115.539
114.75
114.567
114.498
114.172
112.995
112.578
112.679
113.103
112.578
112.344
113.364
113.308
113.132
111.939
112.126
112.948
111.871
112.17
111.282
109.764
109.086
109.777
109.214
109.12
110.41
109.719
110
109.748
108.856
108.423
108.901
108.849
108.278
107.971
108.349
108.796
108.38
109.136
107.836
107.665
107.171
106.686
105.595
105.985
104.324
103.448
103.483
102.752
102.699
101.528
101.751
101.92
101.625
101.429
101.677
101.452
101.656
101.054
100.841
100.579
101.865
101.672
101.135
101.106
99.7599
99.7321
99.7757
99.3015
98.1332
97.7433
97.449
97.5221
97.1058
97.1968
96.7668
97.3081
96.0299
94.8316
96.122
96.9841
96.5513
97.5011
96.676
96.4919
97.8133
96.8446
96.6795
95.8888
95.6537
96.6896
97.7379
96.9694
95.2414
95.3768
95.1799
96.2631
95.671
94.7628
94.5789
94.9778
96.6743
95.8885
95.6105
95.4258
96.0753
94.9975
95.1277
95.2777
94.6376
93.8001
94.5112
94.1075
94.6285
93.0941
92.8812
92.8117
93.9508
92.5844
92.0541
91.5432
92.8424
92.5999
92.4629
90.965
89.6612
89.9015
92.7796
92.0625
91.8554
90.3883
91.0835
91.7894
91.1644
90.7984
90.3092
89.7981
90.398
90.4332
90.2314
90.19
89.0482
89.1164
89.0176
89.9268
89.9943
89.8512
90.4085
88.8661
89.7446
89.2826
88.8638
88.1659
88.9503
89.445
89.661
88.472
88.3535
87.9828
87.0942
87.7508
87.5578
88.9527
89.5184
86.6948
86.7579
88.1324
88.1318
87.7348
88.075
87.3082
87.4303
88.1555
87.0189
88.5073
88.8186
89.1419
87.816
88.3237
88.5528
88.0384
86.8105
86.4395
87.8596
88.1036
87.3888
87.3846
86.79
86.6948
86.4234
86.2393
85.3498
84.8183
85.1615
84.9792
85.4465
85.7529
85.9371
85.4958
85.3833
84.7698
84.3562
84.5066
84.8049
85.4406
84.8049
83.9287
83.9915
85.1382
85.5758
84.5005
86.0682
87.6784
87.0349
86.6763
86.6059
86.9719
86.2061
86.2514
86.8833
86.7548
86.8092
86.4485
86.2817
85.7861
85.4638
84.875
84.621
84.7715
83.8751
84.7704
85.0576
84.8215
84.1622
84.4972
84.7519
83.7116
83.6256
83.7852
83.5304
83.0278
83.0032
83.0601
83.2987
84.4936
83.8039
84.0757
83.8403
83.7524
83.4592
82.7492
83.4806
83.7555
82.5045
81.9272
82.6757
82.5217
82.5853
83.2882
82.7325
83.1233
83.3613
82.6398
82.3382
82.6777
81.8334
82.5995
82.7308
83.4095
84.5288
84.3252
84.3018
83.693
83.0288
81.2402
81.6406
82.8461
83.3856
83.8325
84.7897
84.1065
82.518
82.1669
81.2189
81.0371
80.2581
79.6357
79.6691
79.7507
80.213
79.7197
80.485
80.6479
81.6882
80.8598
81.2253
82.4847
80.7803
80.7804
80.7907
80.3119
79.8457
80.111
80.5213
81.0224
80.7847
80.3557
80.8828
83.1771
82.7841
81.7499
82.0072
81.7912
81.8905
81.6355
80.75
79.4719
80.9072
80.8649
80.2184
81.3494
82.1793
81.5814
81.6945
83.0651
82.2153
81.4141
80.3835
81.3845
79.9444
78.7585
79.7411
79.1522
80.5573
79.7293
80.0536
80.537
80.3705
79.5343
79.7441
79.2665
79.1451
78.6579
78.8224
77.8675
77.4564
76.5231
76.4878
75.5907
75.5615
75.7248
77.0024
76.8463
77.6283
78.6443
78.5395
78.2822
79.7289
78.674
78.3536
78.0963
77.0944
77.4853
77.184
77.7113
78.3423
78.0138
77.0984
77.9908
78.8147
79.8005
78.9047
78.9138
79.4535
80.3448
80.0376
79.3878
78.6871
79.2586
78.5865
77.5265
78.139
78.1165
78.5848
78.5844
78.0275
78.683
78.9751
78.1369
80.2233
81.5092
83.6749
83.8856
83.4809
81.8543
83.2202
82.4375
80.8814
80.35
79.5814
79.6187
79.0378
78.8487
78.3148
77.2279
77.5731
76.936
76.3293
77.1253
76.5677
77.9331
76.9088
75.8492
75.6248
75.9483
76.2987
76.5931
76.4227
76.7397
76.9786
76.6282
77.3439
76.7256
75.6168
75.4696
75.9567
76.5973
77.3274
78.5441
76.7032
76.7049
75.8942
75.6884
75.5512
76.0523
76.7603
76.4248
76.5159
76.8942
77.0424
75.9922
76.101
75.5247
74.2614
75.058
74.9888
75.7654
74.8343
75.5445
75.6285
75.3357
74.2738
74.0225
73.9891
73.5812
74.2168
74.1214
73.9955
74.0822
74.1227
75.029
74.7596
75.675
75.1507
75.1857
75.2871
75.0589
76.7465
76.6987
75.5933
75.2587
74.5582
73.5367
72.9095
74.2999
75.0499
74.4416
76.0593
75.9777
75.3416
76.0647
76.0439
75.6773
76.0816
75.8125
75.6734
75.3437
74.7914
74.0953
75.0671
75.0371
74.4024
74.255
73.9163
73.6677
74.279
74.3085
74.9387
74.9586
74.4875
74.6584
75.1595
75.5808
76.19
75.7585
74.4349
74.5567
75.0411
75.0512
75.3789
73.978
72.5544
74.265
75.5004
75.9214
75.972
75.0408
73.5311
73.8738
75.0686
74.7016
74.5442
74.6381
73.6407
73.677
73.915
73.9697
74.7503
75.3414
76.0635
75.2772
76.5432
76.4166
75.4557
75.3847
73.5779
74.1128
74.4331
75.3085
73.8144
75.3713
75.5484
75.9892
76.1912
75.7679
75.6191
76.7258
76.3433
76.0968
76.5894
76.2123
75.1217
76.173
75.6815
75.1779
74.9999
74.1101
74.4663
76.4259
77.6821
78.0229
77.2493
75.5681
75.775
75.2319
74.1835
74.8897
74.8414
74.4923
74.4783
74.8142
75.1819
74.6012
74.43
74.9034
75.1834
74.5189
74.62
73.7416
73.652
72.9705
72.8834
73.5908
72.8826
73.5709
74.3624
75.7861
74.8544
75.1869
74.7558
74.5556
74.573
75.4738
74.9335
75.1164
75.6131
74.3806
73.9586
74.9157
75.8228
74.52
75.1228
75.2556
76.1144
75.5242
75.1581
74.5483
73.9748
74.0338
72.7007
73.3528
73.3259
74.3869
73.6085
73.0012
73.9465
73.3586
73.8424
72.8923
73.235
73.9685
74.0848
73.7441
74.1283
73.7879
73.9596
73.9151
74.4984
74.4622
73.8423
74.4878
73.911
74.1592
74.8873
74.6042
74.6101
74.616
75.15
74.5019
73.1455
73.6122
73.849
73.6531
73.9332
74.6422
74.3952
73.6427
73.5215
74.344
74.814
74.4074
74.0821
74.5419
74.3782
73.8963
74.5622
74.1808
74.4297
73.1302
72.8307
73.4492
72.4028
72.2383
72.4511
72.8669
72.989
73.6473
74.6349
74.8294
73.4136
74.2852
74.7933
74.3521
75.5691
75.7733
75.6111
73.9367
74.6423
74.5124
75.737
74.8296
74.8243
74.5384
75.4886
75.3068
73.9771
74.7372
74.0598
74.1073
74.2849
73.234
73.9386
74.1768
73.1746
74.1237
73.157
74.094
74.6226
75.7191
75.4927
74.7508
75.3948
74.7387
75.1941
75.4857
75.3337
76.1422
75.9887
74.3535
74.4564
73.7661
73.7196
74.5724
75.1833
74.9947
75.8719
75.2877
75.8597
74.3661
74.0685
72.2867
72.5163
73.4263
74.4534
74.4518
74.6627
74.5617
75.4184
74.76
74.2982
75.1709
74.5383
74.5048
73.7757
74.7072
73.9512
73.8365
74.4936
74.0482
72.6096
73.2033
73.2067
73.6835
73.2114
72.6268
73.0637
73.2515
73.5403
74.5917
74.3887
75.3029
74.6847
73.9123
72.3606
72.6123
72.7367
73.2948
73.5121
74.5556
74.2268
73.632
73.7201
74.1382
74.0862
73.3166
73.6534
73.9001
73.9063
73.3869
73.9618
74.4173
74.1572
73.6597
74.284
72.7232
72.8583
74.0176
73.9136
74.2866
73.1487
73.638
73.6105
74.3408
74.4525
74.0495
73.964
75.7754
73.9547
73.5103
73.8596
74.0213
74.5935
75.2367
74.1241
73.7887
72.5963
73.0157
73.23
72.3875
72.4991
72.1986
72.6751
73.0532
73.0994
72.4899
73.1424
73.6982
74.9575
74.8652
73.6375
73.0389
73.0724
72.8986
73.3364
73.7382
72.7314
72.7465
73.3885
73.4541
73.5906
73.3737
72.0541
71.7997
71.5762
71.9367
72.4578
72.8624
73.2323
74.3033
74.3303
74.0244
73.2931
73.4416
72.5471
74.0946
74.4094
75.0712
73.9347
73.3593
72.4732
72.8125
72.5693
73.6038
73.1573
72.2879
71.8107
73.316
73.508
73.4341
72.8512
72.4857
72.3816
71.882
72.5455
72.4554
72.0722
71.8523
72.3509
73.0608
72.6619
73.411
73.8233
73.5822
72.2165
71.81
74.4065
73.4911
71.9636
73.2543
73.6787
74.6199
74.3755
74.1432
73.3062
72.4234
72.3811
72.5585
72.6915
73.492
73.317
73.5424
73.1377
74.1654
74.261
73.7703
74.0358
72.6226
71.9114
71.5486
72.0441
73.2777
71.9898
72.1811
71.9372
72.1921
71.7975
72.1366
71.753
73.1017
73.5445
74.7532
77.711
77.8881
79.2533
80.5397
80.6516
81.8147
80.9668
79.5809
79.8454
77.9424
76.0187
74.4579
73.9527
72.981
73.0231
72.2967
71.4891
70.9067
72.6508
72.1771
72.5294
73.4801
73.7976
72.9034
72.7189
73.1106
73.1169
74.119
74.1849
73.9338
74.0599
73.4668
73.8181
73.9752
73.5754
73.3245
73.7507
73.8424
73.3541
73.8202
73.5061
73.4635
73.3792
72.1017
72.967
72.5471
72.5844
73.0349
72.2242
72.4628
73.4982
72.327
72.5753
72.1822
73.0659
72.4315
73.3249
73.3862
72.1225
72.3067
72.1542
72.9528
73.3002
73.2241
74.693
74.8946
73.3622
73.2157
72.6522
72.541
72.8732
73.4097
73.5691
72.9236
72.6869
72.4406
71.976
73.862
74.3887
74.5176
74.806
73.161
72.4056
72.7531
73.5606
73.1202
72.4299
72.3502
72.7291
73.0957
72.2968
73.4568
73.4974
73.4242
73.4112
74.1499
73.4246
73.9332
72.535
72.8459
72.0632
72.2982
72.5933
72.5048
72.0253
71.7463
72.4521
72.8821
71.7317
71.2079
71.6126
72.2851
71.832
74.4382
74.0155
74.0088
73.2026
73.0765
72.9484
74.0006
72.8948
71.976
72.5427
72.628
73.1141
73.0211
73.8826
74.1713
73.3781
73.7574
73.2855
72.811
73.9004
74.3707
73.6202
74.3268
74.3522
72.1813
74.1785
72.9768
73.6416
73.6826
74.1194
74.2249
73.0886
71.7179
71.6149
72.2807
73.3701
73.61
72.4508
73.4837
72.8229
72.032
72.2957
72.04
73.4637
71.533
71.4936
71.4554
71.5798
72.0937
72.2413
72.1164
72.9053
73.1175
73.2773
74.8127
73.6046
74.2222
72.9106
72.494
71.9595
71.7598
72.0352
72.1676
72.7395
72.0583
71.0052
70.8193
72.8007
72.7851
72.5281
72.6394
71.8127
71.4405
71.9106
71.0145
72.1628
71.8466
72.2653
72.2124
73.2962
72.7592
72.4742
72.7092
71.7967
72.515
72.791
71.5529
71.4192
71.3116
72.0787
71.8281
70.8932
71.3946
72.069
73.3741
72.0844
72.3687
72.7779
71.3787
71.7672
70.9833
70.5985
71.7797
72.0977
72.1163
72.8478
72.5735
72.1206
71.9407
71.6582
71.7205
71.3043
70.1103
71.2265
70.8647
71.5673
72.5061
71.8273
71.1424
71.0181
71.9221
72.4647
72.0616
71.0342
71.9998
72.0383
71.8307
72.6979
73.0143
73.3188
73.8892
73.1453
71.2428
71.0916
72.2336
73.7341
73.6337
73.5298
72.7338
71.4133
71.8666
70.9358
70.9716
72.9728
71.8893
72.6609
72.7209
73.735
73.4522
72.0889
71.8922
72.7599
72.7972
72.6368
71.997
72.3941
72.5627
72.0309
71.2343
70.6775
70.3209
70.9219
72.1119
71.6542
72.2577
72.2531
72.578
72.7392
73.1263
72.4221
72.8278
74.43
74.8658
76.842
77.4426
78.4685
78.4685
79.3139
78.7098
78.9328
78.618
76.7411
75.4531
75.7404
75.0349
74.5627
72.8506
74.1611
73.4891
72.8415
73.3415
74.1383
73.9096
72.9363
71.5038
71.9406
71.5835
72.7754
71.815
71.1353
73.1284
73.3153
73.6365
74.0031
74.1782
74.1365
74.5115
74.7253
73.234
72.593
73.5968
73.1877
74.7264
74.5501
74.2021
72.3511
72.158
71.9813
72.1957
71.2031
71.3109
71.4654
72.2276
72.2596
71.8906
73.8122
73.9481
73.6296
72.7285
72.7982
72.1096
71.7218
71.6011
71.1355
70.5496
70.0567
71.3872
71.3063
71.3826
71.3036
71.8254
72.1028
70.8705
70.4345
71.9574
71.1925
71.1224
71.4533
71.4237
72.1518
71.3957
72.7493
72.9554
71.7291
73.5131
72.8639
71.2588
71.3133
71.437
71.8613
71.7921
71.5588
73.4013
72.7005
72.447
73.7972
73.3273
72.6731
72.5817
73.153
72.5437
71.9331
72.6921
72.2637
72.68
71.9602
70.1366
71.2455
71.6824
71.4579
71.8768
72.6646
72.3472
71.3861
71.1287
70.4576
70.997
72.7514
71.3796
70.9298
71.4751
71.7601
71.6298
72.0971
72.4024
72.2709
72.3006
74.0351
72.4081
71.8378
71.7302
71.2585
72.1661
72.6539
72.4102
72.5638
73.0954
72.9893
73.214
72.9314
72.4795
71.9186
71.9949
71.69
71.682
71.6818
71.3897
70.6044
71.4167
71.7699
71.8497
70.6696
71.3178
70.644
70.0809
69.8927
70.0444
70.1333
71.4094
71.1348
71.4781
71.7752
73.5879
73.1651
71.6493
72.3979
72.226
71.8982
72.46
72.6827
71.8363
71.9164
72.141
71.7001
72.5157
71.5826
72.5493
72.2122
72.9899
71.8946
71.784
72.7104
72.3191
72.7338
71.6305
71.5769
71.7741
72.4492
72.3728
72.7331
72.2889
73.0922
72.74
72.4789
72.1638
72.3918
71.832
71.8183
72.846
71.8447
72.3222
72.3329
73.2701
72.9849
72.9359
72.3991
72.5876
72.3066
71.742
71.4952
70.3712
71.6921
71.6763
70.8298
70.2921
70.0158
70.5429
71.2678
70.7402
73.031
72.973
72.8286
72.1298
70.3446
71.398
71.3373
72.0369
71.8408
70.8907
72.497
74.1695
73.4994
73.634
73.21
72.5452
73.362
72.4924
73.7962
72.1118
71.4722
71.5432
71.2073
71.9609
72.3669
72.6362
72.1876
71.74
71.5057
70.9944
71.3134
70.7506
70.5407
71.0266
70.5557
71.7725
71.633
71.3069
70.6896
71.2893
71.5689
71.7899
71.4916
72.0396
72.148
72.2585
72.5734
72.1075
70.9134
69.8834
69.8218
70.983
70.6552
70.8466
71.3269
71.1935
72.2851
71.061
72.298
72.4778
72.57
72.4522
72.9103
73.0179
72.7208
71.929
71.5188
70.7679
71.1113
71.4131
71.1806
71.487
71.6393
70.6989
70.6742
69.7368
70.5665
70.5759
72.0109
71.8724
73.0099
73.4389
73.249
72.5434
72.2924
72.4728
72.6412
71.1076
71.1398
70.6007
70.216
69.6738
70.2889
71.0463
71.1305
71.1838
70.7866
71.3373
72.0349
70.6233
70.6239
70.8863
70.8248
71.1232
71.2759
70.9422
71.4096
70.4191
70.8142
70.7895
71.4571
71.176
70.8288
71.2048
71.463
71.3769
69.8563
69.9089
70.5982
70.7884
70.5427
69.6775
70.6763
70.437
69.9578
70.8769
71.8385
71.9638
71.0349
72.7199
72.5512
72.6606
72.7657
72.7792
71.7119
72.1546
71.7116
70.5397
72.1557
71.7009
71.3879
71.834
72.3264
72.5722
72.6813
72.5015
72.4906
73.0318
71.8871
71.2877
71.1593
70.5399
70.6304
71.2023
71.0096
70.5675
72.0977
71.5483
71.9826
71.0902
70.0979
70.6054
70.533
70.6229
71.1744
71.4193
71.8035
70.9843
70.2198
70.4969
71.6876
71.4486
71.1822
71.6814
71.0314
69.2876
69.2329
70.0509
71.3407
71.3559
72.3939
72.9152
73.5495
71.4906
71.425
70.7632
70.8195
70.7231
70.6415
70.5483
70.0136
69.9761
70.5099
71.2605
71.8855
71.8701
71.0209
71.2569
71.1402
71.6094
73.2256
72.6263
71.4622
71.5574
72.4796
71.7897
72.0122
72.4053
71.4143
72.4567
71.6463
71.7358
70.6787
71.1342
71.7849
71.88
71.4934
70.3107
70.4697
70.5829
71.0225
71.6995
72.7564
72.5505
73.1116
72.4063
73.1495
72.6767
71.6425
72.1736
73.0674
71.9093
70.0294
70.8065
70.9784
70.4989
70.542
70.6664
70.6861
71.3086
70.1322
70.1611
70.6157
71.0531
70.3301
71.2166
70.861
69.9718
69.9829
70.1081
69.9463
69.6743
71.2313
71.4353
71.0321
71.3779
71.7412
71.1405
72.0767
72.1277
71.5072
71.1346
70.3406
71.0574
71.5297
71.8494
72.0303
71.8364
72.0285
72.7112
71.0519
70.7281
70.3869
70.3518
71.4939
72.3076
72.177
70.704
70.5932
70.3431
70.3846
70.8132
71.9141
71.236
70.1614
71.2458
71.9953
70.4014
70.8387
71.1001
71.0498
71.1032
70.9094
70.8106
71.1585
71.9198
71.5289
72.054
72.9519
72.668
72.7989
72.3185
71.7669
71.331
71.7902
72.0781
72.7575
72.697
71.0309
70.633
71.9832
72.4906
72.1394
71.7969
70.6756
70.9548
71.6312
72.0797
71.6879
71.4925
71.1982
71.482
72.3601
71.9865
72.9566
71.7432
71.9502
71.3366
72.4386
71.6547
70.85
71.4353
71.8717
71.1926
72.3663
71.6956
73.1808
70.8778
71.0981
71.091
71.9455
71.3429
70.593
70.9028
70.8075
70.8592
70.8224
69.8828
71.5137
71.876
71.5549
71.8578
72.1948
70.7787
71.8063
71.9287
71.9109
71.7962
70.8685
69.9989
69.2471
70.4444
69.8403
69.1172
69.7079
69.9609
69.6605
71.1689
72.5882
72.1201
71.3548
71.247
71.4367
71.959
71.0446
71.8393
70.8531
70.2624
71.347
71.757
71.3551
70.5957
70.2196
69.9745
70.4617
70.2884
70.6586
70.881
70.5815
70.0145
71.1929
72.4038
71.9172
71.7001
71.4158
71.0387
71.0792
71.0744
70.8406
71.2612
71.3019
72.1954
70.8846
70.1687
71.7222
72.1756
70.7929
72.5526
71.5375
72.2584
73.337
71.6092
70.9204
70.0578
70.5616
70.7278
70.4808
71.3126
70.483
69.9659
70.4086
70.0068
69.6081
69.8622
70.7655
71.1113
72.5123
72.189
73.1294
73.9164
72.1184
70.5314
69.7277
70.6648
71.7237
71.7436
70.8384
70.4455
71.5366
72.5537
70.8643
69.641
70.2451
69.6253
69.2972
69.758
69.4188
70.4413
71.1364
69.8468
69.7017
70.0914
70.7198
70.4968
70.4394
71.3473
71.3841
72.5269
72.4681
73.1147
72.205
72.5515
72.8713
73.0502
72.9441
73.0752
72.6238
73.1539
73.0154
70.6133
71.554
70.808
71.4632
73.1288
71.5608
71.7162
71.5356
72.2497
71.5061
71.1981
71.4947
71.1741
70.5299
71.9618
71.8139
73.3022
74.7407
73.8839
72.3823
70.1425
70.176
70.8736
71.4412
71.3741
69.8112
69.0758
69.3618
70.8413
71.4215
71.1623
71.3637
71.6556
71.0685
72.6097
71.4638
72.5442
71.6516
71.4295
70.5354
69.8343
70.4081
70.7093
70.8835
72.0242
70.9335
71.3064
70.7876
71.3626
72.3845
71.8497
71.0061
70.4639
70.3918
70.5676
71.1406
71.5629
70.8873
70.0186
70.7327
71.5
71.4383
71.2983
72.0363
72.813
72.2545
71.2599
71.2235
71.3505
71.4721
71.1416
70.1928
69.8849
70.0089
69.9018
69.8061
70.521
70.6077
71.2964
71.9276
71.5562
71.4609
72.6946
71.9063
72.3412
72.0277
71.0195
70.2875
69.8157
70.8438
71.1759
71.721
72.2046
73.3098
72.7514
71.018
70.936
71.5282
71.6805
71.8187
72.3367
71.8434
71.6653
72.09
71.1931
71.2214
72.2729
72.194
72.4886
72.3081
72.2404
71.8109
72.2081
72.3373
71.0572
71.6624
71.0977
71.7069
71.8211
71.4695
69.8331
70.4367
69.9077
70.6115
70.0444
69.8617
69.1988
70.3602
70.5532
71.3488
71.5578
71.0567
72.8124
71.8868
72.5808
72.4754
71.3051
70.1433
70.5167
71.142
71.1703
71.4182
71.3652
71.3776
70.3634
71.2092
70.43
70.3476
69.5445
70.2488
71.0382
70.9933
69.5292
70.7571
70.8691
71.2872
71.5848
71.9248
72.5536
71.3429
72.4606
72.6844
72.0618
72.7476
71.4762
71.1341
70.8922
71.5492
72.1944
72.0183
71.9522
70.704
71.2574
70.4174
70.2432
71.2436
71.2367
72.5641
71.0835
70.9455
72.6341
72.0214
71.6056
72.5136
71.947
69.989
71.2323
71.3705
71.5503
71.8792
72.8813
73.625
73.2016
73.1992
71.5865
70.9656
72.3827
71.8579
71.4299
70.6492
70.2634
69.7729
70.2992
70.6782
71.4949
71.4849
71.7021
70.5387
70.1452
70.7803
71.3514
71.6251
71.1297
71.7879
72.4127
71.2757
72.8058
72.7049
72.8213
71.9921
71.6824
70.4139
69.4584
70.8191
72.523
71.3917
72.6362
72.3683
72.8153
71.4457
69.9945
69.7871
69.0442
69.9806
70.4845
69.9256
70.3699
70.2301
69.94
71.4767
71.1097
70.1598
71.3134
70.4887
71.3247
72.0841
71.1574
71.3528
70.5401
70.6864
70.5344
72.0336
72.2513
71.5199
72.3661
71.4463
71.2917
70.8706
71.0548
69.8029
69.856
70.6364
71.1453
69.9908
70.6061
71.6315
71.8185
70.7854
71.1743
71.2936
72.8078
72.4226
73.4014
72.951
71.5499
72.3147
71.0257
71.2347
70.8121
70.7438
70.366
70.624
70.5945
70.026
71.0165
69.9474
70.2071
70.6963
70.3803
69.8353
71.2772
71.1243
71.2385
71.5618
71.2782
72.1682
71.1351
71.333
70.8565
71.3369
72.6751
73.6642
73.3909
73.0983
71.8889
70.8976
70.4573
69.9545
70.2064
70.7105
71.4454
70.6526
71.0423
70.7735
71.5825
71.5203
71.1455
71.001
71.1103
71.8079
71.6209
70.429
70.316
70.1472
70.1642
68.8088
69.5358
70.1604
70.277
70.4507
70.5621
71.3858
70.7795
71.9466
72.1591
70.463
71.303
71.494
71.4867
72.1119
71.8447
71.2923
71.1693
70.6287
69.733
69.8267
70.2265
69.8032
70.3178
69.5609
71.0172
71.2741
71.9908
71.9924
70.888
70.6869
71.2063
71.4562
72.5343
72.2413
72.4273
72.6857
71.5508
70.8957
73.2014
72.4267
73.1904
72.5796
72.8633
72.0534
71.0388
70.7846
69.9871
70.8673
70.4054
70.8495
71.5893
71.8532
71.3639
71.7471
72.1365
72.4567
72.1568
71.6641
71.047
71.4827
71.3513
71.0505
71.8113
72.9865
71.8477
72.408
72.3009
71.568
72.4298
72.8249
72.1064
72.87
72.6182
72.5957
73.4208
73.5277
72.0629
72.3749
71.4074
71.5391
71.8773
72.4789
73.2638
72.7239
71.0522
72.6775
71.734
72.0563
71.7952
71.4578
71.7326
71.4063
70.2298
69.8906
70.3248
70.0495
69.9175
69.8493
70.4513
72.1741
71.8447
73.1697
72.4271
72.6928
71.5282
72.2627
71.9725
70.7037
70.4023
69.7216
69.7038
70.5868
70.5245
70.24
70.7053
71.26
70.7469
70.1484
70.651
70.0442
70.1836
69.3773
69.2591
69.9737
69.8169
69.7828
70.9272
72.2585
71.3317
70.9124
71.4644
71.3237
71.2391
72.0618
70.6691
71.0617
71.0321
72.061
71.941
71.6719
71.5078
70.7396
70.5931
70.9414
70.5385
71.0344
71.7378
71.8739
70.9683
71.449
70.6105
69.9052
70.0852
70.6693
70.6705
71.6343
71.8006
71.8503
71.6204
71.4918
71.976
71.5687
70.6307
71.1225
71.6709
71.5602
71.4697
70.3381
71.3381
70.2945
70.3208
71.3174
71.7623
71.4917
71.8209
71.7531
72.4585
72.5207
72.028
71.5027
71.7007
71.4705
72.2038
71.516
71.261
71.1537
71.3484
70.8182
69.6389
69.5072
69.7416
70.6765
71.6406
72.3169
72.3566
72.1256
71.5105
71.2913
72.0285
71.541
71.6567
72.0003
71.3618
72.5032
72.1715
71.6841
71.5606
71.4466
72.0811
71.8267
71.2354
71.4346
72.1431
71.9371
71.7093
71.611
70.1205
69.5602
70.1587
70.0311
69.6205
69.7298
70.3328
71.1685
70.176
70.0993
69.4336
69.4601
70.7695
71.6425
70.4483
71.2238
70.2009
70.3634
70.6186
71.0637
71.0511
72.0939
72.8842
71.6814
72.1785
72.5202
72.7423
72.8796
71.4591
71.3855
72.1533
73.0646
71.446
72.0562
71.7477
72.0364
71.9144
74.0952
72.9522
73.7064
73.3357
73.2285
73.2802
72.3435
73.1131
71.7547
71.4856
73.4161
72.7575
72.4829
72.5394
72.5975
71.9285
71.8051
72.1292
72.0218
71.4366
72.0114
70.5277
70.2698
71.297
71.621
72.2373
71.5316
71.0254
71.3984
71.6449
71.1077
71.3152
71.4221
70.7804
70.9066
71.9914
70.9165
71.0932
70.4856
71.0424
71.8485
71.8517
72.6412
73.5459
72.1329
71.6778
71.512
71.2229
71.1084
71.5993
71.6607
71.4355
71.8646
71.9952
71.7775
72.6006
71.8694
73.0361
72.3466
70.6227
71.305
70.2745
70.8697
69.7854
71.5715
72.0432
72.6771
71.1327
72.4453
72.2678
72.6197
71.5338
70.3868
71.7105
72.1565
70.783
70.3036
72.3512
72.3424
72.7057
71.8879
71.28
70.3396
71.5446
72.3133
71.5647
71.4114
72.0308
73.7973
73.8094
73.8829
73.0963
73.3614
72.2409
71.3065
70.8671
71.0276
71.611
73.3287
72.855
72.594
72.1489
72.2098
71.513
70.623
70.3179
70.0518
69.7071
69.879
70.1595
70.2824
71.3711
70.455
70.1663
70.6676
69.8667
71.4272
72.6867
72.0064
71.5626
72.8485
71.7454
72.0578
72.5908
72.2817
71.9279
72.9856
72.4967
71.9339
71.0846
70.1311
71.1543
71.5919
71.2783
71.8156
73.3376
72.8022
71.7222
71.8641
70.5628
70.2462
70.1998
71.7658
71.5563
71.9126
71.3237
72.0522
72.2184
72.0932
71.5229
71.7298
70.34
71.0134
70.7605
71.1541
71.487
70.9731
70.2998
70.5926
70.6437
70.4902
70.0271
70.4091
70.9898
70.8982
70.3714
71.5542
70.7508
70.9461
71.1309
70.661
69.6109
70.4377
69.66
69.7646
70.1758
70.9996
70.913
71.7062
71.3529
70.3703
70.6698
71.6772
71.9612
71.2204
70.75
69.8553
70.1444
69.8418
70.3899
71.2417
70.2954
70.36
70.422
69.4946
70.6048
70.9608
70.2434
70.9293
70.9387
71.104
71.7727
72.4887
72.0775
70.6264
71.6266
71.5767
71.3905
73.2446
72.1846
73.1036
72.4195
72.0457
71.4961
71.7452
71.3115
71.5883
72.2458
71.7877
71.5686
71.1122
71.1685
70.6437
70.7132
70.4735
70.8352
71.2057
71.7972
71.68
72.2766
71.8584
71.1838
70.9563
70.7494
70.7016
70.5742
71.3308
71.3298
72.4922
72.1209
71.8139
70.936
70.8838
71.625
71.4315
71.4943
71.6914
71.3693
70.4732
70.4367
70.2336
70.8915
71.9278
71.9562
72.6473
73.1046
71.5183
71.8532
71.9008
72.6106
72.0491
72.3555
72.2788
72.0827
72.0213
72.4768
73.0942
74.2322
72.9858
70.954
71.9244
72.6516
72.6292
71.6168
71.0062
71.7293
70.6663
70.2265
71.3169
70.1076
70.0295
71.2653
70.8698
69.8989
70.3462
69.6837
70.081
69.5598
69.6513
70.8495
71.251
72.2276
70.9089
71.9522
71.2672
69.2992
69.8582
70.4729
70.054
70.4972
71.4501
70.8228
71.4805
72.5132
72.1925
71.6188
71.4928
71.6475
72.1801
72.5719
72.9693
73.822
73.3497
73.035
72.9494
72.4507
72.0708
71.2593
70.807
70.5469
70.3474
71.3063
71.1169
71.2555
71.28
71.1139
70.4489
70.2327
70.5464
70.4322
71.8203
71.9369
71.1312
71.0985
71.6652
71.5305
71.9294
71.5224
70.8775
70.3957
69.6307
70.0217
70.0956
70.0366
70.1243
70.5029
70.7297
70.8373
70.1199
69.8851
70.6372
71.591
71.907
72.5996
72.2217
71.1309
71.0409
70.8333
70.0948
71.3978
71.1211
71.0526
71.1095
71.7243
71.6559
72.3858
73.3825
73.0302
72.7743
72.7535
71.5482
71.3722
71.3805
70.5809
71.1362
72.0618
70.7486
70.7785
70.9291
70.9546
70.8916
72.0064
70.7551
71.2675
71.1968
70.825
69.9159
69.7144
68.7554
68.1003
68.1947
69.0599
68.9111
69.376
68.7484
69.8879
70.505
70.2451
71.1042
69.7986
69.5772
70.2617
71.0185
70.0801
70.284
70.7458
70.1633
69.9041
69.6767
68.8273
68.4777
68.9949
69.689
69.7658
69.7111
70.2293
69.6786
70.1001
69.5852
69.132
69.1801
68.8751
69.8732
69.2388
68.8699
68.9784
69.6901
70.4027
71.2991
70.9534
70.9203
70.7146
70.8711
69.6608
70.2722
70.4451
69.3232
69.5639
68.9563
68.3557
69.0139
70.7946
71.3739
70.8397
71.2262
70.6295
69.8433
70.3503
70.3946
70.0432
69.7334
69.8629
70.7163
70.0517
70.6147
69.9798
70.061
69.8704
69.718
70.1403
69.884
69.5708
69.7119
69.4077
69.2933
68.6746
69.2748
68.4973
69.1133
69.3945
68.9361
70.3117
69.5761
70.4667
69.892
69.0817
69.0888
69.5826
69.5663
69.3747
68.6907
69.0024
67.9124
68.3682
68.6559
68.3622
69.1623
69.7573
69.3918
69.5809
70.1224
69.7019
70.4723
71.9768
71.1308
71.0682
70.7781
71.7196
71.514
73.073
72.1566
71.405
71.9735
70.6147
71.0065
70.4771
70.0105
70.2009
70.4903
69.3996
68.8148
69.8972
71.3039
70.5624
70.1421
70.0541
69.7213
69.3605
70.1427
69.7493
69.6123
70.437
69.922
70.55
70.2124
70.8677
70.0732
70.1346
70.0998
70.2864
70.1984
69.9675
70.7344
69.0948
69.7472
70.5459
71.1459
70.4208
71.0073
69.7794
69.9271
70.0698
70.2045
70.5811
71.2888
70.8289
71.2872
71.1489
71.1058
71.7968
71.8308
70.7629
70.4606
70.5605
71.5309
71.6089
71.1561
69.9337
69.9733
69.6398
69.331
69.7363
69.9425
70.6999
71.2307
71.3768
71.5269
70.6893
70.4101
68.959
69.0767
68.4302
69.024
69.2155
69.8348
69.571
69.7048
70.2453
69.9703
70.5801
71.2696
72.1109
72.2323
71.2473
68.9492
69.197
69.6724
69.5004
69.7035
69.8428
69.9475
70.3347
69.4553
68.3849
68.8026
68.0107
70.0656
70.0919
70.2456
70.2888
70.2398
70.0158
68.8975
69.2622
68.9452
68.9306
68.4589
68.7433
69.4124
69.1648
70.0373
70.6957
71.0774
69.9931
69.2828
69.2279
68.6578
69.1765
69.7982
70.2316
70.3653
69.3564
69.3492
69.556
69.2428
68.9772
69.789
69.864
70.2528
71.4431
71.2883
71.4622
70.5798
69.9192
70.6142
70.1773
70.603
68.9107
69.9981
71.0963
70.5083
70.4154
70.6656
71.2467
70.6278
70.6582
71.3068
69.6048
69.5125
69.9346
70.1729
69.3135
70.657
69.6367
69.6897
69.7114
70.2881
70.4534
70.7248
70.5272
70.7443
70.5695
71.2852
70.9155
71.1282
72.3321
70.8028
70.9114
69.6863
69.053
70.4506
69.4786
68.6766
69.4223
69.5595
70.5665
70.0916
69.7935
70.3483
70.3008
71.2878
72.304
70.8686
71.2542
71.2211
71.0368
70.2355
69.6998
69.8466
69.4623
70.1029
69.8905
69.2499
69.7457
69.7954
69.5894
70.6512
69.8611
70.2526
70.1806
70.6103
72.0634
71.8229
72.0733
71.8331
71.839
71.7882
71.9686
70.3279
71.0109
70.5144
70.3154
70.2422
69.9402
70.2405
70.2884
70.6319
70.8187
69.9035
70.3501
69.4532
69.5867
69.7442
69.1462
69.233
69.48
70.0234
69.8515
69.0987
69.1305
68.4629
69.209
68.7526
69.0997
68.6357
69.7782
70.3209
69.6839
69.7756
68.2083
68.1869
68.4244
69.0384
68.6657
69.7594
69.8144
70.4692
70.2227
70.444
70.1057
69.1198
69.0661
69.2644
69.5381
68.9978
69.3076
69.1755
67.7959
68.4474
68.6975
69.797
69.8509
69.4023
70.8308
70.4191
70.8134
69.8584
69.2516
69.8848
70.0383
69.6064
69.5988
70.1353
69.6635
69.4847
69.044
69.4553
69.2132
70.966
69.4157
70.5004
70.8303
71.702
70.8076
70.3203
69.5889
69.3881
69.3604
70.0915
71.1297
71.0608
70.9467
70.3567
70.6878
71.3274
70.2101
70.1817
70.2874
69.3538
70.48
69.9965
70.4054
69.3019
70.1532
70.8241
70.2427
70.1855
69.9527
70.6391
71.044
70.945
70.8911
71.0082
71.6862
71.4468
70.7897
71.6217
71.2616
70.6906
70.5842
70.3383
70.298
70.1499
70.0214
69.1076
69.2771
69.3424
70.2182
70.0537
69.4938
70.217
70.5564
70.2252
69.8979
71.7571
71.5793
71.6506
70.7832
70.2979
70.7844
70.4203
70.6348
70.7623
69.9574
70.4122
70.2286
70.3319
70.3384
70.9946
70.4567
70.429
70.3624
69.2422
70.2273
70.0731
71.0616
69.2196
69.7835
68.9001
69.4384
68.7746
69.1842
69.6813
68.8689
69.6939
70.5923
71.0543
70.1702
69.6753
71.1281
70.8659
70.2792
70.7556
69.8936
71.2791
71.3779
71.0682
71.2987
69.9716
71.1999
70.281
69.6816
70.4008
69.6149
70.3634
70.9231
71.4795
71.7999
70.719
72.097
70.8769
70.8753
71.018
70.9808
69.9084
69.1067
69.1904
69.7207
69.9268
68.8747
69.0455
68.1039
69.1155
69.6658
69.7245
69.5199
69.1829
68.9009
70.2695
70.7795
70.4519
70.0963
69.1338
68.789
68.8875
68.56
69.266
68.9553
68.4497
68.4951
69.0674
68.0487
68.4418
68.5407
68.5083
69.5675
69.8915
69.5485
69.2572
68.5128
68.4088
69.6985
69.1887
70.1687
70.0026
70.9186
71.5823
71.2441
71.1798
71.1506
69.6242
70.2299
70.4329
71.798
72.1935
70.6513
71.631
70.9314
70.2724
71.3298
70.9409
69.5704
69.4617
69.4929
69.932
69.7213
70.5886
70.0036
69.9547
70.565
71.0997
70.964
70.3772
68.5334
69.3811
69.8947
70.5605
71.2367
70.6095
70.0995
69.7883
69.7676
69.5228
69.8398
69.6386
69.5032
68.7845
68.6416
70.9502
70.9733
69.887
69.2756
69.0009
68.7298
70.2347
69.9092
71.0745
71.1223
69.6907
70.4015
70.2163
70.6154
69.4635
70.4748
72.181
71.2058
71.2345
70.9761
70.8588
70.9744
71.8243
70.3923
69.9226
70.7406
70.3166
69.5694
69.2916
69.1669
68.9893
69.8576
70.8041
70.134
70.8534
71.2562
70.5001
69.6495
69.2556
69.5794
71.6568
72.1214
72.239
72.4088
71.2649
71.2764
72.0322
71.6945
70.6662
71.202
70.9308
71.8304
71.6397
70.779
69.8843
69.548
70.3826
70.4993
71.0634
71.4984
72.4647
71.8892
72.6979
73.2148
73.3811
72.3067
71.5761
71.0245
70.8645
72.1045
70.0689
70.4979
70.5065
70.9488
71.3547
72.4295
70.7897
70.7363
70.5458
69.6835
69.7261
69.7394
71.004
70.5495
70.1729
70.6164
70.6234
69.4304
69.6394
70.103
70.9614
69.9718
70.6382
69.2422
70.0815
69.4207
69.6899
69.8268
70.1912
69.998
70.0284
71.1138
70.3557
69.7258
69.504
70.4378
70.4141
70.6248
72.067
71.3708
72.0232
72.4165
71.8734
71.4571
70.4187
69.9605
71.3267
70.9841
70.9823
71.4607
71.7293
72.1503
71.1551
70.3057
69.8918
68.9708
70.3283
71.3013
70.596
71.525
72.0383
71.1612
72.6756
73.2402
72.7014
71.2884
71.3525
70.0567
70.3584
69.9449
69.581
71.0186
71.4553
71.723
70.9844
71.4325
69.9459
71.0458
69.7089
69.6577
70.1623
70.3039
71.1852
70.2185
69.7999
69.5454
69.7044
70.3055
70.84
71.2762
71.7395
71.5828
71.0032
70.2228
70.8952
70.7176
69.5473
67.9744
68.5932
69.3202
70.11
69.4716
71.0643
70.2708
70.4839
70.0204
69.4186
69.8635
68.5867
69.0733
69.3284
69.9038
69.9421
70.4757
70.7097
71.0322
70.8021
69.8627
70.2349
70.2276
71.3109
70.2147
69.4506
69.6587
69.9031
70.2945
69.3648
69.31
69.494
69.6782
71.4517
71.6515
70.6196
71.3059
70.8808
69.7236
69.4901
70.6758
70.056
70.1356
70.7907
70.6061
70.2664
70.4871
69.5058
70.6893
69.8078
69.5073
69.8938
69.3026
69.1333
70.2106
70.2784
71.3346
71.2921
71.1202
70.9656
71.6522
71.5678
71.6578
70.8024
71.5676
70.6017
70.4449
68.9536
68.6678
69.2608
70.5785
70.3362
70.1979
69.9801
69.488
69.3069
68.8672
69.3541
69.6373
68.9575
68.2264
69.6582
69.8278
68.9994
68.6227
69.2593
69.9859
71.1367
71.2843
70.1674
69.898
70.5695
70.2577
70.4452
71.2261
71.1152
71.9773
71.2388
71.4598
70.4306
70.1545
70.5594
69.4638
70.7331
71.606
71.5717
71.269
71.5489
71.0308
69.7983
68.3826
68.6304
68.4551
69.4903
69.7495
69.8786
68.9622
69.6833
70.1917
70.7636
70.4883
69.8655
70.4086
70.5674
70.1213
69.6247
69.7782
69.9894
70.1473
70.7273
71.2836
71.2586
70.5849
71.265
70.9148
70.0933
70.8368
70.1899
70.0674
71.104
72.1538
71.9632
70.7836
70.7458
70.0379
70.8348
70.4007
69.9699
70.1271
69.3757
69.9702
70.2306
70.3728
69.7266
70.5423
71.1127
71.3815
70.091
69.9119
69.3465
69.281
69.795
69.8561
70.7833
69.0071
69.4837
70.0116
70.2494
69.7201
69.4576
68.9263
69.1559
69.5561
69.5019
70.0197
70.3049
70.1058
70.4534
70.0838
70.1208
69.9318
69.1948
69.8931
69.8402
68.9329
70.3875
70.6341
70.2453
69.5656
69.5433
69.446
70.6194
70.4867
69.7476
70.727
70.8855
70.3254
70.5529
70.2247
70.5817
70.8126
71.6776
70.9265
71.6622
71.5172
71.1835
70.3789
71.2077
72.0819
71.4249
71.1587
70.904
69.3635
69.7487
69.6011
69.9503
70.5028
70.6426
70.6663
70.3061
70.7557
69.7866
71.0573
71.7089
71.3923
71.4899
70.9593
72.0461
71.8509
70.3375
71.6583
72.8708
71.6583
72.0404
71.2834
70.966
70.6871
70.0279
70.4962
70.1513
69.4209
69.9939
69.046
68.4846
68.9002
69.8589
70.68
70.6633
70.6621
69.8306
69.2678
70.0298
70.1234
70.3504
70.5171
70.6787
70.874
70.554
70.9279
70.7703
70.4766
69.8523
69.0873
70.0123
70.3219
70.0245
70.0849
70.0562
70.1718
70.9278
70.279
70.3873
70.0242
70.6882
70.2048
70.2044
69.4636
69.736
69.7325
70.2146
70.3618
70.7551
69.5389
70.0019
69.3412
69.0121
69.4283
69.7001
69.0568
69.2598
68.9867
69.7825
69.3434
68.7761
69.1761
69.0712
68.7669
67.8571
69.802
69.5168
69.5521
69.6504
69.7892
69.4744
68.6976
68.8869
69.5134
69.7158
71.0393
70.3577
69.6653
69.6771
68.9803
69.665
70.3673
70.3493
69.7358
70.0132
70.2104
71.0929
71.5489
72.4423
72.318
71.6003
72.06
72.4487
72.2251
72.228
70.6694
72.088
72.0459
70.674
71.209
70.6679
71.3261
70.1059
69.898
71.6305
70.105
70.4874
71.031
71.9823
70.0798
71.0924
71.5827
70.2441
69.7413
69.1329
69.7709
69.5557
69.0165
69.5271
69.9262
70.4064
70.9785
70.2119
70.2378
70.2177
70.6632
71.0926
71.3204
72.0031
70.6501
69.7926
70.189
69.8669
69.9683
70.4989
70.1305
71.2648
71.3087
70.4246
72.0694
70.4058
69.9902
69.3165
69.3415
69.9232
70.2265
70.2088
68.9479
69.2689
70.2383
68.9778
69.0567
68.8853
69.0762
69.2849
69.4387
69.9144
70.1481
69.4253
69.6388
69.9623
69.7299
70.5162
70.0355
70.4579
70.719
70.961
71.3867
71.3856
70.0001
69.4516
68.6916
67.7239
68.5154
70.4934
70.8406
70.2643
70.4121
70.1004
68.5119
68.8128
69.1046
70.255
69.7483
70.0201
69.5545
70.1726
70.1091
70.1125
70.2826
69.4617
69.9143
69.0354
69.3683
70.1893
70.7652
71.57
71.046
70.1954
70.3967
70.866
72.0412
72.2988
72.4787
73.7603
74.864
73.8915
72.972
71.8453
71.3423
71.6182
70.2604
69.7609
69.8701
70.2615
69.7604
69.2833
69.8793
70.8337
70.2813
69.8146
68.9993
68.6588
68.7504
69.8343
70.8398
70.2725
69.2078
70.2665
70.0262
69.5583
69.9832
70.0022
70.0954
70.321
69.7835
70.7108
71.3918
69.6253
69.5968
69.904
69.7618
69.0846
69.9309
69.6895
70.1139
70.5557
69.8631
70.1079
69.3044
70.9457
70.8849
70.5828
70.5988
71.0959
71.4358
71.4187
71.0057
70.4762
70.1739
69.4632
70.1195
70.2996
70.1245
70.0861
69.6307
69.6252
70.3844
70.3704
70.3056
70.721
70.9517
70.434
70.3205
69.4481
68.8588
69.4296
70.3019
71.3777
70.6523
70.19
71.6765
72.3293
71.5487
71.0522
70.97
71.1457
71.1831
70.6389
71.5151
71.451
71.2095
70.8501
71.081
71.5581
71.3009
71.1285
71.2713
70.1679
70.0322
70.0969
69.3257
69.4484
69.8817
69.7822
69.401
69.6659
69.2409
70.0376
69.2101
69.4939
69.5231
69.7066
69.3206
69.8499
70.1372
69.7621
71.1314
71.0372
71.1416
70.3411
69.3738
68.5728
68.6793
68.71
68.2868
69.1104
69.8914
69.4276
69.6541
69.6048
69.5048
69.6878
69.715
68.5929
68.7514
69.0394
69.2275
69.3969
69.3179
68.9816
69.1422
69.4461
70.27
70.4474
70.1413
70.6159
71.335
71.6277
70.1843
69.8816
70.7566
71.0989
71.2285
70.0085
68.8702
68.978
69.4319
71.2013
71.4719
71.2514
70.0693
69.6546
71.1281
70.5065
70.468
70.5895
70.2032
70.441
69.5046
70.1954
70.0054
71.0004
70.6313
70.4584
70.7607
69.8157
70.2568
69.2315
69.8691
71.1007
71.0347
72.0642
70.5513
70.717
70.114
69.5262
70.8822
72.5255
71.6983
70.233
69.4493
68.5703
69.4923
69.7398
70.8742
71.0969
70.7962
70.9715
70.8117
70.4881
71.0711
71.7908
71.0449
72.4475
71.5229
71.042
70.7709
70.3441
70.7544
69.6822
69.8794
70.1861
69.8765
69.7584
71.4469
72.7433
71.2036
71.5229
70.7494
69.5516
69.1581
70.2736
70.0303
69.2807
70.2209
69.5856
70.9058
71.3175
71.2084
69.5389
68.9847
68.4218
68.9644
69.2511
69.2435
69.6455
70.9938
70.7694
71.4692
70.5696
70.1287
70.4022
69.4252
70.7012
70.2834
69.7772
70.3783
69.6406
69.7953
68.8922
70.182
70.2328
69.9924
69.7997
69.9036
70.0117
69.3821
68.9921
69.5766
69.4798
69.5015
70.5719
69.4949
69.7142
69.8495
69.6421
70.0227
70.1119
70.2299
69.7994
70.0827
70.4221
71.3139
71.207
70.7565
69.7806
69.6989
69.2647
69.6619
70.6872
71.0397
70.6052
70.7921
70.3271
70.6959
70.0073
69.3381
69.1399
69.1787
68.6023
69.8587
69.5791
71.9234
73.3001
72.2361
72.7015
73.2963
74.7041
74.7421
76.4905
77.3941
78.3084
78.0152
78.0073
78.9977
79.0326
76.8119
76.246
75.2993
74.8376
74.7065
73.6397
74.0107
73.0786
71.3732
69.7275
70.7747
69.8917
69.2662
69.2914
69.112
69.1586
69.0977
70.0895
69.72
70.9465
70.7696
70.0861
69.9263
70.0396
68.5882
68.9555
69.3298
69.972
70.493
70.3987
70.4828
71.3429
71.0437
70.0844
70.6003
70.6109
70.5567
71.6302
72.9277
71.2154
70.309
71.2947
70.9204
70.9963
70.8319
70.5209
69.8852
68.8454
69.0618
70.8774
71.0684
71.6561
70.3791
71.1041
72.8325
72.6405
71.6188
70.0556
69.6129
70.284
69.5631
69.7221
70.1039
72.2069
71.2248
71.927
71.9478
70.9473
70.5503
71.2372
71.521
70.9832
70.2724
70.7233
69.6517
69.7934
69.0948
69.1664
69.4598
70.0363
69.7422
69.5795
69.4311
69.8784
68.7036
69.3486
68.7257
69.8369
69.5011
69.5657
69.7056
69.5389
70.5831
70.2575
71.0985
70.3203
70.7783
69.6217
70.1334
70.4755
71.1132
70.5885
69.9647
68.9514
70.066
69.9053
69.6882
69.5815
68.7953
70.1211
70.3111
70.9094
70.1386
71.7115
70.4302
70.7159
70.1468
68.5177
69.6266
69.563
68.796
70.0649
69.8203
69.7134
70.3193
70.1825
69.3762
70.202
71.177
70.7541
69.6943
69.6771
69.1214
69.233
69.001
70.0315
71.056
70.6665
70.9213
72.0479
72.5997
72.7156
71.7053
71.2762
71.3946
71.5268
71.5096
70.7245
70.8581
70.4442
70.8844
69.757
70.1183
69.3276
68.6847
68.5284
68.8328
69.1826
69.1014
68.5097
68.4335
68.8817
69.4085
69.8779
69.7391
69.5049
68.6183
69.4087
69.1267
69.2182
69.6669
70.2367
70.8423
70.4853
71.5797
69.7491
68.8367
69.7059
70.442
70.8742
70.2236
70.8234
70.3277
69.7062
70.6282
70.7409
69.3605
70.15
70.2512
70.4419
69.3892
69.4154
70.0012
69.9126
70.4029
69.8208
70.5551
71.1308
70.5644
71.0556
69.7413
69.8382
69.5246
69.8138
70.282
70.1189
69.6061
69.8912
70.2476
70.9162
70.3578
71.0863
70.3061
70.0459
69.8674
69.535
69.6556
69.4629
68.8614
69.1212
69.3972
69.2975
68.9108
69.7277
68.6352
68.7751
68.8501
68.3694
69.6258
70.1451
69.9392
70.2833
69.5208
68.4382
68.5258
69.0393
68.9088
69.3502
69.7437
69.8311
69.5658
69.5812
68.669
68.7847
69.8446
69.0702
68.805
68.4873
69.0211
69.1222
69.0335
70.5433
69.9129
71.0537
70.2961
69.6336
69.6213
69.8857
69.0415
69.6045
69.4331
70.4263
69.2709
67.8786
68.8563
70.2265
70.5623
70.9305
71.5221
71.2428
69.9867
69.0267
69.0185
69.5286
69.5151
70.5302
70.4285
70.0477
70.307
70.9807
70.5209
70.6353
69.7217
70.5739
70.1708
69.2385
69.348
69.9818
70.238
69.9941
71.0357
69.3884
69.2784
69.3174
69.7531
70.2192
69.3584
70.2332
70.5874
71.1657
71.1018
71.1877
71.0574
71.3858
70.1683
69.647
69.6789
69.791
69.5353
71.3467
70.0795
69.7669
69.3147
69.108
69.9002
69.9126
71.5496
72.1363
70.8638
70.7291
72.0212
72.8437
71.9845
73.1998
73.0231
73.3722
72.9665
70.767
70.773
70.9917
70.9958
70.465
70.0718
69.9136
70.0822
69.913
70.5039
70.5772
71.1953
70.6335
70.1096
69.4852
68.9633
69.371
70.0109
69.8742
69.2043
68.9139
68.7919
68.8361
68.9434
69.6388
70.3617
69.2758
70.0866
70.5038
70.6169
70.2563
70.8669
72.4784
70.8885
70.2939
69.922
68.8431
68.9313
69.5937
70.1219
69.3077
70.1067
69.0972
69.112
68.679
68.0144
68.2036
68.7325
68.8586
69.6768
70.2879
70.7016
71.3751
70.9304
70.035
69.6368
70.9573
71.6019
71.137
71.7418
71.4576
70.957
71.4436
71.8733
71.95
72.8471
71.8764
71.2727
71.7312
70.6931
71.3828
70.984
70.7537
70.8232
70.2539
71.2479
71.6941
71.2732
70.506
70.7305
70.9393
70.9886
70.0309
70.3215
70.689
71.5527
71.2676
70.0251
70.4543
69.6415
70.4104
71.5617
71.8513
70.6724
70.7709
70.8561
70.8356
70.9347
70.8232
70.296
68.8839
69.7923
69.5863
69.7962
69.4165
69.143
69.4759
69.4301
69.4801
68.1112
69.4113
69.5779
69.4498
70.0884
70.8433
70.3464
69.9959
70.2589
69.8036
70.1566
70.4673
69.4999
70.298
70.1574
71.4536
71.0066
70.3567
70.1275
70.7636
70.2188
70.7063
71.4814
71.4772
72.0735
71.3611
72.4634
72.1331
71.7875
70.4028
70.9016
70.2076
70.1966
70.3454
70.1746
70.7356
70.0148
69.6314
70.3387
70.3881
71.2108
71.3474
70.2782
69.7776
68.9579
69.5941
70.4636
69.312
69.8235
71.4214
69.962
69.9715
69.1605
68.4567
69.3987
69.284
68.4119
69.6619
70.2259
69.9187
69.9962
69.6704
70.616
70.7588
70.9903
70.4524
70.0841
69.4361
70.1002
68.6218
70.6279
70.6414
69.7044
69.9165
69.7685
70.2739
70.4804
70.5535
70.1762
69.774
69.727
69.33
70.4997
70.4363
70.4084
70.6763
70.0164
70.1263
70.1628
69.533
69.2688
68.895
70.7044
69.5927
69.5041
69.0942
69.4169
68.9622
69.5062
69.1728
69.6803
68.8966
70.0827
69.3074
69.4223
69.4529
71.0796
70.6884
69.6698
70.2664
70.7976
70.3534
69.8876
69.9075
70.5331
70.0847
69.4055
68.4863
68.1784
68.256
69.2491
69.1587
68.5711
68.345
68.4214
68.7536
70.1356
70.4303
69.5306
69.9027
69.9982
69.7329
68.2089
68.3847
68.8357
68.7683
69.1753
69.9236
70.0687
70.3045
71.2092
71.5927
70.5947
69.6696
69.9458
69.8207
69.7947
70.6594
69.2185
69.4204
68.8139
68.8955
68.6721
69.2219
69.6565
70.5845
70.7563
69.8621
68.6783
68.6465
69.2082
69.718
69.1283
69.5889
70.9511
70.5669
70.3706
68.8306
68.2627
69.2761
70.4348
70.7475
71.0209
72.3171
73.2242
73.0315
72.1604
70.1812
69.3276
68.6518
68.8633
68.8424
69.1226
68.1451
68.6381
68.8886
70.4178
68.9482
68.4793
68.7858
68.153
67.7248
67.9789
68.0772
68.2689
69.4436
69.7558
69.7378
70.498
69.5935
70.3033
69.095
69.0158
69.8779
70.0495
68.3194
68.9614
68.8224
69.003
69.1823
68.9135
69.6429
70.7238
70.5259
70.5002
69.5179
69.799
70.694
70.1633
71.8733
72.0179
70.9927
70.8461
71.0613
72.2895
72.0729
71.2125
70.3668
70.3291
69.1437
70.6307
70.3947
69.5914
70.912
69.9267
69.3514
69.5692
70.1081
70.3386
70.0678
70.1482
70.0149
69.4715
69.6895
69
68.8314
70.1293
70.2262
70.2771
69.118
69.4214
69.9569
69.8866
70.4601
70.5275
71.2138
70.2414
70.2818
71.2277
70.9064
69.57
69.5997
70.3356
69.2377
68.6475
69.4842
70.877
71.2948
71.1275
70.768
70.9037
70.8846
71.1431
70.0887
69.6872
69.251
69.8643
70.2414
69.9265
70.3216
70.9421
70.4734
69.827
69.4439
69.1311
68.9922
69.2286
70.1552
68.9953
68.1598
68.3161
68.4788
68.4661
68.9085
69.832
70.0956
70.2391
69.6871
70.4493
70.8609
70.972
70.6442
69.1206
69.7623
69.0564
69.7735
69.8936
69.9593
68.8424
69.741
70.6697
72.2869
73.4579
72.683
71.4631
70.1775
71.1926
70.7624
68.7866
69.5873
69.108
70.3471
70.2504
70.0482
70.4059
71.1291
70.5881
69.247
71.453
71.6706
70.6776
70.6268
70.2226
69.9773
70.2906
70.0072
69.892
69.5352
69.2975
69.156
69.3263
69.6512
69.4351
69.2297
69.1108
69.9969
68.919
69.9342
69.9443
70.0394
70.1087
69.9315
69.1085
69.3907
69.9499
69.685
70.3629
70.5116
71.0625
70.787
71.3115
70.4781
69.4532
70.5242
70.6369
70.1867
70.4115
70.8757
69.0421
68.5968
69.0991
69.4143
69.7381
70.3761
70.7712
69.9944
71.1338
72.083
71.7517
71.7042
71.4942
70.8973
70.3361
71.2719
71.2986
69.5734
69.7759
70.2577
69.6204
70.5152
70.0381
69.0752
69.26
69.0533
69.6337
69.2559
69.4243
68.5911
68.8965
69.7122
69.204
68.8315
69.5703
70.2407
71.5899
71.1557
70.7169
69.7622
69.627
68.5915
68.0827
68.1772
67.3422
68.9119
68.5244
69.1829
68.8822
69.3496
69.3763
68.9806
68.7507
69.4147
68.4858
68.6888
68.2382
67.7892
68.2421
67.7807
68.4362
68.437
68.0596
67.5824
68.4252
69.2086
69.1532
68.7505
68.8522
69.0017
69.6946
69.6778
69.7676
70.8206
71.4329
70.6392
70.2598
69.0057
69.4681
69.7724
69.8314
69.4729
69.4474
69.7345
68.6474
68.8429
69.0346
70.3246
69.7852
68.9838
69.0377
68.5574
69.6123
68.7455
69.32
68.0792
68.7308
69.9309
69.8892
68.9729
69.3538
68.3513
68.4268
69.1294
68.7992
68.8514
69.7008
69.3484
69.2305
69.6147
70.1345
68.8838
68.3894
69.3478
70.519
69.7705
69.2598
68.5556
68.5832
69.2465
69.5414
70.4199
69.8856
68.7557
68.7272
69.4337
69.0998
69.2759
69.0723
68.7314
68.9195
68.9527
69.8842
69.5736
70.0534
68.6768
68.3653
68.5311
68.4892
68.6356
68.4517
69.1503
69.3313
68.6918
69.5626
70.3496
70.9382
71.3437
70.8342
71.8142
72.245
71.2676
70.3075
70.2441
69.5224
69.7884
69.9044
70.2534
70.9489
70.2825
70.2702
70.8463
70.9466
69.9009
69.5848
69.4138
68.8806
68.9047
69.4367
69.4411
69.4144
70.0841
70.9586
69.7135
69.3123
68.9876
68.796
68.3971
69.3003
69.4357
69.2883
69.9765
69.9777
71.3017
71.139
70.5204
69.3437
70.2708
69.8418
70.5829
72.3548
71.2655
72.1897
70.9815
70.1993
71.3193
69.6728
69.3751
69.5341
69.6463
69.9295
69.3578
71.2395
70.2497
70.1401
69.8673
69.511
70.4113
70.1015
69.8275
70.341
70.5899
70.4193
69.963
70.0214
69.8819
69.3152
70.2621
70.9446
69.8328
70.718
70.4588
69.339
70.5586
70.6817
70.3193
70.5986
71.5526
69.7008
70.0733
69.5942
68.8217
69.2333
68.739
69.319
70.3545
70.45
70.3521
69.4063
69.0617
68.9793
69.7963
69.2396
68.9081
69.0403
69.3868
68.7923
68.8108
68.8604
68.4511
68.6506
68.2861
68.8996
69.7462
70.1088
69.2757
69.7158
69.6354
69.8071
69.8244
70.0715
71.1981
69.2125
68.4633
69.1214
69.5222
70.4419
70.5962
70.4177
70.1624
70.3803
69.9607
70.9741
71.0757
70.5142
70.6129
69.1892
70.9031
71.302
70.778
70.6478
70.891
71.6115
72.0104
71.0616
69.5859
69.0783
68.8932
69.1161
69.3232
69.8441
70.5856
71.268
71.7576
71.3997
72.8498
71.3283
71.5867
72.1477
71.8618
72.3665
71.2818
70.7997
69.8337
70.832
70.6947
70.0464
70.1127
71.3237
70.6371
69.7914
69.9151
70.4953
71.2433
71.5686
71.5396
71.108
70.9737
69.6794
69.0649
69.0938
69.6879
68.534
69.1701
69.1726
69.6185
69.6534
69.6811
70.3774
71.0522
70.9205
70.4655
71.234
70.6479
69.7027
69.2586
69.6685
69.602
69.3005
69.0785
70.2924
70.2539
70.7435
70.3455
70.1794
71.6329
70.1771
68.2394
67.9588
69.5647
69.8432
69.8066
70.9785
70.7347
70.7304
70.4798
70.1534
71.5863
70.6739
70.4218
69.1424
70.0485
70.592
69.6944
68.6934
70.1347
70.9829
70.4798
69.9353
68.6751
69.9693
69.512
70.018
69.2843
68.7953
68.7426
69.6235
70.6356
70.2385
69.5027
69.5702
70.0863
70.1378
69.6506
69.9182
69.6675
69.8567
70.3361
69.444
70.3119
69.4186
69.0249
68.9722
68.5889
69.0176
68.3438
68.7649
68.9275
70.2356
69.7132
70.6864
70.5723
70.9325
71.1552
71.0204
70.9434
71.9002
71.5102
70.6319
70.3625
70.7613
68.9393
69.4184
68.2976
68.7456
68.8138
68.9076
69.4272
70.2602
69.5671
69.0505
68.9431
69.3859
69.391
70.4141
70.0842
70.4252
70.2528
71.8234
71.289
71.7641
69.5404
69.7055
69.4836
69.2373
69.7617
69.5555
70.034
69.1773
69.5192
69.6692
70.0813
70.3966
71.7155
71.3368
71.0502
69.5497
68.9491
70.5434
70.9025
71.9492
71.1035
70.9212
70.3018
71.0524
70.5447
70.5949
70.4628
71.0888
69.4778
69.4469
68.7551
68.9692
68.9521
69.4596
69.6582
69.1752
69.406
69.3359
69.2675
69.1824
70.4621
70.5996
71.2715
71.1843
70.8142
70.1898
70.1419
69.8801
71.3963
71.0782
69.6441
70.8195
70.8068
70.1065
70.2279
70.275
69.0898
68.1488
68.2224
68.3586
68.1447
68.8631
67.9998
68.8263
69.213
68.6703
69.0989
68.7684
69.4257
69.2097
69.9334
70.3197
69.7765
70.7123
71.0218
70.4153
70.6098
70.3895
71.0025
69.6246
69.8368
70.3976
71.1338
71.5226
70.7253
70.3444
70.2915
69.6606
69.0645
70.0465
69.7772
70.1157
69.394
68.7882
69.2013
69.1401
69.7958
70.3093
70.0609
69.3946
69.3279
69.4401
68.8856
69.1709
70.4851
70.4152
69.4403
69.8706
70.9166
70.4383
69.8876
69.8746
69.517
69.8902
69.7056
69.5986
69.0189
68.3451
68.7889
68.3269
67.9293
69.3863
69.1979
69.9284
70.2885
69.9804
69.8844
72.2709
71.7846
71.831
71.7196
72.6362
71.3716
69.1467
70.2861
69.4845
69.1013
68.5229
69.0682
70.7869
70.8884
70.5378
70.46
71.1406
69.6562
70.9718
70.7088
70.2345
69.8601
69.5313
70.2966
71.0219
70.4865
71.2187
70.9573
70.1227
70.5667
70.5712
71.171
69.699
69.916
69.5325
69.6206
70.7783
71.137
70.2059
68.7175
68.6749
70.2179
70.1382
70.1621
68.9942
69.3898
70.3694
70.6535
70.2064
69.2672
69.723
69.4047
69.2977
70.7154
71.3074
71.7781
71.7577
71.9949
70.3853
71.326
69.9834
69.2155
69.4829
70.1254
70.3583
70.7207
70.754
72.0895
72.1475
71.27
71.3413
70.9152
71.276
69.9668
69.176
68.8007
68.5333
69.2551
69.3532
69.4023
69.8067
69.9124
69.7789
69.517
69.6472
68.9698
68.7474
69.3474
69.152
69.3762
68.9369
69.15
69.8458
69.9251
69.9452
70.0898
69.3285
69.6456
69.4316
71.0199
70.6108
69.8665
70.0963
69.201
68.2777
68.561
69.5674
70.6226
70.532
71.5262
70.7699
71.0788
71.1931
72.3576
72.5603
71.6559
71.7873
71.2651
70.1872
71.7028
70.7259
70.2085
71.0126
70.6874
69.4416
69.6015
70.9068
70.6853
69.6859
69.6151
69.7554
70.2707
70.4565
70.3277
69.6184
70.4195
70.783
70.6336
69.5588
68.9773
69.2385
69.4798
70.4824
69.3718
69.0922
68.7571
68.7215
68.9296
70.7631
69.8861
69.8107
69.2992
70.5141
70.212
68.9784
69.0452
69.2757
69.159
69.2726
68.7056
68.5015
69.3588
69.5593
69.0752
68.8323
69.5821
69.5529
71.0154
70.555
70.6788
69.7835
69.2592
69.7926
70.3176
69.5344
69.0806
69.4916
70.0556
69.0184
69.1315
69.6739
69.9559
71.34
70.932
71.3963
69.9851
70.1082
70.9169
70.7439
69.0394
68.9576
68.661
69.3812
69.7565
69.5297
70.3071
69.6912
68.8861
68.875
69.6315
70.3882
69.5546
69.6988
69.8044
69.5225
68.8907
69.4752
68.9371
69.0411
69.106
69.6549
69.7676
70.1952
71.2675
70.7469
71.3918
70.0756
69.5875
69.4866
71.0011
71.7975
71.2084
70.4897
71.5821
70.7228
70.3086
69.6574
69.0775
69.5859
69.5643
70.6878
69.4125
69.5241
69.5739
69.1109
68.8935
70.0401
70.2615
69.6446
71.2437
70.9593
72.257
72.2259
70.9616
71.003
69.4653
69.5196
69.4051
68.5141
69.055
69.0607
69.8138
70.3882
70.55
71.2086
70.8691
70.8369
70.5149
70.6008
70.9151
70.3762
70.9318
70.3843
70.4299
70.2211
68.8752
68.9307
68.2124
68.7293
69.0089
68.9812
69.1347
70.1359
70.6197
70.0298
71.5466
72.7532
71.6122
71.148
72.4334
71.8773
71.5704
70.7896
69.7577
70.8157
68.664
70.099
70.9887
71.0714
70.6617
69.8789
70.344
70.5916
70.3888
69.8097
68.7759
68.8611
68.7197
69.0762
69.1683
69.3284
68.6533
70.707
70.1763
70.5197
70.9405
69.7916
69.1261
69.4684
69.6977
70.1862
70.0913
70.3764
69.3368
69.571
70.0835
69.6797
68.3818
70.0206
69.9299
70.7952
71.0301
70.3951
70.8248
70.4582
69.8835
69.102
68.5997
68.4457
68.4739
68.1691
69.7179
70.8846
70.5397
70.3273
70.2775
68.943
68.6486
68.8354
68.4116
69.9122
69.6469
69.7237
70.2731
70.1516
72.0349
71.0613
70.2909
70.1709
69.6969
68.6699
69.0885
69.4809
69.239
68.8395
70.0363
70.216
69.6973
69.2701
70.1188
70.0266
69.6593
70.2913
70.3265
69.8868
69.958
69.2878
69.1455
70.8581
69.9766
70.0218
69.9095
71.1224
71.3097
69.8939
69.7898
69.9897
71.0219
70.2976
70.8223
71.1942
70.2583
69.6885
69.9471
70.2707
69.7213
69.0077
68.7471
69.8401
69.3316
69.074
69.2227
70.2893
70.605
70.1317
70.1277
70.2708
70.8725
71.1834
70.5387
71.0682
71.1098
70.608
69.92
70.5461
69.8371
68.9684
69.4876
68.5641
69.7349
68.0331
67.8735
68.9332
69.2666
69.0719
70.2887
69.8764
69.8459
69.1713
69.224
68.9299
69.1006
69.5151
69.7646
70.5567
70.2417
69.2572
69.4672
70.1631
69.0651
69.5186
69.6022
69.1066
68.5884
69.2093
70.0476
70.3215
70.0204
69.0586
69.1782
69.8
70.6252
69.9571
70.2942
70.7058
69.7951
69.3116
70.4062
70.1638
69.33
69.599
69.1381
68.7543
67.886
68.5314
68.3265
68.7627
68.4635
68.5448
68.7726
68.7067
68.5108
68.1402
69.0861
69.2445
69.7235
69.7306
69.8811
69.6755
69.6462
70.0852
71.0992
72.3784
73.0551
73.6076
73.0428
71.2719
71.7384
70.7124
70.2733
69.4264
70.577
70.54
70.3726
70.4275
69.9266
69.8278
69.975
70.4532
72.2052
69.8235
70.6172
70.8555
70.0038
70.8446
71.5946
72.1516
71.9065
70.8618
70.5369
71.2829
70.4613
70.7975
72.093
71.2159
70.0961
69.5718
69.8763
69.6326
69.8589
71.251
71.1118
70.4145
69.0744
70.0834
70.3398
70.4514
70.3792
69.8402
70.8697
70.6634
69.592
68.8389
68.7499
68.6192
68.8127
69.0092
69.3512
69.5729
69.329
69.1657
69.9807
69.8444
72.2984
71.1757
69.8222
69.2157
70.3261
70.452
69.5488
68.9121
69.1916
69.6796
69.0404
68.7167
69.469
70.4659
71.017
70.1869
70.6706
71.7173
69.7042
70.0599
70.3183
70.6502
69.4578
69.1958
70.308
70.4379
69.2516
68.8168
69.93
70.0847
70.7598
71.4273
70.757
70.4679
71.8208
71.3324
70.4983
70.5876
71.0603
71.6147
71.9324
70.0308
70.9709
71.3889
71.8842
72.7786
71.6503
71.5143
70.0547
68.9281
70.699
71.778
71.35
70.3062
70.8085
69.6777
69.4155
69.9357
69.9234
69.702
68.7722
68.2125
69.6603
69.8774
70.2099
69.6281
68.8847
69.3003
69.4571
69.6605
69.2774
70.3013
70.0216
71.2128
71.4684
71.2401
70.7322
69.4476
69.3859
69.5621
70.6884
69.0692
69.5216
69.9868
69.8381
69.068
69.1897
70.2895
69.8982
70.0317
69.3303
69.9059
70.778
71.5467
71.3046
71.3846
70.3106
69.4234
69.4028
68.6315
68.0262
68.2724
68.7755
69.6007
69.4711
69.1755
70.0572
70.6937
70.3352
70.2858
70.4308
71.1873
71.1264
70.7512
70.6394
71.3644
71.8547
71.2026
70.5952
70.2791
69.6524
70.3618
69.7928
69.1307
69.2334
69.4513
69.3363
68.4706
68.5499
69.6261
69.9973
70.3148
70.5337
70.667
69.5453
69.3578
68.3988
68.6114
68.5676
69.2712
69.2575
68.7088
68.729
68.6378
69.8998
70.4165
69.9722
69.0385
70.1767
69.3227
69.6642
70.8931
71.2757
70.992
71.9806
71.4419
72.184
72.5067
71.6315
70.787
70.5894
70.5836
70.3855
70.3542
71.062
70.3346
69.0719
69.8466
69.5299
69.058
70.1026
69.2617
68.8476
68.4089
68.138
68.0445
67.7205
69.0427
69.2046
70.4686
71.037
71.3865
71.055
69.7295
69.5365
69.6812
69.2503
68.8351
69.046
70.487
70.3105
69.3776
70.5295
69.8963
69.4811
69.7531
69.7906
70.1241
71.3833
70.1641
69.885
69.0904
70.201
70.051
70.1458
69.6339
70.3574
70.1471
68.1726
68.807
69.6425
69.1224
69.5257
68.499
68.302
68.5201
68.8259
68.2472
69.583
70.9679
71.6244
71.1253
72.4037
71.7003
70.6724
69.6769
69.7889
69.7076
69.286
69.1977
69.3313
69.6327
68.5922
69.3392
70.3053
70.7781
70.8773
68.8816
69.8541
69.506
70.6107
70.4093
70.569
70.3641
69.9763
70.6469
71.0745
69.8453
70.2287
70.7487
71.5156
70.4694
70.2739
70.5057
70.0383
70.1864
70.7151
70.945
70.6489
70.9845
71.8383
70.5433
70.8188
71.4827
71.2742
71.2976
70.2233
69.4914
69.3797
69.0264
69.876
69.9013
69.7505
69.5637
69.0486
68.8209
69.2669
69.1823
69.0347
69.4419
69.5594
69.9232
69.0826
68.7017
68.6664
69.1572
69.8788
68.0209
68.8055
69.7161
70.0601
69.9771
69.3149
68.8676
69.2603
70.4855
69.689
69.4012
70.335
70.253
69.1819
68.8111
68.6719
68.166
68.7644
69.6893
71.431
70.6451
70.7326
71.2034
70.8876
71.2621
71.1176
70.1666
69.2625
69.1565
68.8642
68.3084
69.1162
69.7287
71.2414
71.9855
70.9752
70.0992
69.3196
69.9325
69.2945
69.8308
69.9659
70.0238
69.0424
69.3735
69.9831
69.6765
68.9793
70.7206
69.9582
69.7289
71.5488
70.8841
71.4996
71.4594
70.5355
69.6236
69.2124
67.3927
68.5801
69.8494
69.7808
69.4149
69.4655
70.9774
69.6471
69.6831
70.0159
69.7418
68.5954
68.6148
68.2595
70.0344
70.4169
69.908
69.3692
68.4738
68.0089
68.8039
68.6784
68.4969
68.9046
68.0681
67.7265
67.8821
68.4144
67.9509
69.7167
69.3015
69.9472
69.6048
70.1312
69.9814
70.0915
69.6974
69.9387
70.3066
71.0498
72.2906
72.8974
71.0312
70.6001
70.4483
68.6058
69.2449
69.163
70.1196
70.3895
69.7764
69.7097
71.061
69.3837
69.34
70.3448
69.0595
69.3622
69.4724
70.1151
69.4996
69.2106
69.5271
69.0871
68.5933
68.1842
68.2711
70.9845
69.4579
68.4124
67.6546
69.9656
70.1441
69.5611
70.3141
70.2303
69.5306
69.0736
69.8322
69.8094
69.9986
69.1547
69.6266
69.2401
68.9145
69.9102
70.3668
70.7278
70.6855
70.159
71.0122
69.3091
70.5245
70.0613
69.948
70.5626
70.1755
69.7201
69.3473
69.0737
68.5507
69.8904
69.9365
70.5193
70.5681
69.8955
69.6449
69.8132
70.4457
70.0183
70.572
71.2895
69.9843
69.5622
69.209
70.4614
68.3281
68.6773
69.5848
69.069
69.8676
69.9525
69.7903
69.7766
68.1188
68.898
70.625
70.8005
69.854
70.2231
69.7274
69.6587
70.1569
70.1273
70.9564
70.009
70.1479
70.4297
70.4368
70.6987
70.7069
70.9461
71.5841
71.2138
70.2466
69.4159
70.6067
70.808
70.9182
70.5172
70.3498
70.0339
69.5688
70.2275
70.1413
70.9087
70.1362
69.8395
70.3468
70.1573
69.6275
69.7583
69.2132
69.2075
69.2344
69.2074
68.9277
68.8456
68.3857
70.02
70.0831
71.4395
71.8406
70.4579
69.8266
70.0389
70.3225
68.7059
68.8338
69.4813
69.0083
69.6172
69.4624
70.1561
69.3336
69.3987
69.7104
70.3751
69.637
67.8047
67.5981
68.1643
68.6918
69.5895
71.1099
69.9891
70.4888
70.144
69.3747
69.8787
69.2503
68.0388
69.6359
70.6085
70.5385
69.8596
70.2685
70.9457
69.6556
68.5858
68.3415
68.5615
68.3409
68.1949
68.678
69.4837
70.3552
69.8844
70.2787
70.5656
70.6465
71.9231
71.025
70.8052
70.497
70.5137
70.4532
70.4961
71.0541
71.8226
71.5067
70.3796
69.1412
69.203
71.513
72.7961
72.343
71.0437
70.5427
70.2591
70.128
69.3884
70.0905
70.0952
70.1826
70.6592
70.806
69.2145
69.607
68.2776
68.8707
69.4767
69.7128
69.6226
70.7984
70.1381
69.6872
70.2474
69.4225
70.3606
69.2617
69.099
69.198
69.3194
69.42
69.3307
68.7985
68.5351
69.7658
70.1689
70.38
69.7604
70.4594
69.9913
69.7385
69.4895
69.6749
69.3872
70.2984
71.1108
70.9178
69.9605
69.5858
69.0368
69.8715
69.1439
69.5188
69.5167
69.6477
69.5911
69.0135
69.2611
70.1342
69.4402
69.8022
69.8534
69.7087
69.2191
69.8553
69.9499
70.4839
69.8034
70.215
69.7991
68.7871
69.1604
69.4987
69.4962
68.9142
68.9955
69.1693
69.3313
71.1076
70.9402
70.1007
70.087
69.8014
70.1682
68.8792
69.9405
68.9019
69.4227
69.7379
69.7435
69.3106
68.5882
69.8773
70.1566
69.8674
69.2813
69.7452
70.116
69.5148
69.6257
69.505
69.2192
69.3742
69.5296
68.5171
68.8859
68.7521
69.0173
68.8102
69.1642
69.0846
70.1445
70.4803
70.4829
69.728
69.3102
69.7754
69.0249
69.7559
70.4679
69.2653
68.8258
69.2216
69.3661
69.8571
69.0095
69.1251
69.8076
69.1724
68.5913
69.2698
70.2963
68.9233
69.7547
69.4694
68.653
68.6565
69.5829
69.4778
69.0369
68.6874
69.575
70.4033
70.2988
69.424
69.0881
69.1209
68.3167
69.5695
69.426
71.2631
71.8887
72.0125
71.3553
71.501
73.0358
70.8675
72.0766
71.5369
71.6165
71.3612
70.038
68.9813
69.7023
70.1301
70.0527
71.1045
70.4408
70.1941
69.4077
70.2986
70.4372
69.6221
70.3044
70.429
69.4419
69.2414
69.1171
68.8066
69.5345
70.2523
70.2709
69.8162
70.196
71.1156
70.8949
70.6834
69.9994
69.7177
70.3471
71.152
71.5803
70.1973
71.0435
71.2435
70.0123
69.6082
70.1872
70.2225
70.1022
70.2459
70.2883
70.8451
71.3123
71.6326
70.7659
69.9859
70.4988
70.2655
69.522
70.1344
69.7415
69.9038
70.9412
71.2847
70.739
70.1965
69.7017
70.6556
71.2615
71.4788
71.1962
72.2602
70.9752
72.4039
72.1001
72.5005
71.6743
72.2031
71.4618
70.6409
69.4395
68.8116
69.7211
70.4068
70.3903
69.282
68.4236
68.9322
69.6936
70.1434
70.4647
71.165
71.3612
71.5047
69.6362
70.4688
69.0577
69.4152
71.1022
72.1055
71.4465
70.7161
70.4324
70.4782
70.5668
69.6645
69.4431
68.7819
68.8976
68.4075
69.5694
69.7018
69.0985
69.3868
70.1173
69.936
70.0908
69.762
69.8001
70.4082
69.7049
70.3682
69.057
68.4098
68.304
68.723
69.4862
69.383
69.7175
68.2771
69.2433
69.4568
69.6997
70.4325
71.1683
69.5561
70.021
69.6062
69.9143
69.1443
69.7121
70.1876
69.6246
70.6253
69.4649
69.6822
69.8889
69.686
68.5939
69.8525
69.3091
69.3769
69.3962
69.6666
71.2485
70.9708
70.5052
70.4505
70.2505
71.2516
70.821
70.6712
70.2306
69.6082
69.8856
69.6548
69.8411
69.1732
69.3057
69.5904
70.4862
69.0789
69.6964
70.0117
69.8749
71.053
70.4868
71.068
70.4663
70.8904
69.3253
69.6224
70.0639
69.5707
70.3339
70.5304
71.8535
72.8822
72.1778
69.965
70.3069
69.7432
70.3316
69.666
69.3286
71.2288
71.7904
70.8076
71.524
71.7522
72.7113
71.2381
71.4692
69.4211
70.0067
69.8785
70.4118
69.6122
69.6948
69.7004
70.0569
70.4453
70.467
71.4232
71.6002
71.9166
72.2136
70.442
68.9787
70.0136
69.5728
69.6678
70.4909
69.2039
68.9451
69.5725
70.1144
70.9628
71.1078
70.3858
70.2031
69.7046
69.8738
69.6497
69.9038
69.2939
68.9147
69.5807
70.2007
70.604
71.0959
70.3287
70.003
69.3475
69.5638
69.7562
69.1881
68.7351
69.3909
70.1788
69.8929
70.3385
70.1032
70.3155
71.2481
70.9118
70.7685
69.1572
69.3498
68.7844
69.0019
69.067
71.3867
69.951
71.1116
70.2949
70.0491
71.0891
70.2571
70.5712
71.0578
70.5373
69.3524
70.484
69.7939
68.5741
70.108
70.2723
69.7774
70.4897
70.8614
71.393
71.5572
71.591
71.996
71.1572
70.3122
70.997
71.3873
71.1525
70.0983
69.8087
68.7933
70.1408
70.9417
70.143
68.4512
69.2766
69.2103
70.2035
69.0111
69.5684
69.3324
68.7302
69.2366
68.7985
69.046
69.3184
70.1791
70.3474
70.8106
71.535
70.6906
70.6509
70.38
69.497
69.1249
69.029
69.0691
70.0078
69.7056
69.41
70.631
69.9284
70.6839
70.2901
70.7743
70.1662
70.1877
71.0765
71.9224
71.3888
70.6535
69.8282
69.9109
69.4495
69.3843
68.8707
68.9408
68.4162
69.2156
70.4067
70.7768
71.0373
70.4823
69.5424
70.4696
70.6973
71.7904
70.5576
71.5068
71.8237
72.5206
73.4579
72.2515
71.9231
70.1535
69.9222
68.7617
69.0504
68.6978
69.0584
69.2563
69.1842
69.1881
69.0974
68.0601
68.0122
68.1845
67.9261
68.1763
69.2285
69.306
70.3091
70.2138
70.3613
70.2894
69.6147
69.7029
69.4885
69.7043
69.9479
69.7921
69.3894
69.5058
68.7924
69.1779
67.3707
68.0086
68.5251
69.6359
68.73
68.0823
69.1488
69.53
69.8656
68.7162
69.6218
70.0167
69.3983
69.7115
69.6638
70.0549
69.9962
69.2643
68.3565
68.2331
67.6276
68.4384
68.9771
69.4354
69.5048
69.4311
69.2121
68.5828
69.0512
69.6143
69.1959
69.4721
69.848
69.7257
70.2328
69.9284
69.8555
69.7475
70.4241
69.6947
71.5245
68.8986
68.9702
69.0525
69.5532
70.8533
70.6123
70.3222
70.1575
70.0958
70.1725
70.651
70.6707
69.2996
69.9594
69.7347
69.6836
69.2338
70.2554
70.5257
70.5073
70.388
69.4795
70.6246
70.6583
70.2115
70.5162
70.2406
70.4764
69.7782
68.8968
68.9907
69.5723
69.4401
69.2237
70.4172
69.913
70.0432
70.0803
69.1872
68.8342
69.146
68.8523
69.8072
69.2021
69.5437
69.2106
69.9165
70.7599
70.6068
71.7
70.9992
70.3355
70.0302
70.2368
69.5036
69.5423
69.9555
69.4152
69.5402
70.2872
69.765
69.1046
70.8849
70.0958
69.9594
70.3908
70.9989
70.2261
69.7752
69.4229
69.4196
69.6997
68.9183
69.82
69.6328
69.9452
69.3371
70.1316
70.0995
71.2786
70.8741
70.5077
70.5467
70.0003
69.4227
69.4725
68.8536
69.4643
69.7461
70.5533
71.0614
69.2717
69.1161
68.5437
69.429
71.1066
69.9457
70.4648
70.871
69.7679
69.9823
70.3912
70.8187
70.0173
70.9098
70.5894
70.2275
70.7314
70.4812
69.5182
68.9762
69.0018
68.5092
68.8842
69.1331
69.5571
69.1159
68.7511
69.2121
69.5312
69.8972
70.6558
71.1478
69.9893
70.6751
70.9167
69.8834
69.8928
69.2513
68.7162
70.9497
70.814
70.4887
70.9047
70.5787
68.6432
68.8779
70.0152
69.7461
70.2919
69.4954
69.7102
70.3876
69.8929
70.063
71.1306
70.2256
69.3428
69.7294
69.4632
69.2437
69.7492
68.6907
68.2316
69.2833
69.841
70.4623
70.2576
69.1434
69.4415
69.0218
68.7689
68.5907
68.7639
69.5668
69.0051
70.0877
69.8438
69.9705
69.7445
70.4252
70.5196
69.6534
69.7561
69.1755
69.1043
69.6294
69.2006
68.9235
69.0131
70.0415
70.0577
70.9041
70.8096
70.8103
69.8348
69.9409
71.2297
69.7593
70.0957
69.815
70.0776
70.2972
69.3387
69.9482
69.1433
70.3479
70.6733
70.1761
70.5444
71.5815
71.6024
71.6853
72.5079
71.6649
70.9041
70.0132
69.3761
69.6909
69.4592
70.0795
70.0142
70.8467
70.8219
71.8693
71.3978
70.9129
70.1753
69.9211
70.5007
69.9847
69.3406
69.8592
69.8277
69.8775
70.136
69.8709
70.0476
70.009
69.1626
69.5068
69.5283
69.2796
69.9141
69.6229
69.2072
68.8809
68.6046
69.5659
69.6111
69.6996
70.5804
70.7733
70.7074
70.3982
70.4906
70.8923
70.8939
69.6357
69.868
69.8928
69.9875
70.5752
71.0909
71.3072
71.0143
71.2614
71.2309
71.1714
70.8233
72.1869
72.0283
70.9294
71.2296
69.759
69.7359
68.9878
68.6801
68.5597
69.4719
69.7306
68.8809
71.0536
71.4668
72.2096
71.1796
69.7308
69.9829
70.3806
70.5621
70.8044
70.5056
70.4026
70.2674
69.5657
70.1191
69.5854
69.8424
70.6775
69.9079
70.3242
70.6466
70.6358
70.3024
70.1464
69.6408
69.8312
69.614
69.6546
69.3909
68.8272
68.6715
68.009
68.2339
67.9461
68.6606
70.2308
69.6573
70.2683
70.8497
70.8818
70.7673
70.8236
70.846
69.7922
70.0453
69.5356
68.7619
67.6168
69.8249
68.9704
70.5384
69.8906
70.2016
70.0015
69.7136
69.5617
70.5541
71.7455
71.5687
70.7562
69.6513
69.6915
69.0309
69.3765
69.9334
70.1429
70.5542
69.859
70.5026
69.8445
70.1126
69.5288
69.7373
70.5071
70.5407
69.6803
70.0284
70.0657
70.5087
69.8496
69.5871
70.1353
70.275
71.539
72.2622
72.7113
73.2415
72.076
71.6581
70.8168
70.0658
69.7755
70.1102
68.8392
68.5115
69.0503
68.5943
68.4648
68.1381
67.8578
68.6409
68.8862
69.2374
69.6458
70.3593
70.0866
68.8319
68.9268
69.8194
69.6633
70.4536
68.8944
68.7581
69.2413
69.4038
69.6859
70.2817
69.4584
69.6807
69.9725
70.1668
69.8993
69.6438
69.2736
69.4063
69.3139
70.1996
71.2275
70.1326
70.127
70.4569
69.5381
69.4704
69.8393
69.1306
67.819
68.6256
69.1622
69.5133
70.321
68.9379
70.3891
70.4367
70.2276
71.245
69.8492
69.7975
68.9766
69.8225
70.6165
69.9767
69.8101
69.3079
70.1209
70.9496
71.5058
70.7295
70.1551
69.4461
70.4482
69.1795
69.7911
69.1762
70.1871
70.2858
71.4931
70.6575
70.0637
69.9371
69.1848
70.0554
70.3906
71.186
71.3495
70.3798
70.5531
70.7332
71.4327
71.2457
70.274
70.3359
70.6281
69.7514
70.0284
69.7394
69.5748
70.3115
71.2287
70.4599
70.3476
70.2316
70.1269
70.2856
69.7067
69.446
70.2802
70.6583
70.4851
70.3701
70.6605
70.6559
70.3167
70.538
71.2356
71.8059
70.8874
71.2062
69.816
70.4174
70.439
70.63
69.1675
69.87
69.0315
69.658
69.6979
71.6406
72.6047
71.5766
71.3647
71.8518
72.5825
71.4469
70.6777
69.5267
69.8312
70.1616
68.5072
68.988
68.707
69.8871
70.7019
68.707
68.6813
68.5763
69.9784
70.2472
68.8949
68.9222
68.9428
69.5995
69.1989
70.2028
70.9948
70.5576
71.4539
71.6288
70.6178
70.9194
71.0769
69.7441
70.0163
71.2066
71.1828
72.7243
73.1691
72.3704
71.6167
70.7223
71.7691
71.7669
71.1129
70.6595
69.3078
69.8062
69.9481
68.937
68.3035
68.1264
68.7064
69.4812
69.6196
70.0392
68.5109
69.1312
69.5899
69.9948
70.1085
70.1675
69.3803
68.9629
68.9592
69.6971
70.2604
69.0393
69.8562
68.9106
70.643
69.4014
69.1916
69.5965
69.8388
69.211
68.8446
68.9818
68.8053
69.6262
69.5003
68.4386
69.0106
69.3663
69.5652
69.5508
70.0933
69.8636
70.5521
69.3588
69.2602
68.6504
68.3995
68.9005
68.5295
69.159
69.721
69.0582
69.2826
69.4161
69.4432
69.0669
68.8346
69.2741
69.4468
69.2594
70.1042
71.0162
71.9498
71.1029
70.2494
71.222
70.5861
70.5085
70.4303
70.601
71.5312
71.122
70.8736
70.2005
70.7919
71.0192
70.6254
71.0191
70.1137
71.1176
70.0165
69.3011
69.5894
69.3503
69.6618
69.2495
69.7309
70.0866
69.2526
69.2342
70.7554
71.2472
70.1844
69.6691
69.9748
70.7274
70.3948
71.0793
71.0151
70.4907
71.2911
70.729
69.937
70.5061
70.0747
70.5348
70.1306
71.1866
69.2774
69.747
69.525
69.7175
68.6201
68.5895
69.0432
68.243
67.7458
68.0281
69.0446
70.209
69.3674
70.3115
69.3704
69.7318
70.5464
70.7486
70.9229
69.9745
68.8959
69.1166
69.1939
69.9114
70.2486
70.4102
70.3685
70.0403
70.2664
70.0795
69.2905
69.4974
69.5648
70.6212
70.751
70.1064
69.8765
69.3913
69.5752
69.808
69.2594
69.1247
69.2603
68.7204
68.7777
69.46
69.2638
68.6648
68.9981
70.2878
70.788
70.1865
68.4081
68.5926
70.7645
70.3152
71.2395
71.2792
72.1268
71.6121
71.1377
71.2805
71.1022
70.4162
69.0589
69.2284
70.4874
70.9239
71.2574
71.8998
71.6967
71.5435
70.8642
70.4869
70.812
70.7602
71.8553
71.5611
71.7096
71.734
71.7232
69.8331
70.9066
70.2512
70.1734
69.1044
69.963
68.7484
69.5776
70.2454
70.6302
70.2931
69.5715
68.6284
70.3106
71.062
71.1451
70.8215
70.1574
69.8771
69.7685
70.7407
70.5957
70.0087
68.6519
68.6562
69.2954
69.9486
69.4744
69.6008
69.7547
69.6698
69.8827
69.8876
69.84
69.3328
69.1899
68.5138
68.1624
69.4238
69.2082
68.4135
69.608
69.4455
68.7297
69.5926
69.9813
69.9721
70.1859
69.7436
70.9628
70.1078
68.5862
69.7624
69.973
70.0515
69.4652
69.1946
70.1916
69.9809
69.8525
69.6896
70.0555
70.0092
71.9093
70.4432
69.611
70.9304
70.2018
69.9068
70.2397
69.7578
69.2202
69.0745
68.9261
68.895
70.1179
71.9314
71.6519
71.7246
71.6526
70.8036
71.5976
71.5196
70.7232
71.4936
71.8837
71.3998
70.4746
71.1347
71.098
70.4869
71.592
71.0047
70.9722
70.8888
70.4762
69.574
70.3023
70.2466
69.1795
68.2793
68.3851
69.2636
69.9845
68.9614
69.2305
68.2436
68.5236
68.916
68.7878
68.6351
68.5582
68.9859
68.2539
69.5178
69.1448
68.9219
70.1707
69.4128
69.7508
69.1932
69.9369
69.4881
69.8786
69.7419
70.5801
70.2655
69.5802
69.8843
69.7618
69.9164
69.1106
68.566
68.9459
68.6466
70.2312
69.8453
68.7882
70.5109
70.8052
69.5922
70.1755
68.7503
69.1473
69.6569
70.2432
70.6362
71.5006
70.2732
70.3083
70.0262
70.8101
69.966
70.8595
70.1702
70.1258
70.7556
70.8383
71.3432
71.2456
70.5152
70.8602
70.2371
70.3022
70.1707
70.0288
70.0273
69.9344
69.5893
69.9856
70.4648
69.4949
68.8564
70.3903
71.6383
71.5027
71.3065
70.4146
70.7508
70.5371
69.7982
70.513
70.0857
70.7542
71.0238
71.7709
70.9282
71.0002
71.3307
69.9099
70.14
70.8374
71.2134
70.9171
71.7471
69.8448
69.701
69.9283
69.0042
69.9163
69.8688
69.4758
68.6225
68.8912
70.1296
69.5684
69.3465
69.692
69.3035
70.3222
70.5061
69.6091
70.4807
68.7758
68.5439
69.0777
69.4276
69.4609
68.7688
69.0208
70.4284
71.4222
71.4485
70.6265
70.0437
69.9256
69.8059
69.6965
69.5512
69.5162
70.3616
70.9265
70.3872
69.8149
69.8464
69.4463
69.6976
69.8531
70.3183
71.8356
72.5284
72.5675
71.9523
71.2638
69.6677
70.7443
70.0935
69.6191
70.14
69.0806
69.3935
69.2528
69.3855
69.2505
69.4937
68.1721
68.97
69.4306
69.4478
69.5903
69.8394
70.4654
69.6465
69.9948
71.2366
72.0329
71.6592
70.7645
71.4932
70.8423
70.394
69.2635
70.1037
69.5148
69.3662
69.6695
69.0697
67.8717
68.1861
68.6474
69.301
68.9266
69.2608
69.6244
69.6546
69.4998
69.1443
69.6909
70.1837
70.6305
70.2963
70.5928
70.8896
70.5171
69.1462
69.1554
69.2898
68.7545
69.2877
69.4207
68.4365
68.7032
70.5387
70.6407
70.2867
69.5385
69.799
69.6932
69.3176
69.0597
69.0966
69.5008
69.1575
70.7679
70.1792
69.572
69.7057
69.6562
69.9958
70.2462
69.0131
68.607
68.3149
68.2973
68.9467
70.2784
70.1999
70.2411
70.1074
70.7981
70.244
70.7689
70.5059
71.2887
69.9379
69.5334
68.7376
68.8219
70.3023
69.9896
70.0076
71.457
70.568
69.8313
69.7396
70.0898
70.8352
71.3212
70.0829
71.1242
70.1563
70.5633
70.3033
71.0195
70.0464
69.3283
69.6809
69.4703
69.2603
69.1226
69.0263
68.5144
69.0771
70.2835
69.4554
68.8018
68.876
70.7705
70.173
70.5845
71.0297
70.7146
70.3822
70.9459
71.4492
69.4222
68.8249
68.7423
68.9739
69.1095
70.2781
69.321
69.8907
70.5948
69.4474
69.4505
70.1014
71.0802
70.0245
70.4553
71.1286
70.1525
69.7754
71.5965
71.6594
70.9719
70.9958
71.9046
71.3462
70.4452
69.7104
69.7175
69.1736
69.0123
68.8704
68.3881
69.0383
69.8275
70.0734
69.8964
69.2747
70.1629
68.5655
68.8172
69.4419
69.9285
69.3108
69.2189
71.2934
71.2092
72.0655
69.9921
69.7458
70.1159
70.6796
70.0077
69.7631
70.4277
69.7818
70.364
69.918
68.9949
68.6639
68.8716
69.6436
71.1071
70.2505
70.9315
70.8271
71.471
71.4862
71.476
70.0038
69.5694
69.2504
70.0623
70.2312
70.2815
70.124
70.5637
70.2802
69.9681
69.3066
70.362
70.6851
71.2948
69.6923
69.0963
69.2834
70.0087
70.455
69.8056
69.6065
69.9016
69.9544
70.3121
71.0976
70.5123
70.1811
70.4481
71.8069
69.7911
69.4147
70.2027
71.5721
71.3422
71.0711
70.7846
71.7369
71.6887
70.4698
69.9457
69.5116
68.8754
68.4755
67.8906
68.6926
69.9184
70.1433
69.0937
69.0835
69.7843
68.9761
67.5769
68.7884
69.2189
69.3419
68.8575
69.8215
69.8172
69.6255
69.4124
69.6593
69.4958
69.018
68.6407
69.0395
68.9625
69.1648
70.1969
70.2813
69.5759
69.6079
70.4014
71.2711
70.9628
70.8717
70.6676
70.1871
70.5612
69.8605
69.8551
68.559
68.9609
69.2717
69.2925
69.5573
69.5388
69.7619
70.4238
69.7578
69.781
69.9815
69.6686
69.1397
68.3394
69.1624
68.3466
68.7803
67.8785
67.5021
67.9433
68.3373
68.6565
69.1631
68.4186
68.8322
69.6054
69.5366
70.0247
70.0588
69.7608
70.409
68.9301
68.637
68.7213
69.2133
70.1247
70.0888
69.9596
69.9511
69.711
70.019
70.2973
70.084
70.2329
70.3975
70.5036
70.1733
70.5074
70.2436
70.0938
69.8448
69.745
68.7999
69.2257
69.2236
70.4016
70.1895
71.229
71.3875
71.4904
71.7016
72.0889
70.2783
70.283
69.6626
69.0478
69.0322
69.2351
68.472
69.9081
70.0812
68.8776
68.9177
69.7733
69.6109
69.3253
69.2071
69.8008
69.7709
69.5671
69.2464
71.0574
70.5789
68.9763
69.3126
68.6857
68.3517
68.6531
69.3398
69.4251
69.6635
69.7414
70.1479
69.4253
69.6894
70.156
70.2478
70.9471
70.4007
69.9514
70.1522
69.5343
69.1161
68.9827
69.9706
70.1461
70.1489
71.1731
70.1516
69.4744
69.7363
69.4622
68.82
69.518
68.7732
69.7613
69.2163
69.5899
69.9692
70.0808
70.7308
70.9958
70.8402
70.3215
71.4437
71.3625
71.3036
71.1325
70.5715
70.8385
71.5121
71.6448
70.2704
68.8645
68.5096
68.5637
68.1212
68.6231
69.9827
69.8639
70.832
71.5402
71.0206
72.0397
71.5426
72.377
71.8669
71.3644
71.7184
72.4118
71.4662
70.9624
70.2561
69.7691
69.5983
68.9135
68.3149
69.0145
69.1439
68.146
68.3559
69.069
68.1138
68.0416
68.4627
68.6074
69.2811
69.7296
71.0512
71.2715
70.2948
70.4137
68.9853
69.4705
69.2682
69.4568
70.1578
69.6502
69.7608
70.3193
69.5315
69.0365
68.8173
68.1739
67.7815
67.9138
68.5501
69.6636
70.2684
69.973
69.6958
70.2235
71.9151
70.3608
70.4952
70.2401
70.06
70.6084
70.2688
69.8921
71.6649
71.2105
70.6394
70.1667
70.2609
69.4982
71.5638
69.5624
69.5205
68.8483
69.0245
68.2693
69.0034
68.9458
68.8689
69.6925
69.4088
69.388
69.7833
69.7508
70.789
70.7921
69.7598
69.1401
68.9531
69.8811
68.5765
68.5446
67.6511
67.9334
68.7704
69.7974
70.2119
70.4275
70.0938
70.2869
70.198
69.7699
70.1522
70.1628
69.6227
68.354
68.5686
68.8138
69.2397
71.0504
70.5474
70.2506
69.8592
70.0355
70.5397
69.4298
70.272
70.2422
69.9796
69.9614
70.7971
69.6181
69.4097
68.8116
67.5992
68.7531
68.6723
68.3862
68.6308
69.2665
69.8736
69.265
69.5443
68.907
69.3277
68.905
68.3052
67.4997
68.3543
68.7804
69.2666
69.09
69.576
70.0298
70.581
70.8138
70.7831
70.016
69.5652
69.5699
68.3613
69.958
70.7456
70.875
69.7597
70.1356
70.5329
70.1763
71.668
71.0287
70.3793
69.0184
68.8115
69.7864
69.3186
69.713
69.9283
69.9455
68.0121
68.4715
70.053
70.6761
70.4232
70.9121
70.6555
70.8569
71.6497
71.4567
71.8649
71.9443
70.4073
69.9456
69.5983
69.038
70.1483
69.2874
68.999
69.2251
70.0477
70.4823
70.4326
69.4055
69.8393
69.8651
68.8253
68.63
68.615
69.734
70.404
70.5336
71.9017
71.9914
73.2363
72.7802
72.2579
71.442
71.1043
70.7706
70.6604
70.3249
70.8106
69.5943
70.0398
70.998
70.3161
70.1666
70.1049
70.5174
69.4217
69.6425
68.4593
69.1339
69.1939
69.5402
69.6813
70.1311
70.6546
70.3523
71.153
70.1839
71.7016
70.3176
71.7054
70.5718
70.552
71.2357
70.4701
70.2066
70.7042
70.5173
71.1087
70.2937
70.1561
69.6648
69.9556
70.656
69.8166
70.5471
70.7542
70.0059
69.6725
69.1312
68.7715
68.9164
69.3911
69.3089
69.9758
69.7778
69.8927
70.0865
71.1543
70.5246
70.7063
69.8485
70.0141
69.4885
69.481
69.4958
69.044
69.8108
70.1635
70.909
71.067
70.2516
69.8266
70.4925
69.6138
69.5455
69.3658
70.4651
70.1305
70.4571
70.6367
71.2995
71.7041
72.5585
71.2531
71.2788
70.8037
70.5481
70.7613
70.2761
69.659
71.6708
71.3228
71.1134
70.042
69.6551
68.727
69.8049
69.7862
70.3944
70.6587
70.069
70.8332
70.566
70.7473
70.9331
69.845
69.8802
71.2785
73.0393
71.9054
70.9945
71.5558
72.0275
72.2927
71.8261
71.136
70.7048
71.5479
70.8386
70.2938
70.6906
71.5483
70.9033
71.4472
70.444
70.9157
70.6005
70.54
70.7487
71.0452
71.1838
71.2856
71.2687
70.5516
70.836
70.0229
69.593
69.7759
70.6686
72.5922
73.0214
72.503
70.9489
70.6807
71.2511
71.0398
70.5214
69.8005
70.1332
70.7115
70.3931
70.9676
71.8478
70.9347
71.0432
69.4515
70.2483
71.3595
71.3146
69.7698
70.2519
69.3393
69.6931
70.1375
70.7173
70.9027
70.4788
69.0635
69.2122
70.5459
70.603
69.5551
69.281
68.9511
70.1894
70.0209
69.8804
70.1617
71.2251
70.3092
69.8949
70.1069
71.1241
70.8727
71.7311
71.8892
71.3146
71.5471
70.3788
70.5764
70.5368
70.7621
70.2859
70.6813
70.0487
69.5011
70.232
70.7567
70.5939
70.6543
70.4041
70.1528
70.4344
69.5369
70.3482
70.828
69.9586
69.344
68.7152
69.1619
70.1245
68.9697
68.9305
69.4591
69.1967
67.8787
68.2524
69.6115
69.1986
68.3491
69.5824
68.2161
69.2111
68.9794
68.9759
69.378
68.5617
68.7596
69.8799
69.89
69.091
69.9274
70.5798
70.4056
70.5548
70.43
70.1498
69.6598
70.0308
69.97
72.2099
70.8405
69.3593
69.5886
69.7918
69.5727
69.2783
68.6926
68.7449
68.6382
69.1662
69.2651
69.6977
69.8248
68.8505
68.8609
69.1921
68.8994
68.9626
69.2377
69.5223
68.9001
68.6246
69.6152
68.7046
69.6787
69.4924
70.1646
70.4439
70.1057
69.5998
69.2811
69.2317
69.6102
70.0376
70.3742
69.3628
69.8814
68.9698
68.8712
68.3999
69.5414
69.4723
69.7055
68.9987
69.2981
69.0533
69.9338
70.4577
71.0072
70.6499
70.4426
69.4981
69.5396
69.3748
68.9047
68.9758
68.8857
69.4977
69.6481
69.6659
69.9493
68.6482
67.6132
69.4011
69.31
69.1568
69.1327
68.2622
67.993
69.1439
69.2208
69.506
70.0833
69.1982
68.3425
68.7658
68.9831
70.0043
70.7948
70.8128
70.7027
71.7038
71.1053
70.9584
71.8633
71.5861
70.8566
70.5351
70.1383
70.7052
70.1873
69.7917
70.3879
69.8216
70.2258
70.1322
70.0012
69.6529
69.1767
69.461
71.2737
70.7421
69.7862
70.3897
69.3111
69.689
69.9732
69.3996
69.0227
70.7975
69.6552
69.2771
68.9638
68.289
68.7835
69.4262
69.3932
70.3168
70.1027
70.9079
69.2846
69.2068
70.0893
69.0042
69.638
69.6783
70.3051
71.3697
69.9366
69.0181
69.0689
68.794
70.3265
71.6266
70.0676
70.7584
71.4021
70.3526
69.7948
69.4286
69.6217
69.458
69.4975
68.4671
69.1718
68.4887
69.9016
70.6866
69.9023
69.1932
69.32
68.8187
68.6495
68.0738
68.7247
69.6833
70.5081
68.9166
69.5159
68.5979
68.4344
69.4429
69.4269
70.2512
70.0453
70.5896
70.9527
70.6624
70.7373
70.464
69.4234
70.8679
70.0606
70.8554
71.7538
71.8275
72.5135
72.1411
70.7116
71.2074
70.8784
70.0201
70.4403
71.2851
70.6007
70.4293
71.1704
70.0162
69.9784
70.2364
70.9019
70.3876
69.8474
69.639
70.7566
71.4586
71.1359
72.1425
71.7326
70.7453
70.5646
69.6124
70.0773
70.3016
70.3358
68.988
69.1518
69.0503
69.9375
70.2895
71.0005
69.9894
70.1199
69.8416
70.5635
68.83
70.5907
72.5221
72.2113
72.0888
70.9913
69.8252
69.9742
70.3769
70.827
68.8276
68.8311
68.6878
69.9562
68.5521
69.718
69.7798
69.9937
69.5982
69.2378
69.7781
70.4724
70.026
70.8592
71.6052
70.7807
70.2819
70.4152
70.9575
70.362
69.8181
70.3233
70.0182
70.0885
70.6972
70.8261
69.1318
68.4124
67.9043
67.3534
68.5165
70.0988
69.2466
67.0229
68.2653
69.332
68.6763
68.7763
69.2873
69.8927
71.3427
69.5489
70.6142
69.995
70.0551
71.0697
70.4446
70.2078
69.4177
70.3268
71.9238
72.0629
70.8544
69.888
69.111
70.027
69.4037
69.1036
68.9191
68.414
69.2321
70.5354
69.2074
69.8633
70.1242
69.7359
69.9288
68.9472
70.0325
70.9159
70.0574
69.8902
69.4403
69.3556
69.24
68.397
68.295
67.9931
68.1948
68.3518
68.8453
68.7501
69.9445
70.713
70.2508
70.0584
70.0648
70.3938
70.0883
70.1708
70.3899
70.0477
70.5609
70.8509
70.1407
70.1007
69.6779
70.3764
68.9166
69.3262
68.8635
68.0993
69.5187
68.9091
69.7655
70.9508
70.319
69.3572
69.1014
69.5481
70.0377
69.0546
68.8399
68.9754
69.3446
68.9315
69.5567
69.2695
69.7155
70.1012
69.6439
71.233
71.2533
71.4889
70.5373
71.0558
70.9977
69.6288
69.8158
69.7689
70.7963
71.7498
71.9971
71.7527
71.3881
70.0315
70.0956
70.2529
71.0985
69.9214
70.2408
70.1258
71.1624
71.3508
71.1451
71.5354
71.0777
70.2939
68.8203
69.6794
68.6457
68.1964
68.5983
69.0519
69.52
69.3177
70.883
69.8206
68.9039
68.8975
69.1913
69.6865
69.3752
69.3241
69.741
70.5953
70.242
70.1399
70.3463
70.3382
69.5988
69.8579
70.7939
70.8558
70.0782
69.7429
69.9389
69.6306
68.8042
68.3379
68.5039
69.1371
68.4373
69.6522
68.8844
69.4197
69.3091
70.3655
70.9403
69.9366
69.9249
70.1379
70.748
70.9432
69.7263
70.2181
69.1884
69.4247
69.4046
69.4146
69.7904
68.4891
67.8498
68.6773
67.6491
68.3243
69.6446
68.8745
69.4722
69.6849
69.7416
69.981
70.1191
70.3877
69.3756
69.8068
70.3129
70.1582
69.5212
69.9373
69.4858
68.9861
70.1026
69.3815
69.2831
69.1359
69.1923
69.3962
69.0376
69.3035
69.5732
69.53
69.6343
70.5039
69.2163
69.3544
69.5726
69.2698
70.3764
69.5407
68.8911
68.6072
69.6754
69.7367
69.0989
70.1255
69.7342
69.2635
69.0493
68.4921
68.5705
68.2079
69.8547
68.8428
69.8118
69.1183
70.5821
70.582
70.165
70.4079
70.4278
71.272
69.2584
69.8522
70.2682
69.9767
70.4886
70.4844
70.0409
69.4458
68.8621
68.5077
68.6095
68.4262
67.8583
68.8802
68.9544
69.1263
69.0236
69.4781
69.2674
70.573
70.7774
70.3684
70.2318
70.7912
70.1859
69.4813
70.6127
70.6252
70.7403
70.7526
70.4162
69.9267
69.2868
69.8821
70.9072
70.9753
69.1442
68.3032
69.3854
69.7171
69.1051
68.3995
68.3589
68.9119
69.4477
69.7493
69.4974
69.1706
69.2328
69.9048
69.8174
70.0556
69.8324
69.9714
70.5673
70.4455
70.5441
70.995
70.0139
68.9037
68.8156
68.761
68.9895
69.5168
70.5187
70.8285
70.6726
71.0016
71.0165
70.916
71.1803
71.9144
71.3937
70.3421
69.7356
68.8866
69.4627
70.3535
71.1141
70.0134
69.5154
70.0154
70.8439
69.7153
69.5605
71.0569
70.1761
68.9659
69.4847
69.614
70.1037
70.81
71.246
71.6691
70.6188
70.4943
70.9785
70.8335
71.0121
70.6141
70.4848
70.5479
70.0331
70.0382
70.2522
69.8726
69.3241
70.5454
70.303
71.3978
71.6578
71.1465
71.4773
71.2484
71.5727
70.9613
70.8577
69.9827
70.6883
