477.568
463.459
452.332
442.858
434.161
426.416
420.991
407.62
396.436
388.24
378.541
369.018
359.788
349.704
341.221
333.185
326.798
322.163
318.028
312.265
305.408
300.448
297.305
295.796
292.633
290.024
287.295
284.474
280.24
277.123
272.979
268.88
267.352
262.135
259.616
255.657
251.014
249.611
246.977
246.746
246.779
246.215
244.234
244.897
244.342
243.004
240.583
239.011
237.001
236.767
234.834
232.84
231.62
229.873
226.646
225.229
221.343
218.691
215.905
214.444
212.604
211.715
211.156
210.191
210.11
209.736
209.012
208.038
207.321
205.6
204.332
203.68
202.172
201.962
201.677
201.523
199.645
199.361
197.359
196.616
194.816
194.439
193.788
192.43
191.51
192.187
191.797
189.201
187.217
186.727
184.613
183.298
182.827
180.45
177.749
176.605
175.019
173.693
173.113
172.418
171.533
170.018
167.452
167.264
166.975
165.227
164.037
163.672
163.492
163.163
161.626
160.925
160.809
158.687
157.501
157.534
157.407
157.721
157.259
155.879
154.039
154.091
153.972
154.452
153.93
152.667
153.71
151.83
151.552
152.045
150.297
149.123
149.798
148.547
148.747
149.373
149.781
150.103
149.511
148.664
147.619
146.693
145.17
145.418
146.582
145.33
145.126
146.405
146.304
146.009
144.743
144.294
143.329
141.493
142.069
142.282
141.995
141.057
140.316
140.774
140.346
138.852
139.108
138.689
138.73
139.356
140.124
138.443
139.013
138.102
136.088
136.626
135.252
134.495
133.028
131.772
131.051
129.199
128.423
127.951
127.66
127.287
126.592
126.76
127.412
127.656
127.033
127.969
126.872
127.28
128.159
126.967
126.656
126.299
127.924
128.221
127.819
128.746
128.694
128.128
128.38
128.508
129.301
128.477
128.665
129.596
128.934
129.201
128.381
126.07
124.517
124.289
124.093
123.05
123.536
122.874
123.121
123.032
123.649
123.69
122.746
120.915
119.303
118.079
119.413
117.234
117.155
116.104
114.199
112.975
112.547
113.374
114.108
114.63
115.076
115.547
116.601
117.329
116.255
116.117
116.6
115.458
115.898
114.539
113.444
113.186
112.831
111.876
112.282
112.052
111.552
110.893
109.463
108.798
108.455
108.073
108.335
108.135
107.897
107.958
107.459
107.769
107.41
107.09
106.352
107.132
106.462
106.921
106.07
105.483
106.286
105.651
105.745
105.588
106.808
108.695
109.283
109.097
108.187
106.48
106.928
106.532
106.823
106.58
105.673
103.899
103.666
103.963
103.136
103.244
102.756
102.871
101.771
101.352
101.53
100.676
100.374
99.7063
100.161
100.756
101.394
101.616
102.424
102.436
104.293
104.489
105.091
105.673
106.035
104.494
102.835
102.818
101.43
101.513
100.081
100.507
99.4261
99.7213
99.6205
99.8827
100.557
100.789
100.473
100.665
100.771
100.747
99.925
98.8944
99.4844
99.2658
99.7409
98.4092
98.6917
98.0811
97.753
98.2772
97.6407
99.1344
99.8533
98.4479
98.7175
98.3198
97.2917
98.0283
97.9141
98.3678
98.5528
98.1604
97.046
96.8722
98.2759
99.4359
100.292
100.159
100.325
99.7077
99.7013
98.8207
99.0961
98.5932
99.2748
98.5607
98.831
98.6391
97.5429
96.1432
95.9322
93.3508
93.7715
93.5762
94.1026
94.1525
93.7287
94.2135
93.9074
93.6892
95.0366
96.0747
97.6729
98.1654
99.429
100.405
101.333
101.941
101.193
101.521
101.407
100.656
99.6365
98.763
98.3981
98.0686
98.0408
97.9925
96.5043
94.7159
94.1037
94.6431
93.7808
93.4419
93.5677
92.6321
92.1093
92.7902
91.3003
92.0557
92.8744
92.4624
90.3172
90.1965
90.9183
89.7825
90.169
89.5594
90.8374
90.864
90.4292
90.2668
90.1651
89.8586
90.6499
90.2512
89.7373
89.4441
89.35
89.6002
90.0793
89.9837
90.1732
90.2374
91.1892
90.7743
91.3615
90.6865
91.7379
90.5914
90.2479
89.4363
90.7029
90.7068
91.1849
91.2462
90.3957
89.9058
90.3407
89.6447
89.6413
90.2958
89.3686
89.2215
88.8984
88.61
87.086
87.6443
86.4739
85.495
84.6936
86.6512
85.5964
85.7635
84.775
84.7647
85.0339
86.2864
86.3494
86.2358
85.7565
86.4254
85.4224
86.1868
83.9912
84.7487
84.4756
83.7569
84.0874
83.7766
84.5045
83.7629
84.5389
84.4111
84.4538
83.7645
83.7778
83.444
84.4559
83.5469
82.7459
82.771
83.8242
84.2769
83.3352
83.1329
83.2008
82.2114
82.5495
81.8638
81.9554
83.5255
85.7744
87.4067
88.0585
88.6954
89.0906
87.3811
85.9444
86.9419
87.3891
86.689
85.6019
84.7901
83.9752
84.1931
82.279
81.3788
80.6253
80.8275
80.5032
80.4521
80.0932
79.7709
79.066
80.0927
81.0198
79.9541
80.1643
78.1848
78.3471
80.018
80.0672
79.4604
79.9478
80.1888
79.6627
79.6948
78.84
78.9392
79.0376
79.4911
79.6389
80.1944
80.6219
80.1026
78.8254
79.1108
77.8207
78.5042
78.6539
78.4368
77.2462
77.7584
78.398
77.9088
78.9562
78.4435
77.7424
78.7776
77.7026
78.2361
79.7541
81.3444
82.8164
84.7783
85.1592
85.8224
84.9026
84.6511
84.0235
82.1343
82.0084
82.5803
82.4451
80.7532
80.7059
80.2408
79.5104
79.3837
79.3259
78.9033
79.2004
78.8838
78.9732
78.942
78.489
77.6108
77.3537
78.475
77.6209
78.6831
77.3972
77.0072
78.2811
78.1623
80.0699
81.5224
81.1917
81.0155
79.7731
80.5066
80.842
81.4581
81.3312
82.4262
80.9147
81.0335
80.6531
80.2066
80.5305
78.9885
77.8325
77.8911
77.4787
77.4766
77.3772
77.0694
76.1941
76.8892
77.0381
76.5331
77.4809
77.157
77.5006
78.0522
78.538
79.2086
79.1583
80.09
78.4187
78.7699
78.7012
78.3024
79.1962
80.0135
80.9661
81.8891
81.4377
79.5173
81.0026
79.7584
79.8862
80.3157
79.0147
77.7173
77.8055
77.3663
78.089
78.68
77.6942
78.2495
78.5438
78.3733
77.7589
77.9767
78.3477
77.9713
78.8089
78.2803
78.6329
78.7788
78.8401
78.0255
77.8572
77.5914
78.2413
77.3628
78.4849
77.7074
77.9722
78.0776
76.7632
77.1064
77.4012
77.4631
77.9933
78.7919
77.8793
77.6097
78.4088
79.1817
78.7102
77.2312
77.8986
78.5047
77.7105
79.7073
79.2815
78.2246
78.5756
78.1331
77.4829
77.2407
77.4955
77.2454
77.4208
77.8031
76.5804
75.4234
75.2435
75.4482
76.2187
76.234
76.7361
76.5786
76.7573
76.5287
76.3422
76.3034
75.9754
77.5965
78.2543
77.1602
77.2846
77.3748
76.9168
76.5399
76.6641
78.1854
78.2336
76.7946
76.6801
76.3852
77.7141
76.9707
76.5898
76.4172
76.5661
76.0522
75.485
76.7264
77.5448
77.9543
77.8537
76.9593
77.4109
77.1851
78.0442
78.0417
77.0327
77.6532
77.4689
78.7557
77.458
78.5824
78.2016
77.9375
77.2611
77.2375
77.6018
75.9531
75.8669
75.4113
76.8315
76.5036
75.8884
75.6122
75.8229
76.0912
77.962
77.7069
77.6472
77.7605
78.4157
77.9335
76.8381
77.1276
77.5872
76.6672
77.2082
78.3999
78.4504
78.8492
79.5554
78.8624
76.9841
77.0437
76.9501
75.6108
75.4498
75.3906
75.7224
75.5196
75.0216
75.7081
76.3386
76.0814
75.4554
75.4772
75.5669
75.6104
76.2128
76.7299
75.9882
75.0454
76.0039
76.0712
75.6599
75.7538
73.8208
73.1935
73.9231
74.9204
74.7587
75.5527
76.1542
76.8105
77.192
77.1788
76.641
76.4094
76.1451
76.2257
74.9215
76.4856
76.9244
76.7023
76.1455
75.168
74.1698
74.5441
76.085
76.0242
76.4734
76.7914
77.0902
76.4582
76.0755
76.0908
76.2486
76.3179
76.4658
74.6433
74.9217
75.8239
76.1571
75.7014
76.0555
76.1852
75.3218
75.7639
75.8785
76.6738
76.955
77.0591
77.3165
76.8565
76.0585
76.7515
78.0919
79.024
78.0206
78.0053
77.0361
75.7529
75.6974
76.7731
75.6425
75.8192
76.1701
75.9978
75.6476
75.408
75.6909
75.3717
75.6199
75.7242
76.1152
75.736
75.7552
76.2729
76.6317
76.2341
76.7557
77.238
76.3482
76.0494
76.297
75.9533
75.7085
74.2022
74.4288
74.9313
76.7349
76.2698
75.4039
75.801
76.4431
76.5077
77.8524
77.8086
76.3915
76.2537
76.1377
76.467
76.9574
76.5777
76.1607
76.0558
76.7418
76.3507
76.2194
76.9532
76.079
76.5146
76.4431
76.1521
76.6895
75.9755
74.9332
74.7141
75.0477
75.4629
76.0452
76.2138
76.1146
76.9861
77.517
76.3871
75.616
75.4133
75.4391
75.7069
75.9732
76.04
76.1902
76.9012
76.5609
77.5934
78.3091
77.4773
77.5279
77.5546
76.388
75.9302
75.0421
75.2958
74.8399
75.2793
75.5918
77.1865
76.7551
76.5683
76.2671
75.4277
75.521
75.8115
76.6713
75.535
75.294
75.5741
75.3465
73.6235
73.8362
74.0756
73.9259
74.2617
75.3826
74.7322
74.8384
75.415
75.8618
76.1508
75.8377
76.1706
76.3069
75.259
75.6243
76.1993
75.89
75.5545
74.9256
74.8671
75.0492
74.9516
75.0204
76.1049
75.4775
74.276
74.8673
76.4571
76.6416
76.7288
75.9013
76.2917
76.3025
76.0521
76.25
76.1466
76.3572
74.868
75.4054
75.1395
75.8132
75.5187
76.4025
75.6002
75.375
75.0851
76.1238
76.2573
75.9522
74.8649
75.2439
75.3496
74.3217
73.1383
73.9528
73.9437
74.5758
74.8052
75.2067
75.2144
75.0939
75.6534
76.3632
75.986
75.8196
75.3038
75.3092
75.9439
75.4779
76.1347
75.6893
75.8643
75.6803
75.1087
75.4437
76.2215
76.7695
76.873
75.8537
74.8296
74.5971
75.6621
76.3907
76.6678
76.6816
76.1709
75.4718
76.6707
75.672
75.5452
76.9508
75.9678
76.4384
76.8358
76.6765
77.6512
76.5672
76.2135
75.0865
75.2338
75.6174
75.7826
75.2161
75.8191
75.8466
76.1927
77.5609
75.8162
75.4306
75.6615
75.8429
75.9641
75.12
75.3698
75.0611
74.3868
73.1699
73.5794
74.8214
74.5302
75.0588
75.5199
75.4962
76.4331
76.4433
75.0475
75.2918
76.1873
75.6237
75.5421
75.242
75.9955
76.0741
76.1859
76.1837
76.4718
77.3662
77.2517
77.9456
77.4709
76.5889
76.5423
76.2942
75.9554
75.2901
74.9997
75.4299
74.5967
74.3311
74.9421
74.5467
74.9512
75.1046
76.0594
74.9867
75.9013
77.216
76.9215
76.0413
75.807
75.2502
75.8114
75.8502
75.5825
75.9002
75.5549
75.9198
76.2288
76.074
76.0418
76.0435
75.7262
75.3246
74.7696
75.0283
75.1887
76.6423
76.9419
76.5932
77.193
76.8693
77.3547
77.0913
76.2381
77.2507
76.5712
76.4412
76.9968
76.5616
75.4213
74.9988
75.7951
76.1529
76.5156
77.3107
76.5298
75.6485
75.1029
75.8721
76.926
76.0052
75.9632
76.7277
75.8552
76.1397
75.5454
76.3816
74.9093
74.0721
74.7289
75.518
76.9697
76.3499
77.4237
77.6731
78.2581
77.6633
77.5474
77.9488
77.293
77.0853
78.448
77.5485
77.2276
76.0894
76.7022
76.9903
76.6614
75.9515
75.0145
76.0235
76.5526
76.7264
77.2632
75.9707
76.2017
76.0366
74.8897
75.0482
76.156
77.0528
76.2185
75.895
76.2192
76.4431
77.1508
76.7788
75.728
75.5291
76.7085
76.4715
75.9126
76.4391
76.6408
75.4425
75.9799
76.3293
76.7038
76.2395
76.3938
77.3043
76.7052
77.014
77.1515
77.8758
77.2204
76.8243
76.085
75.3008
74.5936
75.6017
75.9084
76.0509
75.2811
75.556
77.0545
76.8777
77.0676
76.0559
75.236
75.8054
76.0467
76.3887
77.4571
76.1982
75.5661
76.2941
75.5536
76.5315
76.1505
75.9414
75.905
75.8217
76.6555
76.4914
75.6675
74.344
74.4839
74.9267
75.2328
77.0999
77.1781
76.2784
76.1981
76.1302
75.5641
75.3473
75.2669
75.7942
75.4032
74.4888
74.6677
75.1104
75.1204
74.2098
74.2035
74.4031
74.6025
74.3606
75.1628
75.2034
74.967
74.8229
75.1455
74.8097
73.727
74.6003
73.1493
75.6712
76.0407
74.208
74.4738
75.2071
75.3391
74.9795
74.6616
74.6149
74.2584
74.8474
74.774
74.5627
75.1971
75.2504
74.947
74.9337
74.3426
74.1627
74.8816
75.1881
76.1008
75.2261
76.2589
75.7849
76.4494
75.7437
75.15
74.8948
74.4967
74.9592
75.1999
74.2963
74.6354
75.5003
75.6616
74.9633
74.779
75.8933
74.9946
75.5514
75.3605
75.8718
75.6129
76.4506
76.4352
75.6589
75.7969
75.5164
75.761
75.4151
74.2599
74.9773
74.8459
74.6409
74.8216
74.7455
75.7599
77.1494
76.3449
76.0302
76.2258
76.7736
76.5787
76.9125
75.7901
75.2249
75.3967
75.5688
75.4993
75.1249
74.6559
74.5626
74.9013
76.1096
75.1519
74.3022
74.3446
75.1641
75.5649
75.8079
74.9378
74.5281
75.5863
75.3691
76.7396
75.7748
75.7579
75.2206
74.7224
74.8808
75.1979
74.4582
73.9208
74.0875
74.1778
73.7852
74.2167
74.2414
73.9569
74.7463
75.8768
74.9404
75.7449
76.0151
76.2706
75.8351
75.0196
74.8102
74.3018
73.9675
74.3032
74.5276
74.9198
74.6177
74.8277
74.645
73.7321
73.6508
74.429
74.7085
75.359
75.6285
75.6391
75.5883
75.8266
74.3561
75.2577
75.2764
74.8768
75.3367
75.7773
74.9898
75.3514
75.2701
75.7889
75.121
75.0584
75.3355
73.5076
73.1438
73.9041
74.1612
75.0614
74.2037
74.6055
75.8563
76.1384
76.6636
76.5545
75.9605
75.5982
75.3545
75.6174
74.3374
75.0704
75.1634
75.1783
75.1885
74.9297
74.0471
74.6167
75.6972
74.351
74.9581
75.0742
74.9333
76.7787
75.8538
76.1191
75.6988
75.5766
76.248
77.0024
76.129
76.0036
76.4781
76.9203
76.788
75.9268
76.3759
75.8912
75.1238
75.3106
75.4568
75.5903
75.5591
76.0829
75.7946
76.1902
76.4184
75.8932
76.1459
74.8927
75.159
76.4956
76.2069
76.4074
75.3479
75.3766
76.5197
77.0635
76.3142
76.4087
75.1059
76.1832
75.364
75.6378
75.7281
74.4667
75.0335
75.146
75.4003
75.5708
74.7797
74.6686
73.7689
73.5414
73.8469
74.1552
74.5101
74.1487
74.8677
75.194
74.8898
74.6955
74.1016
73.2124
72.5075
72.1957
72.1007
71.1335
72.4227
73.4408
73.5216
72.6042
72.1913
72.8396
71.2598
72.1423
71.695
71.7806
71.6632
71.7244
71.8265
71.8782
71.8809
70.63
71.2689
71.8601
71.6084
71.8167
71.9419
71.4871
72.1938
73.8097
73.6601
73.0211
74.0638
72.1366
71.3085
70.7845
72.0221
72.603
73.025
72.1514
72.6167
72.3324
71.1252
71.547
72.1447
72.2329
72.4631
72.5252
73.0953
73.9135
72.9834
71.9603
71.5826
71.494
71.6537
71.8154
71.7153
71.9595
72.0109
70.6584
70.9326
71.431
71.2524
72.1528
71.5592
71.3477
71.2603
70.7575
69.9426
69.2226
69.5771
69.7739
70.5502
70.4558
70.5895
71.0538
71.8283
72.9818
72.089
73.5659
71.9707
71.7598
72.6458
71.4642
71.6839
71.9144
73.322
73.7537
72.3381
71.0575
71.7079
71.6414
71.8853
72.6082
72.351
71.4315
70.7962
70.875
71.6589
71.4797
72.2754
72.8603
72.4599
72.9514
73.0371
71.3266
71.2616
71.7079
71.34
71.6452
71.8936
71.5388
72.0942
72.4798
73.4366
73.9868
73.5555
73.2848
73.0958
72.7419
73.5198
72.707
71.794
72.2281
72.3307
72.2724
72.4273
72.9824
72.4291
72.0851
70.9745
71.3981
71.0778
70.2747
70.8175
71.6056
71.4258
72.7106
72.2365
72.3883
72.1052
71.979
72.1762
71.6713
72.2351
71.9624
72.1546
71.8854
72.709
73.317
73.2403
72.1264
71.464
71.1461
71.6681
71.2671
71.5926
71.9212
71.8735
72.5615
72.1441
71.5194
70.7173
72.5216
73.0064
73.9494
73.8714
73.8168
72.5738
72.3969
71.3248
72.5374
72.5346
72.2006
71.1205
70.2666
70.4806
71.1885
71.8303
71.9167
71.2019
72.1429
71.2378
70.932
70.18
70.5327
71.7663
71.8501
70.8289
71.5773
71.1914
71.9237
72.6159
70.9159
72.6289
71.9147
72.532
72.5641
71.1191
72.9188
73.1549
72.7007
73.0378
73.8705
73.8713
72.6504
71.2811
71.0103
70.9322
70.7711
71.72
71.6787
72.3117
71.3176
70.475
70.9236
71.1349
71.9161
71.8415
72.1074
71.0543
71.4605
72.2334
73.2744
70.889
71.3695
70.6097
70.943
70.8581
71.5301
71.894
71.085
71.9977
71.7581
71.4694
71.3881
71.3418
72.0794
72.5185
71.6055
72.1164
72.134
72.9025
72.2104
72.669
72.3545
71.4893
71.0276
70.5701
69.9104
70.0053
70.2209
69.8297
72.2064
72.1682
71.6816
71.6794
71.2213
71.5617
71.2409
71.4079
72.0753
73.3826
72.4221
73.1525
72.7199
71.6405
71.0817
71.9734
72.1038
73.3534
72.5487
71.3907
71.8946
72.0881
72
72.3784
72.5881
72.637
71.3662
72.2557
71.2774
72.0792
71.7459
71.5643
71.1615
70.6437
71.7362
70.4167
70.5018
70.7574
70.6481
72.0435
71.3188
71.5006
71.8521
71.4097
70.4387
71.0658
70.9356
71.0602
70.4069
70.6124
71.3598
71.7854
71.33
71.4627
71.3951
72.0402
73.0274
71.8543
72.2663
71.6441
72.0644
72.7031
73.3877
72.8913
72.5773
72.7927
72.3625
71.8674
72.0649
72.7705
71.9586
71.6925
71.6743
71.9012
71.3693
71.3322
71.4507
70.9385
70.7581
71.2888
72.7279
71.2458
70.6508
71.2199
70.5905
71.9333
71.1034
70.1047
70.8506
71.7986
72.4152
71.6493
72.103
72.9625
71.488
71.8664
72.7294
73.2311
73.6285
72.6158
73.0633
72.6201
72.3232
71.8849
71.9711
71.7374
72.0462
72.7503
73.3727
73.0483
73.2853
74.0278
73.2518
73.4762
73.7736
73.0529
72.634
72.0308
72.517
73.0192
72.2574
72.0998
72.6817
71.1482
71.1622
72.2685
71.3524
71.215
71.2835
72.5778
72.5874
72.3036
71.5052
71.1749
70.9248
71.1409
70.4856
70.1141
70.0957
70.4606
70.5793
70.2587
71.034
71.4873
71.9017
73.3464
74.559
75.0558
76.0668
77.9722
78.4521
80.285
80.1889
79.5831
78.866
76.8788
77.8111
75.7902
74.3056
73.6571
73.0538
72.2777
71.7759
71.2227
70.8791
70.1581
70.4703
69.8336
70.2646
70.777
70.3466
70.7345
71.275
71.2603
71.2951
69.3915
69.4659
70.0689
69.7921
71.6841
71.6167
72.7276
71.8152
71.797
71.5795
70.9142
70.377
70.7618
71.0571
71.4585
70.9726
70.8603
71.3844
71.4231
70.9264
72.0598
72.437
70.9967
70.2064
71.1377
71.7257
71.4127
70.7226
69.9985
71.1242
71.1527
71.3358
72.1752
71.3274
72.3665
71.6106
71.9694
72.0789
71.2205
71.1987
71.3566
71.1258
70.0656
70.8807
70.3322
70.0077
69.9282
69.7864
71.0554
71.7469
70.8172
70.6994
70.309
70.2478
72.2238
72.355
71.4947
71.4758
71.0803
71.1576
69.7962
70.6808
70.7529
70.8274
71.097
71.2667
71.5006
71.3843
72.2899
73.1519
71.7325
72.0006
71.2582
70.2429
71.2423
70.8391
70.2302
70.6783
71.692
71.1446
71.9816
71.8539
71.5463
72.8104
72.6469
72.2423
71.1689
70.1685
70.8303
70.7869
71.418
71.2316
71.3641
71.0984
71.5616
71.3591
71.8028
72.1667
71.4046
70.9336
70.4462
69.9109
70.4009
70.8696
71.599
70.9592
72.0078
70.5018
71.4347
71.9975
70.6019
71.1589
71.9865
70.9679
70.8058
70.3635
70.7659
71.4544
71.0935
71.1196
70.4585
70.8458
70.0279
71.5716
71.734
70.9222
70.6828
71.8974
71.6324
71.2599
70.8632
71.5689
71.5277
70.0148
70.2291
70.3168
71.5764
73.1385
73.3952
73.5166
73.4501
73.9137
74.1102
74.0576
73.5696
72.1917
72.2767
70.8446
70.629
70.7307
70.9068
70.6874
71.0606
71.0803
71.7526
71.0971
70.5779
70.1606
70.4424
70.7204
70.764
69.8467
69.9035
69.3864
69.5654
69.9901
70.5547
70.0078
70.5763
70.432
70.9472
70.5247
71.1968
71.9645
71.2072
71.2598
71.2288
70.4799
70.1938
70.7903
71.1837
71.8258
71.1879
71.1332
70.5784
71.1765
70.9143
72.1919
72.1829
72.1298
71.5248
70.5253
71.8529
71.6479
72.6115
71.5168
71.2213
70.6531
71.6083
72.2247
72.6886
72.1608
70.8931
71.4436
72.0843
70.9003
71.3831
71.4622
70.4297
71.5093
70.7185
71.34
71.6205
72.448
72.2643
72.2079
71.7074
72.4053
71.1546
71.6398
71.9754
70.9191
70.7928
71.3718
71.7186
72.4455
72.3377
73.3551
73.2119
73.6584
73.3078
72.364
72.7159
71.6685
72.5499
72.9085
71.7942
72.2017
71.8389
71.7381
72.1006
72.126
71.6441
71.4759
71.5126
71.949
71.5877
71.6644
71.4416
72.271
71.8373
71.4596
71.6204
71.6674
71.4684
73.3844
73.0321
74.0234
72.1762
71.6365
71.3877
71.2642
71.7153
71.259
70.5983
70.4046
69.6725
69.586
70.2865
70.7552
71.1522
70.3815
71.1969
70.6194
70.9294
70.1905
70.5041
70.2714
70.3414
71.3268
71.2814
71.2749
71.8532
72.5687
72.4142
72.4831
72.2818
73.0132
71.719
71.2656
72.164
72.0345
71.4663
70.5888
70.7012
70.45
71.1721
70.5685
69.7351
70.9611
71.7431
71.6626
70.5942
70.9003
70.3244
70.6636
71.3555
71.1006
71.3038
72.307
72.5699
72.3771
71.4521
71.668
70.9843
71.0712
70.9824
70.2853
71.3327
70.8961
70.2153
70.5147
69.4958
69.2004
68.8742
70.6706
71.3165
70.9366
70.6616
70.8025
70.7309
71.8472
70.5277
70.8785
70.8423
71.8175
71.0212
70.2802
70.8425
70.3807
71.7061
71.7161
72.5025
71.7174
72.6514
72.3706
71.5852
71.6764
71.9382
70.9317
71.9371
72.1545
72.1103
72.3819
71.9493
72.7771
71.728
70.9399
70.8209
71.404
72.5811
72.0925
71.2851
71.1458
70.4833
71.0763
72.6484
72.343
72.2991
72.8323
71.8257
71.1093
71.5057
72.0149
71.9824
71.4964
70.6712
71.6797
71.0906
70.2369
70.8357
71.1716
71.8482
72.2982
71.7559
71.6035
71.4475
72.3654
71.0464
71.2406
70.5994
70.8793
72.3862
72.0428
72.4664
72.3744
71.9658
72.2872
72.1741
71.8693
70.5472
71.135
70.5754
70.5979
71.094
70.1237
69.9335
70.445
68.9459
69.2222
69.9462
70.2924
70.7416
72.6627
72.2012
72.002
72.9573
72.1072
71.6162
71.9916
71.2443
72.1601
71.5926
71.514
70.2316
70.3982
69.7533
70.2568
69.258
69.7616
69.81
70.2476
69.9177
70.0279
69.2887
69.2834
69.7553
69.5916
70.1636
69.8255
71.4286
71.0785
71.2584
71.2251
71.4672
71.3419
69.4713
71.0296
71.947
71.8616
71.1779
70.421
70.7767
70.4571
71.0426
70.9408
71
69.8642
70.1217
71.1623
70.2794
70.7073
71.2087
70.6683
70.5094
71.1128
70.6325
70.6427
70.8812
71.2855
71.2625
71.038
70.9107
71.0853
70.641
71.9647
70.6778
70.5431
70.9446
70.9415
72.0254
71.2121
71.0884
71.3464
71.244
71.2369
72.1898
72.1011
71.6892
70.3134
70.9336
71.6979
71.1509
70.7777
69.6606
71.0887
72.2918
70.6956
71.6508
70.966
70.1209
70.3156
70.2088
70.1309
69.7916
69.251
70.0003
69.803
69.5587
70.4415
71.1451
71.086
70.7621
70.7829
70.1662
69.6526
70.2332
70.8203
70.5712
71.0308
71.2759
71.6762
69.9939
68.8934
69.3541
70.5004
72.2033
72.0123
71.4925
72.3807
70.5365
70.6898
70.9433
71.3879
71.3084
70.8334
70.9693
72.799
73.5037
73.7885
72.9481
72.4985
72.0806
71.5256
71.2153
71.544
71.5338
70.9709
71.1781
72.0735
71.4163
72.2938
70.9533
71.0832
70.349
71.0391
71.4206
70.8121
69.9728
70.0662
70.2863
69.7205
70.7059
71.4292
70.8622
69.6596
70.2056
70.9658
71.0526
70.234
70.7458
70.9031
71.973
72.2053
72.0606
71.9877
71.8919
71.5093
72.6037
73.3455
73.1594
72.2102
72.3715
71.9236
71.429
71.5338
72.5936
73.3693
73.1039
71.8166
71.3655
71.5222
71.555
72.0676
71.9014
70.7827
72.0466
72.0797
71.0792
71.0819
71.5771
72.7374
72.8325
72.2611
72.1322
71.0616
70.066
71.062
70.9622
70.9256
70.0948
70.4987
70.1144
70.478
69.8037
70.3263
70.1532
70.531
71.8219
71.1184
69.8764
70.697
69.7106
68.9512
70.2906
70.6173
70.9856
70.7443
70.9243
71.4708
71.5984
71.3157
72.8788
72.052
70.5622
70.8771
69.6255
70.4756
69.5251
70.1683
70.0801
70.0458
71.105
71.2208
71.0727
71.0209
70.8733
70.6303
71.4786
71.8809
72.7616
71.1021
70.315
70.4862
70.8852
69.3187
69.1486
69.3333
70.1517
70.762
70.7324
70.5975
71.4255
70.3516
70.6424
70.4058
70.526
69.4547
69.3257
69.7299
70.2742
69.6009
70.7529
70.3862
70.7837
70.4644
70.8956
70.2829
70.7699
71.6598
71.8619
72.7253
72.1481
72.3499
72.3878
71.5478
71.5632
70.957
70.595
69.4216
69.9758
69.7356
70.57
71.4235
71.3144
71.0288
71.5009
70.896
70.3371
70.5651
70.638
69.0377
68.3626
69.3005
69.3665
69.8044
69.6038
69.283
69.7373
70.0788
69.9755
70.897
71.261
70.7862
70.4239
70.7112
70.9111
71.4789
70.8031
70.1174
71.1193
71.2961
71.3856
71.2413
70.631
71.3341
71.0472
70.9079
70.231
71.8398
70.7655
70.3991
69.728
70.3865
70.5989
70.7692
71.8631
71.9791
73.1393
71.7002
72.7754
71.9495
71.6309
71.6951
70.0357
70.1435
69.5028
69.5113
69.894
70.4482
70.7032
70.9838
70.2492
71.2629
72.5746
72.122
72.8413
71.2037
70.6465
70.31
70.5195
71.2433
71.3343
72.3286
71.6587
71.8461
71.1919
70.6862
70.4571
69.3909
69.9242
70.8964
70.1979
69.546
69.3061
69.187
70.6694
70.0237
69.7526
69.8774
70.8831
71.695
71.3922
70.8969
71.4328
70.2662
70.9618
70.6364
69.569
69.9722
70.0831
70.5053
70.5895
71.0267
70.0818
70.7224
71.4027
71.3968
71.4002
71.5352
70.994
70.4396
72.3962
71.4343
70.7885
71.0231
71.5048
70.6346
69.9915
69.9531
70.1514
70.0103
70.484
70.9325
70.4614
70.8517
71.3668
71.8896
72.7925
72.52
71.765
71.1443
71.027
70.6713
70.7184
71.0459
70.3758
70.1759
70.6763
71.7714
72.3532
72.385
71.3382
71.3923
71.5511
71.6028
71.3697
70.7796
71.5378
71.8055
70.9541
69.832
70.7223
70.3689
70.865
70.7457
70.7559
71.2517
72.169
72.1218
72.2498
71.9785
72.5739
71.8587
71.0722
70.0595
70.8174
71.0949
71.9194
71.7674
71.7137
71.1056
72.3274
72.5186
71.8128
69.9593
72.1171
71.3344
71.36
71.221
69.7289
71.0007
70.4762
69.1657
69.6254
70.2113
70.5098
69.1817
68.9093
69.1803
69.8211
70.3394
70.5024
69.9803
70.8038
72.3121
70.7436
70.7819
69.2531
69.4713
69.5452
70.5633
71.4725
70.8624
70.4255
71.1892
70.6328
70.584
70.209
70.0273
70.7402
71.5129
71.1858
70.8483
70.0248
71.2288
71.2187
70.4628
70.469
70.8339
70.6635
70.964
70.8843
71.7939
72.2521
70.9209
71.5573
72.3468
72.9745
72.3645
71.951
70.637
71.2366
71.7158
71.2498
71.1495
71.2972
70.8034
71.9544
70.5315
70.1295
70.6803
70.9979
70.1066
69.8828
70.5841
70.588
70.0226
70.8003
71.4333
71.7524
72.2012
71.7741
72.7997
71.863
72.7861
71.6272
71.5013
70.6831
70.792
70.1455
70.1959
70.7499
70.9473
69.5788
71.074
70.4441
70.5375
69.9437
69.9082
69.8289
68.651
70.617
70.9752
70.6567
70.223
70.0145
70.324
69.352
69.6858
69.5996
69.8521
69.6155
70.4835
70.3356
70.2691
70.3176
71.0171
71.5944
70.6027
70.318
70.932
70.6208
70.5973
71.0263
70.731
70.1864
71.0128
71.4603
71.0883
70.961
71.3097
70.5997
70.4845
70.6824
69.7649
69.4696
70.3426
70.4815
70.0599
70.1163
70.1347
69.2886
69.8096
69.1861
69.8706
68.3819
70.0239
70.1016
69.7229
69.832
71.2973
71.0957
71.8733
70.8316
71.6641
72.2411
72.8475
74.575
72.9374
72.7877
71.4934
71.6984
70.6216
69.4353
68.8562
69.7388
69.6155
70.4214
70.0078
70.0405
71.3937
72.001
72.1525
70.6166
70.9364
71.8683
70.7206
70.3024
70.724
70.9689
70.3422
69.5911
69.9156
69.6245
69.2366
70.8837
70.6231
70.0771
70.35
71.3887
71.0792
69.6267
70.6972
71.8731
71.3053
70.7592
71.5264
71.2619
70.0752
71.2993
71.7398
71.843
71.9343
71.9772
70.5573
71.1263
71.1281
70.1998
70.3448
70.2692
70.5467
71.0768
70.6576
69.2133
69.4224
69.7041
69.6539
70.4982
70.527
71.1058
71.6775
71.6114
71.0813
71.4724
71.4571
71.6631
71.1835
71.0724
70.4505
70.405
69.8335
70.0376
71.2143
71.1012
71.0693
70.2054
70.4121
70.0395
70.6005
70.2758
69.4167
69.2398
70.5245
70.5202
70.7717
69.5206
69.713
70.2347
69.2564
69.7736
69.2803
68.8522
68.7924
69.3787
69.7062
70.4848
69.721
69.1447
68.6891
69.074
70.7584
70.5043
70.0588
69.9008
70.9624
70.4013
69.3101
70.0574
70.0638
70.8919
69.7708
69.0665
69.6918
69.707
70.0693
70.6965
71.0455
70.5277
69.5983
69.5291
69.6581
70.4429
69.4235
69.4984
69.7929
70.3134
70.2436
70.6232
70.8065
69.488
68.4764
69.8801
70.503
68.9012
69.2147
69.5811
69.3111
69.9163
69.6112
70.0208
70.2476
71.0034
71.1528
71.2063
71.6318
70.9962
71.3553
70.2477
70.4201
71.2241
70.7322
69.6041
71.6968
70.3838
69.8796
69.6765
68.2268
69.719
68.8759
68.6586
69.5292
70.0275
69.9498
69.9103
69.3298
69.9026
69.4055
69.6455
70.8329
71.263
70.8722
71.4106
71.3458
71.5191
72.6465
72.545
72.4586
71.6406
72.0972
70.6914
70.5069
69.9821
70.2395
69.4905
70.5138
70.0396
70.6592
70.7085
70.8306
71.6626
71.4281
70.2479
70.9518
70.527
69.6781
69.6825
69.3696
68.9273
69.2404
71.1267
72.1033
71.0297
72.0964
72.0652
70.6283
70.9789
70.6066
70.959
71.1093
70.1999
70.6201
70.3593
69.6021
71.0781
70.3917
70.8272
71.2327
70.3859
70.6074
70.6154
71.1072
70.5103
70.1074
70.7532
69.3026
69.7241
69.8261
69.9572
69.5948
69.4585
69.7265
70.6585
70.525
70.4018
69.682
70.3563
70.305
69.8738
70.0636
70.0447
71.0353
70.1137
68.9497
69.513
70.2903
70.584
70.6749
70.7928
70.3687
69.0333
70.9781
70.7422
70.4191
70.7069
69.5678
69.3845
70.6298
70.1017
71.146
70.5303
71.4021
71.7549
71.1081
70.5536
70.3526
71.0151
71.5464
71.9414
70.7172
70.0727
69.7023
70.3932
70.3234
69.7901
70.8249
71.7886
71.66
71.8095
70.8472
70.6877
70.1479
69.5987
70.4267
69.4189
69.8767
68.8419
68.9375
69.8438
69.0158
69.2167
69.5344
69.1823
68.4803
69.761
69.1877
69.9725
70.3731
70.1878
70.4973
69.8498
69.1485
70.3977
71.1796
70.4017
69.7389
68.8317
69.2905
69.4965
69.5149
70.6121
70.8385
71.1286
70.0318
69.4556
69.2198
69.437
68.3853
68.1554
68.01
68.8656
70.1029
69.6806
69.8556
69.9928
69.7952
69.8972
70.5792
70.9319
69.9815
71.3112
71.5041
72.4751
71.6496
69.7812
69.9062
71.5999
70.8998
69.9882
70.0507
69.494
70.0065
70.1156
69.2569
69.0473
69.7061
69.9956
70.2789
70.9584
69.3431
71.0151
70.4681
70.7141
71.2301
69.6296
69.6977
69.7875
69.282
69.2057
69.9575
69.8624
69.7843
70.1209
69.6928
69.7712
68.8443
69.3987
70.4733
70.7475
70.1041
70.0469
70.9583
70.1645
68.3766
67.7489
68.1714
68.3635
68.6942
69.2344
68.6094
68.4208
68.7428
68.7013
68.8031
68.3206
69.3619
69.4418
69.5693
69.5313
69.419
69.2328
68.5287
68.5449
68.2413
68.8453
70.2278
70.4431
71.0078
71.165
70.0163
70.0169
70.2613
69.6016
68.6705
69.3033
69.2931
70.1166
70.7683
70.9624
70.8076
69.2143
70.7545
71.1905
71.3725
72.1985
72.3825
72.2707
71.9047
71.4426
70.7478
70.7982
69.9798
69.8089
69.7184
69.0782
68.7028
68.9571
68.5585
68.9713
68.7036
69.2951
68.8716
69.0952
70.2752
70.1398
69.1063
70.4096
70.3314
69.8348
69.5077
69.6669
69.7556
68.4497
69.5966
68.3161
69.1725
69.6458
70.1254
70.1769
69.9607
69.0133
68.1092
69.0123
69.5276
70.0442
70.6674
71.9569
71.8258
71.4544
71.0817
70.8519
71.1844
70.8642
71.5041
71.5372
70.2219
71.9276
71.2859
70.6353
70.8988
70.9555
71.4645
70.5245
70.8636
70.5743
70.0969
69.4303
69.6836
68.5309
69.0625
69.2955
68.9026
69.8729
69.6688
69.3515
69.3876
69.7108
71.0682
71.0416
71.0701
70.8357
70.4876
70.5561
70.815
71.121
70.323
69.7794
68.965
70.2718
70.8658
69.2878
69.4538
69.5499
70.7545
71.5067
71.7245
71.3001
71.4695
70.4746
70.0534
69.6397
68.9944
70.0375
69.9725
69.7004
69.9315
69.3331
69.8372
69.4221
69.9219
69.509
69.2536
71.2469
71.4988
70.8877
70.0499
70.2786
71.0694
71.4472
71.1725
70.1701
71.2538
70.6297
70.3288
70.5785
70.7356
70.174
70.807
71.5676
71.3377
71.9711
71.5544
71.2053
71.0581
70.6332
69.4758
70.174
69.7833
69.4369
70.6997
71.7716
71.1747
71.1027
71.3924
72.7737
71.0538
70.5763
70.4414
70.6359
70.6206
70.181
69.2448
69.9718
69.5644
68.9931
69.4713
70.0226
70.6389
69.6176
70.6981
71.2698
69.7415
70.519
70.9279
70.1128
70.7091
70.2012
70.0867
69.8347
69.8784
71.2197
70.6664
70.2094
69.9283
70.0607
69.0989
69.6366
69.9837
69.1775
69.4129
69.9449
70.3747
71.0736
71.2541
70.396
71.356
71.6397
71.4713
71.091
69.5146
70.4497
71.022
71.2608
70.7405
71.8487
72.6729
72.5218
70.9022
70.6075
70.2151
70.5931
71.7451
72.3952
71.9716
70.9755
70.655
70.6699
70.7169
69.8174
70.4075
70.8238
71.0072
69.6423
69.6039
69.4359
68.561
68.943
69.2915
69.7039
70.4737
69.6229
69.8427
69.8276
69.5095
71.0469
71.3179
70.9095
71.1301
70.8548
70.5329
70.711
71.269
72.2704
70.3784
69.345
68.8685
69.2715
69.5742
70.9139
71.2127
71.3561
71.685
71.2415
69.9772
69.4096
69.2995
68.7376
69.3178
68.5254
70.7902
71.5645
72.2858
72.1702
71.5488
71.1811
70.9091
69.8379
69.5908
69.8468
70.7475
70.6134
69.5201
69.2411
69.2762
71.0772
70.2934
70.6456
71.4242
71.3018
69.2313
69.3906
69.4632
69.5498
69.2141
69.6294
69.8672
70.4308
68.9369
69.5072
69.6682
69.1866
69.6228
69.4222
70.3687
69.7354
69.4427
69.9919
70.5228
70.1905
70.6933
69.2503
69.3584
68.9824
69.8272
70.4957
70.979
71.5619
70.9619
70.7103
69.6974
70.2291
68.8299
69.4207
69.2682
69.98
69.9733
70.8879
70.6353
70.7239
70.2374
70.2561
69.2242
69.3028
69.998
70.8852
71.603
72.5338
72.8065
71.5621
71.5333
69.7926
68.485
69.909
70.5194
71.8267
71.7353
71.1115
71.1762
71.0238
70.2217
70.1827
69.2718
70.1203
70.9098
70.777
70.1829
69.545
69.7347
69.9822
70.1461
70.7908
69.218
69.1225
70.7992
71.5495
70.8506
69.5754
69.3427
71.1984
70.8776
70.6951
70.4353
69.7965
69.1959
69.2972
69.5423
70.8159
72.1584
71.0174
70.5515
71.1435
71.4551
70.7012
70.8482
69.9246
69.7293
70.3916
70.5945
70.5833
69.2309
69.9037
69.5672
69.9512
70.6871
70.6601
70.7505
70.3406
69.1856
68.8564
69.2166
70.4513
70.7206
70.8577
70.3171
71.0504
70.4567
70.934
70.2229
69.339
70.1296
69.9843
70.4676
70.8637
70.7316
70.7405
70.9355
70.2849
70.101
70.7832
70.8092
70.8994
70.4349
70.6986
70.4512
71.2441
70.2099
70.1372
68.8865
70.1452
70.0858
70.1637
70.0193
69.9291
69.8766
71.3677
71.4066
71.7837
71.167
72.1082
71.4239
70.3775
70.8461
71.3364
70.2372
71.0492
71.4441
71.8776
72.2112
71.2082
71.3448
71.1978
70.5345
70.4411
71.1235
71.1493
71.497
71.0072
69.0185
69.1921
68.8585
68.1602
67.8896
67.9605
70.065
70.0705
70.5429
69.8908
70.1199
69.9359
70.2304
69.3174
70.2173
69.9923
70.4413
70.4159
70.267
70.6279
70.8755
70.9291
69.9453
69.0691
68.1439
68.8627
69.8931
68.4627
69.4005
69.7317
69.8568
69.3234
68.7728
69.7841
69.8657
70.0076
69.9838
69.5591
69.4156
69.9842
70.1213
69.7726
70.0081
70.0382
69.8652
69.5245
68.925
70.0807
70.0466
68.792
70.0691
70.4427
69.9558
69.2313
70.0523
69.4273
69.8365
69.1645
70.0019
69.5669
70.7329
70.0747
69.5478
69.742
71.4331
70.8096
70.4657
70.4621
69.8144
71.2625
71.3632
71.1072
70.7012
70.388
70.1284
70.2675
69.8712
70.1813
71.2054
71.0561
71.0429
70.6531
69.474
70.796
70.2096
70.3896
71.5158
70.371
70.4241
71.2689
70.7303
69.6983
69.5652
69.1582
69.4035
69.3072
69.6403
70.0086
69.9208
68.2147
68.6358
69.0718
68.9746
69.5194
69.3718
70.2408
70.6179
70.7763
71.7316
71.4752
69.9301
69.7205
70.1146
71.4418
70.7852
71.2542
72.5764
71.4359
72.0626
70.2525
71.2574
71.5254
71.3219
70.4906
70.5575
70.3771
69.1804
70.884
69.9698
70.3476
70.5245
69.8628
70.3809
70.06
69.6001
70.8971
71.7062
70.372
70.69
70.77
69.818
69.2995
69.5153
69.7639
70.3476
69.5556
69.2176
69.7507
69.5592
70.018
70.5704
70.1263
70.1854
69.4804
69.7654
70.3504
70.2266
70.5304
70.182
69.5704
70.2878
71.0394
71.9341
71.4668
70.5065
71.1326
69.8399
70.3834
69.8113
69.7148
69.8391
69.8292
69.3343
70.6128
71.1945
70.8883
70.122
69.8277
69.4503
70.592
70.366
71.9288
71.5228
71.6863
71.3897
70.7879
71.3068
71.7892
72.2626
70.9576
71.212
70.1032
69.4738
70.9735
70.0112
69.0519
68.9021
70.1309
70.0319
71.0113
70.6072
70.7
71.4624
70.6275
69.578
69.7664
69.5397
69.9905
70.0498
70.2684
70.3721
69.6829
70.4752
70.5555
70.0241
70.222
70.2384
70.4396
69.4448
71.6176
70.4191
71.0973
71.0518
70.7235
70.7782
70.4318
69.5589
70.1336
70.4845
70.4026
69.9236
70.0702
71.2734
71.0035
70.2389
69.5471
68.8727
69.7247
69.9299
69.5727
69.8082
70.6538
71.026
69.8584
70.8966
70.9957
70.9219
71.8033
71.5352
70.9043
70.7375
71.0568
70.6443
70.194
70.6323
70.3448
71.0397
69.7686
70.1779
70.4142
69.6376
69.2812
70.4134
69.9198
70.2694
69.7976
69.6799
68.3966
69.995
69.4529
69.0985
68.3987
68.5611
68.929
69.1532
69.0137
69.4087
69.1199
69.436
68.9027
69.1931
69.9732
71.1589
71.4452
72.1217
71.4304
71.0776
70.7944
71.1084
70.1687
71.2067
70.9773
70.5769
69.3789
69.271
70.2645
70.5928
71.017
71.0704
71.114
70.8424
70.3072
69.9793
71.306
71.9934
71.8439
71.0783
71.3435
69.9904
69.2184
69.7324
69.5299
69.7622
70.2938
70.7245
70.9955
70.6957
70.7166
69.6915
68.7122
69.5639
69.6995
70.4731
70.9344
70.11
70.6108
70.0731
70.21
69.7185
68.9608
67.4591
68.4318
68.8243
69.1512
69.9931
68.8634
69.7155
70.8118
70.7217
70.7438
71.1434
71.2594
71.3924
70.4679
70.6162
70.1949
70.8223
70.4378
70.2329
69.5768
70.2274
69.8586
70.3298
70.5929
71.4069
71.6654
70.4672
71.9499
72.4321
73.4764
73.4043
71.4463
70.4583
70.832
70.0638
70.1133
69.3329
69.4951
70.0968
70.0743
69.8689
69.4285
69.5131
69.8164
69.149
69.4317
69.8162
69.4784
69.1243
69.6981
70.0085
69.9856
70.6386
69.9382
69.8532
70.4715
69.907
69.1097
68.722
69.2155
68.8348
69.2228
69.1009
70.0998
70.4345
70.895
71.4415
70.0259
71.1737
71.2014
71.3852
69.692
68.6455
70.3687
70.9181
70.9433
69.436
70.3328
71.0156
71.9804
71.3227
71.7856
70.705
69.8899
70.159
70.1596
70.4152
70.9961
70.5329
70.6542
71.0656
71.8113
70.8831
71.7169
70.9184
71.0777
70.5166
69.7659
69.664
69.1988
69.6686
69.2779
69.6964
69.5333
69.7162
69.7391
71.1276
70.3185
71.548
70.6656
71.2173
70.9851
70.4612
69.4375
69.7977
69.5627
69.6489
69.1416
70.6077
70.188
70.2108
70.303
71.2713
70.9689
70.726
71.828
71.8387
70.927
71.5574
70.943
71.7158
71.4041
71.2919
72.1721
71.2087
70.978
69.8355
69.9583
69.8651
69.5942
70.7217
71.1035
69.7009
69.8837
70.6153
71.2837
70.5573
70.2793
70.3754
69.8033
70.0578
68.7409
68.9314
69.4611
68.9796
69.375
69.5725
69.7157
69.9752
69.6887
69.5368
69.198
69.7802
69.9639
68.5773
68.4309
68.5392
69.1984
69.4773
69.9647
70.8944
69.374
69.6641
68.9502
69.5874
69.0051
70.1555
69.3669
70.2893
70.4029
70.8201
69.3843
70.4863
70.3035
69.3112
69.4506
69.4319
69.8394
70.5728
70.2234
70.5032
69.5636
70.6606
70.9693
71.5066
72.7767
70.7325
71.6712
70.7316
70.034
70.0637
70.1639
71.8215
70.4004
69.578
70.3037
69.1105
69.3438
69.8424
68.8924
68.5741
69.4017
70.9246
71.6002
71.0083
71.1677
70.9224
71.0696
71.3819
71.0032
70.4634
70.6773
70.5835
70.0806
69.55
69.5419
68.6735
69.5152
69.7724
69.138
69.8256
69.5174
69.3434
69.8298
68.9398
69.5138
69.9452
71.0972
70.7422
69.975
71.798
70.9517
71.7276
71.4285
71.7254
71.7261
71.4838
70.6189
70.0095
70.3492
70.7105
70.4847
69.9654
70.4284
70.2033
69.9977
69.8115
69.4085
69.0438
69.1655
69.4726
70.0036
69.6507
70.0816
71.8345
72.1843
72.5884
71.3385
71.1111
71.5226
71.7011
70.6177
70.043
70.8091
70.8196
69.9302
71.1634
70.6149
70.3995
69.1291
69.5168
69.3681
68.2268
68.5433
68.8093
70.5987
70.9769
70.0926
69.8491
69.7363
69.2467
68.6484
69.0659
68.6555
70.253
69.592
69.7479
70.2855
70.5893
71.1179
71.311
71.7941
70.8031
70.6709
69.9728
70.5732
70.2381
68.9958
70.0683
70.4228
69.5846
69.8628
71.0052
71.4798
72.5128
70.9433
71.0043
69.8862
69.1187
69.0955
69.5134
69.7977
70.0505
70.2406
69.6065
70.7101
70.3281
70.9136
70.1418
69.7218
69.6212
69.8484
70.5082
69.7646
69.0698
69.6483
68.9527
69.2249
70.3503
70.9168
69.9428
69.8574
70.2977
70.1506
69.0567
69.8791
68.4269
69.8542
69.0916
68.315
69.6184
69.4495
70.2149
69.5231
70.2028
70.7613
69.9176
69.8198
70.4519
70.0003
70.0335
69.1429
70.0563
70.5028
71.0791
70.5481
69.963
70.1651
70.7047
71.7771
70.5779
71.7351
72.6592
72.7732
73.3249
72.6711
74.861
74.7796
76.3425
77.6305
80.6046
79.4421
79.8505
79.1507
78.6671
77.7272
75.1141
74.7585
74.4035
74.1513
72.6161
72.8842
72.8015
72.9154
71.8514
71.1246
70.2004
69.9596
69.7985
69.3346
69.7853
70.5912
70.4182
71.064
70.6573
70.0701
68.4557
69.6365
69.5134
69.872
70.7211
71.727
71.3446
69.8965
70.8719
69.8037
70.0182
71.1522
70.6657
69.1905
68.6627
68.4758
70.1406
70.6703
69.6845
69.759
69.7989
70.7336
71.3736
70.9799
70.7455
69.4173
69.9691
69.8975
69.7995
69.0333
68.1291
67.1866
67.6947
68.7369
69.1855
69.6351
69.9405
69.3681
69.5148
69.2954
69.8816
69.7968
69.2614
69.4318
68.1911
69.1599
70.4641
70.4888
70.873
70.967
70.4855
71.3833
72.7674
72.7889
71.9841
71.1596
71.2986
72.0147
71.2043
70.5099
69.9727
70.561
70.6317
70.6416
71.4128
70.4403
70.3717
70.7384
71.3366
69.8662
70.782
70.6248
70.5446
71.0745
72.7152
72.5355
72.5766
71.9495
71.5176
71.296
70.8011
71.0314
71.3767
71.7941
72.4779
72.2717
72.3669
71.3878
69.8646
70.3034
69.4078
69.6193
69.4275
69.4712
70.2384
69.9975
69.2386
69.6622
69.9382
70.0059
69.1762
69.4969
69.3175
70.2843
70.449
71.0415
69.5125
70.0662
70.3009
69.1612
69.7732
69.7837
69.6344
69.2214
68.8778
69.2675
69.5542
69.4541
70.6259
70.5711
70.1794
71.3335
71.5009
69.6916
68.8066
68.3202
68.5127
68.935
69.9029
69.8425
69.9166
69.3671
70.8482
69.9573
69.6759
70.5367
71.5037
71.9251
70.9053
70.8464
70.2685
69.9039
70.6081
70.7106
70.7293
70.8917
71.3101
71.0435
70.6091
70.4844
70.1667
70.3463
70.247
70.3326
68.4995
68.7046
68.7056
69.5069
70.0434
69.248
70.5548
69.9892
68.7276
69.4881
70.275
70.9501
71.0546
71.8784
72.2137
71.7391
70.6341
70.3404
70.2819
69.7168
70.0759
69.0888
69.268
69.5255
70.0466
72.2544
70.7759
70.8127
70.4922
71.096
71.9917
71.3179
70.2797
70.8087
70.2706
70.2107
70.9956
70.9811
70.9993
70.7212
70.9768
70.9316
71.6397
71.4157
71.1852
71.4095
71.6191
71.2395
71.0644
71.3097
71.4809
70.989
70.7421
70.1933
69.8145
70.8562
70.5115
70.3175
69.3264
69.6361
69.0905
69.0437
68.8438
68.4957
68.6544
69.4886
69.1839
69.0718
69.1438
69.4052
69.1824
68.8136
69.504
69.5895
70.6701
70.187
69.9772
71.347
71.3021
70.3668
69.7527
70.3371
70.401
69.3798
69.149
70.5677
69.3282
69.0129
68.9787
68.5854
68.7829
69.236
68.4313
69.3368
69.3723
70.2498
70.4651
71.4463
70.7536
70.8398
70.897
70.2121
70.3667
70.2295
70.7797
71.2851
71.1615
70.7509
71.4241
70.261
69.9554
70.1756
70.0255
70.351
70.6425
70.5703
69.3226
70.1318
69.9426
69.4986
69.6917
69.4151
70.5154
71.3169
69.7
70.4839
71.275
73.6197
72.1379
71.4572
69.7493
71.0906
71.3023
71.2566
70.7928
69.8634
70.513
69.8616
69.4404
69.3317
69.8485
69.8017
70.5263
71.4259
70.9311
71.1623
71.884
72.1771
71.1573
70.5845
69.4816
69.7382
70.208
70.8027
70.3436
71.5121
70.4686
70.178
69.9314
70.2189
69.3954
70.4238
69.6572
69.7594
69.9401
70.3837
69.8106
68.6726
68.6244
69.5729
68.9592
70.1733
70.4364
70.5811
70.9089
70.9643
70.4993
70.2201
69.649
70.0781
70.565
70.1283
70.6707
71.3793
70.1851
70.4775
70.2903
69.3096
70.4721
70.8404
71.1214
70.7297
70.7059
71.0165
70.7903
70.3663
69.7172
69.7873
69.9508
69.2292
69.2702
70.097
70.2075
71.5421
69.9112
69.9824
70.2939
69.8044
70.4246
72.2589
69.6116
68.9576
69.0077
69.3554
69.7483
69.3062
68.8601
69.2472
69.8146
70.3322
71.3994
70.9514
70.0577
70.6942
70.4636
70.1132
70.6371
69.7404
69.1973
69.6812
70.1393
69.4812
69.7535
69.6638
68.6834
69.9605
70.1227
69.3591
69.773
70.8668
70.379
70.2212
70.1991
70.4444
71.4777
71.2334
70.6183
70.4757
70.8158
71.6723
71.8636
71.8861
71.3319
71.2409
71.0638
70.589
71.3371
70.6028
70.5183
70.7311
70.5253
72.0283
72.1942
71.8803
70.4391
70.2187
69.8474
69.1194
69.8145
69.6568
70.441
72.3383
71.1503
71.5992
71.6514
70.4865
71.417
72.5855
69.7799
69.2755
69.3142
70.3083
70.3694
70.7537
70.5954
70.8909
70.9711
70.6372
70.1372
69.4378
69.1503
69.8515
70.3416
69.8741
70.9962
70.6646
70.0614
69.7689
69.2679
69.0208
68.8984
70.0388
69.5118
69.7233
69.7935
69.6985
70.1543
69.9838
69.1428
69.4196
69.0279
68.9278
68.5
69.7761
71.6107
71.0297
72.1251
70.4258
68.736
68.4948
69.8889
70.8074
70.6004
69.8387
69.9058
69.8459
69.5073
70.3275
70.8188
71.27
70.8589
69.8105
69.9732
70.1009
70.2876
69.5794
68.199
69.1788
68.8761
69.1081
69.0746
69.7734
70.5665
70.2543
70.1468
70.3102
70.7311
70.6582
70.8904
70.7015
71.205
70.1949
70.0445
69.8869
70.0543
70.3926
70.9635
70.8321
71.5758
70.7011
70.0856
71.4204
70.4915
71.6072
70.5965
70.6406
70.942
70.3622
70.0666
70.1784
70.7119
70.7316
70.292
71.1213
70.7849
71.513
70.2493
71.6591
71.021
71.4243
70.6137
69.8971
69.3867
69.6991
69.7833
68.9968
68.1442
68.2369
68.8657
68.8654
69.7132
70.6684
69.5812
70.1371
70.9428
70.2112
70.3145
71.5314
70.9553
70.1236
70.7859
70.5776
70.2632
70.497
69.3699
69.2194
69.2882
69.1383
69.9942
69.5937
69.7943
69.7299
69.3802
69.5019
69.8099
69.5858
70.1334
70.4786
71.3707
70.1728
69.1524
68.7667
69.3259
70.325
69.4757
70.0706
69.5715
69.9276
69.4808
70.4375
70.6188
70.8834
70.7526
70.2939
70.0318
69.6529
68.9355
68.6173
69.446
69.4276
69.7165
70.0084
70.224
70.2826
71.2413
70.6421
69.3866
69.5885
69.4321
69.6709
69.5344
69.789
70.0048
70.11
69.963
70.5552
70.9668
71.9176
70.8833
70.616
70.84
71.4751
69.6212
69.6237
70.1884
69.3115
69.3902
69.2872
69.7849
69.1963
70.1615
70.176
71.3427
71.9703
70.0447
69.6149
69.6699
70.6147
69.7318
68.3253
69.0254
69.0862
68.9893
70.2918
70.5215
68.8908
69.4396
70.1674
69.7305
71.2962
71.7283
71.6643
70.1529
69.7524
69.671
70.3057
69.3566
68.7197
68.9367
68.4266
69.1136
68.8601
69.3452
69.0237
69.0812
70.1893
70.6109
69.5817
69.6871
69.9377
70.8755
72.0648
71.1647
70.647
70.8735
69.8591
70.3645
70.0451
69.4768
70.089
70.7968
69.9508
70.2665
69.788
71.5285
71.9927
70.9887
70.4982
70.6802
70.7367
70.6266
70.4475
70.7909
69.9355
69.2819
68.9856
69.1739
68.652
68.9215
69.3993
69.2913
69.855
69.2861
69.3059
69.2355
68.6642
69.0737
69.7109
69.0948
70.5797
69.6018
70.2015
71.1248
70.2724
70.5189
71.5918
71.9635
72.0681
71.0894
69.4721
69.8723
69.9709
70.2959
69.4736
69.8683
69.8674
69.6634
69.7258
69.01
70.0543
69.7238
69.8578
70.0688
70.5481
70.7681
69.9377
69.945
70.6062
70.4989
71.0172
70.3187
71.5632
71.4302
72.0605
71.894
70.6384
70.3606
69.9925
69.3075
69.8075
70.0233
70.5611
69.5861
71.2461
70.3145
69.777
69.7988
69.9541
69.3744
69.6858
70.064
69.0562
68.7398
68.7791
68.9629
68.556
69.3383
69.6342
69.8948
69.7686
70.6792
71.2445
70.3459
70.6154
70.1116
69.7872
69.3105
68.5481
69.6963
69.626
69.9364
70.7645
70.9691
71.2467
72.5286
72.2799
71.5938
72.14
70.9353
70.974
70.409
69.9068
68.8624
69.6793
69.204
68.5304
68.3944
69.7773
70.3862
69.5934
69.756
69.8546
68.9486
70.0837
69.8963
69.4244
70.2908
69.3493
68.7907
68.9699
69.4323
69.2152
69.8383
70.081
70.3044
70.6689
71.5281
70.6466
71.7238
71.0987
71.3363
69.9872
70.5054
69.145
68.582
69.8305
70.082
70.5783
70.2442
70.0612
69.8171
69.3183
69.7099
69.8305
69.6707
69.4493
69.1353
69.8813
70.2
71.523
70.0088
70.5339
69.5116
68.7119
68.7234
69.5301
69.9158
70.9665
69.8288
69.5206
69.6713
70.0933
70.6102
71.0114
71.6118
70.9003
69.2481
69.5671
68.9147
69.5149
70.2687
71.2344
71.2527
70.2379
71.0556
71.3729
70.4552
70.554
70.106
69.8293
69.5191
69.0573
68.1987
68.9287
69.0019
69.401
70.0204
69.4781
68.4511
68.5484
69.3435
68.83
68.9453
69.7958
68.8414
69.2116
69.6162
70.619
71.7959
70.6692
70.2684
69.7141
70.191
70.497
70.541
70.5231
70.257
70.9125
70.8879
69.7008
71.3317
71.4674
71.3567
69.5062
70.0048
70.1899
71.2196
70.1109
71.0248
69.9997
70.8641
70.2382
71.2302
71.1866
70.0484
70.2824
69.5646
70.4519
71.0671
70.4863
70.0535
70.5243
71.3325
70.3293
69.0094
69.4566
68.8039
69.0754
69.449
70.2825
70.048
70.3039
70.2389
69.8551
69.4238
68.8368
69.5602
70.5878
70.2156
70.1275
69.4587
69.9673
70.0731
70.6628
71.4364
70.2978
70.6191
70.6567
71.0591
71.746
70.9462
70.5069
69.8047
70.103
69.7362
68.546
68.9881
70.1488
70.6283
70.0465
69.9623
70.701
70.1816
69.9825
69.4995
70.9891
70.0501
70.2784
69.5239
68.6646
69.1984
68.921
68.3356
68.1083
67.9422
68.4274
68.1364
68.1667
68.4925
69.3689
69.4623
69.1104
69.5333
68.7653
68.6939
69.039
69.0448
69.6972
69.5401
71.0354
70.5081
69.4639
69.77
70.484
69.6941
69.1132
70.0234
68.9521
68.3029
68.0342
69.3904
68.9685
68.7874
70.0604
70.1167
68.7071
68.4348
67.3692
68.3241
68.5199
70.0981
68.5672
68.4761
69.3702
69.0905
69.9059
69.5078
69.3796
69.399
69.4003
69.9355
69.966
70.7849
69.6085
69.3005
69.6226
69.3937
70.2892
70.5768
71.3213
70.7512
71.2459
70.3729
71.7128
71.2297
71.4751
69.8135
70.5466
70.3116
70.6159
69.7565
70.4602
71.5837
70.5474
70.9088
71.4177
70.979
71.8221
70.232
69.9142
70.6829
69.9902
70.2883
71.1274
70.2075
70.5763
70.5907
70.0475
71.0908
70.8416
70.25
69.8901
69.8855
70.3137
70.8267
71.0275
70.3258
69.0359
68.7897
70.0321
70.5519
69.3653
68.993
69.6059
69.3824
70.5671
69.9094
68.9275
69.4785
69.548
69.4934
69.6256
68.462
68.6742
70.0484
69.4156
70.2473
72.0387
72.0341
71.3594
71.1775
72.7317
71.9695
70.6726
71.9149
70.199
69.4334
69.2331
70.0224
69.2425
68.6442
68.2426
69.4376
70.4336
69.906
69.4267
69.7915
69.5703
69.1204
70.0969
69.9354
69.8941
69.7603
71.1013
71.308
72.5201
70.6028
69.1947
69.229
69.0225
69.1965
69.67
70.3034
71.3693
70.8848
71.6479
71.4453
71.0187
69.9108
69.3386
68.7198
69.4206
70.0929
69.9959
71.5761
70.3175
70.1525
71.1664
69.4667
69.8947
70.5445
71.3333
69.765
68.7427
68.0769
68.3835
69.2079
69.7167
70.6494
71.1656
71.7597
70.3659
70.2683
70.4649
70.2368
70.6487
70.2113
69.9054
68.2164
69.0805
68.3566
68.2459
69.0478
69.3499
69.5291
69.957
70.4327
69.8689
68.9598
68.8761
70.092
69.528
70.4709
69.6319
70.3163
69.3216
69.6225
71.226
71.369
71.3831
70.3654
69.3131
69.2037
69.7585
69.8952
69.6535
69.6853
69.15
70.9863
70.7254
70.1807
71.0969
71.1431
70.7805
70.8387
69.9739
70.1041
69.3924
68.695
69.5824
70.0504
71.223
70.5221
69.9368
69.7257
70.0792
70.1592
69.2448
70.5595
70.1037
69.9465
70.5732
70.9366
71.072
71.3117
71.2056
70.6119
69.5604
69.9954
70.4196
70.3077
70.6108
70.0395
69.6818
69.7303
70.5746
69.9505
70.485
68.9478
68.9366
69.2035
69.2085
69.283
68.9666
68.2649
68.4744
69.1776
69.7583
69.3547
69.9648
71.1469
70.6511
69.4468
69.439
70.3777
69.6399
69.4862
69.209
69.3219
69.25
69.4228
68.9097
69.3814
70.2103
70.0062
70.3245
70.7358
70.3121
71.2831
70.5328
68.9008
69.5834
71.8419
70.7579
69.3186
70.325
70.1559
70.3375
70.5939
70.6493
70.6651
70.2868
70.3375
70.3103
69.9987
68.828
69.2322
69.2094
69.7006
69.2864
70.3378
70.2153
70.9471
70.7321
70.0842
70.6205
69.3357
69.5978
70.3718
69.6493
69.1772
69.3179
70.1436
70.6256
72.216
71.3708
70.1238
69.9006
69.4938
69.9352
70.5971
71.121
71.4834
70.9365
69.5187
69.8125
69.0708
68.8746
69.4407
69.5621
69.4981
69.6156
68.4171
69.0591
68.855
68.9169
69.6634
69.9402
69.3143
69.4535
69.8802
69.4333
67.8393
68.7422
68.8328
68.5989
69.0877
71.009
69.3002
69.0499
68.6738
68.4928
68.728
70.0232
70.1536
69.8872
68.9706
69.0943
68.7303
68.3859
68.5833
69.2834
69.345
69.7112
70.3888
71.4155
72.6668
72.0587
71.7662
71.7047
71.6202
71.0021
70.1134
70.4207
70.5104
70.0475
69.3701
70.0345
69.633
68.3531
68.6225
69.666
69.2335
68.7711
69.096
69.5449
70.7786
71.4342
70.9144
71.1713
70.4646
71.0198
69.6625
69.5041
69.7115
70.9014
69.7624
68.4884
68.7463
69.7709
69.7977
69.9609
69.0571
69.369
69.455
68.3357
69.0723
69.1878
69.8072
69.8863
69.5192
70.5412
70.0569
70.1283
70.7825
69.564
70.9922
70.3507
70.3739
69.641
70.1691
70.2171
71.0776
70.4576
70.1275
69.7209
70.0496
69.5774
69.6854
70.6783
70.3017
70.0533
70.0142
68.5431
69.7867
70.545
70.8834
70.7923
70.6332
69.7686
69.6016
69.5955
69.5399
69.9152
69.7886
70.0546
70.9435
70.1813
70.0626
70.0703
70.9884
70.2632
69.7253
70.4411
69.271
69.9374
69.2381
69.4217
68.4443
69.6246
70.2712
71.264
71.9274
71.7136
71.9367
71.5357
70.5149
70.466
70.1089
70.1404
70.1446
69.6273
69.659
70.4933
70.8031
71.5498
70.262
69.5087
70.1828
69.9232
69.4137
69.5416
68.7157
70.4438
70.1512
69.7952
70.1663
70.3467
70.5475
71.9726
71.1203
69.2245
68.9608
69.7467
68.7051
69.5476
69.1465
68.6617
68.95
68.8067
69.0144
68.3726
69.2163
69.551
70.2537
69.404
70.3722
70.5532
69.3028
69.6943
69.5831
70.4571
69.9785
71.6507
71.2205
69.6015
68.9028
69.7239
70.2654
70.8703
70.9833
70.3596
71.1101
70.2857
69.7978
69.518
69.6892
68.7773
69.5459
68.9261
69.8763
69.8294
70.0773
71.9012
70.8328
70.2284
70.4022
69.9931
69.192
69.5233
69.5947
69.9507
69.4629
71.1751
71.8526
71.5324
71.1356
70.87
69.3447
69.4153
68.7982
68.8565
69.1771
69.279
68.9006
68.9888
68.8406
68.5519
68.081
67.7852
68.7152
68.8139
69.4532
69.7106
70.7659
70.5439
71.1081
71.0109
69.728
68.9359
69.0557
69.1955
69.8718
70.332
70.192
70.7906
69.5847
70.0596
69.4772
69.4691
70.0979
68.691
69.4005
69.8547
69.712
68.9908
70.428
69.9826
69.9783
69.8866
70.0221
69.404
69.8922
69.4001
68.3945
68.1989
69.7759
70.3856
70.1529
70.7975
70.2999
70.3505
69.3997
70.3245
71.6917
71.1587
70.4635
70.3788
70.5606
69.243
69.6439
69.2131
68.6903
68.6768
68.9557
69.386
69.5377
69.5624
69.8094
69.787
70.1697
69.6775
70.7065
69.4323
69.2257
69.7619
70.0324
69.9139
69.6914
71.1542
71.7154
72.5399
71.6066
71.558
72.1236
71.3848
70.8543
70.5694
70.3658
69.3382
68.7754
68.2412
70.0714
69.6983
69.9459
70.4875
69.6567
69.2687
69.8697
70.1211
69.9807
69.7163
69.6467
70.5271
70.5608
71.0357
71.8757
71.6401
72.5899
71.1081
72.0886
70.9808
71.661
71.8002
72.0411
72.0194
71.0223
71.6511
71.1769
71.55
70.83
71.2992
71.6918
70.6195
71.3863
71.584
70.0322
69.3679
69.4017
69.9078
69.1311
69.8323
69.306
69.0288
68.9593
69.3443
69.3239
69.1268
69.6658
69.7392
70.2336
68.6494
69.2269
69.3814
69.1882
69.516
68.9679
70.675
70.7897
70.6495
69.1414
69.832
69.4235
69.5428
69.5755
69.3175
68.7647
69.1749
68.0219
67.3289
67.9054
67.8046
68.0216
68.2915
68.6939
68.1935
69.0731
69.0541
69.1748
68.9012
68.5539
70.12
71.0838
70.4811
70.3022
70.3826
70.0927
69.8622
68.7809
69.5966
70.0293
71.0658
71.0487
70.9864
72.054
72.0501
70.4935
70.6034
69.7707
68.5799
69.7601
69.2286
69.1137
69.9354
69.3815
69.9244
69.096
70.1135
69.9971
70.194
69.4723
68.7234
68.367
67.9261
67.7914
68.7947
70.0809
70.2156
69.4663
70.161
69.5257
70.3639
69.8586
69.0803
69.6209
68.5679
68.4701
68.704
69.7781
69.3993
69.1736
68.9087
68.6124
68.9076
68.8626
67.9872
68.4056
69.7511
69.2838
70.0113
71.523
71.4493
70.929
70.5858
70.3721
69.4251
68.8525
68.7659
69.6931
69.506
69.6452
69.1262
69.1271
69.5587
69.8597
69.8608
70.466
70.4194
69.8082
70.1543
71.0007
70.3988
70.6155
71.0851
70.3786
70.5815
71.2223
71.571
70.8405
70.1959
69.4094
69.679
69.3002
69.2145
68.9124
69.7476
68.8218
67.8533
68.6722
68.5887
67.4495
67.53
68.2266
68.9929
69.0134
69.0488
69.53
69.8484
70.0549
69.4072
69.354
69.1738
69.5321
67.9392
67.8375
68.3262
69.6255
69.6481
70.8617
70.7573
70.7221
71.545
71.3677
70.5395
69.8854
69.3239
71.3566
70.3615
69.8375
69.8915
71.6302
71.4607
70.4825
70.0396
70.7526
69.989
70.264
69.4073
68.7251
69.4992
69.7472
68.5427
69.4481
70.3821
69.597
67.4883
67.9284
68.4848
68.4149
68.8458
68.6766
69.4416
70.3444
69.2055
67.6229
67.7633
67.8828
67.7169
68.3387
68.6923
70.4357
70.0759
70.1968
70.3554
70.0401
68.9424
68.8733
68.7196
68.6425
68.8264
69.8298
69.2722
68.8085
68.5382
69.1036
69.6074
70.0767
69.4784
69.4305
68.9108
69.4071
70.2653
70.5371
70.5562
69.282
69.5578
68.7927
69.6961
70.5075
70.6457
70.2781
70.1098
70.0708
70.1104
70.0465
69.2629
70.1109
70.768
69.8781
70.1961
69.194
69.2749
68.3861
68.4225
69.233
69.6074
69.948
68.5626
69.3069
70.6442
70.6693
69.6187
70.0461
69.8053
70.1376
70.901
70.3221
69.1338
69.3962
70.4733
70.2525
68.8628
69.1025
69.8621
70.772
69.5932
69.8732
70.6886
70.2601
71.619
71.5221
71.6043
70.2354
69.8962
70.4539
70.5584
70.0524
70.6968
71.7229
71.123
70.7189
70.7197
70.1485
69.0162
68.8631
68.5781
67.9954
68.0923
68.1297
68.2374
68.6695
68.2366
67.5866
68.241
68.7189
69.5235
68.5081
68.9259
68.6568
67.8035
69.1435
69.1232
69.6283
69.7833
68.6995
69.6691
69.1279
70.0044
69.1404
69.9241
69.7641
69.6726
68.7394
69.481
69.2389
69.3788
71.1613
71.1551
69.896
70.1601
70.8144
71.0879
70.5127
70.6386
70.6045
71.402
70.3964
69.576
69.9042
69.8338
69.2475
69.524
70.4996
70.4998
70.6012
71.1681
70.0336
69.306
68.9865
69.4493
69.0086
69.4778
69.5297
68.9946
67.9503
69.526
69.5385
70.5067
69.8072
68.7928
69.7724
70.751
70.6807
69.4908
68.2343
68.9674
68.9908
68.7359
70.3253
71.4554
72.3827
71.8624
71.3669
70.5736
70.1677
71.071
70.5046
70.406
71.166
70.8377
70.7225
71.0954
69.2595
70.0757
70.2904
70.8717
70.7253
71.3407
69.994
69.76
68.9117
69.1496
69.8241
70.4265
70.9418
70.7146
70.0275
69.7489
69.0748
69.1609
70.0252
69.7395
70.4829
68.4943
68.3291
69.5438
69.5016
68.9697
69.5616
70.6053
69.6617
70.8194
70.1228
70.9917
70.1643
70.8126
70.5316
70.6856
70.4395
70.6516
71.128
70.2476
70.4085
71.2612
70.376
70.4498
70.7405
70.3749
69.7428
69.8808
69.6762
69.5674
69.8654
69.5254
69.6605
69.6985
70.222
70.6215
71.157
71.1705
70.6577
69.4739
70.5189
71.2109
70.7741
69.315
69.2324
68.7509
69.098
68.8811
69.0185
68.2276
67.8931
67.9797
67.853
68.7215
68.9508
69.0184
70.3183
70.7624
70.0768
69.8234
69.2361
68.4931
68.723
70.5178
70.2361
70.3845
69.9395
70.6716
70.4068
70.4988
70.122
69.9258
68.9779
69.7148
68.7305
69.2855
68.3452
68.6136
68.3746
68.3998
68.4521
68.9883
69.0909
67.9765
68.1078
68.9094
69.443
70.047
69.5933
69.6053
70.3781
70.6774
70.072
70.4354
70.2665
70.0196
70.0734
70.0564
70.0959
71.4556
71.9386
69.8522
70.0209
68.8416
68.3702
68.4924
68.9952
69.3545
68.9022
70.3674
70.1089
70.8822
71.2392
68.3814
68.9406
68.8699
69.4951
70.047
70.4516
70.3569
70.648
70.8178
70.0517
69.6141
69.8755
70.8923
70.4308
69.3355
70.0618
71.2408
70.9656
69.8724
70.028
69.0381
69.3671
69.6399
68.7596
68.9495
69.8711
69.3649
69.5684
69.2839
70.3925
69.9607
69.1697
69.5931
69.1181
69.2693
68.6875
69.8586
70.3382
70.78
70.3218
69.9992
70.386
70.4348
69.8428
70.0219
70.5704
70.3764
69.6024
70.6594
69.3303
70.1355
70.6414
70.0202
70.822
71.4807
71.1039
70.9344
70.0418
69.9261
70.9082
70.3876
69.3239
68.5965
68.1048
69.0827
69.4972
69.2475
67.7624
68.2456
68.3875
67.9087
68.6803
68.7714
69.055
69.8318
69.2691
70.2385
71.1748
71.7356
71.6118
71.4925
71.6894
70.4471
70.0303
69.685
69.904
69.5969
70.7948
70.3717
71.4007
70.5295
70.0545
70.1957
70.5805
70.3919
70.9926
70.7007
69.4315
69.4286
70.2461
70.1391
69.6063
69.5036
71.0348
70.6826
69.644
69.1221
69.9747
70.5606
71.4287
70.3935
70.2412
70.4749
70.8761
70.1626
69.7763
69.7974
69.6728
69.1828
69.2913
69.597
69.9074
70.2685
70.4258
69.418
69.4063
69.4171
69.8196
70.2246
70.2295
69.5137
69.0719
69.6724
70.088
70.8729
70.7495
70.6861
70.4639
69.7406
69.7815
69.8937
70.4609
69.8561
69.8369
70.1156
70.5795
70.1715
70.2187
70.0514
69.3701
69.3636
69.9481
69.1903
69.4768
70.2418
70.9189
70.74
70.7257
69.6669
68.4539
68.6448
68.6316
68.9311
67.8058
69.3803
69.3811
70.3953
69.6968
68.7587
69.5718
70.4824
70.5089
69.9148
70.4017
69.8108
70.0459
69.3219
68.669
68.9314
70.2269
69.3663
70.0816
69.2165
69.0541
69.5803
70.8358
69.571
69.2971
69.3893
69.4879
69.5938
69.6618
69.3551
69.1994
69.8577
69.1098
69.1715
68.3786
69.0294
68.78
69.1009
69.043
69.7966
69.5536
68.4511
69.1822
68.6498
69.6145
70.8242
69.6088
70.0881
70.9343
70.5795
70.218
70.6196
70.0134
69.7013
70.2466
69.8183
70.6161
70.1701
70.3098
69.4422
70.7029
71.1554
71.0362
70.4649
70.6302
70.8409
71.2951
70.6491
69.9427
68.8769
68.4847
68.91
68.1381
68.1612
68.3115
68.3738
68.3085
69.3098
69.6283
68.9277
69.6342
68.9422
68.9758
69.2099
70.0644
69.8905
69.3969
70.1527
69.9448
69.7924
70.1686
69.6416
68.9997
69.4575
69.29
69.598
69.3351
69.6855
68.8998
69.3535
70.2593
70.5666
69.4449
68.0665
69.7823
70.2309
70.8378
71.3161
70.4542
70.1889
70.3367
71.4049
70.7224
70.0219
71.0856
70.3852
70.0976
70.436
70.4981
69.2498
68.7514
68.6152
68.817
69.7451
68.7662
68.7474
69.0166
68.6282
68.2626
69.3687
69.3762
69.5211
68.7508
69.7812
69.0032
69.54
68.7593
68.6107
68.8986
68.9585
68.6323
67.8427
68.6182
67.9108
68.162
68.4343
68.781
69.2417
68.8076
69.0158
70.0224
69.3017
69.0767
68.3691
68.94
68.2233
69.0123
69.7703
69.9245
69.7222
69.8268
69.2413
69.3937
68.5743
71.0835
70.566
69.8522
70.3316
70.5824
69.7762
69.3786
69.6264
70.5874
70.7938
71.0724
70.6049
69.7674
69.8551
70.6197
68.8768
68.4116
68.1262
68.3052
69.077
69.8627
71.1477
69.6161
70.1738
71.8239
71.3387
70.5604
70.3805
70.4694
70.3386
71.4441
70.9416
71.1321
71.0111
70.4472
70.2334
70.7952
70.2131
69.7392
70.0281
69.1688
69.2269
69.8084
69.647
70.0317
70.0816
71.1222
70.3884
69.3896
69.0541
69.2545
70.3432
69.8029
69.9067
69.8919
71.0993
71.1624
71.4209
71.2621
71.5745
71.2206
70.1944
69.2458
69.5941
68.936
68.2671
68.1116
68.4019
67.984
68.5381
69.1667
68.7596
68.6743
69.1978
69.6017
69.8856
68.6918
68.4915
69.0532
69.2593
69.9662
69.8402
70.1922
71.2601
70.8619
72.0328
72.51
72.501
70.8915
69.8564
69.5696
69.7272
69.9693
70.3072
69.7969
68.9493
69.2555
69.3306
69.8124
69.9016
69.1624
69.127
68.9528
69.797
69.927
68.9118
69.8664
70.1451
69.4655
68.4519
69.2174
69.0755
69.0136
68.0001
67.9678
68.3646
67.8146
68.2058
69.3487
69.1179
68.9066
69.4299
69.3843
69.2579
69.7996
69.7255
69.1685
70.142
70.0671
70.4813
71.9863
70.5981
71.3232
70.5243
69.7913
68.5411
68.5583
67.9576
68.4571
68.2471
69.5034
70.3594
70.8942
69.6778
69.3105
70.121
70.826
68.9846
69.1714
68.2427
67.8212
67.8622
69.0568
68.5796
68.9179
68.4443
69.002
70.5364
69.5558
68.6856
67.9564
67.5261
67.7522
68.5177
68.1528
68.8939
68.6739
68.1446
68.7043
68.8978
69.0142
69.5589
70.3513
69.7412
70.3902
69.4506
69.1569
69.2657
70.1041
69.1274
69.0865
70.4264
71.8398
71.246
72.0702
71.6972
70.6053
69.9707
69.7304
69.5086
69.3054
69.83
70.6377
70.2092
70.0422
70.2927
71.9156
72.5567
71.6323
70.7059
69.6476
68.8416
70.2231
69.1307
68.9499
69.4397
67.9984
68.6119
69.4539
69.7407
69.0799
69.9888
69.4165
70.8078
72.1587
72.1186
71.1792
71.3117
71.9674
72.4276
71.9761
70.8441
69.9205
70.0133
70.4064
71.6605
70.0701
70.7205
69.917
70.2444
70.0464
70.4214
69.7295
69.8852
69.8867
70.9236
69.7406
69.6307
69.4385
68.4504
67.787
68.2502
69.1527
69.793
69.1767
68.8812
69.2839
69.3361
69.4042
68.739
69.1753
68.6362
68.2261
68.0349
68.3869
68.722
67.9962
68.1335
68.506
68.5808
68.4907
67.795
67.7849
68.2655
69.0164
68.4427
69.1837
70.1436
69.8205
70.0118
70.4333
69.5914
69.7526
70.4772
69.9742
70.2958
69.6951
69.6707
69.6388
69.9522
69.4177
70.7757
70.8193
71.1505
70.5277
70.9649
71.0072
70.438
70.7668
70.4513
69.4308
69.7448
70.6895
70.3816
70.8923
71.1862
70.7148
70.5057
69.9282
70.421
70.8483
70.8177
71.803
71.5637
71.644
71.8264
70.9508
71.6743
71.8956
71.4223
70.739
70.5247
70.4179
69.2
68.3827
68.2435
68.71
69.1202
68.8486
68.9897
70.1196
70.4254
70.1455
70.7574
70.3033
71.255
70.8682
69.9547
70.6098
70.3252
69.4452
69.1594
69.5863
69.3418
69.1953
68.3796
69.6938
69.6403
70.4093
70.8324
68.0376
68.2369
67.7201
67.852
69.1122
67.9848
69.5083
70.0016
71.2719
70.5527
71.1194
71.0497
70.2153
69.3841
69.0339
68.5198
68.2292
68.3463
69.2162
69.3797
69.604
68.8499
68.211
68.4023
69.1885
68.6584
69.0223
70.0281
71.047
70.733
70.5964
69.4999
69.7159
69.474
69.4014
68.4422
68.9332
69.0561
69.6176
70.5703
71.2888
70.699
71.9212
71.8595
71.845
71.4017
70.8331
71.0242
70.1061
70.1268
70.2466
70.7765
69.7167
68.4877
68.9063
68.8277
69.4826
68.9082
69.6355
69.4597
69.8541
69.3387
69.2893
69.6811
68.6928
68.5339
69.6157
69.2973
69.2609
70.1412
69.8189
70.1507
70.1799
70.0548
70.4797
70.5046
70.2189
71.0339
71.2234
71.2414
71.6206
71.9995
69.4822
70.6054
71.398
70.1694
71.3424
69.6873
69.7161
69.5562
69.4839
69.5357
69.8109
70.4971
70.5623
69.6196
69.0249
70.0948
69.8001
69.4601
70.925
71.3634
70.941
71.7819
71.3027
72.1777
71.5026
71.1116
69.9587
70.0708
69.2006
69.6486
69.1879
69.3981
69.5607
70.0487
69.9454
69.6536
69.9078
69.1051
68.394
69.2172
70.2251
69.7091
70.2787
69.1304
68.5522
68.9676
67.7891
67.444
68.59
68.8249
69.8126
69.8526
68.7041
69.6323
70.0598
70.2503
70.4829
69.4927
67.9376
69.31
69.3737
69.9068
69.6517
70.5602
70.3807
69.8911
70.5233
70.1911
69.2659
69.4448
69.0855
69.7266
69.7397
70.9029
69.1088
69.5992
69.6574
69.4773
69.5476
70.0541
69.9829
68.3382
68.3814
69.3107
69.3609
69.2006
70.197
70.1595
69.7495
70.8354
71.0909
70.9363
70.5566
70.3437
70.2402
70.7039
69.8538
70.7657
71.631
70.8462
71.0072
71.0794
69.6604
69.5767
69.1784
69.0698
69.061
69.6397
68.9423
69.2155
69.2287
67.86
68.8836
68.8919
69.1945
69.1396
69.1618
70.6578
70.539
71.5091
71.2978
70.4759
71.0875
70.7891
70.0996
69.3048
69.5094
68.8877
68.9238
69.5659
68.9369
68.9776
68.6025
69.8619
70.8193
69.4651
69.6584
70.691
70.566
70.4623
70.3817
70.6833
70.2394
71.1339
71.6294
72.2501
71.8234
71.6967
71.9128
71.3344
70.8527
70.5718
69.9708
69.3194
68.8793
69.1741
69.9023
69.8431
70.3103
69.5425
69.5091
69.1713
69.306
69.2825
68.42
69.0567
69.1238
69.2763
69.0043
69.6083
69.8723
69.9883
70.4996
70.0701
69.7462
69.6877
70.2749
69.7916
71.3901
71.9853
71.6484
72.4035
71.6306
72.6582
71.8288
70.7462
71.3936
70.7351
70.53
70.6874
70.9684
71.7177
72.4077
70.5557
70.2708
69.4157
68.6512
69.3278
70.5856
70.9835
72.2539
71.9187
72.2123
72.7971
71.4156
70.2049
69.6305
69.9948
69.4794
69.3572
68.134
69.2544
68.6931
70.0572
70.3385
70.1324
70.1091
69.8745
69.4969
69.7711
70.8719
70.6888
69.0548
68.9342
68.8247
68.0787
67.5516
68.2111
68.551
68.9686
69.0456
68.6836
68.8282
69.5768
69.0894
70.2984
69.761
69.2485
69.3363
68.6607
68.4132
69.1424
68.2683
69.2845
69.4021
69.5975
70.0021
70.69
68.8426
69.2081
68.3735
69.0474
68.9719
69.1284
69.0374
69.1925
68.8374
69.0269
68.4144
68.9206
69.3353
69.5707
69.8434
69.7693
70.0221
69.8225
70.1147
70.3022
70.2425
70.1566
70.7629
69.7125
69.3337
69.5641
69.6147
69.2731
70.0054
70.0022
70.0508
70.2491
69.649
70.2604
71.0779
70.0964
69.5359
69.6896
69.381
68.9934
69.339
69.1005
68.7761
68.9173
68.9217
68.5025
68.4434
69.4351
69.9622
69.9995
68.9262
68.3424
68.2376
68.4412
69.2423
69.087
68.1777
68.6249
69.5559
70.0142
69.5876
69.8034
70.4469
70.4258
70.0739
69.4751
70.635
71.7987
72.1067
71.721
72.8296
72.4231
70.2014
70.267
71.6381
70.7478
71.808
71.9918
70.6025
69.5608
69.5912
70.3771
69.1456
69.3792
68.8895
69.9981
69.514
69.4762
68.8846
69.6405
69.9234
68.9211
68.6375
69.5457
69.7245
70.5258
71.2794
71.2004
70.5541
70.7009
71.1419
70.2783
68.946
69.3615
69.6707
71.868
72.8708
71.609
71.4411
71.08
71.1096
71.129
70.7551
71.3318
71.1156
70.7868
70.1476
69.3294
69.0379
68.4759
67.751
69.3975
69.4884
68.94
69.5168
70.8121
69.7289
69.9827
69.9426
70.0872
69.9331
70.5739
70.0648
70.5915
70.6406
69.9816
71.0713
70.9828
69.1632
70.0175
70.6316
70.8119
69.6631
71.182
70.1138
70.3504
69.6259
68.696
68.4878
67.494
68.0955
67.8735
68.3572
68.1271
69.1839
68.6575
69.9095
69.618
70.4291
68.94
69.1332
70.4618
70.2182
70.601
71.2296
70.8971
71.5421
71.3589
70.5913
70.7281
70.6131
70.2191
70.3882
70.5476
71.3697
71.3654
72.5728
71.6655
71.1646
69.6074
70.2777
70.6489
70.011
70.9473
70.8544
70.0934
70.5853
70.34
71.8351
71.3513
70.6769
70.2677
71.021
71.6879
72.1638
70.6927
71.5067
72.2387
71.0165
70.8187
69.2063
69.3881
69.8258
69.6965
69.6328
69.7324
69.5893
69.3188
69.5835
68.1149
68.7131
69.0768
68.8998
68.5101
68.8598
69.8345
69.1238
68.8672
69.2982
69.8819
68.4311
69.1597
69.1597
69.8429
68.8639
69.5076
69.9774
70.237
69.3583
68.9472
69.4356
70.4011
70.2786
70.0456
70.0196
69.3504
69.7943
69.396
69.5147
69.9543
70.092
70.0627
70.2717
69.9976
69.5305
68.9641
69.3212
69.9578
69.0831
69.9173
70.5445
70.0144
71.6406
69.7327
69.4276
70.5594
71.5452
70.0845
69.39
69.4522
69.3441
69.6046
69.586
69.9393
70.9457
68.8446
69.8322
69.882
70.1651
69.8348
69.9176
69.635
69.1952
69.233
68.0819
67.9929
68.5926
68.725
69.434
69.4487
70.2445
70.2494
69.2834
69.4674
69.8207
71.1363
70.8681
71.9127
71.0684
70.8174
70.7828
69.6628
69.8266
70.7545
72.3958
70.9878
71.3386
72.6415
71.5841
71.6233
71.4561
71.3386
70.8186
69.5471
69.7565
70.3045
69.2868
69.4159
69.8604
69.6874
70.1288
71.1439
70.8219
71.9164
70.2376
71.0077
71.1349
70.445
71.1897
70.6707
68.9341
69.9662
69.311
68.5314
69.536
70.1162
69.8779
70.5357
70.7713
69.4887
70.5479
70.9104
70.3982
70.0963
70.2143
69.2427
68.3231
68.7047
68.2953
68.6275
69.5227
70.6774
71.2332
71.4824
70.8758
70.5975
70.0321
70.3155
69.3964
69.9478
69.4463
69.1703
69.0302
68.9458
69.8308
69.5997
70.1979
70.2549
70.1943
70.2417
69.8012
69.7677
69.6919
68.4984
68.6727
69.125
69.0416
69.1836
69.5156
69.7385
69.3411
69.4361
70.6837
70.1659
69.5468
70.6342
70.084
69.952
70.6874
69.9398
69.5482
68.7592
69.0749
68.9308
69.0333
69.6618
69.2993
68.9216
69.7156
69.2985
69.7404
69.3653
69.2462
68.9406
69.2841
69.6668
69.7097
70.4056
70.6242
70.9148
69.8144
69.1306
68.7581
68.6735
70.1024
70.3901
70.0595
70.3583
70.4748
70.8206
70.5261
71.105
70.8155
70.9061
71.5526
70.4631
69.4002
68.4256
68.6667
70.2161
70.8433
70.8914
70.7887
71.0018
69.9662
71.6353
70.9246
70.883
71.0955
72.0241
71.8168
71.7082
70.7181
70.5704
70.5363
69.4691
69.0468
69.2556
70.4469
70.4671
69.7015
69.6009
68.6834
69.4697
69.4667
69.5893
70.4421
70.5349
70.5002
69.5949
69.7874
69.8729
70.3271
71.6739
71.2107
71.2821
69.5783
69.1859
68.8778
70.2006
70.7049
70.6555
69.4176
69.8103
70.7309
71.1029
70.4592
70.3919
69.2133
70.3421
70.2003
69.4958
69.4062
69.6925
69.2946
69.4973
69.6138
69.095
70.6003
70.146
70.8737
70.9074
69.7273
69.0108
68.1759
68.8796
68.9377
68.3621
69.5165
70.2163
70.3711
70.26
69.6921
69.7903
70.2477
70.1489
69.723
71.5503
70.5399
70.7752
70.637
70.3776
70.5329
69.6295
69.1266
68.9502
69.981
68.5593
67.8186
68.748
70.2807
70.5972
71.1827
70.8331
68.3929
68.3662
68.9033
68.4468
69.3862
69.9219
68.9538
68.3245
68.4569
68.2457
68.9575
70.035
69.9161
69.5428
70.1046
71.6803
71.6583
71.5665
71.1453
70.9444
69.64
70.604
71.1034
70.3639
70.6317
70.1843
69.0384
70.0032
70.2973
69.8431
69.2052
69.5265
70.1359
70.9064
70.3817
70.9328
70.7198
70.0273
70.5017
70.3172
69.7873
70.4405
69.4219
69.8932
69.2721
69.2878
69.2346
69.2975
69.1752
68.4894
69.3509
69.6299
69.9444
69.9356
71.2984
71.4197
71.1877
70.998
70.1836
70.9858
70.6408
70.3391
70.4973
70.6492
70.235
70.987
70.4712
70.3674
70.6704
70.2951
69.06
69.2374
70.9288
69.8534
70.2684
70.0253
70.6611
70.0153
70.2555
69.5322
69.9327
68.5507
67.7678
67.9257
68.887
69.4127
68.7066
69.7823
69.2435
70.2354
70.908
70.2535
69.4679
69.266
69.5386
68.7769
68.7331
68.5439
70.1319
69.7385
69.7719
70.1354
69.3512
69.2591
70.4599
69.5373
69.7707
68.5923
68.256
67.768
68.4068
68.4635
69.1784
70.4555
69.6561
69.274
69.9615
68.4839
68.9956
69.2867
69.1942
70.3166
69.7737
70.0667
68.8457
69.272
69.5537
69.3782
69.8891
71.3111
71.7017
69.9755
70.666
70.508
70.3703
69.4748
70.4386
69.7255
70.1532
69.8036
70.1364
69.3904
70.1371
70.6631
69.173
69.4772
69.4949
69.0656
69.512
69.8141
69.2374
70.3066
68.5253
68.9508
69.3573
68.6915
69.1482
69.6531
68.7989
68.7429
68.468
68.8458
68.8138
69.3941
69.3121
69.4127
69.5026
69.6458
69.3101
69.3217
69.9413
70.5848
71.5556
70.7704
69.6653
69.5828
69.1248
69.283
69.4044
68.5505
67.6919
68.6228
70.0274
69.9411
70.5368
70.532
70.6489
70.554
69.9234
70.7808
71.1434
70.9702
71.0134
70.2841
69.3844
70.3322
70.1334
70.5769
70.1066
70.3056
70.6301
70.8544
71.9101
72.8517
73.0217
73.1913
73.0122
72.4658
69.3788
70.4111
70.0969
69.5742
70.1627
69.4668
69.4587
70.3474
70.3635
69.8779
69.6159
70.2145
68.7486
69.9799
70.108
70.6103
70.6837
70.753
70.3267
69.8707
69.459
70.6196
69.9509
69.6122
69.8853
69.9855
71.0356
71.0284
71.1192
69.2227
69.4517
69.1503
69.1541
69.2301
69.566
69.556
69.7242
70.4854
69.9754
69.2972
69.6258
68.6112
69.258
69.5011
69.8158
70.1164
70.2611
69.6979
69.0869
69.6275
70.895
70.403
70.6237
70.5047
71.8158
72.0472
72.7913
71.4712
70.8497
70.0845
69.6836
68.6714
69.0486
70.3316
69.9586
70.0697
70.4622
71.2415
70.5586
70.6773
69.5472
69.5686
69.6979
70.4846
70.9196
71.9739
70.202
70.0428
70.7591
71.493
70.4105
71.3048
72.3373
71.5579
70.2284
70.1482
70.0966
68.9831
68.9426
68.3215
69.004
68.7781
70.0097
71.0659
71.2041
70.8091
70.4671
70.3544
69.2113
68.7857
68.1497
69.671
69.72
70.1407
69.6014
68.4621
69.2345
69.09
71.0599
70.9431
69.7979
71.1408
70.8131
70.5512
72.0199
72.3318
70.6001
71.3119
70.4257
69.9471
69.3991
69.153
68.2023
68.4863
68.9576
69.5481
69.8141
70.7185
70.6747
70.444
70.9323
70.3907
70.1003
70.6527
71.1956
70.9324
71.5102
71.6111
71.1305
70.5948
71.2258
70.2359
71.0795
69.8251
69.6004
70.0502
69.2409
67.9887
69.8522
69.7038
70.074
70.4507
71.7456
72.4652
71.2885
69.7511
70.2994
70.7221
70.458
69.841
69.3642
69.2372
68.7339
68.1776
67.7526
68.5795
68.7002
69.4328
69.244
69.2895
69.7832
70.2462
70.161
69.2436
70.1243
70.0391
69.4799
69.3687
68.2537
68.212
68.8718
70.7969
71.3255
70.9347
69.3208
70.7635
70.4496
69.933
69.0435
69.0249
69.3298
69.1777
69.4266
69.441
69.309
70.8454
69.9827
69.9658
70.7781
70.356
70.3528
69.6402
68.5488
67.3032
68.3668
68.6213
68.9919
68.9838
69.9849
69.5534
69.6554
69.2427
68.628
68.7396
68.9681
67.9789
68.5369
68.1959
68.5803
68.0504
69.6085
70.153
69.3806
69.6936
70.2764
70.2528
70.6796
71.6796
70.4314
69.8385
70.1358
69.4255
69.6179
69.102
69.6035
70.2867
70.5709
70.2997
69.9652
69.2668
69.6611
68.3484
68.5996
68.8315
68.7447
68.5545
68.1842
69.421
68.6189
68.6588
70.0552
69.424
69.2092
69.5678
69.2761
69.655
68.9376
68.6153
68.8213
68.6188
68.6902
68.9677
69.0807
69.6543
68.7723
68.7185
68.8635
69.4133
70.2064
70.4668
69.6949
70.4988
69.9263
70.7189
70.42
70.4691
70.6313
70.7327
69.4656
69.0774
68.211
68.2813
69.4944
69.8529
70.1553
71.1683
71.5253
70.775
71.1191
71.4913
70.9917
70.888
70.2104
69.8453
70.2968
69.9162
69.6226
69.1309
68.4335
68.5854
68.8711
69.5288
69.7023
70.8254
71.1933
71.0778
70.8228
70.3839
68.7375
69.0655
68.4461
67.9679
68.9752
68.8942
69.5545
70.1058
69.7087
69.9782
71.8407
71.3294
70.7686
71.2329
69.6065
68.884
70.0975
69.6676
69.3599
69.0221
69.8395
69.8012
69.7605
69.1862
70.6246
70.486
70.888
70.1141
71.0399
70.7578
69.9416
69.395
69.4539
69.1195
69.2244
69.5328
70.2192
69.987
70.9694
71.0924
69.9213
69.7831
70.0139
69.9675
70.3616
69.9346
69.2773
70.6089
69.6481
69.461
70.3343
69.9301
69.4206
68.4061
68.9985
68.2563
68.152
69.5935
69.2121
69.5849
69.0393
69.6424
69.0714
70.4438
71.1486
70.292
69.4369
69.4371
70.2478
69.5053
68.539
69.2428
70.3161
69.5579
70.9551
71.1611
71.1823
69.8237
69.5493
69.7674
70.3437
69.6468
69.0168
69.4501
68.9384
69.1021
69.8476
70.6127
70.9444
70.3307
70.8338
70.079
69.6287
70.1708
69.417
70.345
69.82
68.3166
68.8253
69.5985
69.2451
69.7753
70.0137
71.0237
69.5251
69.4366
69.8604
68.9275
69.2572
69.5662
70.9505
71.1453
71.4104
71.6904
71.1324
70.7459
69.9251
70.0744
70.0355
70.4573
69.661
71.0821
70.8102
69.391
69.1423
69.969
70.3931
70.4608
70.9492
71.3977
71.8569
71.7357
71.5598
69.9201
69.6804
70.103
69.4938
69.6825
69.6264
69.6575
69.7061
70.1839
69.7472
70.0953
69.6449
69.96
69.124
69.0479
71.201
71.2073
70.4404
70.3646
69.3981
69.1518
68.748
69.3589
70.0275
70.2928
69.1002
68.8797
68.9584
68.8408
68.5295
68.8317
69.2576
69.6419
69.8084
70.5064
70.0127
69.8418
70.9243
71.1933
71.2392
69.5803
69.7955
69.011
69.6398
69.1561
67.1414
67.6737
68.4655
69.479
70.2165
70.275
70.2915
69.7475
71.1923
70.4424
70.8697
70.0962
69.674
69.1728
69.0466
69.2105
70.2664
70.9932
71.1122
70.5725
70.8174
71.3052
70.2544
70.13
69.3883
69.894
69.0065
69.2391
69.2262
68.7506
69.0234
69.1554
69.3018
68.9596
67.8902
68.0845
68.0368
67.8721
68.7775
68.5728
69.1467
68.9691
69.371
70.4843
71.6563
70.9915
70.1444
70.1197
71.2628
70.6688
70.7249
71.3412
70.037
69.897
71.4279
71.2579
71.6391
70.9904
71.9161
72.4115
71.1675
70.7935
70.1789
70.1646
70.8795
71.5237
71.6859
71.0286
70.7394
70.5756
70.4605
71.3404
71.2396
70.2003
69.8275
70.3105
70.8549
70.9499
71.7135
71.4347
70.9872
71.045
70.4144
70.045
69.2145
70.2429
69.4506
68.8689
69.1912
70.2617
69.8411
70.5181
71.0481
70.4959
70.7351
69.3316
69.9457
70.1007
69.9506
69.5359
69.7192
69.7287
69.7748
69.9809
70.5382
71.007
69.5111
68.9664
68.8169
69.9836
71.1105
72.0005
69.4588
68.8766
68.1817
68.4113
68.1521
68.7539
69.2865
69.0769
69.191
68.8214
68.8904
68.3294
69.2109
70.9276
69.2095
68.5295
68.0078
69.0868
68.9884
70.0644
70.2214
69.6337
69.1588
69.0121
69.0717
68.981
69.723
69.6775
69.5652
69.1718
69.5476
69.0181
70.615
70.3689
70.0356
70.9163
70.6757
71.1627
70.5085
70.6399
71.6384
70.8686
69.9752
69.8707
70.0733
70.4489
70.0293
70.1537
70.1881
69.3917
69.9625
70.9913
72.2792
71.1471
72.2267
72.1194
71.5008
70.703
69.2726
69.8628
68.8295
68.9953
69.3795
68.9707
68.912
69.0773
69.0668
69.3447
69.1761
69.9094
71.2172
70.4792
69.9159
69.0757
69.0437
69.528
70.2243
69.891
69.9833
69.4417
69.1636
70.0236
70.44
70.7664
71.4932
70.3897
71.2086
70.7009
70.1997
69.7783
69.9143
69.8891
68.6507
69.0737
68.7362
68.4616
68.3395
68.9994
69.4282
69.1029
69.0977
68.9086
69.0244
69.9954
69.4435
68.7894
67.9849
69.5144
69.11
69.7712
70.2496
70.2504
69.5256
69.3744
69.7825
70.9846
70.9988
69.4076
69.1035
68.7423
68.7684
68.7726
70.0679
70.6134
71.1684
70.9593
70.5566
70.6452
70.7285
70.4594
70.6229
71.5255
71.4077
70.8723
69.7566
70.9934
70.216
69.4498
69.397
70.0668
69.345
69.649
70.4244
70.7447
71.0953
70.25
70.3732
69.9795
70.7712
69.9517
70.5635
70.2726
69.8216
68.9682
69.4536
70.4516
70.1417
70.8909
71.1465
70.8732
70.7551
70.5697
70.0238
70.1884
70.1541
70.9944
69.949
69.3761
70.17
68.5991
68.8786
68.1266
68.6484
68.876
69.2052
69.6346
69.7257
68.809
69.3068
69.6531
69.2806
68.1252
69.5662
69.2252
69.1264
69.3417
70.1426
70.3083
70.8172
72.2539
71.7972
71.7408
71.0303
71.5538
71.2346
71.0656
70.0416
70.641
70.6116
71.6233
71.8609
71.0311
70.7464
69.3371
69.5072
68.9948
69.8154
70.6074
70.4075
70.0343
70.5501
72.5367
72.7644
70.6974
70.1177
70.0647
71.4689
72.003
70.6877
70.9727
69.5031
69.7239
69.8508
70.6597
69.8435
69.5543
70.3486
70.8482
69.5939
69.5734
69.332
69.3321
70.2803
70.9967
71.1681
70.6446
70.7038
69.5778
68.6586
69.6698
68.7379
68.1977
69.1178
68.6183
68.9198
69.4302
70.0573
70.7474
71.8606
71.2048
70.6725
70.6205
69.3288
69.1685
68.9709
69.5535
69.503
70.7437
70.8388
69.5995
70.3961
70.8522
70.5485
71.0522
70.7001
71.1074
70.4937
70.0056
69.6107
70.0317
70.321
70.7329
71.5547
71.1347
70.3084
70.4088
69.835
69.2989
68.7378
68.2795
68.3117
68.3431
68.6752
69.298
69.8359
69.8509
70.3599
70.2967
69.591
69.8464
69.9107
69.3697
70.181
72.216
70.5718
70.4007
70.0161
70.1024
69.4002
69.6704
69.9483
70.6628
71.1883
70.8058
70.524
68.1119
68.8665
69.9836
70.1994
70.859
70.8703
70.7544
70.7057
69.8038
69.329
69.9035
69.3517
69.7631
70.5127
68.9755
69.8525
69.4143
70.135
70.8091
71.034
70.4235
70.2099
70.132
68.6796
68.6762
68.7571
69.1086
69.4247
68.318
68.6775
70.1021
70.3393
70.9264
69.9595
70.9978
70.7148
70.2685
70.3135
70.4084
70.0668
70.6283
70.4109
69.4061
69.6396
70.2442
70.1786
70.6612
70.7132
70.2205
70.6336
71.3462
70.5343
69.4546
68.7777
69.3842
69.3163
68.4781
69.1202
69.2206
70.7645
69.968
71.1766
69.9118
69.5066
69.0544
68.7749
70.6352
70.9458
70.2591
70.0181
69.9282
70.1275
70.2324
70.489
70.7637
69.8177
69.2745
68.0121
67.6492
67.932
68.5689
68.3955
69.4975
68.8622
69.6736
70.9466
68.8084
69.0733
69.5358
69.6069
69.3036
69.4011
69.5164
70.4245
71.1969
69.9649
69.0868
69.4024
69.3804
70.6019
69.2633
70.6179
69.7213
69.8002
69.8665
69.6048
68.8883
69.2705
68.543
69.1258
69.6232
70.0761
71.1288
70.7027
70.8416
69.8972
70.338
70.2244
69.5098
70.3228
69.6406
70.4506
68.9437
69.4544
68.8309
69.059
69.1535
68.9806
68.6048
68.241
69.0456
69.1202
67.681
67.1507
67.447
68.0414
68.8728
68.7654
68.7773
70.04
70.1483
70.7114
71.7181
70.546
71.2058
70.5997
71.1937
70.9263
70.7967
70.8403
70.5473
69.9847
69.9815
69.0531
69.4425
69.3774
68.9895
70.2412
70.2523
70.2598
69.9902
70.5989
71.2521
71.5982
71.0957
70.2972
70.2045
70.1705
70.7892
70.7082
71.5988
70.4009
71.1093
70.574
70.814
70.789
70.2463
70.0364
69.7242
69.5605
69.6329
68.6156
69.3289
68.2513
68.4621
69.2555
69.8182
69.8448
69.5032
69.6473
68.6168
68.8763
68.6423
70.211
69.5638
69.9134
70.6056
70.9207
71.7965
71.074
70.6224
69.8298
69.1173
69.9013
69.3836
69.3035
69.5465
69.0661
69.224
68.6683
68.1193
67.688
68.5724
68.1238
68.8341
68.3221
68.7379
70.3828
70.1959
70.5725
70.5303
71.0281
70.3064
69.2874
69.3516
69.77
69.3115
68.6766
68.8198
69.0172
69.7144
69.8094
70.3183
69.2893
70.8292
71.1056
70.7912
70.6617
70.8544
70.7452
69.4606
69.255
69.7925
69.5413
70.0259
69.15
69.4139
70.1588
68.6496
68.3649
69.1882
68.5322
67.8406
68.0847
68.8005
68.4439
68.8419
68.3277
68.6232
68.0819
68.5547
68.9497
69.6887
70.0474
69.3347
69.8559
69.1862
67.8769
68.7856
69.2045
69.9047
69.3793
69.2284
69.6161
69.9018
71.0778
69.9685
69.702
70.2195
70.6764
70.5703
70.0526
71.049
70.6086
70.3154
69.8687
69.3867
69.7958
70.8179
69.6061
70.9049
69.3717
69.2873
69.5519
68.9592
70.8424
71.5729
70.529
69.9948
69.9176
69.3426
70.3412
68.6633
69.4775
69.3058
69.0041
69.3617
69.3685
69.8217
70.6315
70.864
71.0499
69.7648
69.5628
70.8448
71.1913
71.3769
71.8822
71.8432
71.8513
71.7598
71.7453
71.1057
70.46
70.4988
69.6393
69.3981
69.4386
69.124
68.9126
69.6832
69.8986
69.5185
70.1361
70.1911
70.6749
69.8735
69.2041
69.2403
69.2216
68.7451
68.7084
69.4722
69.5322
68.7059
69.1395
69.3826
69.3574
68.638
69.1494
69.2257
69.8689
69.2375
68.8675
69.5871
69.6609
68.5729
69.5146
69.6495
69.9638
69.5607
69.0564
70.5348
69.8708
69.3829
69.3365
70.4881
70.6179
71.4333
72.401
70.8987
70.5934
71.8631
72.0798
72.2768
72.5748
72.0625
71.7648
70.1562
70.2123
69.7444
69.4136
68.9744
68.5809
68.6791
68.7039
68.4001
69.0711
69.1423
69.3305
69.6803
69.7777
70.3232
69.8723
68.6943
69.2319
69.4582
70.9588
71.3193
71.3045
69.7293
70.5127
71.0225
70.6759
69.0551
69.3666
69.3502
69.1464
70.3488
70.9358
70.3701
71.0096
69.8876
69.7826
71.1422
71.1721
70.9214
69.9292
68.8379
68.5314
67.9014
68.4343
68.4507
68.2507
69.1614
68.7828
69.7448
69.1813
69.1899
69.3973
69.2748
70.0017
70.6706
69.9573
70.3799
69.9516
69.7554
70.0565
71.0575
69.8547
69.6618
70.1641
70.3581
71.2369
71.2344
70.2048
69.4675
70.3277
69.3716
69.1201
69.8026
69.662
68.8877
68.6696
69.1205
70.0206
69.5789
71.2433
71.1668
71.144
69.3901
68.9778
68.4027
69.9788
69.9851
69.1247
68.3645
68.2162
68.2377
69.1183
69.1612
70.0481
70.9878
68.7421
68.9931
69.2531
69.6736
68.9579
69.0657
69.038
70.5727
70.4205
70.0833
69.696
70.3783
69.549
70.5883
70.1497
70.8266
70.1044
69.5625
68.8358
69.0229
69.5341
69.0261
68.0102
68.7375
69.9418
70.3186
69.4073
70.3293
70.5646
70.3219
70.0855
70.1913
70.2226
69.2097
68.3136
69.4429
69.3686
69.1714
70.2532
70.3167
70.442
70.0308
70.6901
71.4756
70.8254
71.9727
71.7807
69.9532
70.2882
70.2153
72.1428
70.8134
70.4071
70.1507
70.564
68.6282
68.7752
67.9892
68.6408
68.9753
68.2298
67.9134
67.6849
68.8085
69.4525
68.1786
68.1727
67.9027
68.4916
69.0842
69.8467
69.7733
69.829
69.7713
69.6264
69.0325
68.9209
69.3019
69.362
70.45
68.9105
68.9006
68.6642
69.4139
69.2563
70.306
70.3131
69.2965
69.7262
70.8796
69.1659
69.6277
69.8928
69.3841
67.8559
68.4822
68.6522
69.4311
70.2024
70.0924
69.6529
69.6648
70.106
70.0445
68.3571
69.5333
70.294
69.1571
68.7393
68.0608
69.1183
69.3251
69.1749
70.2194
70.6209
69.9683
69.4419
69.8012
68.7315
68.8631
69.7259
69.8197
68.2927
68.1855
68.0471
69.6111
69.9762
69.5188
70.2116
69.3468
69.1676
70.1127
70.3239
70.8188
70.6094
69.5123
68.7018
67.7154
68.8037
69.1113
68.3924
69.2629
69.4855
68.7373
68.9378
68.1331
69.4551
70.2234
70.4947
69.3794
68.6574
69.069
69.2155
69.4914
69.9054
70.3437
69.6019
70.0158
68.56
69.3968
68.7794
69.4162
69.8958
69.7472
68.6467
67.9309
67.9533
68.1878
68.3272
68.0538
67.7799
68.3973
68.602
69.6407
69.5254
70.4661
71.4258
70.2903
69.3224
68.7563
69.1502
69.1536
68.7182
67.6037
68.4582
69.2442
69.452
69.573
70.4698
72.3888
71.4951
70.977
70.1761
68.5193
67.4714
67.5039
67.4582
66.6562
66.8439
67.1681
67.609
68.0689
69.4063
69.868
70.5445
69.6159
69.6637
69.5324
70.0603
68.8951
69.3087
