480.124
463.198
447.67
435.28
423.476
412.193
403.969
396.192
390.906
384.415
375.525
365.75
354.602
348.017
343.867
336.834
332.804
329.699
326.512
322.652
318.889
316.237
311.7
305.863
302.881
298.407
295.468
291.689
288.653
284.441
281.526
280.256
278.834
276.141
272.805
270.085
267.74
265.867
264.56
261.975
259.973
259.84
257.783
255.17
251.559
247.966
244.481
242.833
240.611
238.563
237.504
235.731
232.655
231.174
228.916
228.162
227.842
227.164
225.888
224.543
222.822
220.718
219.274
217.704
215.761
214.28
212.507
210.888
207.862
205.465
204.354
203.591
203.155
201.849
201.078
198.808
196.375
192.742
189.393
186.386
186.33
185.778
184.483
183.176
181.773
179.558
177.338
176.521
175.793
175.921
175.744
176.085
175.759
175.868
175.755
175.811
175.21
174.508
171.847
170.246
168.764
168.131
166.105
163.992
164.254
163.613
162.043
158.981
157.578
156.157
155.129
155.949
156.173
155.739
155.291
156.062
156.374
154.997
153.992
152.691
152.021
152.57
152.511
152.699
150.795
149.63
147.751
146.669
143.449
142.102
140.593
139.761
139.272
138.029
137.454
137.009
135.409
133.635
133.279
132.412
131.872
132.349
131.238
130.299
129.361
129.466
129.264
127.641
125.672
126.302
126.34
125.703
125.712
126.808
125.035
125.141
124.253
123.257
122.85
123.056
122.486
122.269
121.594
121.348
120.802
120.181
120.445
120.974
120.105
118.632
117.838
117.672
118.186
118.127
117.17
116.873
118.293
117.604
117.497
117.602
116.235
116.225
115.486
114.61
114.498
113.892
114.243
113.691
112.455
112.183
111.213
110.6
110.284
110.201
110.158
110.003
110.321
109.601
108.904
108.659
109.195
109.018
108.813
108.93
108.265
108.769
109.217
109.535
109.423
108.652
108.916
108.508
107.736
108.277
107.135
106.274
106.434
106.817
106.185
105.855
104.709
105.457
106.768
105.905
105.918
104.513
103.094
102.918
103.164
103.596
103.425
103.654
105.588
105.899
105.456
104.729
104.28
104.243
102.799
102.743
101.936
101.26
100.337
100.286
100.742
100.64
101.308
99.9943
99.7479
100.341
98.293
98.032
97.7293
97.6611
96.995
98.0397
98.9575
98.2138
98.8876
99.2713
99.0871
97.8802
98.0752
97.9833
97.2302
98.5455
98.5439
99.3398
98.1905
97.5965
96.527
95.3646
95.083
94.3449
94.4296
93.9259
94.746
94.0954
94.1626
94.877
94.4377
94.5314
96.2964
96.8321
96.7236
97.5259
99.1633
99.5027
99.1509
99.891
100.374
97.6796
97.9422
96.7132
95.335
95.3609
95.469
94.062
92.865
92.8106
92.5511
93.5717
92.3511
93.6719
92.4287
91.5424
91.0235
91.3611
91.465
91.1174
90.8071
90.8645
91.0623
91.3072
92.5924
91.8627
91.2844
90.2158
89.1665
89.2742
89.2864
89.848
88.5287
88.2524
89.534
89.1662
88.2557
88.3745
88.7428
88.0688
87.6616
87.5608
87.6126
87.563
87.4223
87.3869
87.5703
88.5093
87.9107
86.8614
86.2172
85.1093
85.359
86.9817
86.9298
87.2584
85.9769
87.1897
87.2175
87.223
87.3573
86.3366
85.1887
86.5488
86.4661
85.5207
85.9868
85.7347
86.7995
87.8231
87.5752
87.5494
88.1675
87.8913
87.1882
86.951
86.0387
85.7304
85.0773
84.9272
85.0619
85.3
84.5916
84.0576
84.3105
84.4917
83.9294
84.3987
84.1293
83.7293
83.0522
83.4909
83.5767
83.4282
84.7747
83.952
83.5973
83.8474
84.3635
84.8471
84.7959
84.5912
84.7008
84.4394
84.1774
84.5162
83.0003
83.3552
82.477
82.7777
83.0451
82.9574
84.0305
84.6246
82.5103
82.1712
82.3038
80.9899
81.6384
82.3343
83.2021
85.0332
85.3725
86.5507
87.3215
86.2044
86.3157
86.0076
85.1566
84.4194
82.3603
82.3327
82.285
83.3586
82.5746
82.7187
83.4442
83.6362
83.3274
83.8122
82.7519
82.3387
81.7462
81.9435
83.0991
83.8102
83.4432
83.8907
82.979
82.1893
82.178
82.3073
80.6488
81.1663
80.6465
80.4167
79.9568
80.3134
80.847
81.6824
80.9452
80.8359
80.7017
81.5629
81.8117
82.0774
81.224
80.5858
81.4338
80.2942
79.8897
80.4491
79.9937
81.2988
81.5324
81.7081
81.8758
81.3509
81.4003
81.8082
82.3353
82.7154
82.0854
81.6107
81.6172
80.7231
81.0578
81.5062
81.9788
80.9946
80.2118
78.9212
79.3276
79.9835
79.7241
78.8751
79.4215
79.5368
79.0929
80.8587
80.4331
79.2596
80.2175
80.8805
80.4339
80.0691
80.2285
79.2802
79.2879
79.9877
80.5666
80.6178
81.7534
82.0607
83.4172
84.3392
81.9424
82.7812
82.2425
83.5382
82.1065
81.6734
80.8869
80.5953
79.7318
80.2852
80.0906
78.8503
78.5965
79.2452
77.8708
80.1273
81.5611
81.4656
82.8617
83.548
84.3318
84.5886
85.451
84.6962
83.8264
82.1874
82.5259
81.1233
81.5066
82.2503
80.8536
81.662
79.1918
78.8452
78.9945
79.2611
77.4771
77.3713
76.822
77.87
77.4248
76.6339
76.3421
75.7026
75.9009
76.0966
76.5413
76.3408
77.2531
77.0073
77.6569
78.8667
79.9469
79.2425
78.5854
77.3654
79.0828
78.7562
77.6442
77.577
77.7597
78.7649
78.1426
78.1551
78.7961
78.0215
78.8769
77.442
76.6012
77.4772
77.1979
77.1729
77.8837
78.6604
78.3616
77.9366
77.9829
77.0462
77.3758
77.8356
78.0715
77.8899
78.0818
78.0451
78.9754
78.5682
78.4666
78.5839
79.5736
79.5076
77.9359
77.5832
77.6758
77.498
78.2563
78.5642
77.8875
78.9571
78.4596
79.5545
78.2702
78.8923
78.2991
79.1701
78.5267
78.8505
79.0968
77.5533
77.0913
77.5006
78.6801
77.6448
77.6206
78.5022
80.2804
81.1321
82.2701
83.4463
83.807
83.9595
82.9824
81.9958
79.9589
77.8613
78.5251
77.4161
76.6895
77.0623
77.8759
77.2977
77.1453
77.7124
77.1895
76.6248
77.1619
76.6715
76.3701
75.7016
75.7407
76.5144
76.8995
77.3932
77.1483
76.6499
76.419
77.4555
76.712
76.4902
76.0745
76.1924
77.4543
77.9752
77.2628
77.7827
77.7265
77.5084
77.6633
76.3251
75.6477
75.565
75.0601
75.1388
76.6953
76.2716
75.1674
77.0955
76.951
75.9382
75.5737
75.5423
75.8997
76.3488
76.6553
75.4796
75.8681
76.4128
78.072
78.5211
78.6271
78.1969
77.7987
76.6904
76.9109
77.231
77.4518
76.7119
75.5486
75.0377
76.3564
75.8147
76.1016
75.5075
76.9303
76.7047
77.8824
77.7857
77.4102
77.3671
76.6901
77.7264
77.2441
76.0079
75.7402
75.5494
76.106
75.5872
76.0355
76.5457
75.8455
75.4759
74.9385
74.8746
74.3218
75.1187
74.8266
76.9091
76.2229
76.1882
76.3306
76.6117
77.5679
77.438
77.4368
77.0272
76.9501
76.3453
75.8279
75.5388
76.1998
76.3756
76.578
76.0045
76.7094
75.7914
76.6209
76.1033
76.3887
77.679
76.9699
75.3922
75.7509
74.7316
74.623
74.7327
75.3931
74.9658
75.907
75.4764
75.3872
74.8109
75.5404
75.1091
74.7142
75.5476
75.7781
76.2028
76.801
75.947
76.1249
76.4822
76.3149
77.4114
76.7326
77.6033
77.3111
77.0961
77.6113
78.2652
78.6456
76.9858
76.2699
76.8401
75.0877
74.3813
75.0291
74.9507
75.5174
76.4009
75.6525
75.4106
76.5515
75.2696
74.6089
74.8356
76.3636
75.6148
75.8106
77.41
76.9528
77.6223
77.1826
77.6749
78.242
79.2004
79.1419
77.9431
76.3223
75.6323
75.489
74.7742
76.2251
76.4367
76.5458
76.0246
75.9678
76.8809
76.7656
77.0153
76.5883
76.5714
76.7264
75.5146
77.2445
77.8847
77.3993
76.393
76.8045
77.3077
76.9985
76.6328
77.0095
77.2826
77.4899
77.6077
77.0965
76.9228
75.9579
76.5067
76.4715
77.7387
77.119
77.2159
75.5011
75.8725
75.7562
74.9752
75.3235
75.3854
75.2441
75.3376
75.2968
76.5527
75.3083
74.467
75.0504
75.7935
76.2111
75.5146
75.7235
75.8361
74.7039
75.4223
76.9143
76.466
76.5664
76.211
77.2531
77.3353
75.3363
75.7416
76.4055
76.9932
78.0447
76.0885
76.2916
75.348
75.2142
76.1857
77.4683
79.2182
80.1819
81.4739
83.8608
83.734
83.0006
83.1051
81.8359
81.2232
79.579
80.0359
80.3497
79.5191
77.9249
77.2336
75.8994
76.3531
76.3293
75.6813
76.2106
75.662
75.9259
76.8727
76.8168
76.5001
77.6284
76.8831
76.0514
75.4148
76.191
75.9122
76.9232
77.7013
77.0106
77.2822
76.2763
74.9612
75.2379
75.0196
75.7329
74.3626
73.6567
74.1727
73.7549
73.9733
74.3642
74.5943
75.1082
75.6538
76.0437
75.5571
74.8142
74.4412
75.7306
74.9073
74.9663
74.8302
74.0767
74.4672
73.9966
73.3343
75.0029
75.4471
75.8497
76.59
75.963
74.0844
73.8598
73.3502
72.5882
73.1279
74.3001
75.5527
76.7012
76.3975
75.5624
75.8302
75.8921
75.9523
76.4002
75.3194
75.7574
75.4108
75.5966
76.045
75.9694
75.5617
74.2913
74.2937
73.3807
73.66
73.3898
73.9306
74.2058
74.1214
74.7796
75.3741
76.0663
76.8208
76.197
75.01
75.1962
74.952
75.5937
75.9153
75.8971
74.9843
74.8476
74.6837
74.2831
75.6499
75.3678
76.3055
75.3703
75.3209
74.7326
74.3339
74.3446
74.348
74.4252
74.3211
74.9649
75.2561
75.5956
75.2104
74.7198
74.6829
76.3942
76.6823
76.8607
75.8419
75.7937
75.802
75.4364
75.9483
75.4711
75.4336
74.9764
75.0372
74.767
75.279
75.1493
74.7945
74.5264
75.4734
74.4674
74.5127
74.2406
74.0402
74.978
73.32
73.8275
74.6752
74.8423
75.3934
74.9611
75.6023
74.8359
75.2849
76.4373
76.0687
75.9078
75.0126
74.4649
73.6325
73.9141
74.638
75.1338
75.7265
75.494
75.2996
76.1133
76.5563
75.4774
75.8808
75.6727
75.2181
74.7162
74.4099
74.0146
73.9628
74.4381
73.8649
75.0038
74.8486
74.5752
75.2776
75.0602
74.8946
76.697
75.5098
75.924
77.0639
77.6855
76.4658
74.5608
74.3864
75.1066
73.9547
74.3398
74.618
74.101
75.1391
75.596
74.9956
74.5099
74.6575
75.437
75.979
75.6838
74.7574
74.7667
73.6561
73.8659
73.7637
74.5653
74.9106
74.4624
75.3012
75.0511
74.7547
74.4563
74.2709
73.3153
74.6162
74.4766
75.4819
76.1146
75.006
75.5176
76.8199
76.98
77.2098
77.3712
77.6992
77.4713
77.1167
76.4226
75.9291
76.2757
76.628
74.5886
73.9927
73.8701
74.2705
73.5373
74.2731
73.9607
73.3274
73.9152
73.776
73.0419
72.7828
71.9318
72.3868
72.5163
72.6331
73.1289
74.2496
74.8952
74.1401
75.6007
74.9461
75.3078
75.5849
76.0885
75.0981
74.6776
73.6103
74.1253
73.8282
75.4157
75.0206
75.2266
75.3202
74.3492
75.594
75.3081
73.2547
73.6905
73.4034
73.2631
73.8601
74.6161
73.6642
73.5688
73.933
74.7408
75.4525
76.3852
76.6626
76.2329
77.2696
75.7912
76.855
75.8504
75.2558
76.2632
75.6692
74.1241
73.9015
75.06
75.1937
74.9299
76.121
76.2388
75.3834
75.6698
74.9691
75.3515
75.6727
75.6984
75.7559
74.8617
75.168
74.166
75.2069
75.5333
75.7769
75.1244
74.8611
75.5307
75.4407
75.5615
74.8891
75.6568
74.5854
75.9494
74.2771
74.778
74.3865
74.4882
75.0489
74.2862
74.9419
75.5724
75.7124
75.1603
74.9873
75.6704
74.9638
75.0854
73.9351
72.7911
73.8422
74.8191
73.7563
73.7214
74.3977
74.1549
74.399
74.8174
73.8888
74.3174
74.7601
76.047
75.2379
74.0396
74.4931
75.033
74.5881
74.688
73.5408
73.9258
73.7698
75.3703
75.8592
77.3111
76.5587
75.9107
76.3769
76.6765
77.4832
75.9366
74.1824
73.4753
74.1239
74.3561
74.8002
75.0961
74.8451
75.2165
74.4785
74.2244
74.9949
75.0763
76.2562
76.6054
76.0848
75.979
76.3487
76.0573
76.0391
75.4789
73.9469
74.1933
75.2164
75.1123
75.4597
74.5967
74.3434
74.5305
75.2749
73.8218
74.026
75.5743
75.0566
75.9339
76.5375
75.8152
76.0072
76.7708
76.0208
75.5159
74.4497
75.4046
75.8393
75.2921
75.8972
75.8867
76.4212
75.7118
74.748
75.3161
76.3982
76.8172
76.3716
76.0889
75.551
74.6413
75.0262
73.3118
72.7696
74.0299
73.4325
74.5419
74.1509
74.1018
75.03
75.4362
75.9418
75.7196
76.2453
75.7147
74.5565
74.0416
73.905
75.7136
76.0253
74.4309
74.833
74.2897
73.4381
73.4577
73.342
73.7771
74.608
74.0072
74.6214
74.5265
73.8578
74.3135
74.242
73.8913
73.7137
73.6335
73.6811
73.8096
75.0446
75.5088
75.1222
75.5115
76.4202
76.9282
75.0125
73.9909
75.0715
75.5657
75.123
74.8353
76.1883
76.1762
75.5085
75.1543
74.2513
73.6678
74.3989
74.1513
74.1535
73.5501
73.545
73.3818
74.1044
74.3718
74.7231
74.8414
75.7665
75.2359
75.2654
75.255
75.13
75.5522
74.9167
75.7579
74.7818
75.3998
75.6299
75.2017
74.8447
75.4076
75.3615
75.9089
75.9539
75.8057
75.9149
74.7668
74.5974
75.474
75.6016
75.8167
76.2599
76.7094
77.1064
76.0122
75.2747
75.4218
76.8731
76.2204
75.1111
75.9181
74.6801
75.7828
74.6698
75.3479
74.12
74.7711
74.8767
74.6992
75.3117
76.4993
75.7261
73.9289
73.7312
74.3591
74.4507
73.8499
75.3748
76.4596
75.7417
75.5953
75.4939
76.1487
75.211
74.4191
73.6768
74.0135
74.3343
74.0155
75.6931
74.8105
75.4568
75.6432
77.8955
76.4635
75.6211
74.0148
72.9192
73.3703
74.6567
75.2587
74.0144
76.2222
75.5484
76.0823
75.0047
73.3791
73.7742
74.6083
74.6125
74.2075
73.7329
73.5674
74.1766
75.0911
75.4026
75.4923
76.2672
75.6966
76.3455
74.991
74.2975
72.5735
72.5284
72.9293
74.7151
75.2933
77.22
77.499
76.7545
75.1395
75.7244
75.6201
75.7788
75.3256
76.0698
75.507
75.4493
75.2987
75.8408
75.252
75.6427
77.3112
77.0126
76.4713
76.0915
75.5205
75.063
75.6556
75.3517
74.1106
74.7519
74.7406
74.5171
74.042
74.0883
74.313
75.8987
77.7644
79.4649
82.5436
83.86
82.5872
82.3219
82.6513
82.5174
80.0723
77.8847
75.5097
76.04
75.5697
75.5037
73.7611
73.23
73.615
72.3603
72.3441
71.3647
71.0432
71.2016
71.2294
71.5204
71.5213
72.8158
74.3179
74.3425
74.4591
74.0058
74.5383
73.3563
72.2267
72.0296
72.7407
73.0365
73.2356
72.2811
72.5279
72.3239
72.4306
72.7686
72.608
72.0862
72.0217
70.3479
70.924
72.2961
70.592
71.1782
71.4272
71.7151
71.8637
72.6928
72.3073
72.5874
72.2832
70.7082
70.998
72.5743
71.3214
71.6359
71.7218
71.544
71.4974
72.2479
71.5538
71.0493
73.0414
71.8021
72.6539
72.1124
72.2534
71.8921
71.6324
72.0387
71.8015
73.0551
71.6655
71.9784
72.539
72.5082
71.6368
71.171
71.3787
71.9771
71.9998
70.9866
71.9335
71.8089
72.3654
72.2239
71.992
71.7289
71.749
71.8094
71.5583
71.453
72.1374
71.9428
71.6125
72.7059
72.5778
74.2552
72.657
72.4718
72.3557
72.2577
71.7708
71.8889
71.8575
72.5736
72.5458
72.3707
71.5742
71.2336
70.7903
70.1966
69.6573
69.6964
70.17
69.8621
70.9852
70.8864
71.1974
71.8251
71.7222
71.5247
70.5229
71.5634
70.8517
70.7859
71.5197
73.6198
72.5145
72.9382
72.2589
72.1196
72.7927
73.2737
72.653
72.8465
72.9558
73.3042
72.9334
72.1448
71.222
70.9667
71.4767
71.1099
71.4944
70.7309
71.2746
70.3517
70.1169
69.9995
71.4161
70.7555
70.7713
70.3772
69.7087
71.6553
70.659
70.826
71.2434
70.8397
72.3508
73.6082
73.205
73.353
71.2813
71.4711
72.0882
71.7185
71.2392
70.8544
72.5873
72.1626
71.6754
72.1194
71.8007
72.6766
73.6607
72.6823
72.2044
72.3
72.3129
71.7638
73.3245
72.6404
71.6423
71.9772
73.0577
72.7007
73.2025
72.9737
73.4748
72.2042
72.3103
72.112
73.0339
71.9391
71.7016
71.0375
70.9652
71.1971
71.1253
70.7231
71.4314
71.8403
72.0551
72.4003
72.3537
72.0113
72.0479
72.5149
70.871
72.5301
72.5839
73.2731
72.379
71.4773
70.8814
72.1253
72.05
71.4262
72.9326
72.6417
72.5651
72.5767
71.5029
71.9366
71.9609
71.6417
72.4788
72.9146
73.6648
73.8155
74.435
74.0323
71.6309
71.8079
71.0355
71.6333
71.7532
70.8069
71.462
71.4814
71.6214
71.4035
72.0897
72.392
72.0715
71.8211
71.5235
72.2225
70.8612
70.412
71.9625
72.7071
71.2755
71.9129
72.4056
72.2206
72.0814
71.7325
71.6614
71.7504
72.7352
72.9158
72.4052
72.6275
72.4221
72.8654
72.8189
73.4014
72.2726
71.9751
71.4861
70.7046
70.5908
71.0783
71.1842
70.7497
71.933
71.8062
72.4453
73.4412
72.3814
71.8543
72.4223
72.3744
72.0976
71.3812
72.2094
73.1029
73.7165
73.1438
73.1757
73.6287
72.1241
71.8763
71.856
72.9992
72.2321
72.7646
72.5935
72.4183
71.8917
71.1202
72.4228
71.3187
72.2285
72.9368
74.0994
73.559
73.5692
72.2807
71.951
71.0838
71.3461
70.9211
70.9906
71.1664
70.9706
71.4941
71.859
71.1805
71.0169
71.3349
72.6239
71.5289
72.1134
72.0078
72.2025
72.0461
71.4054
70.6595
70.5456
70.3639
69.7856
71.0437
71.1757
70.7762
70.5322
70.4678
71.2012
71.5125
71.2978
71.9187
71.875
70.9096
71.828
73.208
71.2237
71.5016
71.4483
71.6604
72.7362
72.0687
73.4355
70.7407
70.3588
70.5081
69.8753
69.9073
69.7529
71.543
70.8709
71.0092
71.5162
71.4709
72.0089
72.2656
72.4565
72.526
71.6936
72.0093
72.6877
72.1425
71.7404
70.6975
69.9642
70.3142
69.9522
70.9229
70.2673
70.5846
70.5779
71.764
71.4656
71.0855
71.4847
70.936
70.5827
70.3251
71.0954
70.5613
70.5128
70.0052
69.182
69.469
69.1805
69.8597
69.1943
68.8081
70.0966
70.9183
71.575
70.3147
69.4752
70.7072
70.4144
71.2174
71.4132
72.4848
71.8589
70.0573
70.3595
70.233
72.1916
71.4531
70.5039
71.733
70.8496
70.2487
70.2935
70.0741
70.4187
71.0174
71.2265
70.2745
71.6638
71.0862
71.0861
71.0321
69.4683
69.7626
69.3611
70.6428
70.4746
70.6441
70.6968
70.1909
70.4102
70.5759
70.9891
70.8886
69.6214
69.422
70.2094
69.6479
70.5236
70.9442
70.4519
70.6101
71.6356
71.6464
71.6385
70.6647
70.3155
70.9272
71.8332
71.9793
72.7174
70.8428
71.0738
70.0758
70.6502
71.3384
71.1739
71.5706
71.8344
72.5803
72.6607
72.4987
71.8241
70.9245
71.0925
71.551
70.9234
71.0147
71.0931
70.6681
69.7569
70.5991
70.244
70.5746
71.0257
70.0964
71.1241
70.1409
69.917
70.8782
71.355
70.9923
71.2019
70.3063
69.6926
71.0391
71.6981
71.508
71.5806
71.0733
70.936
72.1105
71.1367
71.0999
70.2208
69.9822
70.729
71.8815
71.9096
72.0614
71.6704
70.2571
71.8513
72.0894
71.6183
70.5692
70.3219
69.65
70.1877
69.9443
69.8583
70.6913
70.9312
70.3738
70.0996
71.2937
71.073
70.5113
70.2882
70.7987
71.2744
69.8701
69.3009
69.8367
70.0978
69.9676
71.0476
71.1732
70.2153
70.6352
71.1393
70.2843
71.5517
71.041
69.9512
70.8643
70.0597
70.1569
70.7071
71.1527
71.7767
72.5115
71.8955
71.762
71.0699
70.7094
70.7058
70.7593
71.2551
70.9742
71.253
71.4084
71.1604
71.0931
70.3766
71.2617
70.9517
71.3894
71.3357
71.1
70.8537
70.2606
70.8449
70.2774
70.2878
71.7563
71.8197
71.6275
72.4805
72.3509
71.7898
72.0057
71.0751
70.6239
70.6775
71.8107
71.6759
70.5684
69.4668
69.3481
69.7908
70.0639
69.4404
70.4118
71.8227
71.2226
70.7701
71.3676
72.0574
72.3513
71.7161
72.4805
71.8096
71.078
72.2403
71.0968
71.4357
71.7218
71.1332
71.6086
71.2546
70.9733
71.8357
70.9491
71.0338
70.79
70.9812
70.1167
69.813
70.1272
70.6447
70.202
70.1532
70.8333
70.9152
70.9221
71.0247
71.5793
73.3029
71.9577
70.9623
71.5249
71.9352
71.2147
71.3625
71.5134
71.5147
71.7037
72.4
71.9782
71.8548
71.3921
71.2999
71.1999
71.7483
72.3524
72.3423
71.4962
71.0605
70.9278
71.2578
70.4838
70.3864
70.2255
70.5671
70.1651
71.0027
70.9529
71.5204
73.5064
72.6927
72.739
72.7529
71.7165
71.611
72.5327
71.691
70.5108
70.6084
71.369
71.2106
71.3134
70.7251
70.9699
70.5807
71.0924
70.554
70.6847
70.0379
71.3008
70.8607
70.4108
70.3502
70.8418
70.1694
71.2772
70.2721
70.2657
70.7648
70.9071
71.5051
71.5644
71.5352
70.4912
71.0243
71.242
70.6067
70.9507
70.6401
71.5207
71.1034
70.4972
69.8678
70.1654
69.6186
69.7751
70.8226
71.0983
72.252
71.6603
71.5504
71.5378
71.9276
72.1567
71.1993
70.6054
70.3407
71.261
72.0259
70.5507
71.2889
71.4145
72.2182
71.0009
72.3795
71.9963
71.2949
70.593
70.8198
70.4471
70.8928
70.2292
70.5901
71.6191
71.7994
71.9825
71.8619
71.0789
71.7332
71.3625
71.2252
70.9681
70.8649
71.8995
70.7853
72.1591
73.1527
72.5201
72.0858
72.4828
71.3122
71.0132
71.4245
71.2848
71.4506
71.3863
72.0627
71.6181
72.1366
71.921
71.322
70.6814
70.4628
71.4452
71.2069
70.7543
71.8227
71.2251
70.2175
70.8069
70.125
71.1318
70.8897
70.2496
70.382
70.8506
71.9318
71.2448
71.5875
71.4745
71.4298
70.4991
71.022
70.9318
71.0265
71.5552
70.1349
71.5498
71.4747
71.1917
70.722
69.8725
71.2574
71.4483
71.0347
70.2311
70.045
70.7105
70.4022
70.7834
70.1188
70.1353
70.2928
71.0131
70.0709
70.1879
70.2118
71.0346
71.9376
72.7437
72.7419
72.6742
73.2494
71.1212
71.4332
71.1998
71.0654
72.1011
72.7728
71.7979
71.5672
72.1616
71.2207
70.8176
70.0346
71.5871
72.6333
72.1264
72.7051
70.9984
69.6831
71.0558
69.9631
70.5063
70.9987
71.5199
71.7932
71.0561
70.7309
71.16
70.8113
69.9198
70.9117
69.6831
70.4021
70.8084
70.9814
71.2362
70.959
70.3134
70.0225
70.1777
70.0513
69.7325
70.6664
70.275
71.3916
70.8032
71.7125
71.0582
70.801
69.6423
70.1981
70.5389
70.226
70.262
69.6873
70.2734
71.6021
72.0954
71.2423
70.796
70.4486
69.4015
68.6466
68.343
68.3959
68.6758
69.6507
69.3261
70.0216
70.5839
70.238
70.0568
70.518
69.9902
71.7549
72.8638
71.6384
70.9808
72.1977
71.5705
72.2255
72.5831
71.765
72.403
71.7042
71.5262
71.1478
70.9427
71.1185
71.7637
71.3335
71.8867
70.5653
70.6177
70.6335
70.028
70.0311
70.694
72.0553
72.0294
72.5329
71.6231
71.2228
72.0639
71.1579
70.5626
70.3405
71.449
70.4491
70.7017
70.8917
72.2049
71.2415
71.4263
71.4315
70.7909
71.4474
72.2041
70.8678
71.0957
71.3677
72.9351
72.2031
70.5106
70.0131
70.9877
71.99
70.5824
70.418
70.9911
71.737
70.8581
69.8742
69.5898
70.4106
70.7992
70.3611
70.3713
70.3447
70.2797
70.2402
69.4647
71.2638
70.5831
70.3976
70.5811
70.5069
71.8242
72.0448
71.0549
71.4748
71.609
70.8841
70.4995
71.1598
71.0734
71.2664
71.8999
71.4999
70.6184
70.4186
70.6153
70.5459
70.1616
70.2302
70.2697
70.2371
71.0974
69.9385
69.7713
70.4824
70.0408
70.3231
71.3802
71.4392
71.3932
70.9401
70.6889
70.6435
69.8847
69.7462
69.5901
70.4854
70.8606
71.2852
71.2861
70.6059
70.157
69.7832
69.5053
69.2681
69.9921
70.8733
70.057
71.0662
70.1337
70.6709
70.1057
70.7716
70.492
70.6078
70.7969
70.9913
70.187
70.5969
70.1387
70.2377
70.1595
71.1024
70.9246
72.3799
72.1227
72.0996
70.735
71.8861
72.0758
70.6081
70.4745
69.6456
70.2797
71.1551
70.9705
72.0011
72.1544
72.4675
71.8334
71.0551
71.4325
70.9439
71.1734
71.0957
70.9117
71.0196
71.3966
70.9753
70.6959
70.5455
70.417
71.0297
71.4676
72.4633
71.7843
71.3168
71.1606
70.4923
72.072
70.8463
69.8121
70.3075
70.6457
70.1525
71.5002
71.4736
71.8291
71.051
72.5383
71.2762
71.7672
71.1743
71.043
71.333
71.1626
71.9143
70.9296
71.6614
71.1612
70.7776
71.7486
71.0869
71.579
72.5263
71.1595
71.6339
71.5394
70.5349
71.181
71.046
71.7956
71.0365
70.9444
69.9911
70.2872
70.3333
69.5624
69.6777
70.6547
70.6332
69.8679
70.3464
70.4363
70.7424
70.2143
69.9267
69.6689
69.6079
70.4738
71.5642
71.9256
70.9051
70.0385
70.0551
69.2918
69.7434
70.1855
70.6418
70.6736
71.4557
71.6555
72.7063
72.7698
74.2817
72.625
72.8248
71.8537
72.6165
72.4378
72.0656
71.9355
71.5662
73.1126
72.9579
71.4129
71.4
71.6234
71.28
71.1436
72.7726
72.6194
72.4813
72.0707
72.1602
71.4489
72.5283
71.0011
71.3267
71.2834
70.5196
70.8017
70.5775
71.0561
71.5874
72.3228
70.8354
70.6143
70.2841
70.2794
70.3086
69.2744
70.7218
69.7061
70.0031
70.5519
70.6752
70.3432
69.4921
69.7492
70.4806
70.6133
71.4016
71.072
71.4059
70.8593
71.2581
71.0694
71.4836
70.9757
71.8953
71.7764
70.9199
70.79
70.2023
70.2975
70.8335
70.4117
69.464
69.4938
69.8082
70.2909
70.2596
70.4628
69.7632
70.9217
72.4345
71.7046
70.7671
70.8538
70.3742
70.1624
70.3228
70.3709
69.5741
70.6433
70.0276
70.2385
69.8101
69.6633
69.7542
69.1436
70.9627
70.6054
71.9236
72.1544
71.59
72.2508
71.7005
70.9943
71.6506
70.678
71.0994
71.3343
71.2057
71.9558
71.1787
71.7483
72.6072
71.7104
70.7452
70.9268
70.9116
71.72
71.2668
70.3654
70.9198
70.7078
70.7024
70.5789
71.962
72.4456
73.1584
73.3382
72.1474
71.9059
71.7832
71.1164
71.5114
72.2085
72.8878
72.9261
71.7963
71.2056
70.8775
71.4703
72.1886
71.436
71.6813
71.5553
70.8596
70.7975
71.3528
71.6963
70.9657
70.9312
70.5262
70.4797
71.0097
70.305
70.8431
70.9421
71.641
71.4406
72.3336
72.1603
71.0525
70.9312
70.0419
70.0948
69.9358
69.9039
70.7385
71.2208
70.601
70.7445
70.7971
70.8553
71.0555
71.174
71.9944
72.6173
72.3179
71.0669
71.9072
70.8875
71.4121
71.4094
70.8403
71.3864
71.5363
70.7169
71.1543
71.1644
71.2746
71.4609
71.5362
71.3767
72.0103
70.9829
71.3232
71.4472
71.5355
71.9189
71.4329
70.9254
70.511
71.3626
72.169
70.7786
70.284
70.465
70.7798
70.1788
69.6094
71.1506
70.6428
70.1735
69.7812
69.9717
70.595
71.525
71.5252
70.1808
71.4387
72.4926
71.241
70.385
70.6833
70.3409
70.9133
70.5526
70.6479
71.029
70.4534
69.9346
69.6741
69.9683
70.9951
71.7188
70.9065
70.3642
69.1642
69.5329
70.7281
71.5986
71.5424
71.1455
70.1939
72.3554
71.9023
70.7118
70.2694
70.3141
70.9429
70.9992
71.1462
70.8606
70.5626
70.6932
70.3495
70.9942
71.3602
71.065
71.8238
72.7334
71.1095
71.3721
70.4521
70.5617
72.0976
71.0688
71.1227
71.0527
70.35
70.3426
69.9193
69.346
70.4703
70.2791
71.2287
69.967
69.9344
70.3321
70.1381
72.548
72.6059
71.7653
72.1542
71.8581
72.1682
70.8776
70.9082
70.488
69.9215
70.0293
69.3148
69.0702
69.2826
71.3333
71.4468
70.5866
71.591
71.2133
72.7688
71.4555
70.7092
72.7917
71.7315
72.304
72.0086
71.7678
71.4388
71.0002
71.5847
71.1389
71.3638
70.0953
70.6999
70.9924
71.5713
70.357
70.5399
70.6962
70.3609
70.7692
71.0664
71.061
71.401
70.6783
71.9818
72.5216
72.8426
72.8152
70.7674
70.7135
70.9256
70.5119
70.6204
70.9078
71.0119
71.7016
71.1289
71.1849
70.6897
70.0692
69.7358
70.9218
72.0793
71.2661
71.0483
71.3951
70.6889
70.633
71.433
70.8764
70.9446
70.9942
69.4099
68.5442
68.6227
68.9284
69.0699
69.6238
69.8286
70.4664
69.8541
69.7082
70.0844
71.3385
70.9259
71.5267
71.4531
71.0466
71.3053
71.7587
72.5493
72.169
71.3774
72.4336
72.0588
71.1029
70.7278
70.233
70.5389
70.6345
70.6861
70.5644
69.4165
70.3735
69.8616
69.2604
69.2772
69.6112
70.5387
70.7185
70.7051
69.9711
70.3979
70.3369
70.7459
70.6372
70.1714
71.1224
70.9886
71.6668
71.8983
71.4365
71.9008
72.4836
72.6396
71.4786
71.8939
71.0477
69.752
70.3623
70.4122
70.4751
69.7217
69.9097
70.0708
69.7226
70.2659
70.5258
71.2568
70.9274
71.5924
71.0694
70.4153
71.3569
71.1865
70.8452
70.0984
71.482
70.7404
70.9884
69.4483
69.2274
69.3473
69.4565
68.9797
68.9805
69.6309
69.1431
68.3985
69.144
69.5354
70.7675
69.754
69.9456
70.2293
69.7607
70.1103
69.726
69.8485
69.2402
70.7681
70.5057
70.487
69.9987
70.1238
70.531
70.9548
71.6457
71.4371
71.0769
71.6209
72.296
72.5905
72.3466
72.3412
72.0802
71.6509
70.8958
71.1043
71.2275
72.3357
71.7875
72.6042
71.0815
70.1219
70.3978
69.816
70.7901
70.5053
70.4372
71.4696
70.7669
70.8942
70.2352
69.8619
70.0282
70.743
71.455
71.0958
71.5825
71.4934
71.0457
70.2504
70.0464
68.9841
69.8067
69.9715
71.3899
70.9229
71.5009
71.5707
72.785
70.8756
70.5711
70.5175
70.2377
71.2879
71.5126
72.2779
73.0072
72.6763
72.405
72.5365
73.7631
72.8498
72.7029
71.9847
71.8752
72.072
72.2607
73.6237
72.7331
72.0782
72.3944
71.3988
71.1975
69.9447
69.5771
68.8895
69.0847
69.2645
69.0949
69.2085
69.514
70.0969
71.0005
70.277
71.6078
70.0794
69.9301
70.3999
70.5064
70.5329
71.0987
71.1963
72.5982
71.8388
71.2708
71.2898
72.2719
72.0144
72.1776
70.6928
70.3523
71.2661
71.0694
70.9745
70.2546
69.7398
69.4471
69.3606
70.386
70.9286
71.6141
70.8239
71.4401
70.0352
70.7613
70.5422
70.9686
70.5825
69.0137
69.1757
68.9632
70.0262
70.5623
70.3711
70.0478
69.5975
70.046
70.7651
70.5544
71.0336
70.7147
69.94
71.4768
71.8447
72.1314
71.3203
71.3411
71.272
71.8874
71.905
71.9284
70.4101
70.4477
71.4322
71.0166
70.7554
69.5113
69.1325
69.8956
71.5428
71.6473
72.3227
72.0347
72.3559
72.0508
71.5033
70.2727
71.348
70.9618
71.7691
71.3193
71.203
71.0765
70.6708
70.985
70.9841
70.679
70.4689
70.1766
70.6924
70.8627
70.71
71.55
70.582
71.6012
71.8571
71.1393
70.2998
69.8821
69.6971
69.6946
69.8401
69.523
69.7698
69.0958
70.1548
70.9215
71.1294
70.835
71.789
70.2737
69.777
69.9174
70.0284
70.9797
70.5996
72.137
71.3814
70.6135
70.6301
70.5845
70.1141
70.4203
71.7865
71.16
70.7336
69.81
70.4826
69.581
69.987
71.6525
72.2096
72.4616
71.4055
72.4437
71.6079
72.0418
69.823
70.5909
70.6272
69.7837
70.6102
70.6498
70.8085
70.6169
69.0628
69.4981
70.1183
71.5598
71.6194
71.4178
72.0416
72.1722
72.6005
73.0908
73.6038
73.108
71.3961
70.833
70.6546
70.9045
70.7065
71.3183
71.6455
72.0207
72.548
72.1215
71.7346
70.6476
70.4357
70.9228
71.7191
71.7429
70.9766
70.8696
71.7262
71.8169
72.0524
70.9601
70.3515
71.7693
70.991
70.7028
71.3285
70.247
69.7128
70.7742
71.0419
71.2819
70.4191
70.1863
69.9267
70.1035
70.4544
70.8216
71.1336
69.7829
69.3347
69.3613
68.9375
69.5182
69.589
69.5714
69.2293
69.1057
69.8065
70.2558
70.1571
70.7044
70.9688
71.3516
71.2738
72.3131
71.6768
70.9015
70.9119
70.6019
70.4175
69.9396
70.8098
70.7047
70.491
70.6889
70.0554
70.7485
70.8951
70.8426
71.4005
71.0584
70.7765
71.1868
71.4752
71.2456
70.5665
70.0965
69.767
70.1892
70.5822
71.7374
71.3795
72.2269
71.2589
72.0133
70.9181
71.5786
70.8925
70.5422
72.2965
71.5361
70.9602
70.9741
70.2157
69.5358
71.4581
70.8076
71.3025
72.1192
72.4277
73.2055
72.2769
73.3471
71.7621
71.5423
70.918
72.1377
71.5737
71.0394
70.9878
70.2538
71.7237
70.7644
70.2193
70.5112
70.7792
70.9997
69.998
71.3424
71.2684
72.1701
73.2121
71.8896
72.4071
71.9022
71.4133
71.4805
70.8378
70.3155
70.4452
70.6184
71.4382
71.1858
71.1818
72.1049
72.6422
72.1236
71.7964
71.606
71.8476
71.8208
71.6308
70.7508
70.0623
69.6284
70.7704
70.6497
70.495
69.9891
69.8936
68.9892
68.686
68.8518
69.8101
69.9514
70.8561
72.3055
72.7588
72.5387
72.3371
71.7352
71.316
70.6687
70.4635
71.4426
71.7964
72.7617
72.0292
71.6442
71.1114
72.7301
72.4449
71.6184
72.2719
72.6458
71.9281
72.2221
70.6016
70.7523
71.8529
70.951
70.1076
69.6259
69.7511
69.7052
70.66
71.7899
71.8484
71.4595
72.9803
72.7163
72.2428
71.201
70.9103
70.5728
70.6606
70.1021
69.7347
70.2497
69.3166
69.4479
70.1193
70.3513
70.7821
70.8012
70.2698
70.8271
71.3481
71.8338
71.8243
71.856
71.1268
70.6882
71.3983
70.807
70.4939
70.6615
69.9028
70.4811
71.4378
71.8247
70.9794
72.2356
72.1194
71.2749
70.9519
71.7225
72.3565
72.503
72.3423
72.3687
71.4169
70.9535
71.4707
70.4445
69.7823
69.3219
69.8831
70.7618
71.9525
71.0147
70.7334
71.016
71.0468
70.8369
69.7717
70.6258
71.627
70.9493
69.7369
69.8277
70.9441
70.5393
70.7645
71.8899
71.3206
71.1786
70.2832
70.7347
71.9255
71.3118
71.5335
71.4778
70.6862
70.4562
69.608
70.1436
70.9626
71.8539
71.1511
71.4844
72.3882
71.3085
71.9575
72.4531
72.1393
72.0666
71.5495
70.5402
69.6853
68.7674
70.3397
70.1284
70.9527
71.077
71.4956
71.4469
70.8008
70.6466
71.0183
71.2606
72.3918
71.2495
71.0828
70.2979
70.5439
70.0612
69.8552
69.4904
69.0222
69.2989
70.1521
71.3666
71.3606
71.7354
71.045
70.4475
69.7715
69.1489
69.2706
68.681
69.5856
69.4431
70.1913
69.9147
70.9105
70.8732
70.3792
71.8501
70.973
70.065
70.8098
69.8055
69.1381
70.3085
70.1687
70.152
70.8593
71.6385
72.0145
72.0847
71.7247
71.6499
71.5258
70.931
71.2544
70.6204
70.912
71.8147
71.5272
71.9922
71.2894
71.6621
71.8613
70.8737
70.118
70.8843
71.2804
71.1594
71.0421
71.434
70.4603
70.2544
71.5671
72.9645
71.959
71.9362
71.9867
71.7454
71.3678
71.3102
70.5875
71.279
71.2437
70.1034
70.3994
69.8194
70.1997
70.958
70.1175
70.8323
69.8213
69.2698
68.3519
69.1475
69.5993
69.47
70.5261
70.3121
69.9503
71.0794
71.2613
71.0772
71.5239
69.9261
70.7408
70.4264
70.6785
71.7353
71.879
72.1211
71.1319
71.4386
70.7828
70.2391
69.8913
70.2296
69.177
69.1943
69.6277
70.3753
70.2904
70.9803
70.4263
71.1781
70.6654
70.0833
69.9441
70.5072
71.1911
69.7862
70.339
70.6335
70.1997
71.3008
71.3792
71.182
70.2584
70.4174
70.935
71.3351
72.3187
70.4398
71.0605
70.6196
69.9493
70.1893
70.1907
70.3555
69.8235
69.9591
70.1462
71.3745
71.7477
71.1471
71.478
71.4317
71.8888
71.1755
71.1719
70.8218
71.814
70.2656
71.265
69.4616
70.5269
70.0299
70.6102
70.2603
69.4019
68.8284
69.5067
69.3836
70.0118
70.1896
70.7597
69.7441
70.1888
71.3118
71.2908
70.0064
70.3183
70.9962
71.4417
70.9474
70.535
70.271
69.4394
70.0455
70.6385
68.9147
68.9153
69.5882
69.7569
68.5748
68.8052
69.2396
69.4858
69.9755
70.8415
72.4203
71.607
71.7606
72.1389
73.343
72.7666
71.9101
71.1821
70.5157
69.6673
71.2669
70.8397
70.3704
69.6977
70.9986
72.3364
72.4143
71.1364
71.041
70.0751
70.9165
70.7289
69.7431
71.1916
72.0409
72.1198
71.1472
71.0785
71.7671
71.9574
71.1618
71.12
70.1849
70.3724
70.0245
69.9785
70.4607
69.4671
71.6853
70.4915
71.1206
71.9289
71.51
72.6506
71.7166
70.7708
70.952
71.1208
70.8221
71.8848
71.6372
70.2595
69.5509
70.3324
70.3014
71.1798
71.0921
72.018
70.9241
71.5242
70.621
71.1297
71.8146
71.5608
71.242
70.3743
71.2176
71.9306
70.547
70.8524
70.0827
69.7827
70.4934
70.2276
70.5193
69.4171
70.0089
70.6545
70.2407
69.3721
69.8552
70.0668
70.6416
72.4146
71.2498
72.0189
70.7771
71.8981
70.7087
71.0188
70.1325
69.6647
69.2364
69.8631
69.7668
69.3674
70.087
69.03
69.2508
70.0897
69.5934
70.2814
70.1422
70.1459
71.4092
70.8528
70.3367
70.5073
70.3925
70.4923
71.2618
71.3082
71.8051
70.5365
70.8096
70.3191
71.2952
70.8094
71.3515
71.0795
71.3554
71.522
71.775
72.8737
71.1847
72.8152
72.7395
72.5359
71.3169
71.211
70.8522
69.8969
71.3977
71.9945
70.844
70.8284
71.2027
71.267
70.5869
70.5153
70.8664
71.0181
69.8488
70.1443
69.6241
70.033
70.9898
69.58
69.6936
69.4716
69.662
69.3527
69.7751
70.2501
70.0266
69.4304
70.008
69.382
69.8968
69.1862
70.481
71.1245
70.6586
70.1966
70.4282
70.5208
70.9656
70.5253
71.2446
71.1175
69.912
69.7864
70.1113
70.1543
69.9606
71.0564
71.2173
70.979
71.5573
71.7501
71.7542
71.4885
70.7117
70.4684
70.0118
69.1415
69.8546
69.9466
70.0458
71.5555
70.8954
70.5619
70.8924
69.9512
69.5384
69.3562
70.327
70.286
70.314
69.863
70.3832
69.8882
69.349
70.1105
71.1152
70.6346
70.8341
72.1447
71.4558
70.5924
70.5166
71.2863
71.3977
70.5277
72.3521
70.8775
71.4732
72.1605
71.9547
71.5813
70.8275
70.3667
70.3131
70.1176
70.6791
70.3639
69.9494
71.0559
71.2767
70.4298
71.2604
71.3941
71.3614
72.0692
71.0151
71.5885
71.1881
70.9008
70.7055
70.2413
70.3549
70.0552
69.1411
68.9897
69.2301
69.8846
69.6966
70.368
70.018
71.566
70.9341
70.5213
71.0074
70.3403
70.9805
69.8297
70.2393
70.2202
70.2433
70.7466
69.6383
70.2792
70.5834
70.6062
70.6276
71.6186
71.1156
70.6499
71.0764
69.9461
70.2288
69.6941
69.8204
70.3987
69.4987
69.8314
69.8994
69.0557
69.3599
69.5134
68.9009
69.8965
70.1475
70.1875
70.1214
70.7683
70.6349
70.055
70.403
70.3752
71.0802
70.7886
70.7459
72.4902
71.8566
71.4709
70.7273
70.8313
71.6622
71.6108
70.9576
69.6605
68.9139
69.4026
69.1432
69.0913
69.9076
70.0005
69.7354
69.5563
69.1631
69.4134
69.884
70.666
71.3899
70.5945
70.4228
70.4682
71.7584
70.4452
70.131
68.9413
68.6996
68.4693
68.6922
68.3071
68.9391
70.2445
71.1602
70.1582
70.9421
71.5782
70.5195
71.2464
70.9226
70.8914
71.5196
71.7117
70.4924
71.5154
70.7035
70.4161
71.0054
71.7154
71.354
70.6122
71.4248
69.4318
70.2065
70.9847
70.1737
69.9883
69.593
70.8456
71.7142
70.5557
70.9162
69.6595
70.1099
70.367
69.6076
68.8332
69.0891
69.2017
68.8555
69.5492
70.234
69.6115
68.3539
68.1522
67.7189
68.7676
68.7745
69.3234
69.8587
70.0576
70.5033
70.8277
70.1356
69.7863
69.8863
70.0027
70.0056
70.1357
70.1161
69.5436
71.0256
71.02
71.0045
71.441
71.8731
71.0964
71.4415
70.9101
71.6218
71.5652
71.0635
70.8338
71.1885
70.5175
71.5617
71.1872
71.6795
70.2461
69.0745
68.8698
69.9834
70.3524
70.1384
71.1951
70.5397
70.2616
71.2068
71.0988
71.6828
71.9021
72.2583
72.6174
70.6344
70.4141
70.0988
70.3704
69.8248
70.7062
71.1993
71.3781
70.0972
68.8974
69.0576
70.1303
68.9661
69.4618
70.115
69.8503
69.0013
70.1791
70.0158
69.8771
70.1021
69.4545
69.8255
69.2311
69.3344
69.1342
69.1606
69.078
69.9889
70.2748
70.9816
70.0668
71.0294
70.7682
71.2121
71.4529
71.4535
71.5004
71.3489
71.6868
71.3889
72.4473
71.4957
71.4539
70.5711
70.3848
69.5999
70.0358
70.6552
72.5298
71.9123
71.3466
71.5166
71.0952
70.5816
69.9455
69.0872
69.4725
68.2001
68.2941
69.471
70.2592
71.7044
71.6538
70.178
70.078
69.3127
70.0685
70.3399
69.7764
69.4526
68.4561
69.1632
70.6045
70.7838
70.4158
69.9772
70.2213
70.6444
70.2336
70.1685
69.093
70.2545
71.1299
70.6101
71.4248
71.4392
70.3701
70.6074
71.6153
71.8213
70.8794
70.8962
70.7529
70.308
70.9878
71.9811
71.7695
71.7654
71.9586
71.5875
71.4902
71.0581
71.1674
72.1211
71.7439
71.6371
70.611
70.6121
71.3812
70.6973
69.9428
71.1871
70.9342
70.8178
71.1898
70.0164
70.1983
68.7129
69.1219
70.0072
70.4373
69.9346
70.1502
70.5384
70.8983
70.7923
70.1758
70.4469
70.0549
69.681
69.6518
69.5709
69.923
68.8437
69.3493
70.1867
69.8198
70.4236
70.5468
71.343
70.545
70.4904
70.5562
69.4459
70.7642
70.5687
70.5985
70.6078
70.8646
70.5684
71.2271
69.9986
71.0121
70.5955
70.0011
70.2513
70.2691
69.2506
69.0378
71.4846
71.1563
70.3137
71.67
71.387
70.9712
70.6265
70.2879
70.9966
70.1646
70.3855
69.4741
69.0013
70.6595
69.7508
69.1911
68.9798
69.9845
70.2885
70.2839
70.6582
71.0951
71.4729
71.9956
72.3809
72.132
70.6547
70.2419
70.1208
71.3686
70.3973
69.9278
69.6546
70.6745
69.2035
68.947
69.0575
70.4931
70.2705
70.2592
69.7341
70.1019
70.0443
69.7263
70.8129
71.4882
72.1169
72.0748
71.3765
71.088
70.4648
70.8494
70.583
70.1511
70.6861
70.5022
70.1153
70.2371
70.4745
70.7421
70.8551
69.4991
70.5224
70.8361
71.2322
70.2497
70.1454
70.5843
71.4042
71.3231
71.8018
71.2793
70.3106
71.338
71.6685
70.3961
70.5697
71.0194
71.229
70.3584
70.7586
70.7416
71.7219
71.144
70.2922
70.3208
70.3028
69.7308
68.8744
68.9945
69.6748
69.8815
69.9958
70.1496
70.3097
71.9943
71.5544
70.7973
70.5729
70.6023
70.5103
70.8925
70.2477
69.4482
70.1596
70.3848
70.3772
70.0292
70.4164
70.5938
70.833
70.971
71.0858
70.582
70.6644
71.4735
72.9154
71.03
71.1608
71.6068
71.0698
71.08
70.6832
71.117
69.9912
70.1806
71.1771
71.8323
71.4742
69.8501
69.5379
70.6936
71.9603
73.116
73.0424
72.8938
74.2413
74.7937
74.9677
76.8898
78.6115
77.3879
77.8325
74.9847
74.9444
73.9485
73.6594
74.3047
73.5996
72.4368
73.9728
73.8608
72.8867
72.0958
69.9613
69.9495
70.6274
71.5718
70.5138
69.4041
70.0486
70.6369
70.5443
70.5207
70.4703
71.2957
72.1139
70.9297
69.5485
70.0883
70.856
71.2888
71.7555
71.6913
70.4846
70.499
70.404
70.06
70.1359
70.8259
71.3098
71.146
70.7906
71.0305
71.0122
71.4883
71.1786
71.5906
71.1016
72.0439
71.6632
71.2477
72.3747
71.152
69.5227
70.4046
70.6216
69.9845
70.2158
70.4313
70.6988
70.6477
71.7017
70.9961
70.8843
69.4336
69.8765
69.9833
69.7126
69.7785
70.7926
70.3515
69.1386
69.7357
70.1203
70.9929
70.9281
70.7586
70.1402
69.1323
69.3342
68.4994
68.9821
69.4054
70.209
69.8972
70.9696
71.5561
71.3336
70.5216
71.5299
71.2825
69.9848
69.4916
68.7861
69.1684
69.5198
70.0591
71.0111
69.762
70.3105
70.0867
70.0394
69.9395
71.0516
70.4287
70.5355
70.3698
70.4536
70.5965
71.5484
70.8469
71.0027
70.1943
70.2977
70.3084
70.0267
69.9352
70.5168
71.2222
71.4652
72.2305
73.2678
72.3616
70.8223
71.3047
71.3107
72.2303
70.83
70.4729
70.8196
70.6189
71.3901
71.7652
72.058
70.5067
70.3853
70.3738
70.1054
71.2034
70.4452
70.5876
70.4864
70.6941
70.6039
70.5219
70.8432
70.9326
71.1604
70.4814
71.8737
71.4013
71.2167
71.4555
70.2873
70.1889
70.082
70.2708
69.6536
70.5676
70.4157
70.819
71.2298
72.7618
73.3476
72.2979
71.0668
70.4145
68.788
69.41
70.1475
69.4702
69.6181
69.674
70.1628
69.4186
70.0675
70.4459
70.4937
70.9132
70.3714
70.6577
69.2409
68.6106
70.3151
71.1487
70.6956
70.4269
69.7782
70.6199
69.9204
70.8596
71.4729
71.7254
71.6973
71.0158
72.2537
71.7916
72.2126
70.9785
71.447
70.4275
70.7195
70.8137
71.447
69.9073
70.897
71.7111
71.3444
70.395
70.6637
70.4286
71.2384
71.0144
71.0619
70.6759
71.8503
70.4971
70.2724
69.4661
69.7336
70.2957
70.1927
70.4924
69.1409
69.5212
69.0989
68.6904
68.4341
67.8843
68.7245
69.5236
69.4884
70.5364
69.7425
69.9259
71.2863
70.8309
69.8612
70.2653
71.388
69.5765
69.6665
70.6917
71.1295
71.1038
70.9847
71.3889
69.9824
69.1407
69.9184
70.7684
71.546
71.6169
71.625
72.1746
70.4713
70.2207
71.7583
71.5839
72.2178
70.6806
71.7093
71.9286
71.203
71.0848
70.7216
72.8135
73.1193
71.5074
70.2014
70.2471
69.1898
69.0655
70.1463
70.0615
70.3996
70.2058
70.918
70.6267
70.7502
70.75
70.7355
71.7839
70.4919
69.9017
69.6321
69.3959
69.9633
69.8697
68.8556
68.7961
69.8901
69.2078
70.8021
69.8719
70.7307
69.6163
69.1547
68.9553
68.5965
68.9055
69.097
68.8958
68.5787
69.4902
70.3791
70.343
69.4122
68.7149
69.8496
70.289
71.0042
70.1745
70.8114
71.2763
70.7785
70.8877
70.2682
69.2118
69.8786
70.1482
70.2823
70.7386
70.5241
70.9998
71.6539
71.2581
70.6163
70.5772
69.7748
69.7032
70.2228
71.2847
70.8581
69.3877
69.6774
69.4838
70.2465
71.0454
70.5183
71.1416
70.328
70.3738
69.8205
69.3764
69.2201
69.005
68.8471
69.1049
70.2677
70.2366
70.544
70.191
70.8907
70.9923
71.2867
70.7317
70.2333
69.2929
70.0475
69.7559
68.8356
68.3438
68.8659
68.5383
69.1519
69.6867
70.9328
71.3549
70.7444
70.9789
69.9814
70.6809
70.6623
70.6889
70.9293
70.3638
70.86
71.2209
70.4055
70.3137
70.5539
69.794
69.9975
68.8362
68.2667
69.1812
70.4221
71.3672
72.0441
71.9715
69.3511
70.8443
71.4358
70.762
70.703
71.1972
70.3934
70.8411
71.1117
71.7648
70.7906
71.4163
70.8405
71.5262
71.5128
70.7711
69.7117
69.0615
68.9099
68.4112
69.4279
68.9639
69.7944
69.5314
69.8846
68.7386
69.3983
69.4043
69.084
69.1983
69.7015
70.1899
70.5148
71.1124
70.6684
71.3574
70.7336
71.2334
71.4296
71.2973
71.9136
71.5566
70.5029
70.4276
70.9059
71.9649
72.0948
70.413
70.1761
70.3682
69.9934
70.0045
69.9675
70.3245
71.0365
70.4434
70.8253
70.6386
69.6022
69.7921
69.8631
70.9755
70.5475
69.8543
70.0445
68.9611
69.8812
69.2968
70.0855
70.2997
69.9013
69.8684
69.2553
70.1025
70.3597
70.362
71.5177
70.9516
69.8197
69.5424
69.6992
69.7034
71.417
72.3689
72.6872
72.9066
72.1516
70.4033
70.9274
70.2163
70.6539
71.2961
72.532
72.5919
71.5755
70.9019
71.1711
70.3663
69.5341
69.0866
68.8874
69.8287
69.6222
69.2632
70.731
69.7999
69.6179
69.0403
69.5847
68.5747
69.4201
69.558
68.6207
68.8082
69.243
69.2561
70.4171
70.4673
71.4015
71.0294
70.979
70.4159
70.4345
69.4885
69.2254
70.0123
69.0123
68.6432
68.3674
68.9578
68.9968
70.2889
69.4729
70.1013
69.801
68.9281
69.7432
69.9464
70.075
68.515
68.5307
69.0096
70.4642
70.7117
70.6485
71.1863
73.1059
71.2002
70.0447
70.4839
69.6923
69.5976
69.3821
69.3028
69.6784
70.0092
70.0359
68.5987
69.5455
70.7011
69.2557
70.673
70.7601
71.2398
71.1067
71.959
71.6235
70.7749
69.9973
70.794
70.4482
69.849
69.3857
70.6535
70.4894
69.7901
70.3727
70.9149
71.0061
70.9779
71.9264
70.9879
71.7881
70.6198
70.9989
70.2382
70.4155
70.6111
69.3991
69.6558
69.7068
70.6235
69.2734
69.1596
70.2381
70.4904
71.3285
70.5411
70.9949
71.006
71.4356
72.287
72.2728
71.8708
72.9744
72.3345
71.2082
71.5816
71.8949
72.2203
71.517
70.5355
69.6012
70.9173
70.5369
70.5636
69.755
69.8084
69.7655
70.3858
70.6522
69.8359
70.9613
70.2798
69.9116
71.2536
71.7469
71.621
70.6041
71.339
72.7406
71.8935
71.9858
70.7056
70.4651
70.3639
70.0206
68.9561
68.8518
70.2575
69.6188
69.7335
69.3992
69.4109
70.2089
70.2322
70.1764
70.4172
70.2057
70.685
70.9311
70.0737
69.607
69.2919
69.65
70.3522
69.7742
70.7713
71.8742
72.3619
71.1946
70.9041
70.6111
71.6305
71.3417
71.1681
70.0157
69.1845
69.8366
70.2031
70.9692
69.5829
69.3332
68.7831
68.6494
70.7499
70.4233
70.3014
70.4156
70.1378
71.4835
72.6491
71.3616
70.841
69.3416
69.2422
70.6446
71.6392
72.2792
72.8851
71.0646
70.4804
71.048
70.62
70.8701
71.5904
72.0238
71.5441
69.3091
70.2346
69.2128
70.2971
69.7523
69.1138
69.1248
70.2272
69.2237
68.96
70.6058
72.571
72.5815
71.3736
70.4513
70.6787
70.5186
70.0208
69.6801
69.6068
69.5705
70.1629
70.8991
69.9719
69.8831
70.1478
69.8558
70.1096
70.4134
70.5351
70.7423
70.6781
70.992
70.1671
70.4592
70.0737
70.7401
72.0917
71.3293
70.4581
70.1774
69.9912
69.9297
71.1738
71.4739
71.1199
70.0654
70.4039
70.3896
69.4249
70.8671
71.481
69.6094
69.6119
69.0354
69.6461
68.9132
69.5285
69.9468
70.2526
70.3962
70.5777
70.8766
71.1662
70.7468
70.6643
70.5853
70.3034
70.1128
69.1413
69.31
70.026
68.7844
69.5136
70.0453
70.9312
70.7521
72.0273
70.8325
71.056
70.0106
69.9235
69.7994
69.4454
69.3266
69.4484
70.5095
70.6119
70.6736
71.4969
70.1908
70.1533
69.3442
69.2822
68.8271
69.3146
68.7841
70.2719
69.7167
70.0842
69.8866
69.916
70.3403
70.4777
70.6995
70.6301
69.4762
70.2619
71.4541
71.8088
71.0637
71.6135
71.6803
71.3696
70.1025
70.1106
69.3474
68.8924
68.9087
69.8439
69.4703
69.5411
69.6131
69.8564
69.3663
69.5433
70.2917
70.0198
69.0717
69.1501
70.3293
69.6972
70.027
71.0324
70.1236
69.5545
69.1572
69.5534
70.2468
69.2762
70.2388
69.7902
69.931
70.0069
71.612
71.8013
72.2922
71.9894
71.371
72.2229
72.0123
72.7101
72.0839
71.4596
70.2675
70.8434
71.1831
71.2094
70.6671
70.1834
70.6133
69.9776
69.2033
69.9724
69.8823
69.4939
69.9691
70.1194
69.5055
68.6385
67.8786
69.1658
70.5136
70.3356
70.2502
70.2276
69.8208
70.2265
70.2276
70.1063
70.0187
69.8658
69.7176
70.5096
70.3756
70.5924
69.4448
69.1211
69.4848
71.1015
71.1689
72.6173
71.7096
72.5141
71.1196
70.8794
71.2711
71.7589
71.8054
72.1016
71.3601
70.8861
70.1523
69.9252
70.6294
70.4468
69.1061
68.858
68.8098
69.2398
70.4857
70.2253
69.3184
69.4517
69.537
69.0631
70.2252
70.1389
69.3344
69.832
69.3286
69.1878
69.2512
69.3991
69.2546
70.0831
72.0307
71.8895
71.3257
71.8763
71.3735
70.8374
70.9611
71.0139
70.4938
69.9393
69.4712
69.7319
68.4286
69.671
70.8497
69.9579
69.9627
69.787
70.0828
70.1199
70.0295
69.0394
68.6442
68.4285
69.0137
68.9049
69.2188
69.56
69.4619
71.0932
70.2563
70.3452
70.4123
70.9218
71.0319
71.0887
70.2618
70.1309
70.2656
71.783
70.4121
70.6967
69.9991
69.9951
71.0507
70.6168
69.9064
70.1581
70.8522
71.4128
71.5634
70.8022
70.5992
69.7571
70.0684
70.4129
71.4151
71.154
70.7764
70.1062
70.9294
71.0938
71.6457
71.5429
70.7951
70.0006
71.577
71.1556
71.0275
69.4
69.8566
69.9048
70.7049
70.0176
70.8673
73.1596
74.8355
74.125
75.3121
77.2888
79.3382
79.0666
80.4101
80.8803
80.4476
80.9695
77.5343
76.9085
75.6131
75.4236
75.3792
74.8158
73.3966
71.7621
70.8445
69.6676
69.8123
70.4826
69.0505
70.057
71.3112
70.9585
70.8823
71.0331
69.8405
69.7801
69.8796
70.0199
69.3162
68.6526
67.7296
67.7385
69.4424
69.403
69.9154
70.2232
69.7217
69.5933
69.4953
69.3267
69.2989
69.7525
69.0357
68.8131
68.7116
68.7232
68.6302
68.7725
68.8759
68.9685
69.7512
70.1647
69.474
70.2304
70.4289
71.0875
71.1541
70.1474
71.1516
69.3296
69.6588
69.7206
70.4717
69.4589
69.3995
70.1528
70.4355
70.523
69.6557
70.7312
70.7246
69.5927
69.557
68.9111
69.0227
69.2217
69.8774
70.3627
70.5232
71.3742
70.5862
71.2702
70.7229
70.3717
71.0557
70.3859
69.9217
69.5475
69.8551
70.2902
71.0509
71.0983
71.006
69.9904
70.1283
70.5521
70.3117
69.079
69.8582
69.6715
70.4144
70.175
70.3991
69.2635
69.622
68.8651
68.9182
69.2008
69.5668
69.6043
69.5921
69.0919
69.4396
70.0341
69.4698
69.1476
69.9881
71.1331
70.3233
69.8517
69.8729
70.0857
70.0922
70.5519
71.2469
71.7347
71.0262
71.2615
69.9539
70.6991
70.3366
70.4298
70.7507
69.6032
70.4248
69.7467
70.2235
70.6037
70.2795
69.5642
69.8017
69.8023
70.1988
69.4325
70.1011
69.1529
69.0264
68.796
69.6348
69.4182
70.9331
70.3697
70.6056
69.4424
70.8905
72.0494
71.3917
70.9344
70.7537
70.5743
70.2274
69.9716
70.5305
70.7335
69.9193
70.3519
70.8197
70.9339
70.9099
70.9393
70.0069
70.0207
71.3656
72.0586
72.372
72.2702
71.8535
71.5604
70.8081
71.0265
70.8651
69.9739
69.9936
71.3263
71.3517
70.826
70.323
70.304
69.762
69.773
70.585
69.461
70.8453
70.2851
70.0296
70.2784
69.6055
70.2536
69.4879
69.6136
70.5197
70.2463
70.4785
69.6757
68.2621
68.7516
69.1603
68.6863
68.7275
68.7089
68.6996
69.6138
69.7311
69.4506
69.7824
68.9383
70.9116
69.73
68.7588
69.0964
68.9609
68.7384
69.3171
69.9364
70.3488
70.2042
70.2802
69.471
69.0342
69.1698
69.4771
70.0274
70.8301
70.0345
70.0682
69.4242
70.0014
69.7708
68.5583
69.3225
68.904
67.9838
68.6303
69.4025
70.7843
70.4704
70.3898
70.1727
70.4742
69.7613
71.351
70.796
70.7973
71.5112
70.6141
71.1122
70.2472
69.4706
69.9634
70.887
71.3317
70.9959
70.9796
70.8105
71.0051
71.3012
69.836
69.8371
69.4549
69.5351
69.532
69.6254
69.3809
69.0905
69.1305
69.2331
68.8933
68.6925
68.3264
68.2735
68.3027
69.1236
70.5607
70.0806
71.0434
70.6365
70.1136
70.0749
69.9908
69.1411
68.7671
68.6981
69.0977
68.4708
69.3419
70.6257
70.4833
69.9667
69.8727
69.2778
69.9022
68.807
69.4307
69.4902
70.2001
71.4678
70.5754
70.9145
70.3383
70.7858
70.978
70.5421
70.8789
70.1867
70.708
70.634
70.6281
70.2145
70.855
71.2173
70.4704
71.3135
72.8689
72.2618
71.9582
71.0964
69.8855
68.889
69.4025
69.8625
68.4938
69.2639
69.1387
68.9135
68.6814
69.0696
70.0953
69.7622
69.4373
68.7408
69.0973
68.6779
68.677
69.065
69.7992
70.5088
69.3233
70.1621
70.3063
70.4091
70.8933
70.5323
70.8106
70.4207
69.2606
69.5677
69.6698
69.7562
70.6394
69.7281
69.9841
70.7045
70.3636
70.7828
70.3418
70.1747
70.607
69.4645
70.4407
70.6434
71.0109
69.3471
69.5312
68.2737
69.2519
68.6679
68.6764
68.5178
68.5672
68.8806
69.8583
69.5335
69.7337
70.1995
69.0101
68.9174
68.4543
68.1597
68.5354
69.2465
69.496
70.0775
70.7325
71.1252
72.2979
72.0883
72.5884
72.2273
70.904
71.8737
70.0956
69.6998
71.8263
72.2798
70.2372
68.8353
69.4981
71.0233
71.3512
71.5139
70.5824
71.1381
71.4605
71.1609
69.5358
68.7113
68.9449
69.5426
69.2466
70.0601
70.3533
69.7335
69.8738
69.7537
69.7138
69.1159
69.7397
69.8379
70.6838
70.5259
71.1784
70.5009
71.3852
70.9487
69.2651
69.5087
70.3442
70.1998
70.1146
69.8449
69.7192
70.5606
70.4836
71.1974
70.873
71.2099
71.8705
72.5224
71.6382
72.4034
73.1997
72.8335
72.3305
70.1787
69.6984
70.0381
70.7643
70.4976
70.5419
70.5647
70.8545
69.8788
69.805
71.6029
70.1745
70.0003
69.3451
69.9797
69.5079
69.9495
68.7583
70.2392
69.3708
70.5619
71.5718
72.5532
71.2512
71.6918
71.6336
70.8098
70.2206
70.1316
70.3391
70.0454
69.4947
68.2229
68.3075
68.6308
69.1965
69.8941
68.6639
69.6239
69.7566
69.8862
68.3344
68.5702
68.6006
69.551
69.1246
69.7145
69.2323
69.0212
70.0377
69.5581
70.2906
69.2069
68.7105
69.0367
69.9179
69.6174
70.5219
70.6146
71.4846
70.5585
70.455
69.4032
70.7557
70.0067
69.6633
70.2573
69.977
69.5788
70.7827
71.6371
71.1282
70.1845
71.6389
70.5307
70.7328
70.659
70.976
71.434
70.9133
70.5208
69.3104
68.9519
68.4345
68.1507
69.5539
69.3531
69.2372
69.7164
69.8028
68.1442
69.2839
69.5989
69.756
70.4444
70.1665
69.9907
69.7642
69.3578
69.4138
69.5696
70.4928
70.9332
70.66
70.6261
69.2824
70.1336
70.5331
70.6465
70.5351
70.3862
71.0892
70.2476
69.9472
70.276
69.5062
68.8245
68.984
70.3134
69.7691
68.9876
69.5576
69.3623
69.6544
70.3276
70.5913
71.0074
70.2362
70.3262
69.9592
69.9354
68.682
68.5895
69.1411
69.8909
70.1225
69.8483
69.4328
69.0763
69.2736
68.5035
68.2428
68.4484
68.8576
69.5747
68.9251
69.1652
69.0494
69.6553
69.6476
69.4939
70.0962
70.0821
69.9643
71.0959
72.7338
71.4812
69.8919
70.2316
71.0901
70.6804
70.5704
70.9753
71.0625
70.9712
70.1364
70.3102
70.7433
71.0346
71.5844
72.3246
70.3332
69.5144
68.8979
70.2764
70.5246
71.7223
70.4203
70.664
70.2092
70.3523
70.1155
69.637
69.3375
70.2721
70.6426
69.9257
70.9687
70.6881
69.989
69.5098
70.1949
70.7205
70.3227
69.8721
69.5433
70.1231
69.9019
68.5743
68.4
69.3782
69.4702
69.7157
71.1011
70.7369
70.4594
69.6858
68.7425
68.4838
68.5275
69.1148
68.2757
68.5373
68.8486
68.2399
67.2124
67.3637
67.0775
67.7252
69.0976
69.5588
69.2183
69.6776
70.4729
69.8771
70.9514
70.5404
69.7888
69.7709
69.4044
69.8132
70.2828
69.9212
69.5904
70.384
69.3875
69.7253
69.3232
68.8315
68.0531
68.108
69.8923
70.8307
69.6983
69.3534
69.3121
68.5848
68.3263
69.2408
70.7154
70.468
69.1693
70.5618
71.0924
69.8449
68.7298
69.2998
69.4995
70.1232
70.5345
71.4989
72.066
70.3424
69.4929
69.1565
69.4055
68.7056
69.6606
70.2362
69.9305
69.5519
70.028
68.8238
68.5323
68.0898
68.322
69.0918
71.4813
71.6269
70.518
71.0753
70.3559
69.7957
69.854
70.4296
69.3095
69.3283
68.7747
69.5727
69.8109
70.2545
70.0547
68.9706
69.1355
69.4641
69.4863
68.893
69.6614
71.041
69.4507
69.6151
69.5871
69.867
69.6608
70.4613
69.8837
70.8248
70.0362
69.936
69.7004
70.4596
70.5272
70.7581
70.1086
71.2439
71.469
71.8005
69.95
69.724
69.8417
70.2087
70.1943
69.419
69.5003
69.3174
69.2349
69.4345
69.7359
70.0113
69.8512
70.3826
70.673
70.7733
70.2319
70.5165
71.6606
71.3338
70.8042
70.1248
70.0641
71.6855
70.7612
69.5558
70.4315
69.245
69.4424
69.3414
69.3604
69.0217
70.4379
70.792
70.7408
70.4597
69.3142
69.2189
68.1381
69.1729
68.2088
68.3023
69.6423
69.3652
69.3916
69.6675
68.9178
70.3606
70.6766
71.3829
71.4344
71.2364
70.0688
69.7802
69.5593
68.6563
68.8444
69.2214
69.4763
70.167
70.5421
69.6152
69.0041
69.0353
69.3452
69.8359
69.2357
69.0844
68.5905
68.4728
69.2944
68.2706
68.1062
68.584
69.4259
70.4715
70.484
70.2673
70.3896
69.7052
70.062
69.9551
68.9378
70.0103
70.3255
70.1219
69.5838
70.1612
71.4835
69.9759
70.9602
71.373
71.6221
70.3163
70.7591
70.8701
69.5593
69.258
69.7059
69.846
69.051
70.9122
70.3063
69.8714
69.6206
69.6742
70.6604
71.0742
69.8733
70.4562
69.7726
70.0304
71.0378
70.061
69.9213
70.0076
70.1206
71.1101
70.0617
68.6321
68.8124
68.7221
69.2578
69.852
69.2518
69.8346
69.6882
69.4651
69.2188
71.0495
70.5227
69.0013
69.5144
70.776
70.5424
70.4539
70.3124
71.2788
71.2964
70.6818
70.6014
71.3712
70.8767
70.7665
69.9343
69.4173
69.5433
69.2327
69.425
69.3938
69.6763
69.679
68.6663
69.0098
68.6658
69.0091
69.5859
70.2269
69.6251
69.0266
68.8437
69.8901
69.1452
68.0648
69.6965
69.7873
70.3271
69.3845
69.3763
69.4878
70.3294
70.6605
71.0971
71.5274
71.4861
71.3732
70.1288
69.0991
68.7471
69.5979
69.453
69.992
70.6887
71.2229
71.2634
70.6879
71.728
71.1788
70.1335
70.4695
70.5055
70.1469
71.6435
70.5973
70.2469
69.0992
69.3655
69.4152
70.3733
70.2217
70.194
70.3039
69.7705
68.9032
69.2782
70.3657
69.7491
69.7911
70.6309
69.5539
70.1424
68.1711
69.7226
69.8698
69.8217
70.3194
69.2852
69.6058
69.6634
69.5315
69.2512
69.6085
69.2092
70.2461
70.1452
70.5319
69.9644
69.9283
68.884
69.5718
69.3487
69.9015
69.4584
71.1006
71.0795
70.6924
70.3896
68.8924
69.0649
68.4065
69.6003
69.8152
69.53
69.3141
69.139
69.6692
69.2427
70.4507
70.7929
71.6433
70.7034
69.8757
69.3173
69.1118
70.0778
70.4704
70.3157
70.3227
69.7664
68.4895
69.6933
69.5772
70.3369
69.3667
69.1381
69.1307
70.9435
71.2578
71.4648
69.8288
71.0191
70.7484
70.993
69.768
71.2074
71.9076
70.5598
70.6158
70.9607
70.9112
70.1791
68.6272
68.8329
69.5887
69.6719
70.1443
70.3729
69.1226
70.4602
70.1674
70.0849
69.4036
69.5658
70.502
69.2887
69.8822
69.3722
69.5818
69.4252
69.0874
68.6931
69.9585
70.1923
69.4243
69.0513
69.4474
69.3514
68.7185
68.8855
69.3689
69.1004
69.5191
69.2012
69.4382
69.2057
69.0848
69.9945
71.3075
70.7385
70.4621
71.0261
71.0877
70.8819
70.7163
71.7037
70.3526
69.2966
69.4216
69.7265
69.9927
71.0494
71.1774
70.5669
70.384
70.0483
70.6311
71.3014
71.5369
72.0011
71.865
70.7333
70.4562
70.369
70.2258
70.3181
69.6319
68.5021
68.0528
68.3272
68.9714
69.4342
70.2383
69.8299
69.8142
70.413
72.4292
71.8927
71.8694
71.2032
71.3613
69.8594
70.6371
71.6906
69.8726
68.7185
69.24
70.2625
69.852
70.3916
69.1317
69.6355
68.9417
70.1219
69.9022
68.6645
70.0894
69.6015
68.9892
70.0232
70.0977
69.8182
69.5528
68.6256
68.6528
69.0773
68.7916
68.4194
67.8018
67.8952
69.6518
69.8419
69.4484
68.9609
69.0593
69.0673
69.4775
69.6052
69.7551
69.7732
69.0237
70.5703
71.5093
71.0733
70.4489
68.5935
68.9864
69.4616
69.0233
68.8951
69.3633
70.2118
70.3578
70.2237
68.6222
69.1113
69.2961
70.0128
70.8226
71.793
70.1597
69.3106
69.8442
71.192
70.2626
70.8511
70.0014
70.3813
68.9456
68.8603
69.1665
68.4736
69.5382
69.2244
68.9965
68.223
69.4257
69.0915
69.1192
69.5131
70.6855
70.4166
71.9588
69.525
69.6593
69.7527
70.4204
69.2773
70.1818
69.3353
69.6566
69.9177
70.046
69.0498
70.2816
70.1633
69.9335
70.1907
70.0253
70.3303
70.3236
69.5145
70.3536
70.9396
69.3716
68.9336
68.6957
69.5771
69.6744
68.7925
68.6738
68.6594
68.8727
69.4407
68.7733
69.4687
69.124
68.9074
68.9571
69.3582
68.6465
67.9384
69.2151
68.4234
68.8113
67.9148
68.4043
69.1753
69.2365
69.406
69.3852
69.6378
70.7011
69.4518
69.0822
69.6145
69.7151
69.0677
69.9552
69.6912
69.8004
70.3126
71.0647
70.081
69.7879
68.0173
67.7668
67.856
68.8484
69.3908
69.0999
69.0138
69.6477
68.4771
68.6897
69.0067
68.1845
67.9922
68.7087
69.2422
70.6044
70.2484
70.4045
69.5287
68.7674
68.2313
68.5237
68.5604
69.7355
69.9139
69.7692
69.2188
69.7111
69.5519
69.1825
69.3063
69.1124
69.4605
69.4016
69.0135
68.5835
69.0394
68.1696
68.3169
69.5895
69.2984
69.5751
70.3125
69.2636
68.669
67.8712
68.6423
68.4942
69.5007
69.0897
69.052
69.6286
70.4292
69.7765
70.8377
69.2808
69.2455
69.8367
69.0154
69.2489
69.8995
68.4157
67.8266
68.2321
68.4022
68.4948
69.6334
70.0942
69.1296
70.1813
69.4374
69.7011
68.653
68.2055
68.4016
68.4967
68.6503
68.4082
68.8409
69.0765
69.5787
70.0177
69.1369
69.8815
70.5849
70.1928
70.4871
69.8345
69.2738
69.4196
69.902
69.7964
69.9461
69.9885
69.6048
69.7152
71.6637
71.3488
70.8351
69.784
70.2483
71.0231
69.1436
67.6426
68.3608
68.8738
69.0343
70.3075
69.402
69.5774
69.0248
69.3201
70.7008
71.0247
69.9279
69.4263
68.6715
68.3543
68.6422
69.875
70.9125
70.4781
70.2956
69.8466
69.2762
70.8874
70.9366
70.4649
69.7446
70.3172
69.6328
69.0615
69.3509
70.6006
70.5566
70.4568
69.7374
69.4288
68.5388
68.835
69.4237
69.2492
70.3718
69.1583
69.1364
68.6543
70.5757
70.255
71.5069
71.3361
69.6585
70.0578
70.6686
69.606
69.9779
70.5603
70.8937
70.5015
69.8088
71.3493
70.5435
70.3356
70.0015
70.7643
71.107
69.8802
69.0131
69.8514
70.4574
70.1381
70.311
70.2007
70.3395
70.174
69.6057
70.0483
70.485
69.3633
69.3628
69.5346
70.4575
70.5237
69.7828
69.4344
70.4073
69.2588
69.92
69.7965
71.1501
71.593
71.0725
70.6563
71.0531
69.8426
70.3114
69.726
69.0187
69.1342
70.5506
69.7148
70.3549
71.5506
69.6713
69.8081
70.3397
71.0065
71.4049
71.0955
70.7352
70.4242
69.3706
69.7539
69.3851
67.8159
68.9976
68.8521
68.7135
69.1021
69.6717
70.0297
69.7552
68.8232
68.0281
69.2949
69.6771
69.5031
69.5231
69.2522
69.2236
69.7375
69.5301
68.9503
69.3116
69.9431
70.1276
70.1397
69.8169
70.9999
71.6102
69.7936
70.2053
69.6187
68.8685
69.3299
69.4886
69.6646
70.1278
69.5901
69.3399
68.9298
69.2887
69.4462
70.0753
69.6641
69.2108
68.1705
68.4125
68.3517
68.4743
67.6816
67.9832
68.1985
68.3475
68.8985
68.8751
69.72
69.5287
70.5635
71.2215
70.1556
69.9144
69.9593
69.4557
69.1798
69.4753
69.2652
69.8561
70.0728
70.5699
70.4015
69.522
68.9265
68.9701
68.5989
69.3973
69.1554
68.9003
69.7745
70.1297
69.5057
69.7625
69.4924
69.7971
69.0522
68.953
68.2847
69.0176
69.7005
68.2924
69.4769
70.1229
69.2345
69.9051
70.2104
70.5118
69.5886
69.2089
69.2017
69.6875
69.6978
70.3826
69.9929
70.3142
69.5066
69.6495
70.5325
71.0122
72.0468
73.2605
71.6202
70.8513
69.8697
70.4858
71.2152
71.6978
71.794
71.0566
70.386
69.8923
70.355
70.064
70.7744
71.3974
70.9908
70.9308
72.3525
70.9258
69.7586
69.3052
69.1268
69.1453
69.2135
69.7386
70.481
70.822
71.5195
70.4229
71.2607
70.4772
70.1711
69.8498
70.566
69.702
69.5912
69.9841
70.8872
70.1961
69.4458
68.4759
67.9127
67.2703
67.7496
68.1397
69.3929
68.0905
68.6718
69.4469
69.604
69.7735
69.7447
71.3941
70.8385
70.8762
71.0236
71.8898
71.2491
72.8091
72.0929
70.173
69.6224
70.4701
70.0132
70.8665
70.4931
69.5042
70.2663
69.8073
69.7759
70.6754
70.2248
70.4514
71.2963
72.1322
70.0018
69.0276
68.9518
69.3688
69.0313
69.603
69.2852
70.349
68.9127
69.0411
69.4892
68.9387
69.4636
70.1175
69.2346
68.6359
68.5676
68.1669
68.9747
69.1564
69.896
70.088
70.3135
71.0311
71.0236
70.608
70.7031
70.6434
70.3783
69.7496
69.558
70.7248
70.7399
70.8138
69.8242
68.1027
68.5496
68.6035
69.8267
69.6627
69.643
70.4562
70.323
69.0132
69.366
70.0413
70.0519
69.624
70.6673
70.2559
70.5201
70.5381
69.1647
70.2572
70.1676
70.7027
70.755
69.1502
69.8161
69.1612
69.2413
69.1532
68.8601
68.266
67.8988
68.6382
69.1539
69.9872
70.0155
69.7904
68.8501
68.639
69.5952
68.7299
68.1633
68.7008
69.8872
69.4809
69.225
67.9124
68.3026
67.6913
69.5042
69.6315
69.2673
68.9146
69.8428
69.5083
69.2658
69.3545
69.3889
70.0573
71.8054
70.846
70.4211
69.9206
69.769
69.8119
69.1771
71.7087
70.6136
70.8327
70.0754
70.6923
71.1229
71.2647
71.346
70.4008
69.9825
70.1852
69.5732
69.3976
69.6697
70.6446
69.039
69.0178
68.3677
69.066
69.0254
68.4447
68.1788
68.0259
67.5344
67.6515
67.7237
68.8562
69.8836
69.3688
68.8661
68.7859
69.5773
69.6024
69.2717
69.2743
69.415
68.9567
67.94
68.8386
68.604
68.5637
68.2758
68.906
68.9508
68.3008
68.0977
68.5445
70.0788
70.3513
70.2879
69.4136
70.005
71.1431
70.7736
70.9234
71.394
71.4644
70.2227
70.5675
70.3717
70.4704
69.871
70.0887
69.7447
70.7775
69.2338
70.1661
69.982
70.1759
69.4427
69.7426
70.0632
70.2992
69.7048
69.8376
69.2831
69.9469
71.1442
71.1947
70.616
70.4506
70.5607
70.0342
69.0561
68.2686
69.2845
68.9972
69.2206
70.0153
70.8473
70.8793
71.1751
71.421
71.0457
71.596
71.7195
70.78
69.8757
70.6019
69.9304
69.5656
69.1471
68.4072
69.3226
69.9567
70.6631
70.5857
70.624
70.8312
70.6666
70.3943
70.2679
70.0931
70.4828
70.1747
70.4227
69.5592
68.315
68.6612
68.8633
69.1701
69.0325
69.4716
69.8467
70.1997
70.8932
70.673
69.2572
68.5745
70.1397
69.1181
69.3367
69.5008
68.3147
69.0989
69.0543
69.4898
70.2388
70.5218
70.7089
69.9688
70.3539
69.2002
70.7175
70.1596
71.8405
70.8421
69.8041
70.01
69.1123
69.6462
68.9166
69.8307
70.4866
70.7563
70.1516
69.7682
69.9594
69.7356
68.753
69.9353
70.4552
69.4251
70.1384
70.7836
69.5122
69.9453
70.9979
71.5929
70.8455
70.3989
68.5118
67.7947
67.9948
68.3276
69.0317
69.4858
69.7876
71.2709
70.9312
70.6444
70.6742
68.7871
69.1902
68.374
68.7593
67.3653
67.3518
68.1035
68.374
68.652
68.6024
68.0843
68.7279
68.247
68.343
68.9334
69.4674
69.4829
69.5386
69.5758
70.0882
71.4701
70.6084
69.4001
69.5596
69.4758
69.2561
70.0112
71.3432
70.5062
71.6886
71.0864
70.8036
70.9386
71.1131
70.161
70.5626
70.2778
69.9329
69.9821
70.1907
69.4624
69.135
68.3088
68.4848
68.2649
68.9268
69.7054
69.1655
70.141
69.5285
68.3465
69.293
68.4924
69.1314
68.3802
69.2686
68.748
69.2628
68.6527
70.3871
69.9646
69.5018
70.2373
70.581
70.4086
69.4821
71.0689
70.6657
70.6178
70.0185
68.7747
69.3103
69.4288
70.2094
69.512
70.238
69.85
69.273
69.1412
69.0494
69.4881
69.8815
70.0528
70.2081
70.0381
69.9347
69.3107
69.5892
69.7209
69.8443
68.7079
69.2626
68.862
69.2389
68.7627
68.2647
68.7782
69.0255
70.1372
68.8373
67.9712
68.8727
69.761
69.7712
70.4531
70.1277
70.5645
70.4996
69.8933
69.6618
69.7202
69.0389
69.1214
69.1363
69.9513
69.2132
68.8202
68.8505
69.1193
69.0869
69.852
69.2064
68.5465
69.8281
70.4065
70.4486
70.5975
69.7657
70.5342
69.4473
68.8748
68.7415
68.155
69.5909
69.8429
70.2844
70.2082
70.3186
68.9633
69.3169
69.9439
69.6635
69.3556
69.711
69.4329
70.3589
69.6857
69.5376
69.5189
68.5285
68.9657
68.9133
69.2327
69.8067
69.593
70.608
70.3623
70.2941
70.4331
69.7637
70.1856
69.5624
69.4657
69.8887
69.7247
68.9448
67.9793
69.1583
69.381
69.5924
69.4211
70.8643
71.2834
71.1711
70.2915
70.3663
70.528
69.7572
70.0595
69.4721
70.1191
68.4062
69.313
68.864
70.5696
70.5215
70.0046
69.1528
70.0748
70.3497
70.4654
70.1349
69.7422
69.8201
69.8543
69.5025
69.25
69.2923
69.1519
69.6236
69.8966
71.4474
70.8195
71.1145
69.2143
68.1616
68.5688
68.4182
68.6322
69.0754
69.4427
68.4395
68.1847
68.3955
69.7479
70.5387
69.6843
70.5977
69.9604
70.0079
69.9645
69.6219
69.6868
69.6864
69.4938
70.6849
71.4424
70.4348
71.1058
70.086
71.4125
71.802
70.756
70.3855
70.7798
68.6049
68.0829
69.1719
69.1877
68.2661
68.6312
69.0514
69.4434
68.2383
68.3484
69.5578
68.8079
69.6416
70.2219
69.3403
69.443
69.3375
69.8461
70.4743
70.2735
71.0449
70.4857
70.0884
70.2483
70.1852
69.9805
68.4216
68.35
70.0353
70.6596
70.0234
70.6311
71.7849
70.8574
70.567
69.2079
70.7749
69.7131
69.277
69.1997
69.9714
68.5403
69.7099
69.0908
68.4012
68.2089
68.248
68.4943
68.8958
69.4237
69.0518
68.488
69.5702
69.4826
68.0795
68.365
68.5066
69.3224
69.3535
68.5813
69.0222
68.2094
68.5073
69.103
68.6492
68.0077
68.9557
70.1
69.9943
69.3363
69.4113
70.4264
71.1549
71.0613
71.6783
71.1505
70.0508
70.0226
69.3277
68.7347
69.1463
69.7346
69.7361
69.6545
69.7919
69.2261
69.3254
69.8366
69.9697
69.3708
69.4533
69.1956
69.1707
69.2294
68.3059
69.1168
67.7993
68.7725
68.8243
68.5791
68.9045
68.9504
69.2389
69.0349
69.3957
69.2125
69.3027
69.4395
69.7657
69.2035
69.9958
69.2566
69.6159
70.1114
68.7441
69.4746
70.0149
70.2131
70.5718
69.1943
68.3985
68.8228
68.7101
69.6438
69.6893
70.068
70.8277
70.1019
70.3056
70.1177
70.5097
70.9484
70.6301
69.9877
70.1285
69.9803
69.4275
69.9317
69.9058
70.172
69.2882
67.9644
68.5145
69.2701
70.1962
71.1238
71.2844
70.9841
70.1088
70.3214
70.0817
70.3689
69.5066
71.4487
71.9114
71.8104
71.6056
70.6026
69.691
69.7791
69.0968
68.7853
69.1976
68.513
69.8602
68.5712
68.5893
69.1632
69.1747
69.0177
69.772
70.0123
70.4022
70.0594
69.2365
68.5211
70.2984
69.8946
71.0639
71.083
71.7418
71.0933
70.8423
71.6048
72.1448
71.7518
70.8094
69.9822
70.3046
69.3156
69.547
68.9518
69.597
69.3705
70.0123
70.0269
69.7044
69.4981
69.9765
70.1726
69.507
68.692
69.275
69.8469
68.8803
68.794
70.1387
70.6767
71.0935
71.6118
70.8136
70.25
69.8707
70.5418
69.4537
69.4478
69.399
69.4123
68.1079
67.5165
69.2583
68.9035
69.2033
69.3319
69.7419
70.7656
71.6116
69.6278
70.4407
68.875
70.5158
69.8044
70.7384
70.8685
69.5663
69.4278
68.9413
68.6052
69.3815
68.6609
69.3237
70.9194
70.9364
71.1439
71.0101
70.1872
68.4368
68.63
69.7532
70.358
70.1751
70.0415
70.2379
70.3708
70.908
71.6614
72.9752
71.1541
71.3017
70.9563
69.8849
70.4834
70.8242
70.772
71.2891
71.0826
70.2342
70.7175
70.7283
70.3517
68.738
69.1883
68.8232
68.5199
68.5871
68.4761
69.2318
69.6859
69.3635
69.3594
69.3808
68.8159
70.1391
69.5945
70.1561
70.7496
71.1594
69.9862
70.5909
70.4671
68.798
69.8324
69.4853
69.3278
68.6871
69.1396
69.8967
70.0407
70.4498
69.6955
69.0311
69.8476
69.3045
69.5427
69.7423
70.1737
69.243
69.2692
68.8116
69.199
68.4542
69.2579
70.1662
69.5039
68.6752
69.8007
69.3131
69.5104
69.1423
70.9785
70.9145
70.9326
69.5411
69.3113
68.9774
67.9625
68.5369
69.7875
69.4558
69.1238
69.174
69.046
69.0751
70.3641
70.0546
69.6471
70.1807
69.9762
70.019
69.9885
69.3754
70.3055
70.0506
69.8631
70.9028
70.7324
69.3118
69.9973
69.6762
69.1874
70.3594
70.8861
70.0055
69.5678
68.7578
69.2225
68.685
69.4258
70.05
70.1639
70.1796
70.2609
70.5784
70.6756
69.3179
69.6753
70.2287
70.9053
69.4308
69.2325
69.7666
70.72
70.0764
70.3384
70.5748
69.8107
69.6777
69.1051
69.0791
69.4594
69.2004
68.3178
68.6281
69.4075
69.8811
70.1427
70.0393
70.6497
69.5915
69.5637
69.5735
70.0249
69.7623
70.3949
70.143
70.8745
70.6364
71.5325
71.8581
71.6255
70.8619
70.6683
69.7315
69.3002
69.2131
70.0497
69.7206
69.8786
71.2105
69.5607
68.9068
69.1032
69.4399
69.403
68.9633
69.1341
69.1577
69.1352
68.7626
68.2832
68.6954
69.0311
68.9887
68.8366
69.1843
68.7858
69.3667
69.6738
69.4283
69.2008
68.1224
68.7008
69.4287
70.0315
69.9192
69.6675
69.0479
70.1653
68.6068
69.0847
69.7763
68.6834
68.3148
67.2879
68.908
70.3106
69.9656
69.3925
69.4312
68.9036
69.5355
69.856
68.9411
69.7314
69.3794
68.0175
68.1995
68.8667
69.6932
69.9621
70.3121
69.4269
68.3221
69.2647
69.5086
69.2768
69.5753
69.414
69.4269
68.9008
69.9147
69.6347
69.3506
69.7104
69.6795
69.726
68.9634
67.4333
68.7031
68.8094
69.1459
70.1886
70.1043
70.876
70.1443
69.5638
70.9888
69.7309
70.6233
70.1813
69.4841
69.9651
69.958
70.5228
69.2466
69.1506
69.9634
69.6015
69.214
69.7997
70.0629
70.4187
69.0891
69.101
69.9811
69.2301
69.4778
69.5727
69.1974
69.2839
69.0513
69.6531
69.034
70.3657
70.0096
70.7963
71.5017
71.1128
71.2004
70.3514
70.1334
70.4931
71.9402
71.6614
71.1756
71.4365
71.0509
70.7398
71.1647
70.8132
70.2412
70.5804
70.4989
70.188
68.6342
70.1361
70.9545
70.899
69.8373
69.4906
70.3356
69.8548
69.7173
70.4902
69.5362
71.3801
71.0655
69.8799
69.3594
69.6548
69.1752
68.6251
68.7576
69.4688
69.3225
70.7175
70.6756
69.4495
69.8744
69.5989
69.4228
68.7804
68.9782
68.3385
69.2573
68.983
69.0799
68.2615
68.7686
69.1318
69.0451
69.128
70.7455
70.754
70.8029
71.4344
72.1108
70.9895
70.3351
69.9674
69.0911
68.1179
69.1843
69.5192
70.2331
70.3224
68.7979
68.4048
69.3796
68.2756
68.5625
68.7103
68.4057
68.9879
68.896
69.1321
69.1116
70.1286
69.8296
69.5456
69.1481
69.4405
69.7281
69.5207
70.4708
70.3066
69.7714
68.4687
67.885
68.2608
68.6606
70.5164
70.0563
68.7884
69.0094
69.5222
69.5345
69.2669
69.27
70.2076
70.019
69.7622
70.6866
71.1162
71.7216
70.069
70.88
70.196
70.3015
70.1605
70.4176
68.4641
69.0483
68.3972
67.8717
68.0228
68.5576
68.2458
68.9758
69.1742
69.83
69.2608
69.0606
69.2154
70.0654
70.4788
69.1938
69.3255
69.8999
70.0916
70.0466
69.637
69.9973
70.6587
70.6644
69.5912
69.8031
68.1736
68.0956
68.9182
69.461
69.4629
70.9129
70.8281
70.3064
70.8028
71.0374
70.8548
72.2389
71.1306
70.4165
70.8867
70.2991
70.9096
69.3746
70.3961
69.1466
70.4758
69.3156
70.2324
71.0282
70.753
71.4705
71.9201
71.7571
70.9421
70.8081
70.4544
70.5045
70.6441
70.2373
69.5784
69.1227
69.0797
69.006
69.1382
69.4839
69.9866
70.34
70.3696
68.7762
69.4735
68.9654
68.8768
68.5669
68.6689
69.1735
68.7682
68.5485
68.0481
68.2593
68.1083
68.8661
68.9739
68.7068
68.5045
69.4013
69.5139
68.7619
69.2625
69.7999
70.0806
70.056
69.9403
70.907
70.0648
69.3067
70.2323
70.8928
70.304
69.5847
69.5611
70.4292
69.5786
69.5389
69.7651
70.8207
69.7935
70.1266
68.7873
68.4539
70.0235
69.8222
69.6301
68.9842
69.2046
69.5658
70.1749
70.7419
71.8287
70.1969
69.9376
70.8948
70.7419
71.1461
70.253
69.3469
69.5565
69.082
69.1691
68.6331
69.6408
69.4941
69.8957
69.2179
68.7327
68.8425
68.9464
69.4836
70.0558
70.1794
72.1692
70.1472
69.9227
68.7591
69.9991
69.3978
68.9436
68.3241
69.1221
68.3528
67.9205
68.0732
69.7881
69.7263
69.2645
68.9896
68.4719
68.6237
68.3077
67.8484
67.5049
68.1805
68.248
67.9842
68.2419
69.5365
68.1681
69.5649
69.3839
69.9251
70.0276
70.592
69.2907
69.8222
69.7228
70.3391
70.4558
70.5317
70.9061
70.4616
70.1498
69.835
69.4139
70.5708
70.8083
70.7957
70.0242
69.6028
68.9726
68.372
68.3033
69.078
67.9837
69.222
71.5403
70.4005
70.0434
70.2772
71.2028
69.8105
68.5661
68.4706
69.1896
70.5526
70.7171
69.6871
68.8653
68.3053
68.9924
69.7287
69.6254
69.2703
68.4018
68.7256
68.7894
68.1824
68.6905
69.0728
67.7803
68.7996
68.3419
68.3942
68.5511
69.0651
67.8779
68.7658
70.4254
71.1528
69.783
69.5998
68.9528
68.6802
68.2288
67.944
68.438
70.1442
70.0084
69.1547
68.8365
69.5893
70.5606
70.193
69.8181
69.5409
70.0202
70.8793
71.075
70.5237
69.7092
70.4174
70.3594
69.4896
69.5567
69.7313
69.1878
68.5931
69.478
69.6611
70.0611
69.8911
70.7002
70.3519
70.1624
69.1112
69.5585
68.9231
70.0711
70.9823
70.7722
71.4566
71.2416
70.3843
70.4981
69.9616
69.8403
70.576
70.9834
70.3313
70.717
70.8275
71.4168
71.6081
70.7865
71.7152
71.5793
72.0651
71.8747
71.7969
70.5339
70.5999
69.3064
68.339
69.6593
69.2131
70.4563
71.1115
72.8181
71.2881
70.691
70.2018
70.8388
70.816
70.8902
72.0942
72.9
71.2416
70.9955
70.0568
69.8974
70.5084
69.6302
70.3269
70.1567
71.296
70.1777
69.828
69.5932
69.2913
70.3557
69.806
70.2931
72.2301
72.5692
71.439
70.1828
69.9789
69.4153
69.5724
70.8112
69.341
69.61
69.3599
69.3037
69.3601
69.3998
69.7975
70.5942
69.9773
69.6901
70.6279
70.3144
70.9064
69.8031
70.041
70.6001
68.8542
68.4882
68.9516
70.5067
71.1759
70.6072
70.3064
70.8535
70.4525
70.4864
70.1251
70.2466
71.8699
71.6423
71.3337
69.6179
69.4451
70.4052
70.3474
69.3792
69.0893
69.6047
69.6782
70.2632
70.1985
70.2266
69.7613
70.1225
70.193
70.1985
70.6701
70.42
71.1083
70.9926
69.6475
69.675
70.063
70.227
69.771
70.3522
69.7073
69.3436
69.2703
69.6422
70.6546
69.612
68.9913
69.2964
69.7352
70.6709
70.4666
69.0185
69.3437
68.7798
68.8411
68.9169
70.0607
69.2828
68.7298
68.9253
68.9976
69.4016
69.6568
69.9276
69.2086
69.1782
69.5972
69.2808
70.2025
69.8601
69.491
68.5246
70.0539
69.7817
69.9383
69.4698
70.0241
70.3365
69.9993
69.4063
69.7885
70.9738
70.3154
70.957
71.058
71.8057
71.4866
69.8311
70.0625
69.796
69.3555
69.0388
70.683
70.6908
69.78
70.6776
70.0026
69.7235
69.7991
70.6103
70.2813
70.6801
70.4832
72.0905
70.9557
70.2192
69.4823
69.2413
69.377
69.6474
69.6487
69.7606
69.6995
70.1028
71.371
71.0775
70.7717
70.0937
68.81
68.6295
68.9387
69.844
69.959
70.0277
69.33
69.274
69.2381
69.1701
69.4924
68.8822
68.1691
69.0254
69.4784
69.7741
69.8424
69.9465
70.0375
69.0466
69.3487
69.0365
69.3294
70.3521
70.5521
69.4281
68.6524
68.59
69.3575
68.4068
70.2074
68.5529
68.0392
69.1887
69.008
68.478
69.013
69.7997
69.6397
69.1868
68.7366
68.3905
68.6577
68.443
69.0594
68.8632
68.6675
69.0338
69.2551
69.8783
69.3191
69.5313
69.7872
69.828
70.9833
71.395
71.0224
71.2584
70.8347
70.0178
68.8081
68.6184
69.0893
69.3553
69.7244
69.7686
69.1095
69.189
69.2386
69.4283
69.6949
70.0432
69.9955
69.7124
69.0889
68.577
69.4762
68.6788
69.3992
69.7142
69.1284
69.8001
69.5155
71.2704
71.1988
71.2559
71.1166
70.9993
69.8413
68.4537
69.5929
69.5152
69.6008
69.0725
69.9998
71.6249
71.1627
71.1245
70.4009
70.2324
70.1322
69.8532
69.5786
69.6798
69.5442
69.4045
70.8804
70.9079
70.9062
71.2831
69.7727
68.921
70.2638
69.2525
69.4145
69.7923
70.9198
70.2258
70.5822
69.4085
69.3287
68.8352
68.1374
68.6288
68.6941
70.3896
70.0984
70.1363
70.0733
70.2299
70.2142
70.6106
70.519
70.3067
69.2405
70.2813
69.8671
70.0301
68.9167
69.7445
70.3383
70.906
72.2917
71.8624
71.3517
70.0497
70.5423
69.4712
70.6339
69.7148
69.9267
69.3952
69.066
69.3065
70.1883
69.3382
68.8075
68.7949
69.7119
69.8532
68.7086
68.9508
68.4194
68.4292
68.8095
69.0468
69.9793
69.6796
70.8083
69.0391
70.0849
69.1655
69.8882
69.1433
69.6184
69.2741
68.9176
69.0829
68.4521
68.5958
68.5735
68.9111
68.675
69.4454
69.0456
69.0276
69.8343
69.4773
69.4999
69.0546
69.256
68.9076
68.981
70.1091
70.0431
69.9381
71.036
71.3393
70.2688
69.5029
68.6537
69.865
70.0691
69.7407
69.4206
70.1685
70.2174
69.7085
70.9883
70.7288
70.4114
69.1203
69.2352
69.0856
69.7076
69.751
69.58
69.6495
68.3783
68.9984
68.2422
67.9068
68.233
68.8768
70.5963
70.6235
69.108
69.4799
69.6118
68.3372
69.3833
68.5378
68.8731
68.8368
68.6907
68.2383
69.3077
68.2212
69.1846
70.5431
70.0375
69.6004
70.2198
69.7644
70.4223
69.8935
70.1712
71.061
70.5523
69.6962
69.1203
68.9783
69.6281
69.9981
69.565
69.5882
69.4685
69.1591
68.4871
69.4367
70.0764
70.6253
69.5917
70.8013
69.6984
71.452
71.1117
70.5993
70.105
69.7868
70.4433
70.9144
70.4131
71.2953
71.6266
71.4905
71.3969
70.4742
69.1615
69.7106
69.76
69.482
69.7123
69.6975
70.566
69.6484
68.2676
67.6714
69.2683
69.2648
69.4827
69.7836
70.3456
70.6415
72.2355
71.458
71.0973
71.3712
69.8467
68.8885
70.2972
69.5602
69.4776
70.445
71.1594
70.6397
71.0539
70.9902
70.0757
70.6254
69.8073
69.9291
69.5447
70.0003
69.8696
69.7975
70.0837
69.3849
69.4199
68.8202
68.6534
69.1995
69.868
70.0035
69.9969
70.6578
69.4606
69.2137
70.2903
69.1753
69.695
70.0293
72.3149
70.8225
70.4266
71.4573
71.4493
70.4127
71.107
70.0041
69.9073
70.9532
70.2632
70.545
70.3622
71.3327
71.568
71.2501
70.7593
71.3321
71.544
71.3327
70.6968
70.3643
72.3895
72.9085
72.9684
71.9347
71.4383
70.1813
70.5567
70.2161
69.7055
70.055
70.4491
70.8159
71.1349
71.3798
71.0357
70.9822
71.2481
69.5467
70.051
70.7869
71.1853
71.283
71.245
71.0061
70.8102
70.4192
72.2484
70.9244
70.8897
71.2666
69.9339
70.0061
70.508
70.4683
71.5426
70.6892
71.755
71.1196
71.1157
72.2034
71.7742
71.0747
70.8763
72.1305
71.7462
70.625
70.5131
70.1906
70.8405
70.2821
70.5683
71.5504
71.2425
72.0014
71.0226
72.2777
71.452
71.798
70.3527
69.9447
69.8195
68.9554
69.353
69.553
70.1829
69.9569
69.9018
69.3005
69.9068
70.1262
70.2624
71.8669
71.1923
71.1084
69.8469
70.9869
71.1467
71.2277
70.74
70.725
70.6277
70.7925
69.9256
70.584
70.6108
69.919
69.3388
68.8249
68.6078
68.7578
69.0721
69.0078
69.1991
68.6973
68.4157
69.5333
69.7347
70.4702
70.5332
70.1529
70.3903
69.4188
69.1689
69.6128
70.1235
70.6571
71.2959
70.9364
70.5095
71.1778
69.4863
69.5634
69.6233
70.0101
69.539
69.9175
69.2197
68.1865
68.809
68.567
68.442
70.0497
69.779
69.7917
69.7515
69.6794
69.385
70.6718
70.1045
70.5518
70.2627
70.0334
69.203
69.8772
71.0353
69.9545
70.6888
70.8655
71.3214
68.9172
68.8164
68.8508
68.5056
67.7405
69.5339
69.946
69.4811
68.922
69.2564
69.8365
69.3725
68.7624
69.9611
69.5281
69.6114
69.9018
69.9523
68.3217
69.2008
69.6085
69.6525
68.8392
70.0164
70.756
71.0253
70.2956
70.8556
70.5183
69.4802
69.153
70.2173
70.0999
69.8385
69.5693
69.5352
69.0702
67.8406
68.5628
69.6386
69.048
68.9009
68.7707
69.6647
69.6542
69.3646
69.3805
69.6207
69.5973
69.5332
69.1415
69.5457
68.7447
68.3248
68.4166
70.1955
68.8413
70.0863
69.7371
69.581
69.089
69.1883
68.2759
67.7807
68.269
68.779
68.3516
68.6087
69.2503
70.5118
69.8721
69.101
69.6976
69.266
69.2663
70.7236
69.3539
69.4762
69.7841
69.0072
69.3571
69.7111
69.4709
70.4808
70.2888
70.4942
69.8793
69.9452
69.5905
70.0915
69.6343
69.6192
68.8289
69.5001
69.5492
69.8336
69.9109
69.7353
69.9084
69.3879
70.842
70.6785
72.9083
71.9317
70.5109
69.7693
68.3985
67.6502
68.3302
68.2032
69.8423
69.624
70.3022
69.5615
69.1322
69.6938
69.2241
69.734
69.9661
69.2634
69.5667
69.8845
70.0644
70.9357
71.2075
70.2775
69.9531
70.3891
70.2067
69.5322
69.5628
69.2966
68.6003
68.1438
69.1402
68.595
68.9441
69.8427
68.6501
69.502
68.718
68.7828
69.1575
68.9885
68.8852
70.2105
69.9993
70.0418
69.9995
69.4372
69.6339
68.8976
68.3762
68.1725
68.2598
68.6255
68.9776
68.4947
68.8196
69.3739
70.4511
69.8805
69.343
70.1463
69.8519
68.9926
68.1978
68.751
68.5784
68.5437
69.6515
70.5352
70.1402
69.6358
69.7043
69.1843
69.6364
69.2227
69.2006
68.9189
70.4556
70.2002
69.7238
69.6609
69.2291
68.803
70.0524
71.3417
70.1025
69.1122
69.1919
69.4255
68.9559
69.3904
71.0962
70.8557
69.5577
69.9388
70.5781
70.4842
69.3728
70.7994
70.0101
68.5193
69.2987
69.4697
69.7403
70.0157
70.8836
70.7846
71.3736
70.514
69.8652
69.886
70.1229
69.673
69.4099
68.9668
69.2822
70.0926
69.6847
69.7655
69.6204
69.6266
70.4233
70.0451
69.9766
69.5194
68.5915
68.8645
68.6015
69.2008
68.8798
69.0202
68.9537
69.8598
68.732
69.1183
68.8467
69.4891
69.8467
69.5384
70.8752
69.6604
69.7243
70.1448
70.7954
71.0081
71.107
69.5138
70.4775
70.4372
70.3505
70.1423
70.111
70.8972
70.5876
70.514
69.2502
69.1909
68.824
69.1314
69.6724
69.1544
68.4603
68.0065
68.4706
68.8418
69.0229
69.5557
69.1991
69.0353
69.709
69.7302
69.7571
70.3489
70.0065
70.0804
70.0401
69.7562
69.6808
70.8617
69.6297
70.3089
69.5645
69.6776
71.2096
69.6537
69.2091
69.2526
70.1131
70.7587
70.9381
72.9521
71.3164
70.8152
69.8904
71.2623
70.5241
70.0151
69.7565
69.6809
69.0981
70.0318
69.7566
70.5158
70.65
69.7824
69.3608
70.0531
69.7135
68.6821
68.4658
68.8519
69.0933
68.9847
67.7224
68.4654
69.2593
69.6258
68.9843
69.005
67.2627
69.138
69.4102
70.6566
70.4454
69.9277
69.641
69.3658
70.039
69.71
71.1888
70.4324
70.143
68.9792
69.1869
69.064
69.309
69.6654
68.9198
68.6045
67.931
68.3859
69.4801
69.3153
69.4153
69.3647
69.5368
69.5169
70.8532
70.6689
69.7362
70.124
70.3257
70.4602
70.2003
69.3947
70.68
70.4197
70.6561
70.1604
69.8592
69.6483
68.1847
69.0855
69.5252
69.246
69.1529
69.6571
69.0557
69.6086
69.4589
70.7859
70.5665
71.3393
70.4829
70.5383
69.5355
69.0214
70.8944
70.216
70.171
69.7333
69.9064
69.1798
70.7841
70.3826
69.798
70.3869
70.2142
69.5236
70.4279
70.6137
69.7853
68.3471
67.8784
69.0253
69.6773
69.0284
68.8931
69.1328
69.1147
69.5602
68.9486
69.9816
71.3248
71.6275
70.529
70.6417
70.9149
70.8774
71.3709
71.3088
69.5467
69.9174
69.2855
69.8762
68.6555
68.2025
68.3542
68.8869
68.986
69.1952
69.6883
70.0229
70.4242
69.4957
69.7702
69.3482
69.36
69.6084
69.1533
69.837
69.688
70.4818
69.9239
70.1502
70.0523
69.7562
69.4746
69.922
69.926
69.3864
70.0089
70.3418
70.3115
69.5615
68.897
68.5686
69.5811
69.0552
68.7318
69.45
69.1589
68.9641
69.4197
68.6069
69.3822
69.0398
69.3165
70.2161
69.424
69.8505
69.9494
69.8598
68.8903
69.1312
69.5873
68.7651
68.5247
68.8424
68.2184
69.4749
68.8363
69.9652
70.0507
69.6505
69.8269
69.9241
70.4979
69.5976
70.0983
70.0229
69.0122
69.0341
69.7714
70.1853
69.961
70.427
69.4038
69.3994
69.3935
69.3973
70.113
70.4668
70.8186
70.0991
71.4791
71.4323
71.1099
71.0673
69.8317
68.4456
69.8165
69.545
69.8578
70.5937
70.2504
69.5236
69.1346
69.0693
68.981
69.2297
70.4123
69.1951
69.0512
70.4911
72.2587
71.2027
70.5725
69.5108
70.5558
69.4408
69.0455
70.0828
70.1283
69.8255
69.7966
70.9484
70.8342
70.7851
71.112
68.0458
68.6796
68.4939
68.7696
69.64
69.0328
68.3807
68.7845
67.9168
69.2552
68.9506
69.0665
69.7007
71.2132
69.5943
69.0301
69.4348
69.8386
69.9757
70.1671
70.6177
69.8708
70.256
70.7609
70.473
70.3206
70.21
71.2459
70.4901
71.3773
69.9643
69.65
69.7473
69.986
69.7203
69.7469
70.4222
70.792
71.1355
72.0771
71.8885
72.3091
72.0646
71.1068
69.7003
69.871
69.4523
69.9821
69.1487
69.1545
69.9795
70.1054
70.1255
70.435
69.4283
70.7498
70.9979
71.5276
71.8014
71.1133
71.2635
69.7491
69.6848
68.8293
68.6547
69.8936
69.8105
71.1774
71.1755
70.723
70.1834
69.6098
69.2416
69.7951
69.9364
69.2816
68.7524
69.2516
69.3083
68.4617
69.0653
69.0272
70.2378
71.0843
70.9401
69.7603
69.4026
68.9627
69.0139
68.9413
68.7971
70.0855
69.3997
69.5336
69.9548
70.3253
69.4767
69.5963
68.4728
69.0213
69.1729
69.2692
68.1699
69.0052
68.2534
68.8099
69.5623
68.4755
68.105
68.8427
69.2208
69.6921
69.4753
70.1376
69.8876
69.1141
68.9083
70.1692
69.6552
69.5736
69.6832
68.4272
69.09
69.3355
68.7371
69.75
68.6665
69.5185
69.3977
69.2868
70.3799
71.7514
71.7462
70.2066
69.5876
69.0508
67.9568
67.8116
68.0895
68.5249
68.8046
68.8855
69.575
69.9978
70.2154
70.3703
70.7809
71.3054
70.9301
70.1311
71.2043
69.8782
70.0199
70.3956
70.9305
71.0049
70.4725
70.5487
68.8328
68.7854
68.0819
67.7219
66.9302
67.9098
68.0361
68.8408
69.1485
69.5354
70.6429
70.6366
70.0995
71.1931
70.956
70.5234
70.9217
71.035
70.9275
71.9977
70.4804
71.1657
71.11
70.9504
70.0293
69.2778
69.0925
68.2543
68.2499
67.6454
67.963
67.8309
69.1101
69.0667
