476.875
462.273
442.9
425.96
412.201
401.273
394.376
387.836
380.591
370.634
358.757
349.189
342.884
335.39
329.286
323.559
320
316.269
313.245
308.795
306.259
302.473
299.504
297.006
294.88
294.687
293.138
291.317
289.238
285.555
281.561
276.396
273.496
270.877
268.223
265.094
263.297
259.687
258.508
254.645
251.916
247.1
243.089
240.709
238.988
235.835
232.934
230.85
229.979
227.801
225.844
225.265
223.751
221.592
218.523
216.444
213.7
211.196
210.097
208.304
205.647
204.156
202.989
202.128
201.237
201.018
201.3
201.637
201.202
200.184
199.225
197.932
197.203
195.933
194.058
192.821
191.123
190.818
188.395
187.225
185.88
184.614
184.663
185.192
185.201
185.48
185.144
184.052
183.392
183.169
182.502
180.379
180.372
178.906
179.399
179.92
177.958
175.471
174.057
171.184
169.504
169.972
171.117
169.467
167.139
166.638
165.335
164.97
163.639
161.167
160.971
159.934
159.598
159.233
158.107
159.172
157.889
156.817
155.535
154.421
153.727
154.261
153.872
152.429
151.057
150.859
151.924
151.276
150.635
149.207
149.614
148.993
146.666
146.257
145.684
145.063
144.982
145.986
145.203
144.754
144.492
144.634
144.827
143.216
142.424
141.105
140.474
141.963
141.307
139.942
138.599
137.68
137.654
137.268
136.515
136.329
138.47
139.92
138.387
138.095
135.177
134.883
134.733
134.506
132.832
133.492
132.491
132.087
131.653
131.168
130.771
132.331
132.846
132.921
133.142
134.71
134.4
134.048
133.316
132.171
130.217
129.309
128.441
126.124
124.901
123.764
124.012
121.837
120.459
120.814
120.493
121.679
121.661
122.027
123.131
124.164
124.181
121.743
121.39
120.513
121.271
121.031
120.871
121.644
120.361
119.218
117.753
117.647
116.637
116.964
116.603
118.485
118.836
117.895
116.898
116.819
115.251
114.555
115.132
113.798
113.93
112.832
111.948
112.143
114.028
113.336
114.336
113.712
112.735
111.587
110.078
108.854
106.674
106.65
106.654
106.068
106.024
105.059
104.143
102.5
103.063
103.777
105.578
107.244
107.836
108.394
108.399
107.964
108.388
108.816
108.646
107.788
107.472
108.047
107.117
106.101
106.768
106.445
107.083
106.579
106.058
107.846
108.237
109.946
110.082
110.028
109.778
107.906
107.116
106.65
106.42
105.536
104.904
106.762
107.784
108.65
109.295
109.01
108.669
107.801
108.23
109.351
108.739
107.709
107.506
106.351
107.254
107.867
107.842
107.059
106.891
104.987
103.989
104.445
104.244
105.505
105.168
103.654
101.81
101.879
102.392
101
101.552
99.8756
100.242
98.1008
98.7237
98.5581
98.6349
98.5585
98.7353
98.3191
97.4532
98.7526
99.8281
99.848
100.422
100.106
100.507
101.008
100.416
100.264
98.9274
99.1224
98.651
98.444
97.3454
97.9434
99.4469
99.9424
102.847
103.861
104.237
104.459
104.824
104.083
103.372
102.38
101.862
99.8474
98.0788
98.2635
96.5556
94.025
93.9593
93.778
93.6327
96.0004
96.3155
96.1886
97.3251
97.4935
98.0848
97.3376
96.0017
97.0554
96.5727
94.6319
94.5918
94.2917
94.4303
93.6158
94.5259
93.1615
93.6377
94.5343
93.4253
92.782
91.8454
92.1333
92.5718
93.0504
92.4033
91.7618
92.063
92.4299
92.47
92.272
92.5994
92.7767
92.5675
92.0462
92.7075
92.9677
93.1484
92.1409
92.1038
91.6508
91.0646
90.9053
90.7242
91.1599
91.0434
91.128
91.6446
92.1418
94.7191
96.2788
97.327
98.1519
98.5333
97.8983
96.2088
96.8347
98.2578
98.7637
99.1675
98.2816
99.4053
98.4608
97.9001
97.6964
97.4372
97.0408
97.7338
97.6795
96.5078
96.129
95.9131
94.1679
92.3653
91.4295
89.8562
88.9477
89.8473
88.6682
88.7713
88.3176
87.4666
87.9176
86.9899
88.8675
89.6412
90.0817
90.7978
92.5066
94.0738
94.9347
95.4599
96.5753
97.2026
96.8825
96.0049
96.2996
95.8139
95.5672
92.7929
92.2012
92.2055
91.9469
90.6704
90.3492
88.3565
86.8558
87.8488
88.1771
87.0222
87.0243
86.9947
87.1615
86.5534
86.8777
86.5634
86.3936
86.5698
87.2156
88.2466
88.7984
88.1601
87.0722
88.3424
87.8315
87.2603
88.4178
87.8302
87.636
88.0732
88.902
88.3274
86.6475
86.7821
86.8772
85.8544
86.3278
86.455
85.128
84.7121
85.0187
86.3318
86.421
86.9533
86.0959
85.7619
86.449
86.7792
87.4343
87.4042
88.513
87.0611
88.3518
88.4592
89.7352
92.0415
92.0787
93.0106
93.6605
95.6447
94.6687
92.8902
91.0532
91.8595
89.1573
87.922
85.8641
85.6649
84.9061
84.6596
84.871
84.668
83.7045
82.2486
82.5653
82.0553
82.1874
81.6272
80.3991
79.9077
80.6864
81.1612
82.5188
83.7611
83.902
84.3144
82.9244
81.1503
80.814
81.0293
81.3212
81.7937
81.1771
82.0088
83.0094
82.9818
83.2507
83.7893
84.8899
83.9989
84.6928
84.9076
84.1667
85.2398
84.0559
83.1294
82.0565
82.8167
82.2293
81.4745
81.7614
80.9511
80.574
80.0792
80.4259
80.0754
80.554
80.8531
80.7158
81.7144
84.2683
85.3754
85.1293
86.4502
87.5518
88.5328
88.3295
85.7743
85.0991
83.7284
82.8441
84.4557
84.6366
83.9611
82.6842
82.79
81.998
82.1646
80.8353
80.4796
81.4118
82.1647
83.5035
83.2548
82.6514
81.8218
84.2424
83.0935
83.5897
83.9769
82.9965
81.8227
81.3739
79.853
79.9664
80.5679
82.4504
83.0191
83.7662
83.2648
82.4341
80.9886
80.8422
82.4087
81.0258
79.2983
81.0729
81.5696
83.3784
84.9453
86.6853
86.1347
86.3572
86.5221
86.2388
85.2924
84.8259
84.3519
82.776
82.2985
81.3807
81.5474
81.2117
80.1778
79.2643
78.729
79.8934
80.158
79.0965
79.2123
78.949
78.6701
79.5772
80.3113
80.2848
79.9907
80.5703
79.6517
80.2415
80.9337
81.1658
81.0491
80.2802
79.7755
78.7831
78.8799
78.6793
80.4785
79.2966
79.8084
78.1179
78.4237
78.909
78.7584
78.9909
79.5518
79.485
78.9457
79.099
78.9025
79.7503
79.7995
79.3824
78.5688
79.5074
79.7963
80.0172
80.6706
79.6069
80.3959
80.0173
80.7128
80.5386
81.3751
80.6614
80.5699
79.2406
78.6139
79.4541
79.7191
81.373
82.1245
80.5311
80.1391
79.9866
80.9896
80.5432
79.4216
79.1721
79.5438
79.7645
79.3255
78.3919
77.6097
78.0914
78.6036
78.471
78.5841
79.0628
79.9517
79.3419
78.5984
78.8098
79.0929
79.4725
80.4874
81.0731
80.6049
79.4162
78.4072
78.8019
78.459
79.3192
79.7348
78.3615
77.3092
78.043
78.419
78.9073
79.3912
79.0792
78.6641
78.5761
77.5649
77.6746
76.7476
77.43
77.1862
77.2798
78.0294
77.2078
78.1675
78.1591
78.7263
78.6492
78.5569
78.3222
78.2107
78.205
77.931
79.0457
78.5841
79.1961
78.6203
78.8156
78.6501
78.0118
78.6097
78.9269
78.6293
78.1142
78.8673
78.3204
79.0848
78.5824
79.4258
77.4984
77.5273
76.9637
76.9478
78.5071
78.3797
79.5274
79.4734
80.1725
80.4541
81.4187
84.1375
84.5292
85.9956
85.5389
83.8804
83.0281
81.5777
80.4183
80.0059
80.5728
78.8991
78.3851
79.8285
81.2893
81.0787
81.2535
79.5949
79.2879
79.4435
78.1609
78.4101
78.0065
77.8308
77.8261
78.0617
76.5623
76.9466
77.4921
77.4174
77.7468
77.0188
76.6984
76.7379
75.7725
76.706
77.2056
78.0831
77.3553
77.415
78.7631
79.253
79.6895
80.057
79.5398
79.8582
78.9756
79.1708
79.2627
78.3489
77.7302
79.0066
79.1968
78.7567
79.2756
79.2238
78.6405
79.5648
79.8565
81.6217
82.6881
83.6847
83.6077
84.9798
84.5693
83.8402
83.1869
81.821
80.6051
81.2616
80.8787
79.5861
79.8043
79.774
78.3518
78.8307
78.5848
79.021
78.0916
78.0311
77.1625
77.3492
77.9745
77.6551
77.3267
77.1841
77.3497
77.1131
77.4131
77.8812
77.433
77.1613
76.6354
76.3268
77.1364
76.8893
75.7866
75.2476
74.8671
75.0359
75.8154
75.0389
75.9761
76.6821
77.2725
77.3496
78.0813
78.1822
79.3187
77.561
77.5556
77.1811
77.3409
78.1041
77.8307
78.3228
77.8076
77.7442
78.722
78.7537
80.6168
80.6698
79.6949
79.1175
77.8373
78.1786
78.0197
79.7205
78.9683
78.2521
78.7669
78.5101
78.3314
78.1846
77.4614
76.7406
76.1528
76.0184
77.0358
76.6209
76.0003
76.624
77.7416
77.9099
77.9723
78.0472
78.1534
78.1283
77.6642
78.3018
77.4678
79.0681
77.3657
78.166
76.8827
78.1309
77.4375
77.6529
76.1744
76.6137
75.8349
75.9287
75.8533
75.6333
76.0316
75.8204
76.7407
76.3329
76.4773
75.4591
76.0076
76.8974
77.2459
76.5598
76.8457
75.8982
76.3345
76.0339
75.7127
75.6311
76.5644
75.5215
75.6307
75.3488
75.5502
76.3631
76.0928
77.4716
77.4586
76.9588
75.4921
76.0247
77.0809
75.7005
77.473
76.8366
76.8014
76.5042
77.9267
76.9804
76.7415
75.2435
75.08
76.0854
76.0995
75.6717
75.5102
75.6842
76.0314
77.1245
76.2162
76.0387
75.0422
74.5743
75.292
76.4952
77.225
76.1614
75.6563
75.8979
76.2331
76.9612
76.1802
75.6887
76.938
77.102
76.8999
76.7064
76.7374
78.0628
77.8831
78.2963
77.5824
76.7474
76.1602
76.0298
75.0571
73.1741
73.4432
72.6681
72.9548
73.17
73.9783
73.2124
73.3016
74.0842
73.5205
74.6056
74.0311
74.252
74.8863
73.4845
73.6628
73.5177
72.9736
72.9394
73.2001
73.1001
74.3363
74.7923
75.199
74.5325
74.4755
74.3842
73.6021
73.8572
73.7342
74.0914
73.3424
73.3982
73.3888
73.9098
73.6
74.0992
74.3654
73.81
74.5648
75.219
75.2218
74.266
74.2664
74.1976
75.266
74.7872
74.8948
75.3872
74.9085
74.8301
74.8212
74.7462
74.6013
74.9628
75.0138
74.01
73.3064
73.8835
73.2483
73.1808
74.142
73.9243
74.2233
74.4877
73.5976
74.1241
74.5527
74.618
74.9772
74.25
73.9429
73.1057
73.7252
73.6509
73.8325
75.0995
73.9102
73.8315
73.5103
73.7277
73.8265
73.3149
74.398
75.0523
74.1155
73.8507
73.6793
74.2986
74.8405
74.4379
74.1836
74.9506
74.5053
74.5225
73.2769
74.9515
73.8014
73.688
74.4867
73.6456
74.0968
73.7469
73.5098
74.3119
74.6683
75.3574
73.8285
73.0769
74.0997
73.6967
73.0585
71.9304
72.4815
73.8471
74.4779
74.9646
74.7389
75.3284
75.1675
75.2723
75.7667
76.0068
75.4891
74.6062
73.6333
74.3835
73.7517
73.4121
73.9934
74.4118
73.5611
73.6679
74.3022
73.5804
74.4749
72.9638
73.3146
73.1103
74.2707
74.2632
74.1481
74.6448
74.735
74.8001
74.5306
74.2428
74.18
72.9208
73.3512
74.1321
73.5407
72.9011
72.9666
72.9062
74.5039
73.9795
73.3767
74.0736
74.4478
73.4122
73.9289
74.8753
75.2841
74.6679
74.0542
75.3046
75.759
73.9981
74.2863
75.0833
76.1613
76.277
75.4212
73.7804
72.4228
73.1608
74.5712
73.3464
73.4787
75.1298
74.5022
74.5668
73.8571
72.7792
72.6751
73.3308
73.8304
73.843
74.0962
74.2924
74.7807
74.5722
74.8006
74.4038
73.8508
73.4588
73.7885
73.9081
74.4711
74.6929
74.4502
75.3722
75.7128
75.9222
74.4667
74.286
74.2183
74.0921
74.0027
73.9588
74.2235
73.8435
74.462
74.8424
73.5381
72.9452
72.4497
73.9656
73.6563
72.6908
73.889
74.5964
73.9902
73.6253
74.489
73.9996
74.6727
74.7741
75.5716
75.4175
74.5947
75.164
75.0499
74.511
74.3456
74.7587
74.4161
74.6766
74.4625
73.123
72.8827
71.5317
71.7587
72.2053
72.1792
72.1975
71.5484
72.3503
73.2669
73.5832
73.2445
72.4632
72.8687
72.8222
72.9568
72.4444
73.1371
74.1693
74.223
73.1764
73.9535
73.1515
73.5484
73.6562
73.1733
73.1883
74.323
75.0562
72.6736
73.5319
72.6095
72.6858
73.0994
73.4876
73.3941
75.1181
75.5236
75.2732
74.989
73.609
73.5371
74.1846
74.2591
73.6144
72.9568
72.6166
72.8823
72.2602
72.4723
72.5976
72.6219
73.7973
74.009
73.426
74.8025
73.5639
73.6407
74.663
73.7509
74.4149
74.903
74.4659
74.1596
73.0752
72.8823
73.6959
74.3632
75.2352
74.2184
73.7011
73.6069
74.1323
74.7608
73.941
73.6137
74.3264
75.251
75.5149
74.5279
74.977
74.5933
74.0432
73.3536
74.4472
72.7795
73.6662
75.1692
74.3726
73.5931
73.9764
73.2893
72.9324
73.5822
74.0839
74.6606
74.924
74.391
75.4949
75.8235
76.8525
77.7335
78.0998
79.4299
79.7652
80.1332
79.3603
81.3396
81.7321
82.2463
82.3412
80.9424
79.3877
77.9826
76.8354
76.655
75.151
75.033
76.2805
74.6305
73.4323
74.1141
75
74.9445
74.2453
73.2397
73.7705
72.7211
73.7502
74.0711
74.531
74.509
74.0205
73.8559
73.1478
73.8354
73.4389
73.9652
72.5964
72.6862
72.5656
73.117
73.6433
73.8084
74.0321
74.9211
74.3378
74.8378
74.6094
74.0997
73.6398
73.3491
73.4067
72.6783
72.7646
72.829
72.7695
71.8497
72.014
72.8091
72.0757
72.9214
72.7704
72.2307
72.7043
72.0889
70.7614
70.8105
71.2743
71.0582
72.8327
75.0352
74.3537
73.9512
73.0791
74.1103
72.6177
72.94
73.5939
73.293
72.7829
72.4695
71.6705
71.293
71.4752
72.8632
73.0819
72.4923
72.9959
73.1935
72.1984
71.8988
73.3402
73.6278
74.4732
73.2943
73.1393
73.62
72.7442
72.9535
72.9698
71.9873
71.9945
72.0772
73.4446
74.0777
72.4658
72.1555
72.5759
71.7336
71.8096
71.4778
71.8428
71.0735
71.4358
73.0275
73.4884
72.8683
73.7697
72.6278
72.9386
72.8413
72.594
72.2147
71.4652
72.6814
72.0962
71.8213
72.1565
71.9292
72.5495
73.1553
73.5759
71.3439
71.102
71.9562
71.7115
70.6166
70.7702
70.8893
71.4107
72.5156
73.6762
72.8374
72.1447
72.0046
73.159
73.4414
72.5665
72.9119
72.6111
72.2303
71.4281
71.093
71.7903
72.3573
72.7212
72.3813
72.6755
73.6043
72.9109
72.3208
71.4238
71.9076
71.8931
71.8524
73.4347
73.2067
72.9466
72.1346
73.5311
73.9317
72.927
72.7969
72.8448
72.348
72.6404
72.0402
72.2351
71.3205
71.4125
72.3798
71.7158
72.4717
73.1135
73.2837
72.7146
72.4647
72.8169
72.6251
73.4328
74.1092
73.7744
74.795
73.6846
74.0851
74.1405
74.0777
73.4811
74.2839
73.6626
74.697
73.5688
73.439
71.8801
72.4086
72.1533
72.0152
73.1469
72.6072
72.1515
71.8787
71.2132
71.7874
71.3936
72.5333
72.7354
72.5278
72.741
72.2685
72.0447
72.4431
73.7528
73.828
73.9192
73.9142
72.1578
72.4328
72.6521
72.7246
72.3094
72.0265
71.0661
71.2948
72.4455
72.4584
72.5524
72.3037
72.7998
73.7142
72.1473
71.7559
72.6449
72.0914
72.759
72.8164
71.5541
71.2926
72.0584
72.0111
72.8885
72.1973
72.4197
72.1982
71.6556
71.564
72.8868
72.954
72.2835
72.3207
71.2059
70.8342
72.4342
71.0838
71.107
72.198
72.69
72.1043
72.7387
72.2904
72.064
72.9078
74.0716
74.3966
72.322
71.9044
71.4681
71.388
71.1992
71.6327
71.5187
71.548
72.5817
73.1812
72.3365
73.9307
72.9504
72.3411
71.8507
72.4634
73.3452
72.7337
74.0847
73.6098
73.5944
72.9368
73.382
73.4212
72.4212
71.5504
72.3262
71.7055
72.5351
72.958
73.0468
73.064
72.6109
73.1133
74.6509
72.8112
72.9479
72.4381
72.2295
71.9151
73.3816
71.9259
73.1981
72.5441
73.2702
73.4038
73.8708
75.0388
76.304
72.4469
72.7422
72.5087
72.7962
73.2315
72.2875
72.5512
72.5578
73.1669
71.6252
70.7126
70.8053
72.2642
73.0275
72.2698
71.9133
71.7641
72.2607
71.8252
73.1259
72.6165
71.8187
71.9223
72.0859
72.1294
71.6256
71.0604
71.6821
72.3808
72.7775
71.7379
72.7662
73.3638
72.8671
72.1646
72.4922
72.4004
72.2972
72.6352
72.9882
73.601
73.0013
74.0416
74.0139
73.229
74.4635
72.9634
73.4508
73.4829
74.0307
73.5784
73.4371
73.8996
73.8117
73.386
72.9912
72.7556
73.2743
73.1941
74.167
74.3171
75.1151
74.2302
74.334
73.1897
72.7241
71.7084
71.6227
71.958
71.7573
71.7947
72.4079
73.0247
73.3054
72.4243
73.0809
71.5553
72.9409
72.1551
72.8489
72.3901
72.8085
71.2369
71.0264
70.9479
71.2049
72.4342
71.8957
71.1433
71.1576
72.8245
72.2073
71.9596
72.5166
71.6654
72.1964
72.1539
71.844
71.2934
71.791
71.393
71.9016
72.1994
72.2036
71.7302
72.6137
72.4988
72.671
73.2388
73.1705
72.965
72.2564
72.1181
72.5956
72.2934
72.506
71.1424
71.4313
72.3977
71.8881
71.9471
72.602
72.2688
72.7946
73.8798
73.5754
73.2469
73.1963
73.3909
72.7971
73.4367
71.9034
71.6437
71.5793
71.846
71.6605
71.7263
72.137
71.8882
71.7356
71.2291
71.9224
72.6233
72.7316
72.9721
72.2284
72.7415
71.9562
72.4822
71.7945
72.4783
72.0489
71.8832
72.3372
72.7325
71.9346
72.2415
72.962
72.707
71.6054
71.6859
70.8395
69.9144
70.4821
72.3783
72.2892
73.1579
74.0903
73.8081
72.1624
72.0487
70.9338
70.9544
71.0185
71.5746
70.9657
71.0996
70.418
70.6284
70.2416
70.0772
70.8376
71.2131
71.625
72.0484
72.5103
72.9842
73.6263
73.1936
71.7924
71.6093
71.8507
71.8105
71.3171
70.7313
71.6126
72.5089
74.3199
72.9291
71.8355
73.5563
72.4533
71.5613
71.5913
71.158
72.0172
73.0057
73.1227
72.0541
72.6445
72.7034
74.626
74.168
73.1249
73.209
73.7287
74.3948
72.4424
73.5456
71.5854
70.335
70.6556
70.5574
70.4624
71.4387
71.506
72.0961
71.1663
70.9834
71.5787
71.5897
70.4646
71.499
72.2852
72.0984
71.6251
71.3253
71.8632
71.5971
71.892
72.0713
72.2374
71.9427
72.4058
71.2953
71.8505
71.9398
72.5313
72.1566
71.2685
71.9767
71.0503
71.6014
71.3584
70.8633
71.2884
70.3566
70.5581
70.1606
70.6204
69.8669
70.4274
70.3625
70.1338
70.0746
70.2347
70.3318
70.0451
71.1568
71.0789
70.7473
70.6058
70.5844
70.6884
70.0882
71.706
71.6104
71.8904
71.3036
72.1063
72.1655
72.23
72.2439
71.9896
71.9215
71.7272
71.5216
71.2997
70.6198
71.2116
70.3204
71.6065
71.118
71.4751
70.5529
69.8846
69.8465
70.401
71.4017
72.0597
73.3241
72.9686
71.2341
71.7926
71.0447
71.8212
72.542
72.4668
72.9011
73.5983
73.4288
72.6203
72.304
71.3685
71.5978
71.4199
71.1292
70.8456
70.5309
70.9327
70.9975
71.2056
70.9194
70.0506
69.545
69.1636
69.1852
70.6673
71.4157
70.3372
71.5435
71.2045
71.7231
71.781
72.7169
70.8414
70.0898
70.9158
70.8514
71.5286
71.6521
71.0945
71.9435
72.8322
73.1521
72.6975
72.8106
71.5379
71.4628
71.3267
72.3004
71.4534
70.6624
70.6752
70.0766
70.8472
71.1295
70.6512
71.0032
70.802
70.7524
71.5228
71.8289
73.5244
71.5907
71.5031
72.3951
72.7177
73.6069
71.649
70.9423
70.95
71.2545
70.8209
70.8712
70.9067
71.555
72.1149
72.2673
71.4643
71.2047
71.0546
70.0048
70.1103
71.5977
71.2647
71.1324
70.4999
69.3183
70.8044
71.0101
69.9716
70.5994
70.7487
71.4287
71.6058
72.1153
71.2226
71.8937
71.2536
70.7961
70.08
71.322
70.655
71.1981
71.0853
70.979
70.0857
70.4771
71.4726
72.1941
72.6498
72.1288
72.6775
71.8113
72.2039
72.1058
72.6841
72.615
71.9998
73.0399
72.3339
72.8347
72.467
72.4116
72.8264
70.931
70.865
70.3704
69.5018
69.7804
71.7961
70.6668
71.4284
73.0712
72.6673
71.7054
71.6409
71.6479
71.8348
71.9158
71.4622
70.4087
69.9452
70.2558
70.2736
71.2306
71.0483
69.9843
70.5138
70.8185
70.512
71.5155
73.0542
71.1817
71.6681
70.6925
70.8429
70.8836
70.889
70.5998
70.7803
70.8973
70.2504
70.344
69.9224
70.9776
71.6888
72.0487
71.0784
71.2526
71.0517
70.5087
71.0556
70.8988
71.6168
72.2733
71.7295
72.2476
71.9373
71.5307
71.1979
71.6461
72.4276
72.3812
71.5559
71.3368
71.5058
71.2194
71.4162
71.9946
71.2866
72.1301
72.73
72.3762
72.1676
72.06
70.9985
70.665
69.7928
70.3726
70.6904
71.7559
72.2112
71.3173
71.4515
71.2083
71.9009
72.331
70.7604
71.5546
71.1677
70.3901
71.0031
70.6083
71.652
72.2623
71.5161
72.2483
72.8006
73.6003
72.0281
72.2829
72.5436
72.7084
72.4292
71.944
71.7274
70.782
70.8834
71.2757
71.9439
72.4485
73.7576
72.8169
73.0745
72.9899
72.9621
72.1683
72.5984
72.211
72.1383
71.7162
72.6191
72.4149
72.4045
71.7731
71.5246
72.0402
72.0018
72.3806
71.5499
71.114
71.4919
71.8547
72.0113
72.8883
72.9501
73.7414
71.932
71.8147
72.978
72.5487
71.3813
71.186
72.122
73.2777
74.1206
73.7512
73.0157
72.4971
71.4174
70.9366
70.8247
71.7798
71.5279
72.4663
71.3915
71.0406
70.7906
71.3026
70.5699
70.436
70.3996
70.2858
70.949
70.6177
71.6286
71.443
71.9144
71.9201
72.4906
73.0594
72.4032
71.5238
71.2832
71.0439
70.6498
71.0053
70.3138
70.7885
72.3727
72.8078
72.0835
71.5285
71.2762
70.3078
71.9854
71.2835
71.5259
70.7034
70.0978
70.767
70.1179
70.3363
70.6513
70.5951
71.9714
70.0496
71.925
71.2706
70.6949
71.8721
71.9373
71.6574
71.3499
72.0745
71.638
72.1445
71.509
72.0881
72.6337
71.9896
71.7394
71.125
70.6419
71.0032
70.8882
71.3692
71.2283
71.286
72.1088
70.8968
70.7884
71.8815
72.2459
71.1363
70.3619
70.3803
70.3172
71.2041
70.3235
71.0036
71.2951
72.4876
71.0815
71.4347
71.9207
72.4201
71.3302
71.4451
72.8171
72.2029
71.904
71.1854
70.5962
70.9668
70.1243
70.5017
70.0583
70.1516
71.1489
71.2458
71.2125
72.2386
72.3957
71.4044
70.8892
70.8101
71.1819
70.4228
71.2791
71.7965
71.6501
71.7639
71.6586
71.3035
70.8302
71.3191
71.3297
70.9438
69.7415
70.237
71.1215
70.4503
71.0621
71.2236
71.1999
70.9649
70.9454
72.0176
71.4101
71.5333
71.6068
71.0032
70.6433
70.2259
69.4619
70.7476
70.91
71.2467
70.8458
71.965
70.8871
70.6983
71.7164
71.8698
71.0421
71.7515
72.185
72.0137
70.8406
71.5941
70.2637
70.3607
71.1865
70.4561
70.6289
70.2678
70.7452
70.5791
69.8532
69.8243
71.4534
71.7236
71.7526
71.7723
71.711
71.9481
71.4533
70.6305
70.4889
70.6532
71.3996
70.4954
70.5507
70.9854
70.8744
69.7455
69.6036
70.8481
71.2223
71.81
71.5903
71.7013
71.4512
70.3344
70.2881
70.9949
71.7001
71.0655
70.6573
71.3086
71.4773
70.6475
71.3473
71.5711
71.2318
70.5665
71.0497
71.4102
71.8519
71.5634
71.7931
73.3451
73.6104
74.1548
74.5919
72.5399
71.7774
70.8716
70.9477
70.5137
70.802
70.1926
70.3889
69.5486
69.7601
68.8465
69.966
70.5322
71.0797
70.7945
71.6591
71.4781
72.9481
71.3725
70.8325
71.7856
71.388
71.7224
71.5807
70.7544
70.5283
69.7497
69.9943
70.8754
72.1878
72.1005
72.2041
71.719
71.1973
71.4504
71.9028
72.2795
71.9264
72.5327
71.0804
70.7684
70.4685
70.0523
70.9753
71.3464
70.5622
70.7681
70.3887
70.9375
71.7784
73.7336
73.8861
74.2386
76.0044
77.2658
78.095
78.0762
80.1501
80.4559
80.3932
81.1521
80.0342
81.6939
80.8369
77.7548
77.2453
77.1808
74.4823
73.5175
71.9816
72.6203
73.0966
71.0978
71.7098
71.0392
70.7907
71.4912
70.7847
70.4199
70.237
69.7209
69.7557
70.3337
70.2048
70.5967
70.0671
71.3037
71.9528
71.1786
69.8367
70.5272
70.0885
69.9287
69.9424
70.0202
69.9109
69.1175
68.6779
69.1394
69.0417
70.0287
71.323
72.147
72.1228
71.3952
71.5447
71.7685
71.3214
71.1705
69.9717
71.1199
69.6322
71.1597
70.0875
69.8546
70.3916
70.4785
71.2642
71.3994
71.007
71.4305
72.1107
72.0403
72.1621
72.0171
70.3344
70.9931
72.4063
71.6886
72.1117
72.353
71.4775
71.9729
72.0048
72.2441
71.3792
70.652
69.5303
69.2619
68.841
70.2811
70.6637
71.5696
72.3628
71.8088
72.1495
70.5427
71.1863
70.0496
70.9566
70.9796
70.7597
71.4224
72.7056
71.7362
70.529
70.2151
70.2107
70.4915
70.2577
70.6563
70.8744
71.7147
72.5117
71.6722
71.9906
71.1154
70.8563
69.7569
69.2134
69.8203
70.1866
69.5221
70.2063
71.2772
70.7247
71.3598
70.7156
71.2541
70.6271
69.6245
69.1328
70.1547
70.7435
70.4992
69.5794
70.1159
70.0511
69.501
70.4031
71.5347
70.272
70.8218
72.3673
71.5363
71.3446
71.0044
72.4178
71.7361
71.3111
70.4625
70.8455
69.9594
69.957
70.2995
69.97
69.9375
69.6406
69.8773
69.0966
70.7175
69.8637
70.5108
69.7459
70.6962
70.8387
72.0399
70.9625
71.4176
72.7914
71.8177
70.8214
70.1856
70.5152
72.2223
71.2485
71.5931
71.0215
71.0253
71.6834
70.9948
71.9584
73.2156
73.3485
70.6624
71.6838
71.5622
71.9385
71.5765
70.517
70.9681
71.0006
70.2456
69.3726
68.9502
70.0273
70.1892
69.9032
71.2821
70.2376
70.0731
69.849
70.2489
70.234
70.8189
70.6777
70.4028
69.4329
69.571
69.7674
70.4671
70.7214
71.7903
71.356
71.8208
72.4862
72.4964
72.2783
72.2891
71.1046
70.5379
69.4667
70.042
70.4883
69.4987
69.8315
69.5846
70.1372
69.5407
70.2123
69.1952
71.1171
71.1181
72.3128
72.535
71.1852
70.5091
70.8864
70.8052
70.4866
70.9169
70.827
71.178
70.5363
70.7852
69.6574
69.9695
70.5007
71.0458
70.6625
70.5807
71.2727
71.276
70.4646
70.737
70.6659
70.8527
70.8648
70.7435
70.769
69.82
70.0013
70.5113
70.6417
70.7595
69.8138
70.4928
72.0965
71.5435
71.629
70.7849
70.9558
70.4616
70.8908
70.0545
70.8849
69.6978
69.822
70.4218
71.2469
70.5946
70.5773
70.3032
71.1895
70.5551
70.7422
70.6735
70.8483
71.1844
70.8213
70.6692
70.7889
71.4148
70.7215
71.1057
71.1764
71.0327
70.5787
69.4306
69.9717
71.1803
71.4321
71.2381
71.456
71.3508
71.2727
71.1007
71.2964
71.1713
70.6731
70.6549
69.8445
71.2367
71.522
71.0356
71.3795
72.0158
71.602
72.6238
72.8944
72.6003
71.3653
71.4007
70.7371
70.8025
71.5397
69.9294
69.613
69.6121
69.3208
69.0409
69.9468
69.0662
69.3391
69.7242
70.1836
70.9668
70.6959
69.7472
70.2893
71.2526
71.0281
71.3087
72.2455
72.4746
72.9629
71.47
71.0514
70.1408
69.6275
71.8565
71.7951
71.9203
70.7035
71.1303
72.0699
71.9028
71.6014
70.9784
71.162
70.0668
70.5374
71.6068
71.6946
72.5617
71.812
71.7362
71.7746
71.9177
71.4876
70.7502
70.8471
72.173
70.0865
70.1146
70.058
69.1439
69.59
70.2762
70.2584
69.7275
70.8799
70.3046
71.3504
71.1875
69.8742
69.2627
69.4953
69.0816
69.7516
70.9375
71.4919
70.7641
70.9254
71.663
71.6668
71.3294
71.775
71.9418
71.2189
71.0536
69.7389
70.5569
70.0745
69.5915
69.2595
69.5132
70.0837
70.5742
70.9255
71.2853
70.3259
70.7267
70.4816
69.935
70.6826
70.7717
70.1512
70.8214
69.5614
68.4174
69.3758
69.0781
70.0559
69.7975
70.2649
71.4664
71.2275
71.6353
72.219
72.2957
70.4224
71.1652
71.3072
70.6067
71.1424
71.3101
71.7981
71.6729
70.2806
71.8347
71.5907
72.39
72.0435
72.1497
72.2207
70.9484
71.673
71.1396
71.5696
70.465
70.2522
70.909
72.6902
72.41
72.1679
70.6821
71.1298
71.1116
70.0845
70.1702
69.8766
70.3461
71.0246
71.388
70.8531
70.0094
70.3056
70.2509
70.9112
71.4216
72.6515
72.9677
72.886
73.1715
71.6881
72.5024
71.3605
70.1526
70.3089
70.8931
70.3457
70.3138
70.5466
70.5919
72.1051
72.7851
71.2122
71.675
70.8904
70.987
70.9269
70.0119
69.5236
69.8484
70.4634
69.5079
70.1667
71.2875
70.3384
70.2634
70.969
71.5352
71.9168
71.1392
70.2173
70.4452
69.8831
71.3522
72.2499
71.6412
70.8737
71.8877
72.0404
71.9028
72.1351
71.839
69.9638
69.5124
70.1085
70.3068
70.3818
70.1905
71.0312
70.9614
70.2041
71.1758
71.5128
71.1841
72.0781
72.1365
71.4242
71.0107
70.4357
71.2657
71.4993
71.1969
70.6352
71.0314
70.0347
69.6389
68.9878
70.2287
70.3516
70.9344
70.3487
69.9322
70.2756
70.3833
70.7394
70.5885
71.2737
70.5656
71.5387
72.1085
71.1971
71.8049
71.5409
71.1171
72.0867
70.4087
71.5048
71.6031
71.849
71.2074
70.5909
70.9969
71.109
71.8969
72.1519
70.9199
71.3025
70.1736
69.4614
69.5547
71.1038
70.5497
69.4407
70.0653
68.8204
69.0423
70.9159
71.3577
71.4706
71.1524
71.6639
71.0049
70.5522
69.7712
71.208
71.3171
71.0633
71.6992
71.2769
71.2319
72.4789
71.7956
72.6861
71.8818
72.2118
72.7337
71.2803
71.2598
71.1146
71.1772
70.4417
69.767
69.6673
69.631
70.0734
69.8762
70.2402
70.8416
69.9193
70.523
71.307
70.1645
70.628
70.5732
70.5794
70.1005
70.6603
70.7117
71.8151
70.2785
71.358
71.066
72.0846
71.3209
72.0129
71.1801
70.1859
70.6602
69.9323
69.8327
69.2779
69.6188
69.8504
70.8321
70.6427
70.1008
69.8258
69.6813
69.4233
69.5862
69.6283
71.4128
71.8146
70.8009
71.8207
72.2295
72.2158
71.9426
71.8328
71.8292
71.6863
70.2193
70.0418
70.8363
72.8542
72.2858
72.2372
71.2981
70.8468
71.5316
71.0531
69.0724
69.7977
70.4553
70.2126
70.8106
70.8708
72.8089
72.2765
71.7445
70.5592
70.1146
69.5768
70.0426
69.1925
70.4516
70.0249
71.0744
71.5295
72.0647
70.4337
72.1717
71.6
70.9486
70.3369
70.0219
70.4383
70.6313
71.1263
70.8973
71.1541
70.8228
70.2686
69.2997
69.5474
70.5122
70.2098
69.52
69.6409
69.8311
70.6681
70.8755
71.4103
70.8504
71.7463
71.5491
71.3582
71.3171
72.6758
73.4948
74.8079
73.6365
72.7321
71.8619
71.4237
70.7151
71.2605
70.4565
70.0197
70.3284
70.9406
71.2798
71.6156
71.965
70.3829
70.6837
70.3636
69.837
70.4077
70.4412
71.2334
70.3535
69.1965
69.6925
70.0395
70.9278
69.9247
69.9737
70.3575
70.9225
71.1652
70.2918
71.0829
71.7343
71.6018
71.276
71.7338
71.9169
70.8593
70.087
69.8964
70.8004
71.2494
71.6347
72.0212
70.6767
71.7785
72.3461
71.665
71.9462
71.6933
69.961
70.5098
70.2883
70.0449
69.8181
69.2503
70.1129
70.8624
71.5842
71.1493
71.5163
71.1226
70.0302
70.249
70.7956
69.9401
69.8871
70.3122
70.7651
71.5126
71.1515
71.0576
70.2974
71.7182
71.1864
70.9508
70.3416
69.1568
69.3841
69.1071
69.3572
70.6441
70.5704
70.0118
70.2611
69.8634
69.7173
70.2703
70.9896
70.7862
70.2555
71.7955
73.0512
73.1971
72.915
71.4448
70.6292
70.2242
71.3322
70.9935
70.059
68.9187
69.8807
69.6194
70.0995
71.0209
71.7586
72.4812
70.6669
71.018
70.7962
70.7584
70.9651
71.4366
71.028
70.7384
69.3927
70.2035
70.789
70.8854
71.1058
69.8147
70.3393
70.2801
70.4733
70.0287
71.7996
71.3185
71.2395
70.5967
70.6821
70.2079
70.1318
70.0859
70.3204
71.4418
70.7999
70.6142
71.3653
70.4302
70.7761
69.5633
69.84
70.7603
71.3635
72.3009
71.6161
71.5549
73.0314
73.3765
72.8356
72.5477
72.9442
72.138
70.5902
70.6953
70.8391
71.5053
71.3983
71.3216
71.1616
70.5011
69.3386
69.9434
69.7515
70.265
71.1558
70.8594
69.9481
70.7041
70.6636
71.1313
71.3653
72.4022
71.9695
71.4789
71.3751
70.8873
70.0911
70.3667
70.8268
70.1403
69.7145
69.7574
69.1323
69.5335
71.4641
70.9918
70.635
71.0798
70.0379
69.8346
70.576
70.7778
70.8492
70.9888
71.2996
71.5946
71.4912
70.84
69.7254
69.3157
69.3394
69.9667
71.6622
70.6354
70.3681
70.5604
71.2721
71.3962
71.053
71.2536
70.5276
70.8367
70.9158
70.7513
70.402
70.9407
71.3017
72.2054
71.8198
70.552
69.9801
70.0503
71.102
71.5513
71.3293
71.3307
71.4494
71.7187
72.175
70.618
71.0857
71.0786
72.2716
73.2521
74.637
73.2296
72.957
72.1637
71.0408
70.6626
69.9989
70.8922
70.5054
71.2755
71.1292
70.7245
70.6763
71.0561
70.871
70.9403
70.306
70.0897
70.0168
70.6754
70.8468
71.3661
71.4581
70.0984
69.3757
70.1856
70.3545
71.0743
70.2302
70.4102
70.6294
70.904
70.2659
69.5816
69.9164
69.5173
70.8917
70.0829
69.9148
70.688
70.5007
69.761
69.2871
70.1649
69.4099
69.5179
70.3195
70.4312
71.3415
71.9449
70.5369
70.8155
71.5047
72.7095
70.9999
71.2526
70.9274
71.2502
70.8172
70.1419
69.6566
69.0984
70.3523
70.5056
70.2996
70.8433
71.3849
71.3011
70.2088
70.906
71.5401
71.3572
70.8343
71.1848
71.0978
71.3412
70.802
71.0874
71.8471
72.5933
73.3152
74.5848
72.1245
70.6551
70.716
70.8571
71.1354
70.3659
70.3573
70.087
70.729
71.2032
69.785
69.4778
69.6979
69.7304
69.5091
69.299
69.459
71.1295
70.9349
69.8396
70.353
70.2473
70.5326
71.6605
71.2598
70.5427
70.2462
69.9694
69.8509
69.8689
70.3391
70.0903
70.4884
71.3761
71.4372
71.475
71.9372
72.7004
71.9158
72.3649
71.423
70.6574
70.7805
70.6601
70.2064
69.5491
69.0579
68.8648
69.3759
69.5063
70.6084
71.0783
71.2194
70.6076
71.0944
70.2215
70.5935
68.9759
70.1765
70.1286
70.642
71.3211
70.5504
69.5728
70.8358
71.3213
69.4022
69.7011
69.9305
69.6929
70.8488
70.9121
71.3178
70.7099
69.5537
69.307
69.5828
70.4391
70.9183
71.1028
71.4014
72.6103
73.643
72.6013
71.2803
71.0359
72.0826
72.1991
70.648
70.2872
70.2789
70.9458
69.8909
69.4923
70.6329
71.0162
70.3053
71.4304
71.3015
70.6372
70.7636
71.1519
70.5952
70.6204
70.7093
70.4807
70.1428
70.2817
70.0091
70.6598
71.3573
70.4156
71.0952
71.1604
71.6523
71.5825
72.613
71.956
72.7186
70.9529
71.2366
70.474
70
70.7245
70.2263
71.0063
70.6818
71.1469
70.8753
70.0381
71.0942
71.252
70.7241
70.6411
69.7383
70.4709
71.0171
70.3066
71.4449
70.5818
70.6367
71.174
71.115
70.3766
71.6556
72.0119
71.4825
71.6486
70.6756
69.8774
72.1837
71.6177
72.1698
71.9266
71.5506
71.8855
71.5352
71.8924
71.8087
70.8729
69.4125
69.1905
69.8663
71.9342
71.2724
69.9432
69.374
69.9891
69.5928
69.5873
70.3186
69.3373
68.8472
70.358
71.4354
72.3534
73.0437
71.3231
71.0161
70.391
70.8962
70.8315
71.1652
70.5275
70.9579
72.1593
71.5473
71.4358
70.8193
71.0324
71.526
70.2214
70.9449
70.6369
71.4247
71.1971
70.4347
70.815
72.4415
72.1503
70.8314
71.1909
71.6473
70.3998
70.1663
70.352
70.5756
71.3069
70.9854
70.1196
69.278
70.7193
70.7221
71.5611
70.6143
70.3484
70.7188
71.6735
70.9995
72.0329
72.5052
71.8475
70.621
70.9497
70.3751
69.8034
69.8455
70.3239
69.1625
69.4972
69.5848
69.3455
69.6143
69.199
69.8704
71.2591
70.8179
71.6134
70.6185
71.0407
71.7485
71.6224
71.5343
72.1264
72.4844
72.0487
73.2806
73.3851
73.0938
73.0341
72.8517
70.8897
71.4836
70.7535
70.6864
69.8104
70.6073
68.8594
69.6639
69.8371
70.0595
70.7686
72.2384
70.6925
69.9035
69.8066
70.8505
71.367
70.6599
71.0878
70.6124
69.0555
69.6513
70.5836
69.3192
69.6368
70.1733
71.0036
71.3591
70.5707
71.5349
71.492
71.1731
70.8045
71.1262
72.2975
72.1716
73.2883
71.9927
71.774
71.8632
72.14
71.0181
70.711
71.0616
71.1761
70.1805
70.7215
69.2022
69.8066
70.3041
70.4346
72.035
70.9834
71.9339
71.6329
70.9652
70.3714
71.8319
72.7545
72.6501
71.3304
70.2726
70.3368
69.0461
69.1086
69.2982
69.9241
69.4256
69.1269
68.8013
69.9496
69.6612
70.3165
70.9376
70.8759
71.6469
70.5344
71.086
70.244
70.898
71.2304
70.4232
71.3725
71.4317
71.5047
70.8699
70.6496
70.3347
70.4266
69.8622
71.0366
71.4108
70.8085
70.2083
70.4152
69.6966
69.4987
70.2734
69.7966
69.471
70.0932
71.1897
70.7065
71.0997
70.4082
70.4449
69.9227
69.302
69.7216
70.1255
71.6867
71.7781
70.4445
70.2863
71.4016
69.8841
69.691
70.0529
71.5674
72.3702
71.4141
69.8705
70.1695
69.3495
69.7039
69.9448
70.9353
70.1771
70.3243
69.9204
70.8382
71.0678
70.6746
71.0618
70.9849
70.558
69.835
69.8976
70.1371
70.4055
69.6951
69.7365
70.3425
70.9727
70.7281
70.9056
71.1724
72.8036
71.379
71.3916
70.1334
69.6898
69.8779
71.2522
71.6398
71.283
71.6908
70.6726
70.8323
71.3547
71.5473
69.829
71.1313
71.5614
71.2577
71.0881
71.4686
72.3623
72.0658
70.5675
70.5004
70.5217
70.6152
72.3109
72.1654
71.9139
71.7216
73.2505
73.1575
71.2069
71.3196
70.2251
70.3407
70.8173
72.3474
71.0493
71.3621
71.4118
71.2076
70.4592
71.8696
72.41
71.6122
71.7931
71.1863
71.1924
71.2861
70.1722
71.5079
70.8161
70.8146
70.8533
70.2805
70.6698
71.2482
71.6745
71.312
71.6409
71.3304
71.3599
70.9856
70.6183
70.8346
71.7574
73.8712
74.7284
75.3421
76.239
76.865
78.0657
77.5993
78.3183
78.6451
78.9211
78.0567
75.6902
74.1024
72.2996
73.9391
73.5785
71.333
70.1328
70.145
70.4754
68.363
69.1595
70.94
71.1384
71.3974
71.39
72.4461
73.1512
73.9519
76.4359
76.6792
77.3173
77.7492
77.2235
79.0583
78.2542
77.238
77.1753
76.8069
76.643
74.3869
72.5684
72.496
71.2903
70.5568
69.8152
69.9826
70.9072
69.0009
69.8874
69.6356
69.7313
68.6172
69.2546
70.8125
70.0991
70.4992
70.7473
70.0663
70.3177
70.0296
70.8144
70.8893
71.9245
70.933
71.0005
70.4489
69.8872
68.687
69.3446
69.8923
69.4266
68.4044
68.9921
69.4431
69.6029
69.9932
69.8743
70.0906
71.0883
71.0429
69.7668
69.9973
69.9924
69.8545
70.3283
71.1759
71.0419
69.6127
70.29
70.3269
70.0789
70.8103
70.6926
69.9769
71.8547
70.4837
70.5676
69.6222
69.8234
71.1513
70.1823
70.7635
71.4338
70.9111
70.6027
71.3338
71.7655
71.5043
71.7705
71.9545
70.4342
71.0862
69.9467
70.7163
70.6952
70.1518
69.8996
70.5341
70.506
70.2599
69.031
68.738
70.3253
69.3761
69.6443
69.1391
70.1064
69.2848
68.8426
69.8608
70.6116
69.8843
69.6202
69.9285
70.3722
71.2696
69.4866
69.914
69.9482
69.5246
70.3244
70.7148
70.6463
69.7512
70.0844
70.3789
71.0437
71.0554
70.7892
69.868
69.3647
69.3348
69.7344
69.4185
70.1005
71.0798
71.3828
70.1112
69.4796
70.1533
70.4145
70.8354
71.0321
69.3275
69.2805
68.7484
68.5933
69.6467
70.8413
70.3373
69.7664
68.7557
69.6272
69.8054
70.3941
70.0889
69.5379
70.3907
70.3469
70.6662
70.5289
70.1273
69.469
69.4606
70.6213
70.5086
69.2899
69.278
68.8766
68.8962
69.1257
68.8686
68.5866
69.3726
70.1225
69.4784
70.0018
70.0662
69.5881
70.5749
71.0297
71.1384
71.5891
71.278
69.2145
69.5425
69.3116
70.1532
69.5442
70.0423
69.4029
68.6112
68.5073
69.4203
70.2465
71.1295
71.167
69.9718
69.6798
69.6936
68.4927
69.1279
69.7553
69.7657
69.6631
68.9412
68.8826
69.563
69.8216
70.0323
69.657
70.1107
70.7706
70.7188
69.8922
70.4436
70.5244
70.554
70.5801
69.7338
70.9013
70.1398
70.6536
71.3016
71.4142
70.662
71.2749
70.9407
69.8998
69.9376
69.9252
70.3754
70.6443
68.9295
69.0393
69.2802
69.2449
68.4442
68.9436
69.6954
69.7282
70.3811
69.7334
70.6058
70.7578
69.3838
69.5477
69.9707
70.1827
70.341
69.8725
69.481
68.6747
70.3344
69.4013
69.641
69.0303
69.4775
69.0542
68.7438
69.2333
68.8778
68.9079
68.5167
68.8029
69.3758
69.854
70.4077
70.3773
71.3957
72.48
72.1926
72.7897
71.4459
71.0166
70.5791
70.9057
71.6181
71.0056
72.7211
72.1781
71.405
69.8456
70.5675
70.8755
70.8098
70.2552
70.8383
71.3642
70.4898
69.6555
69.2911
69.5261
69.466
69.8223
69.9488
69.6161
70.9865
70.1162
69.5559
70.347
70.1795
70.057
70.484
69.1927
68.9089
68.8244
68.1184
68.6198
70.1
69.4346
69.0988
68.1624
68.4245
68.7547
69.8099
70.4437
70.034
70.2723
69.9149
70.7505
70.2121
70.0834
70.7919
71.6078
71.1675
71.6576
71.8562
69.414
69.8862
69.4489
68.7964
68.7818
69.4024
69.4085
69.4086
70.0305
70.5017
70.4377
71.1377
70.8944
69.8687
69.5196
70.9498
71.2117
70.7877
70.9141
69.9693
69.4614
69.4366
68.8327
69.1687
70.1695
70.9512
69.4307
69.8269
69.8999
69.5837
69.7868
69.0326
69.2847
69.8405
69.9156
69.6799
70.0186
70.0498
69.7266
69.2482
69.6849
69.3238
69.9869
69.7592
70.4735
69.3698
68.7675
69.5072
69.1007
69.0531
69.0553
69.2315
69.4408
69.5164
69.9267
70.1767
69.8814
68.9412
69.1219
68.2364
67.5676
67.766
68.4489
69.0134
69.3674
70.8541
71.3427
72.8391
72.6652
71.8474
70.8802
69.9248
70.853
70.5966
69.4093
70.3566
70.7403
70.1223
70.4896
69.8314
69.2884
70.539
70.5028
70.5532
69.1128
69.0192
69.9625
69.8009
69.9747
69.9352
69.8417
70.5775
71.8644
72.1346
71.9789
70.6296
70.2771
69.9701
70.2445
70.117
69.6662
70.0738
68.988
69.001
69.3744
70.0034
69.3121
68.7052
69.4512
70.5011
70.7993
70.4378
70.1052
71.1555
71.5293
71.0261
71.3901
70.6233
70.901
70.2013
70.2555
70.3085
68.7157
69.5154
69.4432
68.6547
69.3385
69.3996
68.8899
68.7803
69.4384
69.8113
70.6244
69.6119
70.6365
71.8672
70.1756
69.4596
68.8952
68.754
68.5124
69.5456
69.2784
69.9828
69.4553
69.8819
69.3137
70.6581
71.8447
72.2396
72.0477
70.978
71.4285
71.1525
71.5562
70.1275
71.4912
70.4227
70.675
70.6099
70.3037
69.7266
69.1325
68.4316
69.8606
68.6024
69.8873
70.8462
70.912
70.5637
69.1152
69.2449
69.4934
69.938
70.0015
70.0869
70.1832
70.6884
70.5429
70.8754
70.5812
71.2787
71.0542
71.186
70.798
71.7548
73.1798
71.4367
70.2883
70.8429
71.3448
71.1419
70.1794
69.936
70.2544
69.2293
69.4293
70.7683
70.229
71.0493
70.7554
69.1964
69.5649
69.4527
69.7801
70.0224
69.9343
70.4215
70.3654
69.8575
69.4718
70.13
69.7208
69.6707
69.7586
69.1069
69.8616
69.382
69.5248
69.9355
71.1597
70.0267
69.1737
69.344
69.92
68.9658
69.7179
70.0865
70.5265
70.8688
69.6226
69.9696
70.708
70.5818
70.9594
71.1142
70.2736
69.1934
69.8239
70.2801
70.8981
71.0117
70.7762
70.7533
70.7168
70.7212
70.3246
72.3127
71.0085
70.2621
69.8101
69.1101
68.285
69.4456
69.3205
69.6388
69.875
70.5003
70.6612
71.2658
70.1276
70.2559
70.9531
70.3958
70.355
71.0345
71.316
71.5953
70.9658
70.6311
70.3626
70.8902
69.7204
69.7559
70.2827
69.7893
70.0875
69.668
69.1386
70.1212
70.4994
69.9995
69.2391
68.3019
69.2432
69.2428
68.9895
68.6201
68.6625
69.6055
70.3036
69.8067
69.6811
69.6443
69.0551
69.3284
68.7616
69.2552
69.931
70.1745
71.0958
70.8175
70.9788
69.3698
69.3629
69.5555
69.5185
70.7421
69.6059
70.3398
70.651
71.5338
71.774
69.9812
70.1307
70.1117
68.7604
69.4118
69.7284
69.6477
69.6544
69.1626
69.2432
68.5095
68.5677
69.0659
69.233
69.4393
69.2986
68.9154
69.031
69.5711
69.2703
69.5166
69.781
70.2653
71.4596
72.2661
73.0333
73.2756
71.3781
72.3425
71.2715
70.9431
70.694
71.0614
70.7204
69.0971
69.6098
69.4003
68.7926
68.0283
67.8133
68.8135
69.5821
69.4605
69.0291
68.3497
69.2038
68.2832
69.4199
70.163
70.406
69.2114
68.9889
69.5798
69.485
69.0997
70.0107
69.437
70.1511
70.0278
68.5933
69.0557
68.0468
68.3898
69.5657
69.0933
69.9973
68.9318
69.0029
69.3302
68.9208
69.2492
69.9034
69.6985
69.2838
69.3941
70.5336
70.2168
69.6172
69.8581
69.2584
68.7825
68.8093
69.0614
69.6927
69.2318
68.9653
68.6248
69.167
68.2972
68.3536
68.5914
69.5633
69.9286
69.1257
70.1416
69.6932
69.9797
70.0859
70.4236
71.6074
71.3205
70.4643
70.6333
70.8155
70.6376
70.9222
71.3555
70.4343
70.2723
70.2448
70.545
69.7302
69.5302
70.2939
69.6623
70.1316
68.7917
68.2609
68.2165
68.4693
68.3757
69.2405
70.3044
69.7393
69.7445
69.4975
69.6088
69.3413
68.998
68.2127
68.336
68.6306
68.8462
70.8732
69.5916
69.0721
68.8539
68.321
68.9594
68.7159
69.1252
69.7232
70.4395
70.065
69.0679
69.7274
70.4548
69.6112
69.3822
70.0442
68.6991
68.3585
68.4429
69.3419
68.9945
70.0812
69.5436
70.2387
70.7399
70.4514
70.6055
70.958
70.9265
71.2504
70.3273
70.1178
70.2323
69.9017
70.1865
68.8537
69.8431
69.6246
70.1181
69.4709
69.0211
70.346
69.8116
70.3779
70.4254
70.8284
71.6745
71.7721
71.8234
71.4162
70.6295
70.0101
71.5261
70.8707
70.9498
71.0876
70.0135
70.3572
70.7088
69.9142
70.4632
71.2014
70.559
69.6413
70.3348
69.7318
68.1692
68.5805
70.2292
69.9104
70.7627
69.559
70.4369
69.6294
69.9808
69.0826
69.5426
69.6526
69.6936
70.7849
71.3764
71.963
71.1558
71.2891
70.6099
70.7244
70.0765
69.3235
68.8318
69.655
70.3103
70.3692
69.822
69.4407
68.049
68.393
68.3593
68.9335
68.6884
68.9109
70.5353
69.3878
69.5025
70.5126
70.6332
71.4185
70.6043
70.6694
70.7063
69.6025
70.2261
69.2936
69.8687
69.881
70.1287
69.9682
70.8526
69.9853
68.685
69.3521
70.515
69.5526
69.604
69.9361
70.0298
68.4022
68.6971
70.1312
70.5719
69.755
69.5799
69.3911
69.7467
70.6135
69.7226
70.2416
69.6023
69.3495
69.2453
69.6176
68.934
69.6614
70.3084
70.329
70.453
70.5266
70.889
69.5548
70.734
72.1206
71.6668
71.2002
70.1661
70.1575
70.1855
70.7866
69.7807
69.2182
70.3426
69.0837
69.1226
69.4168
70.0153
70.8998
70.1997
70.6659
70.3674
70.0464
69.0626
69.7161
69.8217
70.7996
71.6238
70.4754
70.4659
70.7298
71.0315
70.0514
70.5696
69.7778
69.7369
70.5393
70.3582
70.3968
70.5928
70.7615
70.6381
69.8943
70.7255
71.0514
70.6596
70.6126
70.634
70.2387
71.0391
70.3745
70.2035
70.6189
68.9587
69.2288
69.279
69.7094
69.0806
68.2202
68.986
68.7998
68.9135
68.1781
68.5138
69.2272
69.7214
70.3018
70.7008
70.3526
70.8634
68.9064
69.4986
71.6685
71.7076
72.0391
71.2846
69.2112
69.2824
69.5223
70.4904
70.4857
69.1214
69.512
69.4429
68.4673
69.0859
69.5956
69.7566
68.7896
68.4851
69.2254
69.8638
69.4451
70.2819
70.3436
69.5523
69.2838
69.9192
70.7081
71.3038
71.7674
73.1448
72.899
72.1855
72.5166
71.0876
71.0348
69.6383
69.2626
70.4357
70.7198
71.1227
71.1329
70.5704
70.8452
70.8412
70.8689
70.2535
70.3012
69.8244
69.8385
69.843
69.1422
69.7668
69.7294
69.4397
69.1509
68.5529
68.4259
68.4707
68.2469
69.0944
70.4373
71.7224
71.2597
71.0276
70.9492
71.2078
69.9248
69.246
69.5723
69.3919
69.0316
69.2531
69.3356
69.1687
69.5053
69.2063
69.3953
69.3238
70.2898
69.5379
68.7409
69.0704
69.8545
70.1818
70.5795
70.6997
70.7644
71.7001
72.0005
71.8419
71.621
71.1459
70.2906
70.4119
69.8502
69.9027
69.395
69.3239
70.545
69.7869
69.1328
69.551
69.5918
69.8033
69.9965
69.6477
68.5923
70.2477
71.1697
70.6512
70.7257
70.5478
70.2965
70.9983
70.8434
71.0292
70.3828
70.2222
69.8903
70.1181
70.5618
71.2148
70.8087
70.4139
70.2566
69.7561
70.6431
69.8181
70.3218
69.0299
68.8414
69.1647
69.2276
68.7236
69.0925
69.5215
69.549
69.6325
71.0751
70.2474
70.5491
70.1359
70.4328
70.2467
69.5888
69.0822
69.2006
68.5345
68.4581
68.6639
68.8802
68.8746
70.1141
70.0732
70.8207
72.0838
70.6803
71.3317
71.6755
72.2779
71.4096
70.7059
71.0777
70.8305
70.7609
69.3921
70.4367
69.4968
68.4723
69.081
69.7897
69.7692
69.6499
70.3766
70.296
70.1747
69.9386
70.9758
71.4487
71.8634
71.5679
71.3886
70.4215
69.5875
69.1868
68.9847
69.7816
70.164
69.8066
70.7541
70.9305
70.2579
69.823
69.6506
68.6998
69.0859
68.9597
69.2379
69.4811
70.1761
68.809
68.9488
69.5488
69.5677
70.282
69.4223
69.648
69.5982
69.1682
69.3502
69.6421
69.1817
69.4624
69.2045
69.1573
69.1584
70.5361
70.7616
71.2743
70.6048
69.9448
69.942
70.6071
71.6182
70.63
69.7556
70.6053
70.9115
70.5596
70.1767
69.4287
70.3664
69.3435
70.8585
71.1357
70.8295
70.2779
71.0666
69.936
69.4487
70.0446
70.5183
69.7702
69.724
69.2682
69.8583
69.2355
70.4187
69.6556
70.1141
70.0636
69.4112
69.827
70.6108
71.6116
69.8136
69.4447
69.7781
69.9081
71.0358
69.9716
69.4153
69.1578
68.7851
69.3855
69.0536
69.6365
69.8868
70.1308
71.4162
70.3637
70.4989
70.4022
69.6033
69.61
68.8893
68.3351
68.4436
69.145
69.1731
69.9959
69.5345
69.2821
68.7596
69.514
69.9769
69.3412
69.6292
69.0663
67.9437
68.6138
68.2966
68.9177
69.4762
69.453
69.1279
69.4539
70.3804
68.8796
69.6199
70.3043
69.5308
70.0038
69.1253
69.2563
70.0271
68.9943
68.4219
69.5938
69.2485
68.7115
69.6045
71.072
71.5694
70.4656
69.7993
70.4193
70.2471
69.8242
70.2621
69.3206
70.0968
70.6132
70.6533
70.281
70.4458
69.7156
68.5546
68.69
68.8719
68.2373
68.7908
69.8811
68.6317
69.6704
70.1494
70.3428
70.4752
69.7579
69.8901
69.3175
69.984
69.0823
69.0849
69.9223
69.6541
70.68
69.5509
69.2699
69.318
70.3189
68.6146
69.1949
69.0139
69.1583
69.5503
69.1756
68.9147
70.0743
69.0254
69.1516
68.5645
70.0215
69.666
69.9774
69.0403
69.2298
69.2824
70.6583
69.9821
69.4893
70.1255
70.0434
70.0829
69.6844
68.6505
68.7857
69.3149
69.6939
70.0712
70.295
70.6752
70.4473
70.9319
71.1053
70.3212
70.6219
71.391
71.2274
70.8244
70.0862
69.1093
69.9179
69.3605
67.9922
68.6137
68.976
69.6861
69.5508
68.5142
68.8904
69.3326
69.5696
70.4782
70.6071
70.6244
70.7271
69.4356
70.1265
71.5409
70.6986
71.0764
70.713
69.5859
69.7162
69.1072
69.7223
70.5707
69.8569
69.4238
70.2455
69.818
69.3795
68.393
68.661
69.1777
70.7404
69.7336
70.3804
69.4828
68.383
69.3149
69.1034
69.227
69.5341
70.2285
70.9881
70.0152
69.8151
68.8048
68.6904
70.6095
70.656
70.2655
69.6354
69.4134
70.0291
68.9119
68.3054
69.2753
69.6504
69.3076
70.2122
70.3449
70.018
70.621
69.3342
70.6567
70.6777
69.9103
69.1841
69.4734
69.8588
71.1986
72.2168
71.115
70.5948
70.506
70.9703
70.4421
70.083
70.3174
69.9996
68.9988
68.7253
69.8771
69.7498
70.6715
69.5474
69.8017
70.2005
68.8992
69.0035
68.8565
69.2817
70.1681
70.6574
69.929
70.5965
69.783
69.6156
69.4547
68.5668
68.2035
69.425
69.054
69.09
68.9555
69.362
70.5775
71.1632
71.3949
72.3116
71.3125
70.8957
69.9296
68.9392
68.831
68.9895
68.4303
68.7151
68.9951
69.4765
70.1914
70.7143
70.7841
70.01
71.5999
71.7736
72.0687
71.359
72.3978
72.2933
71.9328
71.9526
70.8322
71.2042
71.1426
71.1719
69.381
69.8826
69.0904
69.8821
69.2375
69.725
69.9687
70.7304
70.8887
70.2815
71.1386
69.6866
69.0831
69.1196
68.9946
68.8998
69.7455
70.2521
70.1509
68.6094
69.2368
68.9751
70.6321
69.4661
69.0664
68.8989
70.2398
69.5015
69.9948
70.724
70.2723
69.0771
69.7066
69.5799
69.5901
68.9537
68.1706
67.6336
68.3894
68.8563
69.3621
69.0297
69.8093
70.1181
70.3432
70.0634
68.9046
68.1962
69.3102
69.8742
70.236
70.0246
70.3826
69.8989
69.5626
68.8513
68.752
68.6873
69.8283
70.0738
70.43
69.8392
70.2361
70.0405
69.9049
69.4565
68.6232
68.1412
68.985
70.0128
70.6668
71.4586
72.4456
72.0789
72.2962
72.6352
71.9186
71.226
69.9018
69.1697
70.6213
70.3137
70.0053
70.0444
70.1661
70.2936
70.0859
71.1125
70.4336
71.1287
70.7037
70.6954
70.1704
69.5812
71.1113
70.3617
69.6793
70.3625
70.6286
70.4468
69.6678
69.2247
69.8916
69.2189
69.7153
69.7881
70.422
70.1543
70.6229
70.7369
71.0914
71.258
71.9583
71.5511
70.7135
70.2
71.0243
70.1019
70.6302
69.24
68.9741
68.614
69.0734
69.3717
69.2971
69.0217
68.9079
68.7381
69.8651
68.1068
69.1706
68.7073
68.5135
69.1243
69.259
69.1484
69.084
69.533
68.8893
68.6861
68.8279
69.2912
68.2386
67.3705
68.9557
69.2321
69.9319
70.107
69.9495
69.2641
68.6018
68.9731
68.4225
68.1324
68.3126
68.8409
68.5182
68.8891
68.8399
69.1264
69.4267
69.9693
69.9164
70.2357
69.3069
69.6328
70.0661
69.0369
69.9961
69.3968
67.8384
68.4682
69.6654
69.5838
69.0375
70.0498
69.6806
69.9403
69.8188
69.5623
69.7644
69.6068
69.8587
69.7231
69.3533
69.7125
69.2419
69.8644
69.175
69.1471
69.2959
68.5918
69.5867
70.6787
70.2315
71.387
71.9939
71.8762
70.709
69.7753
70.399
70.4338
69.3125
68.5796
68.3571
68.6168
67.8031
68.2927
69.4916
68.69
68.4127
68.1178
67.2686
67.4638
68.7362
69.3758
69.344
69.6831
69.7447
70.3568
70.9261
71.8167
72.0337
72.4959
71.8686
71.6
71.7138
71.4735
69.2448
68.9068
69.0165
70.2999
70.5408
71.4049
70.0355
69.9492
69.2152
69.0965
69.5376
70.0085
69.3201
68.6872
68.4855
68.0405
68.1007
67.9893
67.977
68.0778
68.5825
68.4439
68.2477
69.2768
69.2616
68.9677
69.3911
70.0798
69.9708
68.8075
69.4545
69.6878
69.9756
70.2184
69.2987
69.7929
70.1458
70.443
70.4507
69.4064
68.3244
69.2163
68.66
68.1967
68.0978
68.9887
69.6833
69.9073
69.9774
70.4059
69.7055
69.5722
69.1856
68.8544
69.7261
68.7534
68.6992
68.6273
69.6758
69.9852
69.3318
70.0837
70.0272
70.8649
70.6957
70.8217
70.6664
69.5986
70.3873
70.788
70.5607
69.8321
70.1242
69.6853
70.2206
69.7218
69.46
69.5248
70.3967
70.1734
70.1589
68.4003
68.5895
68.1891
67.9014
68.5596
68.4266
68.5662
69.5828
69.0716
69.6473
70.3393
69.6425
70.2478
71.0511
69.8957
70.7247
70.0309
69.6574
69.3462
69.6257
69.1387
69.6308
70.7777
69.7751
69.871
70.3089
68.8417
69.1647
69.8241
70.7448
70.309
71.0134
70.882
71.3757
72.1409
71.7876
70.2869
69.2136
69.4604
69.6779
69.6791
69.6576
69.065
70.5569
70.5602
70.1239
70.0382
68.7013
68.1257
68.5554
68.0103
68.2565
68.917
68.875
68.9882
69.7825
68.885
68.6936
68.5398
69.639
70.1388
69.2474
69.5392
69.9994
69.8011
69.4982
70.0314
69.7766
69.3882
69.3499
70.0693
69.2016
69.9479
70.1057
69.5881
67.8174
68.9815
69.2908
69.6788
70.0037
70.7869
70.5409
69.8674
68.7943
70.095
70.1585
68.7561
68.8221
69.945
69.3742
70.5188
69.7916
69.8654
70.3665
70.0001
69.962
69.4233
69.3311
69.4383
69.186
68.6754
68.5724
68.854
69.5909
68.9315
69.118
69.488
70.4606
70.7787
70.3998
70.7688
70.4255
70.8119
69.8148
69.2577
70.9388
70.5004
70.6925
69.7031
70.0597
69.9457
69.1131
67.634
67.4987
69.0271
68.8902
68.6762
68.8624
68.6323
69.7182
70.2599
70.4991
71.4153
71.5753
70.7625
70.7213
71.07
71.7044
70.6985
69.7544
70.0233
69.7199
69.0009
70.1746
69.7916
70.054
70.3978
70.646
71.7732
72.7266
71.0481
70.5171
70.6795
71.4759
70.844
70.4881
70.0609
70.2587
70.8361
69.7277
69.2865
69.7554
69.9521
69.6798
69.9556
68.4803
68.2989
68.119
68.4762
69.387
69.3903
69.1444
69.2816
69.9504
69.356
68.7039
69.192
69.3924
69.8762
70.9323
70.9423
69.8538
70.0393
69.892
70.4998
70.7393
70.9362
70.9189
70.9182
70.3579
70.7225
70.0859
69.5096
70.5305
70.5825
70.0476
69.0368
69.2716
69.9408
70.6502
70.53
70.1772
70.3423
70.1195
69.8862
69.8281
69.7403
69.7101
69.6817
70.5663
70.5665
69.6325
70.3563
69.5732
70.6138
70.3132
69.7323
70.4058
70.5594
70.2666
69.9198
68.3303
66.8852
67.9188
68.1686
68.2573
67.5538
68.6826
68.4176
69.3223
70.7393
70.7488
69.9673
68.4305
68.7161
68.7658
68.8468
69.0331
70.2331
69.1535
70.4567
70.4322
69.6577
69.3531
69.5034
69.5463
69.7377
68.9079
68.289
69.0922
68.3441
68.249
68.4089
69.2562
68.2568
68.6773
68.1577
68.6634
68.3497
69.1576
69.2269
69.4748
70.6921
70.4309
69.8759
69.8856
70.3658
68.8383
68.7252
69.6465
69.2052
69.3219
68.8901
68.9424
68.2275
67.7703
68.3284
67.9968
68.1947
68.0941
68.3474
69.0445
68.5554
68.6619
69.1784
68.9034
69.9171
68.981
69.6136
70.2473
69.8149
70.2091
69.4366
69.482
68.9286
68.4157
68.8573
70.7794
70.4445
70.1675
71.0708
70.0189
69.0423
68.9619
68.7896
68.9359
68.23
69.5037
69.5465
68.0086
69.2342
68.1607
68.3586
68.5369
70.5858
70.2745
70.857
70.4943
70.8554
71.0681
70.4199
70.4512
71.1942
70.5392
69.7902
70.5005
70.2559
70.0388
70.5903
71.2923
70.4728
71.0442
70.1819
69.4649
69.5755
69.9614
69.7556
69.9816
68.9601
68.6245
69.0362
69.1974
68.5637
68.3438
68.4624
69.4731
69.7991
69.724
68.7035
67.7247
67.1912
67.9807
68.2252
68.9274
69.0556
69.2505
70.2624
69.1879
69.3425
69.1607
69.7646
69.7428
69.8811
69.9753
70.6092
68.9661
68.7305
68.4569
68.3454
68.6964
69.3787
70.4537
70.1444
70.4111
69.7607
69.3994
70.051
71.0961
70.4815
69.8309
69.4654
69.7492
70.3637
71.1002
71.0652
69.873
70.2035
69.1756
69.8007
70.4337
70.6067
72.1259
72.6264
71.3468
71.7056
71.2707
71.5301
71.3877
70.762
70.4773
70.5804
70.328
70.3324
70.0038
69.532
70.2443
71.0675
69.9947
70.5927
70.3077
69.947
70.197
68.197
69.5636
69.3863
68.7535
69.1268
69.0987
69.1179
69.2248
68.7901
69.5335
69.8808
69.6619
70.2145
68.809
68.3268
68.4767
69.1975
68.6031
69.6637
69.943
69.4528
68.6064
69.3545
69.3822
69.3993
69.3255
69.0953
69.0795
68.5155
70.1861
70.3001
69.4363
69.0897
68.6873
69.2987
69.6871
69.9665
70.1047
70.251
69.8681
70.206
70.0014
69.7799
71.4646
72.0816
71.342
71.9985
71.7463
71.3344
71.0078
70.945
69.3671
70.2325
69.6215
70.0042
69.2855
69.655
70.8231
71.0087
71.3959
71.1924
71.2147
72.4831
72.9206
72.6924
70.6364
69.9114
70.011
69.783
70.0961
69.4544
68.5011
68.7677
68.4845
68.5444
68.2146
68.6155
68.0933
68.5045
70.5362
70.7584
70.946
70.5712
70.4764
70.5657
70.5444
70.1394
69.8901
69.1773
70.4244
70.5618
69.3235
69.5054
70.5323
69.8499
68.7595
68.2514
68.5795
68.8699
69.1666
68.5694
68.3414
68.4117
69.501
69.4903
70.2717
69.5852
69.1443
69.5551
69.043
69.4568
67.5513
70.0968
71.4566
70.712
70.6826
70.4624
70.0976
70.1785
69.8501
69.4957
69.9399
68.9222
69.084
70.1203
70.204
69.5426
70.7566
71.6301
70.8633
69.8839
69.061
69.4913
69.5362
70.8203
70.031
69.8025
70.5216
70.1666
70.2604
70.0842
70.9041
70.8355
70.3434
70.11
69.8776
70.5453
71.2646
71.939
72.1287
72.1518
71.3637
71.7597
72.0497
71.3334
70.0407
70.695
70.4774
70.5827
70.3377
69.9507
69.186
68.7038
68.62
68.8903
69.4397
70.0543
70.2916
69.0249
69.5218
68.7402
69.8583
69.1199
70.4233
70.0503
69.8978
70.3667
69.0137
69.364
68.6012
69.0344
68.7573
69.4344
69.9488
68.2586
68.7395
69.0077
69.3919
69.8017
70.0254
70.4264
70.8173
69.5819
69.822
68.5469
68.4238
69.7666
69.9802
68.7919
68.6333
70.2083
69.119
69.9009
68.4996
68.587
68.2456
68.9083
68.5562
68.0267
68.5511
69.5893
69.3846
69.5369
69.8175
69.601
71.0867
70.9669
70.6826
69.9613
70.1831
69.1004
68.7391
70.1936
69.0224
68.8003
69.0119
68.6007
70.0678
70.1525
69.0448
69.5799
70.283
70.5024
68.7029
69.2412
68.4646
69.1765
69.1416
70.021
69.6013
69.4607
68.6622
68.0435
69.1155
69.8748
71.0203
71.2331
71.12
70.2498
69.4382
69.8147
69.1043
69.8192
69.5559
70.1543
69.3105
69.6668
69.7263
69.1696
68.8815
68.6555
69.085
69.5713
70.4035
70.531
70.2773
69.2753
69.0891
68.6459
69.5845
69.9833
69.8054
71.8994
71.8444
72.3946
72.549
71.8735
71.0346
69.8304
69.409
70.4808
70.2008
69.9246
70.5137
71.1112
71.0176
70.7987
71.8363
70.2287
69.9383
68.9452
69.3513
69.03
69.3498
70.0596
70.2491
70.4137
69.4
68.0565
67.922
68.319
68.2484
68.5825
67.7609
68.7121
69.0043
69.2891
69.2937
69.1927
69.3273
69.7663
71.1908
69.3368
71.2048
70.1776
70.1228
69.7231
70.4144
70.2187
70.4518
70.8418
70.7515
70.3901
71.2302
71.5661
71.2596
69.9873
70.1453
70.6634
69.1475
70.5382
69.7942
69.4085
69.5114
69.9938
69.9963
69.5039
70.3563
70.094
71.4179
70.8029
69.2869
69.066
69.4344
69.915
69.8139
70.601
70.2778
69.4161
69.9523
70.1187
69.2577
68.9469
69.2876
70.0779
69.9687
70.2734
70.7612
71.3925
71.3175
71.3081
70.7814
69.9824
69.6726
69.9035
71.0631
70.6249
71.3352
69.6822
69.7449
71.1429
70.4016
70.2743
69.9803
70.382
70.3919
70.3585
70.3882
70.7742
71.0028
71.2301
70.1402
70.6973
69.4409
69.8314
69.1946
70.5615
70.1458
69.6329
69.1773
69.0873
69.812
69.1537
69.4043
70.6953
69.8722
70.0076
69.7004
69.228
69.1496
69.0893
69.0787
69.4011
70.7976
70.229
68.9548
68.2027
69.3559
68.0806
69.451
70.2361
69.554
70.1496
69.3572
69.7937
70.2427
70.6139
72.0287
71.6247
70.2226
69.5989
69.1519
69.8164
68.5876
68.5727
68.5339
67.362
66.9531
67.4715
68.2054
67.8947
68.0154
68.7948
69.2463
69.7767
69.5848
68.9779
69.8334
69.568
69.6901
69.3752
69.9491
69.4348
69.958
70.1754
70.8554
70.9855
70.4984
68.6933
69.1774
69.3266
71.199
69.9776
70.1602
69.5421
70.1098
69.7133
70.4083
70.7008
70.1007
69.3388
69.6667
69.9373
69.2263
69.1346
69.8571
69.8001
68.9438
69.8794
69.7114
70.345
70.07
70.3179
69.8479
69.5272
69.5081
70.8883
70.9178
70.8789
71.1049
70.7896
71.055
71.5108
71.6523
71.6754
71.5563
70.3386
71.4746
70.7402
70.2363
70.8968
70.6535
70.8716
71.3909
71.3581
71.8713
71.8732
72.4759
72.1105
71.13
70.693
70.9513
70.8309
69.712
70.39
69.5328
70.254
69.3005
69.3103
70.0574
70.1233
70.1312
70.2124
70.5275
70.5172
70.3593
70.5657
70.3789
69.8606
69.322
69.3156
70.3293
69.0573
68.981
69.4145
69.9888
71.3928
70.8632
72.2545
71.6626
72.0784
70.68
70.9897
71.1033
70.4483
71.4091
71.1703
71.9162
72.4382
71.8456
71.3157
71.8869
70.7911
70.1377
70.0891
70.0482
70.4137
69.7358
69.0231
69.7184
70.3494
69.8287
69.2171
69.2669
69.4699
69.3076
69.7034
70.2024
69.5162
69.3149
68.6213
67.4755
67.6141
69.1502
69.3034
68.203
69.6044
69.4513
69.09
69.4782
68.6784
68.0904
68.1275
69.147
70.3979
69.3028
67.9797
69.0952
67.827
68.4005
69.0305
68.9445
69.1437
69.3621
69.2439
69.6419
70.1878
69.2778
68.4012
69.1479
69.4807
69.2769
69.5905
70.6144
70.0103
70.7766
70.7696
70.9467
71.4455
70.2248
70.1377
69.9455
69.2203
70.6787
72.573
71.8071
70.4625
70.1821
70.545
70.3652
69.0332
69.7508
69.8871
69.9502
69.4039
70.3081
69.835
70.3668
69.2315
69.9702
70.3842
69.8981
70.3211
70.4692
70.0051
70.3724
69.8331
70.4427
69.6928
69.4514
69.5805
70.6159
69.2317
69.6458
69.7631
69.9728
70.8078
69.9073
68.4238
69.8155
69.6641
69.4402
69.6371
69.4886
69.9606
69.864
69.4521
69.0347
69.1099
69.1604
69.3013
68.5359
69.3352
70.4305
71.2993
69.637
69.9119
69.5859
69.5631
69.3935
69.7841
69.7487
70.0911
70.0527
69.547
69.7793
69.0887
69.0111
68.7206
69.5124
69.6088
68.7823
71.2457
71.5561
70.8348
69.7058
69.2668
69.0426
69.8768
70.4232
69.904
69.6776
69.5599
71.3001
71.6809
72.4422
73.6229
72.6335
72.3529
71.3972
70.6124
70.5075
70.729
71.9883
70.7669
69.7353
70.7013
69.7115
69.8959
72.5022
71.0458
71.864
71.4714
71.4265
71.9197
72.031
70.8788
70.6269
71.0972
70.6879
71.3409
70.935
69.764
69.9636
70.0492
69.6523
69.629
68.7459
69.4875
69.3454
69.2725
69.4928
68.9107
69.1885
68.8991
69.7639
69.2727
68.8978
69.3421
69.3025
69.9137
69.0077
68.2187
68.0799
69.0967
67.7633
68.326
69.1934
68.9161
69.3694
69.4508
69.6832
69.584
69.3462
69.6028
69.993
70.2979
71.1472
70.4503
70.3874
69.3844
70.1147
70.3802
70.008
70.0646
71.4312
72.0597
71.5669
71.2075
69.3754
69.4215
70.5148
69.4767
69.1856
68.2661
69.5813
68.5721
67.8956
69.113
69.44
70.2249
69.6838
68.0863
68.9136
68.1263
68.8043
70.2219
70.3559
70.8841
71.3266
71.2865
72.379
71.1671
70.5669
70.4907
69.9725
69.9531
68.9766
68.1745
67.641
67.4314
67.9122
68.4927
69.3774
70.1882
69.0432
68.713
68.9749
68.6558
69.4975
69.0068
69.9159
70.371
71.5773
71.6053
72.0409
71.4328
70.4616
70.0785
70.26
69.9183
69.9279
69.4035
70.1387
70.0944
70.9294
71.8115
70.3217
70.251
70.5336
69.7641
69.8531
70.4203
70.8604
70.9339
70.6782
70.9933
70.9176
70.2108
71.0235
71.0712
71.3868
70.8242
71.3798
69.9979
70.2086
70.511
71.0204
69.85
69.7402
69.2958
67.9424
69.6121
69.7479
70.8806
70.32
70.6368
70.132
70.8351
70.7352
70.0166
70.0819
70.5291
70.3519
69.7805
69.3934
69.7057
69.2629
69.1281
69.388
70.278
70.7315
71.0102
69.8172
69.7894
69.6429
70.5327
70.7877
71.1509
71.2102
70.724
70.8444
70.5121
69.2303
69.3632
69.6016
70.5556
71.1661
71.276
72.1009
70.7735
70.7223
69.9757
69.2464
69.9
69.5974
69.455
69.4795
69.8079
69.0964
69.4493
70.8721
70.6293
71.2002
72.0979
71.8728
71.9279
71.7575
71.4907
70.8822
71.0817
70.1464
71.2447
70.1212
70.5512
70.2393
69.9104
69.5738
69.0007
70.8041
70.4332
70.7394
70.0532
68.778
68.5273
68.186
68.9143
69.9614
69.4951
70.0923
69.7989
69.614
70.1341
69.6165
70.239
71.2098
70.8797
70.2754
69.8599
71.3815
72.1847
71.02
70.0789
70.8021
70.9886
70.7949
70.1922
70.1786
71.4043
70.9875
70.4547
70.0893
70.2614
69.9935
70.0671
70.6695
70.9502
71.8246
70.856
70.9043
71.1662
72.2233
72.2051
69.995
69.5063
69.4916
68.9263
68.8491
70.5419
70.7978
70.1794
70.3397
70.8986
71.2638
70.8495
70.4933
70.3939
70.262
70.2457
70.7018
70.0637
70.4386
71.4432
72.1545
71.2293
70.192
69.6742
69.892
70.1357
69.7669
69.3403
69.3518
69.1042
69.1709
69.5076
69.2698
68.6797
69.2257
70.3795
69.7889
69.2768
69.6627
70.0579
69.9592
70.2544
70.9868
70.5677
70.721
71.1351
70.5037
69.6635
70.5993
71.0359
69.6047
70.182
70.175
70.6842
68.6796
68.5038
69.5996
69.2982
70.2616
70.5471
70.9192
71.1775
70.4338
70.1969
70.9532
71.1657
70.7276
69.5727
69.1619
69.6474
69.2466
69.3392
69.6588
70.2728
71.0714
72.0342
72.3187
72.2441
71.6772
70.5741
69.8885
70.6905
71.0632
71.4247
69.6766
69.791
71.2366
71.3481
70.9252
70.8159
71.4076
69.5294
70.063
70.1223
70.1948
69.2459
71.1789
69.7868
69.0872
69.2664
70.7082
70.0369
70.4902
70.7328
69.9712
71.2918
70.3124
69.8831
70.0229
69.6277
69.671
70.5645
70.8704
70.5546
69.7617
69.6447
68.8197
69.572
69.4088
70.5793
71.6145
71.0725
69.2287
69.6464
70.3047
70.7403
70.2478
69.2394
69.4075
68.2528
69.1511
68.6077
69.6032
70.0903
70.0636
69.7559
68.9092
69.1462
70.0029
71.1187
70.4509
71.4247
70.4958
70.4504
70.6321
70.9609
71.2642
69.1185
69.4932
69.9964
69.9996
69.2536
69.9496
70.7065
70.421
70.0111
69.7312
71.1518
70.6451
70.2353
71.3433
71.6231
70.3792
69.8168
70.3636
69.2586
69.1326
67.9587
69.0684
69.4881
69.8345
69.007
69.8849
69.4553
70.0159
70.8618
69.8336
69.7531
70.1238
70.2541
69.6132
69.41
69.2324
69.9984
69.906
69.2836
69.9864
70.1894
69.6749
70.5262
69.8636
69.6214
68.2892
68.3595
69.3949
70.3188
70.3077
70.701
69.8595
70.2773
70.146
70.8343
69.7968
69.5455
69.7448
69.7768
70.4646
70.6446
71.0664
71.1331
71.1043
70.8192
70.6927
70.4735
70.5325
70.3955
68.4553
68.4746
70.2683
68.6814
68.089
68.424
69.9322
70.3929
70.7681
69.9673
69.4749
69.153
69.0749
69.7461
70.3889
70.2807
71.0727
70.5525
71.3948
70.9159
70.9014
70.6664
70.6498
71.1487
71.1208
70.7802
70.998
70.5445
72.2109
71.3269
71.5193
71.5272
71.8424
71.1242
69.7701
69.8636
70.5619
70.6815
69.9281
70.9806
70.4501
71.5027
70.8288
70.782
71.7005
72.2385
72.7018
71.9413
71.0202
70.8858
69.4402
69.9474
69.8378
69.1923
69.8423
69.9776
68.9492
69.9344
69.8264
69.3529
70.3759
70.3836
69.9837
70.237
70.3772
70.3315
69.6033
70.1593
69.3594
68.499
69.4411
69.745
70.1045
69.3328
68.3889
68.8064
69.3546
69.0503
69.0367
69.4293
69.9388
68.8357
69.3649
69.7848
68.1348
68.7344
68.5279
68.8571
69.2116
70.7218
69.8095
70.4681
69.8941
71.1076
70.8049
68.8803
68.5798
69.6592
70.097
70.3522
69.8838
70.3744
69.9614
68.9452
69.253
69.0905
68.7594
68.7059
69.2433
69.5092
69.2822
70.6754
70.4278
69.4363
69.5021
69.736
68.7177
69.6976
69.1399
69.1824
68.9026
69.1563
69.0429
69.2187
68.5605
68.4048
68.3044
68.7311
69.7407
70.7413
69.8494
70.1064
70.1076
69.7334
69.698
69.0505
68.1823
68.2198
68.9837
70.0282
70.0813
69.7499
70.0392
70.2272
69.7033
68.9115
68.7738
69.1326
69.7757
68.6815
68.888
68.3134
68.6764
69.5821
69.0379
68.2871
69.7018
70.6771
71.198
70.2483
69.9186
69.5732
69.1409
69.8598
69.887
70.289
70.6813
70.6695
69.6701
70.1011
69.7836
69.4754
69.2477
69.6654
69.9274
70.1955
70.6363
69.0186
69.0267
70.9422
69.8426
70.2255
69.8728
69.8585
71.7347
70.6672
69.4709
69.857
70.214
69.5719
69.2168
68.6893
68.2125
69.8228
70.1691
69.5191
69.4132
70.6404
70.0391
69.8706
69.912
69.5776
70.0176
70.5253
71.4058
70.9468
70.4994
70.8356
70.7991
71.1474
69.2659
69.9869
69.3621
69.4914
69.037
69.9256
70.2294
69.2708
70.0912
69.9011
69.3441
69.1386
68.9705
68.2636
69.0732
68.8931
69.3659
69.8847
69.8693
69.9227
70.0854
70.2543
70.6964
70.2327
70.669
69.8068
70.6734
68.7766
68.8302
69.3162
69.0151
70.0996
70.0753
71.1447
70.96
70.4655
69.6062
69.8283
69.375
69.6784
70.3778
70.5135
69.6265
70.7568
70.8355
70.9203
69.8236
70.3275
68.8896
68.7525
69.1301
68.5953
70.153
71.239
70.178
69.1833
68.8889
69.7979
69.8842
69.4623
68.9979
70.2683
69.2726
69.4684
69.4554
69.572
70.0957
69.8323
70.7669
71.2736
70.8558
69.9801
70.2548
69.1013
70.4275
70.9009
69.9882
70.2561
69.6495
69.8094
70.0493
69.4304
70.327
71.4689
70.0553
69.7335
70.0449
70.309
69.9275
70.1308
69.8476
70.0818
68.2774
68.5787
69.0667
70.2922
69.3042
69.8668
69.3278
68.8905
68.5727
69.6365
69.8906
68.7741
68.9489
69.395
69.3138
68.8474
69.267
69.661
68.5698
68.5217
68.7086
68.5542
68.9365
68.9956
69.534
68.6767
69.8169
70.9025
71.2797
70.5844
70.3003
70.5574
69.5427
69.5288
70.0571
69.3543
70.5458
70.3503
70.933
69.9492
69.479
69.1889
69.193
69.3855
69.5402
68.9313
69.6094
68.8228
69.0648
70.0455
70.7499
70.0293
69.4255
70.4482
69.4908
69.6745
70.0309
69.5648
69.1107
69.3267
69.9115
69.2988
70.4589
69.7882
70.189
69.1214
69.2345
68.1008
68.8272
69.0828
68.9425
68.6972
67.7372
69.1387
68.9582
68.839
70.0359
70.0775
70.7689
70.2384
70.5984
69.1105
68.857
69.2463
70.0447
71.5603
72.1698
71.0795
71.094
69.6673
68.3452
68.7409
68.6035
69.6827
69.006
68.9879
69.3409
70.2832
70.2047
70.7692
70.6098
69.6892
70.1909
69.4363
69.424
69.6579
70.2528
69.4212
69.7831
69.2566
70.0005
69.9592
69.7966
70.4711
70.0306
69.8026
69.5899
69.0037
69.0342
69.3064
69.1222
68.5775
68.6677
69.8257
71.6001
70.8188
70.3457
69.7761
69.6527
69.9573
70.3957
70.3279
69.8821
69.717
68.3513
68.506
69.1886
68.2516
67.9485
68.4448
68.4916
69.711
68.9316
69.486
70.4746
71.208
69.934
69.695
69.5523
68.8764
69.0265
68.9575
69.7131
69.8995
69.7142
69.6812
71.1857
71.5395
69.7282
69.6593
69.9696
70.2663
70.045
70.1299
69.6188
69.2676
68.9428
69.107
68.6117
68.5568
68.7434
68.1608
68.0421
67.5089
68.1413
68.0961
68.9276
68.7647
68.1315
68.0737
69.0693
68.6798
68.9192
68.4691
69.2415
68.8834
68.6117
69.5848
68.4419
68.1581
69.6793
69.2669
69.5387
69.564
68.7022
67.8782
68.5737
68.6914
69.8988
70.0997
69.5933
69.1741
69.9158
70.0827
70.9884
70.5519
69.2934
69.494
70.1669
70.4098
68.9134
69.3595
69.0595
68.2802
68.2271
69.1483
68.6613
68.931
69.6786
69.6139
69.4676
69.9307
69.1385
68.4127
70.6354
69.8775
69.6413
70.191
70.3457
68.8272
69.9262
69.728
69.5565
70.371
70.7456
70.8203
70.5063
69.7649
70.9376
71.5638
70.2469
69.191
69.445
70.5913
70.0243
70.5739
69.7414
70.2484
70.3202
70.3597
69.9307
69.8541
71.9466
72.1203
71.6607
71.6416
69.9422
70.7653
71.1125
69.45
70.2986
70.0662
69.739
69.5328
70.0526
70.3035
69.967
69.9542
69.3841
70.5794
69.8001
68.2325
68.0083
69.6146
69.9383
70.0273
70.1098
69.3182
69.5917
69.7562
69.2683
69.7502
69.3807
68.9371
68.272
67.9876
69.3356
69.9542
69.9336
69.873
68.2269
69.2453
70.058
71.0273
69.2374
69.0439
68.9224
69.0653
68.5759
70.41
70.575
70.1942
70.6431
69.0483
68.4766
68.5196
69.6049
69.059
69.1042
69.2536
69.9079
70.7288
71.2233
70.6863
69.2182
70.6864
70.0723
69.6353
68.8764
69.0523
69.4008
69.3064
69.2668
69.2218
69.3342
70.0885
68.9656
69.5179
68.9919
70.4267
70.1742
69.3509
69.449
69.7576
69.7148
69.4298
69.6279
69.8748
69.349
70.0789
69.4269
69.5773
69.917
70.1452
69.6578
69.9876
69.7501
68.4547
69.9937
69.4624
69.646
69.3544
69.4129
68.752
69.5322
69.4896
68.781
69.3425
69.2519
69.2341
69.7907
70.1571
70.1762
69.4703
69.7411
69.4894
69.157
69.1923
71.031
70.1144
69.5753
69.07
68.9553
69.7561
68.1591
68.4578
69.1719
68.6165
69.1345
69.1671
69.0842
70.6432
69.9986
70.0319
71.0068
70.9752
70.9406
70.9829
71.8258
71.9583
71.1217
70.6032
71.4445
71.4605
70.8377
69.0482
69.6595
70.4855
71.6254
71.2957
69.6788
70.4011
69.513
69.6622
70.688
70.2346
69.9343
69.0149
69.502
69.2634
70.0098
70.1177
70.4256
72.0035
71.7377
72.3733
72.2368
71.5229
70.9541
69.9982
70.6815
70.3601
69.0771
68.8941
70.0956
70.8055
70.2496
70.5816
69.9729
70.155
68.4432
68.3342
68.5507
69.2141
69.5149
68.8791
69.9561
68.9745
70.1872
69.5535
68.9721
69.1154
69.5237
69.0402
69.2774
69.8808
71.1034
70.8011
70.5728
71.7201
71.5092
69.9747
69.5951
69.0877
69.8343
69.0664
68.5953
68.6382
69.1385
69.193
69.109
70.9405
70.7633
69.2066
69.9331
69.9939
69.6503
68.7468
68.6675
69.5237
71.6162
70.506
69.6716
70.6548
70.6035
69.1808
68.9314
69.7227
69.8331
70.2485
70.0698
68.2284
68.6762
69.2055
69.8778
70.1832
70.1748
70.2686
70.4642
69.8558
69.7268
70.7887
69.7476
70.2185
70.1101
69.5938
69.8591
70.6147
70.3787
70.7408
70.8619
69.9546
70.0105
71.1524
72.0273
70.8088
69.8781
69.7152
70.2433
69.3038
69.1998
69.5269
70.777
70.8264
69.7655
69.4762
69.3994
70.1918
69.5276
69.2797
69.6299
71.3326
71.2207
70.3319
70.963
69.9169
69.4462
70.0125
69.4171
70.1943
69.9526
70.4094
69.651
69.5259
69.8283
69.7324
70.1257
71.1398
70.193
69.9244
70.0218
69.2774
69.8319
71.4258
71.9502
70.7524
70.3026
69.747
68.9746
69.091
68.5092
68.8769
68.3701
68.5941
68.9401
69.272
69.0052
69.925
69.7468
68.9515
69.1429
69.5024
69.0358
70.2622
71.9225
71.0622
70.8921
69.9792
69.3503
69.148
69.016
69.1744
69.3639
70.061
69.7405
69.9495
71.0725
70.4246
71.8076
70.6403
71.517
71.4602
69.463
69.4973
70.007
71.6838
70.6421
70.3362
70.6486
72.2395
71.8721
70.7745
70.2641
70.1325
69.1367
69.7486
70.0326
70.4075
70.4618
70.0752
68.8878
68.6995
68.3583
69.3025
69.5465
69.1252
69.1337
69.1745
69.682
70.0264
69.4763
69.613
68.2324
69.7041
68.9271
69.0978
68.655
68.6742
70.3001
69.5812
69.5976
70.506
69.3455
68.9996
69.3886
69.6727
70.8543
69.6943
70.0443
71.8108
70.7136
70.6738
70.982
70.0779
70.4392
70.18
70.1098
70.349
68.9193
69.9606
70.1407
69.8239
70.3857
69.5757
69.9891
68.9308
68.0813
69.1931
68.8199
70.0328
72.8352
71.5865
71.2378
70.636
69.7121
69.2818
69.2038
69.5199
69.8951
70.4806
69.7
69.4813
69.4873
69.1705
69.1715
69.8664
70.053
69.494
70.2838
69.7087
69.2347
69.5642
69.8104
70.1303
69.5122
69.7258
70.0951
71.1937
69.3698
68.3065
69.8073
69.5866
70.1706
69.9083
69.8213
70.8665
69.7133
69.6665
70.2397
69.2872
69.5956
70.3747
69.8245
70.2311
69.0727
69.9823
69.4091
69.6744
69.9089
69.6102
69.5906
69.6028
69.029
69.5247
70.0815
70.8785
71.7778
72.0641
70.9058
70.8867
70.352
69.4157
69.4422
69.678
69.3781
70.2189
69.9689
70.9263
70.9061
70.7165
71.0196
70.2822
70.7798
70.433
70.1978
69.6464
69.7564
70.1495
69.7446
68.3321
67.7151
69.0575
67.4726
67.8604
67.6669
68.4077
68.6436
69.722
69.7229
70.4326
68.8477
69.1288
69.519
69.5207
69.5162
68.2881
68.3305
69.793
70.0473
69.615
69.6554
69.6953
70.042
69.9456
68.9238
68.7481
68.9958
70.531
69.9869
69.9835
70.5512
69.4801
70.1901
69.2412
68.4721
69.1287
68.032
68.7341
68.557
68.7927
68.9489
68.9434
69.8372
70.4947
69.9253
70.2426
70.9709
71.1207
71.5615
70.565
70.4411
69.6929
69.8407
69.7642
70.4183
69.399
69.4056
69.6799
70.2211
68.5812
68.8535
69.002
69.1732
69.9766
70.8813
69.8901
71.3557
71.7885
69.6713
70.5186
69.2539
68.856
69.4352
69.3347
69.9753
70.5875
71.0605
69.9942
69.2055
70.4387
70.3242
69.5906
70.158
70.4144
70.9112
70.227
70.2055
69.4844
69.1839
69.5761
69.2765
69.7119
69.5553
69.6205
68.5528
69.1348
69.2944
69.0549
69.9858
70.1504
69.0365
69.2533
69.1863
68.6998
69.4457
69.1277
69.9665
69.3239
69.1179
69.0275
68.4118
69.1884
69.4752
69.6473
70.3718
70.8843
71.2187
69.9258
70.0648
70.1014
69.0314
69.6376
70.4486
69.725
69.9546
69.4913
69.3141
69.8319
70.2435
69.269
68.8193
68.5994
69.8484
69.3623
70.5502
69.4499
68.9237
69.1527
70.0288
70.3486
71.6417
71.8984
70.6215
70.6332
71.7145
71.0914
70.6341
70.5974
70.4442
70.6275
70.4482
70.2011
70.119
70.5535
70.7602
69.8359
69.663
69.3467
69.7417
69.9401
69.7915
70.0527
69.577
70.6696
70.3883
70.4398
70.2492
70.3649
69.6657
68.8077
68.6203
69.0147
70.5756
69.8023
69.2919
69.3021
68.4118
68.9398
69.1899
69.6965
68.8594
69.0377
69.0549
69.3343
70.231
69.7227
70.7456
70.5706
70.8228
71.1246
70.5238
69.9817
69.2916
68.7807
68.8229
69.7447
70.2226
69.928
69.3118
69.1365
70.4045
69.9149
68.7391
69.2894
69.5759
69.5961
69.4379
71.3402
71.1405
70.2002
70.255
69.7188
69.1462
69.8528
70.5124
71.3991
70.4743
70.2549
69.9605
69.0051
68.6681
68.6423
69.8953
69.4524
69.0437
69.7557
68.456
69.894
69.0736
68.5718
68.1591
68.7906
69.6868
70.753
70.961
70.3511
71.3165
70.9202
70.8436
69.848
69.365
68.2906
69.5713
69.9214
69.1118
68.8222
69.345
70.7792
70.1145
70.751
69.8649
69.7394
70.8655
70.8914
71.3711
70.0362
68.5263
70.4611
71.1395
69.9072
68.9737
68.5082
68.6627
69.2386
69.8156
70.0107
70.101
68.6029
68.3416
69.0225
69.9314
69.7528
70.3852
70.749
70.7785
71.0626
70.213
70.5278
70.4129
71.4327
69.9028
70.4896
70.7965
72.338
71.3429
70.4767
69.9093
69.6854
69.849
71.0862
70.9022
70.3187
70.2879
70.2703
70.2679
69.2385
69.2039
70.137
69.9214
70.8724
70.4728
70.8135
70.6989
69.5302
69.3477
68.1929
69.3826
69.3422
69.3182
69.8289
70.5245
70.7448
69.4549
70.0966
68.9261
67.8508
68.535
69.0648
68.0018
67.6766
68.5802
68.5071
69.0793
68.8563
69.4919
70.1156
69.8815
68.9588
67.8547
67.988
67.8363
68.4509
68.4944
69.2159
69.3558
68.9159
69.2977
69.0622
69.4293
68.7395
68.0308
68.6088
68.9124
69.0089
68.3641
69.2232
69.0308
69.0132
70.4452
69.9603
69.2588
69.545
69.6608
69.9438
69.4962
69.0997
69.4116
69.6849
69.8493
69.9669
69.4342
70.2057
70.0797
70.0406
70.6019
70.2807
70.319
69.3619
69.1877
68.1743
69.0994
68.7641
68.8878
69.1758
68.693
69.3682
69.7916
70.6444
70.3917
71.3432
70.5076
69.5276
68.9967
69.4645
70.0215
70.2503
69.9003
69.8147
70.0495
69.5188
69.8903
70.2649
69.2756
69.0365
68.7502
69.9397
70.7008
70.2863
70.3745
69.7055
68.9078
68.869
69.4631
70.1138
70.6438
69.753
70.1911
69.773
69.341
69.0511
68.8693
68.9442
69.0886
68.8108
69.7812
69.8786
70.7698
71.0526
70.362
70.1739
69.211
69.5129
69.1609
70.1369
70.7869
70.9555
71.059
71.1964
70.2811
70.2089
69.4816
69.8212
68.6733
69.6708
69.4185
68.9327
69.2489
68.4543
69.2798
69.1041
69.1047
69.6883
69.2356
69.9943
68.8019
68.1167
68.4244
69.6565
69.8207
69.4465
69.2583
70.2845
69.6778
70.0641
69.817
70.2445
70.3285
69.0099
69.0328
68.8763
71.0392
70.3024
70.0004
69.7023
70.9119
70.8468
70.4668
69.6051
69.6739
69.8675
70.0043
69.1978
68.8297
68.9634
68.5434
68.6937
68.5444
68.0903
69.25
68.4212
68.756
68.7325
68.7947
69.5875
70.0278
71.2495
71.1432
70.7552
70.5215
70.0695
70.358
71.0718
70.2912
71.1884
70.4441
70.698
71.7663
71.7254
71.0351
70.8967
70.5834
70.7724
71.1065
70.9412
70.1498
69.9342
69.4394
69.0098
68.8775
68.8207
68.8329
68.2964
68.1271
68.5544
68.5634
69.1578
69.8547
69.8058
69.7059
70.0626
70.4058
70.5836
70.72
70.527
70.2396
70.0461
70.6068
70.2472
70.5449
69.9359
68.7434
70.1938
70.1769
71.3986
69.9935
70.8123
68.9108
69.5029
69.0921
69.4847
68.9766
68.4064
68.6204
69.7421
70.2649
70.3685
70.6211
70.3831
70.0985
70.0653
69.6031
68.7402
69.2746
69.7441
69.2784
69.9851
71.1848
70.4481
70.4165
69.8844
69.6286
70.0982
71.3141
70.6489
70.1778
70.3039
70.3581
71.7765
71.6568
70.5521
70.5285
70.1793
70.0593
70.225
70.2076
70.4022
70.917
71.2107
69.9326
69.624
70.1202
70.4048
70.0721
69.4065
69.1637
69.0885
68.4156
68.2887
67.6674
67.6413
69.482
70.4517
69.3557
69.2661
68.9048
71.0438
70.6372
69.8494
70.4212
70.9295
70.5732
70.2131
70.907
70.9131
70.3404
70.5384
70.7661
70.521
70.4422
70.3113
70.592
70.1743
69.2659
70.7764
70.1096
70.1465
70.1945
70.919
69.9325
68.883
68.8514
69.0059
68.7693
69.266
70.1776
69.6053
69.6669
69.5978
68.2486
68.4715
67.6582
68.1903
68.1107
68.1768
68.7889
69.9837
69.7313
69.9798
70.5972
69.9076
69.6307
69.7261
70.4385
71.207
71.6145
70.5385
70.0665
71.1989
71.3399
72.5397
72.9274
70.78
70.6416
70.561
70.9884
72.2205
71.9059
71.8373
72.8926
71.0518
70.9706
69.2636
69.9657
69.3732
69.1404
69.8959
70.3377
70.0624
70.086
69.5759
69.3841
69.3767
69.722
69.0303
69.537
70.0844
70.4337
69.0159
69.4432
70.6587
70.2296
69.6076
69.131
69.5111
70.4987
70.2396
70.9755
71.1801
71.3504
70.5469
70.4111
70.3574
71.0699
71.216
70.7104
69.9821
70.2176
69.5998
68.5902
69.816
69.5924
68.5119
68.8458
68.7879
68.478
67.7789
67.4975
67.5092
68.1456
68.9234
70.1347
69.7201
69.4444
69.9107
69.3839
69.6441
70.2244
70.6557
70.7659
69.0319
68.5294
68.1093
68.6608
68.9679
69.3157
69.5344
69.5429
69.9282
70.1006
70.7466
71.4044
70.3074
69.6436
68.9985
69.7982
69.5929
69.5374
69.0268
69.2152
69.6363
70.0882
70.6571
72.5013
70.8464
70.4049
70.3004
70.7648
70.0689
70.7708
71.1445
71.7055
71.0341
70.7716
69.9041
70.3278
71.0886
70.971
69.6184
69.7041
68.4227
69.5142
69.1767
70.0229
70.1444
69.8013
68.8564
68.8135
67.5065
67.4869
67.8834
68.2771
68.5356
69.971
70.2937
71.626
70.2753
69.9784
70.0054
70.9353
71.8534
71.0915
71.9315
72.3424
70.6032
71.3696
69.5698
69.5215
69.3947
70.3892
70.0268
69.4049
68.6188
69.0702
69.0223
69.9047
70.1242
70.0602
70.2825
70.7833
70.4424
69.3137
69.645
69.4823
68.4901
68.7853
69.5364
69.2207
68.7861
68.6026
67.9724
68.5813
68.6213
68.7
69.7504
69.1424
69.1492
69.4182
69.2158
71.1152
71.5191
72.0056
71.4586
70.8506
70.3136
70.1594
70.5893
69.2734
70.1817
69.8081
70.706
71.0696
70.4637
70.8027
71.8846
71.5408
70.6131
70.8014
70.7856
70.0407
70.0186
68.8157
69.2202
68.9311
69.1942
69.2111
69.1154
69.3349
69.5358
70.633
69.6984
69.9672
69.1292
70.0036
69.8125
70.377
70.8786
70.4795
69.2746
69.6871
69.2902
70.5521
70.5545
71.1494
70.0827
70.0063
68.0412
68.2717
68.5182
69.3311
68.574
69.5437
70.4471
70.5795
69.9528
69.2978
69.6119
70.9339
71.9361
71.2757
70.6415
69.7264
70.4201
70.1299
70.9138
70.3485
70.3434
70.5601
70.4466
70.6045
69.9766
70.0378
70.3208
68.6783
68.8255
69.4562
70.2021
70.297
70.6172
69.8132
69.6545
70.3737
69.9205
69.4789
69.7033
68.9857
69.7384
69.4345
69.0942
70.2259
70.0457
70.5075
71.463
72.6398
70.8337
71.4034
69.9942
69.7255
69.7442
69.0703
68.7979
68.3679
69.7622
69.8029
68.6619
68.7574
68.4104
67.9768
68.1603
68.9783
69.397
68.8259
68.5354
70.2712
70.5222
72.0954
70.7056
71.5409
70.5944
69.6054
70.7065
69.8929
69.993
70.4399
70.3896
70.6421
70.1149
70.2248
69.7439
70.5462
70.3555
71.6914
71.219
69.701
68.6027
69.4634
70.7989
69.837
69.194
68.7888
68.4223
68.8425
69.1924
69.3311
69.0276
68.7031
69.4211
68.5512
69.5774
69.9051
69.3912
70.1995
69.4592
69.7813
69.1651
69.6013
70.0438
70.3186
70.0034
69.3227
68.4328
69.6983
69.6684
70.3306
69.7514
69.1761
69.6624
69.13
69.2826
68.7561
69.8409
69.8786
70.1415
71.6934
71.6858
72.294
71.5884
72.2937
71.1816
69.6667
70.0919
69.7245
68.9883
68.8486
70.0799
69.2865
68.0192
68.8154
69.2427
70.2719
70.9011
71.6589
72.0924
71.7268
70.3766
70.0282
69.5982
70.0654
69.6107
68.4302
70.0224
70.3139
69.9584
70.0282
69.4527
69.5344
69.3701
69.7289
70.9327
69.8685
69.4323
69.3283
69.2014
70.3534
68.3425
69.2694
69.6919
69.7046
70.031
70.5524
70.0865
70.009
70.4817
70.3278
70.6373
70.3475
71.0412
70.3472
70.5204
70.0596
70.4565
71.1146
69.7285
69.8778
69.4954
69.2764
69.8475
69.8879
69.1366
69.6188
71.3131
70.8553
70.9276
70.7537
71.476
71.5283
70.2521
69.1129
68.239
69.1357
69.3665
69.1632
68.2143
68.0025
68.3416
69.556
69.1577
69.9507
70
69.5213
69.1573
68.4485
68.8582
68.4727
69.6194
70.1738
69.2007
69.134
69.8802
69.8638
70.1334
69.8244
69.192
69.5458
70.5701
69.3594
69.8117
71.6398
70.314
69.5965
69.3664
69.6314
68.6056
68.5733
68.5234
68.9739
68.9741
69.6853
70.0832
70.1416
70.5568
70.8304
70.5705
70.2057
69.773
69.2512
68.8145
69.0805
69.6004
70.4113
70.4555
70.9286
70.1549
71.0433
70.1696
69.8004
69.19
68.7759
68.5521
68.0858
68.6858
69.5406
69.2204
69.0727
70.4069
70.6368
69.7429
70.2663
70.4697
71.0371
70.2242
70.3011
69.7288
69.0754
70.1513
70.8408
69.5712
68.9079
70.1862
69.6969
69.0596
68.8119
67.7828
68.7408
69.0686
69.9899
69.4175
69.8653
69.7605
69.8677
69.4856
69.8861
69.8373
69.6314
69.2911
70.2268
69.7779
70.2939
69.9176
70.4624
69.6784
69.8823
69.478
71.1135
71.4016
70.8275
71.042
70.7443
69.9099
70.3039
70.2031
71.2934
70.0506
69.8801
70.7952
69.9439
70.3102
70.4939
71.1342
70.003
71.3048
70.8524
71.3693
70.3063
70.4697
70.6051
70.6266
70.4638
69.7425
70.613
70.8627
70.6077
71.5291
69.6213
68.8691
69.2681
68.6005
69.0489
68.7235
68.7679
69.4418
68.704
69.3938
69.7501
69.5564
69.4685
69.9231
68.6415
69.8191
70.2934
69.9404
70.957
71.4748
69.4538
69.8408
70.0829
68.3541
69.3248
69.205
68.915
69.2848
69.3353
69.7543
71.0222
72.3762
72.3327
71.1119
72.199
70.6962
70.5016
70.3137
71.3765
69.6422
70.3085
69.3704
69.0502
69.0499
68.7321
67.6088
69.1808
68.4853
68.7988
68.5015
70.7851
69.4734
71.1016
70.9776
71.0437
70.2391
70.6553
69.7907
69.2383
69.1004
69.0583
69.4355
68.1235
69.1848
68.8412
69.2364
68.8054
69.2072
68.4914
68.7998
69.5415
69.6597
69.286
70.3622
69.1593
68.0061
67.8456
67.3961
67.1973
66.7548
67.449
68.0778
68.4339
68.7973
68.8651
69.529
68.9518
69.2325
69.7272
70.129
71.2681
70.9185
70.3648
69.2992
69.9042
69.4441
69.4916
70.1412
69.3538
68.9142
69.615
71.3852
70.0635
69.6266
69.8086
69.8552
68.7326
69.1911
70.5573
69.9434
69.2072
68.8514
69.8419
69.3543
69.8471
69.9879
69.1067
67.6659
68.3938
69.12
68.4991
68.6665
68.4793
68.6125
69.0794
69.5826
69.1178
69.8057
69.2666
69.2528
69.1391
69.1972
70.1631
68.9017
69.3346
69.4056
69.4648
70.3322
69.7879
69.7538
69.9216
70.3827
71.0622
69.867
69.5686
69.7008
69.9165
69.0958
69.3299
69.6438
69.5109
68.5007
69.1592
68.686
68.7366
68.3925
69.0326
69.7706
69.127
68.7521
68.6605
68.5832
68.2629
69.6822
71.1003
69.9361
70.5833
71.4095
70.8713
70.5826
70.0763
70.1753
70.1457
69.9993
68.6703
69.2048
70.5128
71.4691
70.7768
70.4465
70.7688
70.7706
69.9371
69.8798
69.8501
69.1261
69.1316
69.1463
69.814
69.5
69.7476
69.079
68.69
68.7016
69.5263
71.0041
69.8991
70.4558
71.0392
70.2437
70.0851
69.5664
69.4456
69.3587
69.1993
69.9823
69.6366
69.9626
70.6905
71.0802
70.0298
69.6123
69.8559
68.7553
68.8704
69.6647
68.8949
69.578
69.1102
71.2061
71.5879
70.0842
70.3259
70.7499
70.9584
69.2636
70.2482
71.692
71.4543
70.8165
71.3295
70.7708
70.5502
70.4743
70.2817
69.5166
70.0527
71.6531
70.6936
69.7317
69.4973
68.6892
68.7972
68.9117
69.7833
68.7883
69.7534
69.8444
70.3956
70.7016
70.2466
71.2714
71.1701
70.8366
69.8977
69.4994
71.826
70.5121
70.5774
69.9574
70.9234
70.7934
70.1098
69.5835
70.2317
70.6415
70.3474
70.8961
71.5547
72.5074
71.2855
69.5744
68.8672
68.3312
67.985
68.2764
69.1085
70.0259
69.8693
69.9376
69.1189
69.0332
68.7777
70.283
69.9901
69.7478
69.124
68.2543
69.2097
68.7451
68.9802
67.9617
69.4091
70.2253
70.9208
70.6778
70.0226
70.574
68.7925
69.0752
69.0154
69.1405
70.002
69.6468
69.7462
70.3085
69.8775
70.1205
69.6131
69.5695
69.742
69.8392
69.0516
68.609
68.7746
69.6157
69.2899
69.6895
69.526
69.0761
69.2049
69.3653
69.4127
69.363
70.2777
69.6075
69.6949
70.0638
69.8735
69.4536
69.7205
70.1828
70.9417
70.1102
