474.474
459.148
441.563
425.762
408.522
395.533
385.777
377.365
368.751
363.277
359.669
355.101
348.73
342.98
338.118
332.968
328.326
324.799
322.141
319.938
317.471
315.443
313.226
309.734
308.666
306.879
303.922
300.722
298.642
294.694
288.572
283.593
279.001
273.573
270.378
267.041
265.271
261.852
259.674
257.583
254.327
252.157
249.797
248.464
246.305
243.564
240.83
240.014
237.474
236.879
235.47
232.221
231.373
230.919
228.681
227.118
227.834
227.971
227.864
227.499
226.31
225.24
225.388
223.651
221.387
220.322
219.252
217.428
215.051
212.854
210.931
210.25
208.319
204.691
203.403
201.864
199.771
199.366
198.076
195.796
194.153
194.334
193.176
192.058
190.487
189.484
188.316
186.261
184.527
183.899
183.392
183.664
182.596
182.536
180.885
181.381
179.862
179.642
178.706
178.645
178.743
176.704
174.654
173.643
172.761
172.237
172.608
173.14
172.841
170.332
169.674
168.954
168.461
168.798
169.29
169.094
167.213
167.042
167.386
167.425
167.474
165.374
163.147
159.89
158.028
157.166
155.922
155.68
154.131
153.372
154.425
154.164
153.397
151.795
150.669
151.35
151.106
151.112
151.619
151.204
149.976
150.486
149.81
148.32
148.259
147.291
148.195
146.844
144.35
144.097
143.423
142.076
142.625
141.49
141.445
141.748
141.625
140.157
139.829
139.36
138.756
139.932
140.265
140.485
140.623
140.843
140.752
140.311
140.877
138.819
138.231
135.809
133.829
134.573
134.265
132.403
131.308
131.356
131.252
130.654
130.566
129.008
128.346
127.774
128.324
127.116
126.072
124.547
124.547
124.793
124.985
124.145
125.004
125.042
124.393
124.14
124.722
123.701
123.589
121.714
123.487
124.029
124.131
124.672
124.768
124.728
123.941
122.618
123.08
121.215
119.882
119.47
119.619
118.544
119.473
118.32
118.442
118.688
117.98
119.006
116.564
116.566
115.937
114.075
114.594
115.091
114.006
112.787
113.368
112.321
111.977
112.343
111.993
111.811
111.359
109.969
109.785
110.788
110.307
109.825
107.885
107.3
106.931
107.608
108.406
109.762
111.361
111.368
109.677
109.8
108.035
106.554
105.66
105.714
105.718
105.387
105.068
105.351
104.231
104.088
103.329
102.584
101.763
101.558
102.584
102.379
103.627
101.572
101.587
101.149
100.226
99.9962
100.988
100.416
101.868
103.069
102.575
103.798
104.072
106.46
105.841
105.398
107.085
107.379
106.573
105.408
103.94
103.264
102.167
101.392
99.763
100.166
99.6638
99.2392
98.8673
97.7895
96.9423
95.9441
95.5445
95.0483
94.5866
96.9284
97.569
96.8066
96.3939
96.5516
96.7669
95.6483
96.4887
95.1332
94.5555
94.0711
94.2871
94.0099
92.7575
93.6905
93.1196
93.0756
92.9199
92.8996
92.7014
92.4925
92.7717
91.7841
92.736
92.2878
91.1109
91.6632
89.9325
89.8643
90.4096
91.1932
89.6956
90.3769
89.7903
90.0399
91.2774
91.3803
91.3087
92.8571
91.861
91.2974
90.7275
90.2281
89.2621
88.9524
91.0767
91.9934
93.3166
94.18
95.7141
95.5242
97.1516
97.3477
97.0398
94.911
93.5986
93.0863
90.4761
92.1788
93.7788
94.0466
94.9528
95.5775
97.9035
99.6043
99.5605
98.0445
98.0287
96.6717
94.7613
93.9748
92.9535
90.8337
91.3415
88.7703
88.8788
88.4557
88.8966
88.3516
88.0839
88.2911
89.4053
88.6355
87.6252
87.7958
86.9668
87.0868
86.931
87.3524
88.2235
88.1849
87.183
86.4504
87.2862
88.539
90.1923
90.2363
89.743
90.0684
89.1455
89.3477
89.7455
88.2334
86.8005
86.0066
86.49
86.8647
86.4248
86.6919
87.0227
86.4789
86.7027
87.336
86.5427
87.0888
87.3658
87.7432
87.519
87.1358
87.6539
86.6286
86.7751
86.4565
85.6734
86.269
86.4352
87.1954
86.671
85.7562
87.1488
87.408
85.4746
87.0382
84.7956
86.5304
86.5458
86.9314
87.4959
85.6624
86.2438
87.0044
87.2333
86.8222
87.6496
87.7693
86.3263
87.2717
88.6738
89.5538
88.9822
89.9502
88.1539
87.203
85.7095
85.668
85.2867
85.1566
85.1332
84.7088
85.5399
85.9848
84.7403
83.5089
83.4753
83.6141
84.1488
84.0427
84.3232
83.4544
82.7506
83.5224
83.6579
83.8193
83.5512
83.4828
84.154
84.7605
83.903
83.3938
83.8078
82.5732
82.2862
82.569
83.749
83.9046
82.8053
83.1372
83.6038
83.422
84.0937
84.6971
85.5685
82.5842
83.289
83.2226
84.4862
84.167
84.9889
85.3363
86.838
88.3879
88.7226
90.0362
90.0877
90.0009
88.8861
87.8407
86.4496
85.7057
84.4318
82.65
82.9725
82.885
81.9895
81.8125
80.1739
79.71
78.6082
78.3026
77.7902
78.3218
78.4914
79.0988
78.5544
80.2724
78.8058
78.9211
79.2236
79.2609
78.7951
79.126
79.5726
79.0411
79.3775
79.2696
79.7162
79.5221
79.2742
79.3438
79.0216
77.7349
78.0174
78.0112
77.731
79.4539
78.8093
78.681
78.97
79.8496
80.5909
80.3868
79.5665
77.9438
78.7014
78.8827
79.3876
78.9637
78.8719
79.2591
78.9931
78.3787
78.602
78.004
77.8985
77.374
76.6499
76.4609
75.6899
76.6301
76.7884
76.9587
76.5959
76.5422
75.9139
76.0304
75.8951
76.2467
76.9879
76.5718
76.9877
75.5903
75.3952
75.7488
75.8425
76.8449
75.7821
76.3045
75.9183
76.5581
75.3456
75.6243
76.4773
76.6481
77.1553
78.1819
78.5709
77.885
77.4739
77.5346
76.4107
77.1477
75.966
76.6439
77.3016
78.2195
77.4725
76.9935
76.0656
75.9837
75.6083
75.7515
76.93
76.8819
76.2871
75.8353
76.3743
76.6929
75.7881
75.3828
75.3618
76.5887
76.6546
75.7431
74.8578
74.8927
75.6057
75.8793
76.4728
76.6256
75.4375
76.0721
76.0856
75.2608
77.0222
76.249
76.6736
75.9386
75.416
75.5051
76.1571
75.8185
75.2301
76.5625
76.0794
77.226
77.3669
77.2425
76.4196
76.1414
75.8359
76.0987
76.831
75.674
75.9981
75.9223
75.9691
76.3305
75.8103
76.611
77.0203
77.0105
76.495
75.1347
75.861
75.4577
76.0486
75.8408
75.301
74.7554
75.692
76.1247
75.785
76.1485
75.5657
74.4968
73.3326
73.5694
75.0312
75.4955
75.4269
74.5109
75.3092
76.1898
76.0876
74.9814
74.8054
74.4792
74.0843
74.5346
73.5302
73.9629
74.3201
74.5888
74.3751
74.5252
75.6419
75.0787
73.6217
74.7544
74.5143
74.7403
74.2161
73.9238
74.2097
74.9367
74.9915
76.46
76.2273
76.7625
76.3767
75.6322
76.441
75.9447
76.5101
75.6806
76.4819
75.6619
74.5637
73.5584
73.3962
73.0963
74.3364
73.951
74.5748
73.9925
74.8129
75.6708
75.2141
75.0587
73.9781
74.0343
73.634
73.8053
75.3834
74.2147
74.3178
75.3244
76.8482
75.709
76.0707
76.4997
76.2363
75.1965
75.1517
74.2639
74.2641
74.6514
74.8586
75.0548
74.8915
75.1679
75.0679
75.403
74.9125
74.1959
74.513
74.4475
73.5357
74.2467
74.4569
73.6873
73.4902
74.3949
74.6283
74.2817
73.5286
73.1555
73.6177
73.4643
74.2328
74.551
73.9597
74.8957
73.7825
72.7678
73.4954
73.9664
73.7109
74.6068
74.506
74.9604
74.416
75.0226
76.0288
75.6273
74.2665
73.6969
72.9405
72.5307
72.9253
74.4645
74.879
75.8032
75.2131
75.298
74.0362
74.0723
73.9411
73.1842
73.5508
74.0315
73.3214
73.569
73.7729
73.9221
73.6177
73.68
73.7373
75.751
74.6323
74.1762
73.8808
75.1625
74.6275
75.1065
74.287
74.2526
74.1205
73.7794
74.2016
74.3783
75.4372
75.7455
74.297
74.3835
72.9064
73.8655
74.2775
73.605
74.1519
74.2428
75.0834
75.4651
75.7298
76.1005
74.6005
75.2557
74.6192
74.4063
73.9049
74.5194
75.3357
74.6029
74.7487
73.7002
74.5884
75.4677
74.6771
74.6905
74.8954
75.0506
76.5376
75.5156
75.5486
74.914
74.8506
74.3656
74.4664
73.5436
73.0624
72.7682
73.329
74.0751
75.3354
74.957
74.4758
73.9574
74.614
74.7036
74.2681
74.5023
74.6931
74.4984
74.4704
74.7291
74.7657
75.1806
74.0289
73.6489
74.3016
73.7724
75.0777
75.3622
75.6779
74.658
73.9415
73.279
74.2283
74.1305
74.4254
73.281
74.6924
75.2622
75.9599
75.061
74.4008
74.2722
73.9606
74.6186
74.9706
75.833
75.7728
74.3552
74.3687
73.7715
73.9094
74.7923
73.8244
73.7674
74.4907
73.9736
75.1546
76.3585
75.7263
75.2158
75.1508
75
75.3573
75.6568
75.4404
74.7579
74.751
73.4489
73.6191
74.1754
74.0099
73.961
74.4386
74.4015
74.174
73.003
73.174
74.3635
73.9205
73.3463
73.7203
72.8234
72.8058
73.6981
73.026
74.0045
73.8662
73.2398
73.1322
73.8696
75.3789
74.5515
73.7517
73.0381
72.747
73.2359
75.7018
74.9802
75.1389
73.4759
73.2133
73.4162
73.82
73.3493
72.556
72.5552
73.4592
74.4824
73.8155
73.655
73.2067
74.0078
73.7161
74.0657
72.4461
73.1836
72.5915
73.3274
73.1633
73.496
74.5622
75.3512
74.713
74.8888
74.9336
73.6697
73.706
73.9928
74.4317
74.85
75.0052
75.1161
74.5946
74.5102
74.3168
74.3079
74.3488
75.0026
75.4426
75.9154
76.6535
77.2173
75.9327
75.7355
75.2417
74.0808
73.0003
73.8462
74.659
75.0014
75.4009
74.6751
75.5315
74.9306
74.0753
73.8502
72.8801
73.9465
74.7873
73.7431
73.8366
74.8796
76.2734
75.8152
75.175
73.6982
73.8414
74.5956
75.2098
74.7583
75.5689
74.0531
74.6122
74.1733
74.9175
75.2704
75.1834
75.2941
74.0976
73.6826
73.5523
72.248
73.3894
73.9184
73.1971
74.6632
74.2233
72.8063
73.5257
72.5037
73.4396
73.702
74.0715
74.0128
74.9224
74.7682
73.9666
73.2985
74.1756
76.324
76.3016
75.8538
73.8993
74.116
73.8024
73.8145
73.5366
74.0498
72.5909
73.2848
73.6523
73.1118
73.8323
73.8433
73.5589
72.7681
74.1716
73.4927
73.6833
74.3166
73.6873
74.5108
74.4842
74.6979
74.7785
75.7598
74.6694
74.0385
74.4616
76.6471
76.7341
75.3249
74.1313
73.0039
73.1438
73.3839
74.5248
74.8807
74.9097
74.5343
74.0952
73.0433
73.1348
72.399
74.0059
74.9204
74.5776
73.6564
73.2054
73.5761
74.4413
74.2543
73.4033
73.3851
72.6557
73.4546
75.5338
75.3292
74.9528
75.551
75.3755
74.6356
75.2544
74.5158
75.5234
74.1288
74.1327
74.4672
75.1407
73.6514
73.8591
73.9061
73.4219
73.5743
73.564
73.5444
73.6304
73.8332
72.9852
73.1721
73.078
73.1108
73.0259
73.984
75.4773
73.9565
73.4245
72.3517
72.0905
72.7571
72.619
72.8503
72.5541
72.6592
72.7849
74.3023
74.9984
75.0926
74.6697
75.2987
75.5965
74.8739
74.5834
74.7106
75.1349
74.7318
74.13
73.9285
73.8423
74.5715
73.396
73.6054
73.7887
73.7123
73.7373
73.6425
75.0831
74.8763
74.1473
74.263
74.3769
73.9462
73.3767
73.7742
74.5864
74.3881
74.3419
73.3286
73.5125
73.6719
73.4243
73.071
73.5927
74.9249
75.2247
75.6378
75.1112
73.956
74.8202
75.3056
75.2696
75.8252
75.839
74.2993
73.6051
72.9031
73.8279
74.9964
76.0102
76.4542
77.3496
77.1702
76.5214
74.861
76.0549
74.599
73.7674
73.7296
73.9542
74.2353
74.099
74.3088
73.6752
73.7521
73.3769
73.5501
73.5836
74.208
73.7543
74.8828
73.7122
74.9399
73.8687
74.337
72.8942
73.759
72.6095
73.1531
74.1803
74.6001
73.254
73.0829
73.0779
72.789
72.6939
72.5773
72.7257
72.6255
73.1162
72.5607
72.864
73.7324
73.1193
72.8727
73.1233
73.3396
73.5828
72.4454
73.5129
73.2507
74.3188
74.6191
75.8122
76.3217
75.4623
74.2145
74.4494
74.6918
74.8807
73.6593
75.7108
74.9419
74.2134
74.3165
74.9242
75.298
74.3959
72.9759
74.0321
74.4963
74.7726
74.2816
74.4627
75.0191
75.7634
74.1608
73.6514
75.1614
75.326
75.5472
75.9939
75.7523
76.1637
75.5804
75.8508
76.1308
74.8135
74.8393
74.1889
74.3668
73.046
73.7342
74.4309
75.6586
75.6937
74.8435
74.3336
74.4458
73.7566
73.3939
73.6231
73.9753
75.4485
75.0553
74.8097
75.7786
74.6796
72.9122
72.7159
72.9097
72.5749
72.2839
72.316
72.4717
72.6942
72.3063
73.8796
74.2614
74.7224
74.2718
73.8873
75.0457
74.9591
73.893
73.0352
73.0092
72.8609
72.944
74.5608
74.1334
73.7827
73.9509
74.1161
74.2894
72.0917
72.8477
73.6555
73.1697
73.791
73.4273
73.2045
72.7196
72.8372
72.7632
73.254
74.3403
73.8683
74.0801
72.7126
73.9137
73.9712
75.5699
75.2692
75.4094
74.5326
74.7537
74.1203
73.5044
73.9043
73.0316
73.2611
73.7678
73.4863
73.8583
73.7957
73.4798
73.2158
72.9314
72.8803
73.7851
73.8122
73.4569
73.9861
74.1915
73.7596
74.0744
74.8656
74.7093
74.1755
74.8462
75.7994
74.1067
74.8888
74.2804
73.5371
74.2718
75.9561
76.4344
74.0856
73.5211
73.1508
74.0759
72.7816
73.1903
73.3363
72.6036
73.0216
73.1517
72.2258
72.6371
71.16
71.7895
72.3584
72.952
73.8618
73.5157
73.7665
73.0529
73.5552
73.568
72.8979
73.9096
74.147
72.7935
72.1532
71.6175
72.9432
73.7694
73.4238
74.0378
73.8515
74.1857
73.5828
73.5458
73.4993
74.0551
72.9978
74.0309
73.8302
73.0077
72.9286
73.5198
71.9668
73.102
73.4133
72.5545
72.348
72.0575
72.3022
72.5441
71.9713
72.9209
72.6818
72.2925
71.5511
71.5405
71.9326
71.7718
71.6074
71.6366
72.0894
72.0207
72.5228
72.607
72.6475
72.7285
73.1162
74.0916
73.865
74.6274
72.9175
73.3291
72.3862
71.8011
72.5219
73.6019
73.8319
73.852
73.7192
73.7608
74.5311
73.3007
73.6638
72.7462
73.5101
73.8601
73.7172
74.2982
73.0936
71.7368
72.0661
71.8268
71.5412
71.8804
72.9669
74.332
73.9432
73.6189
73.0252
72.8893
73.1076
73.1187
73.5033
72.1318
72.8069
72.5291
71.7089
72.0243
71.7021
71.0269
71.6348
71.0484
71.5179
72.9307
72.6536
73.0855
72.7836
72.5407
72.3043
72.8689
73.0246
73.1471
73.0948
72.5698
73.8156
74.2049
75.1544
74.0377
73.3294
73.351
72.3945
71.4878
72.5628
72.9176
71.7045
72.8774
71.7448
71.6883
72.1744
70.8627
71.3966
71.9731
72.0632
71.2843
71.4108
70.9181
70.7742
70.2257
71.0972
71.0076
71.3633
72.5715
72.5499
72.9461
72.2167
73.319
72.5688
72.6759
72.7529
71.7691
72.6004
72.5976
72.4607
72.9271
71.8182
70.7178
71.9043
72.0984
72.9416
72.7171
72.9816
73.923
73.8988
73.3504
72.8787
72.9212
72.1022
72.8566
71.7436
71.7202
71.0461
71.2385
70.323
71.39
71.306
71.818
72.3966
72.6967
72.0734
71.4908
72.0829
71.2779
70.9329
70.7139
71.7356
70.9605
72.0569
72.3692
72.6612
72.7027
72.3138
72.8023
72.1052
71.9039
71.9348
72.1656
71.5215
71.2403
72.0951
72.5547
72.7226
72.689
73.0162
71.8875
71.0679
71.748
71.5848
71.4547
72.968
73.4617
71.8696
71.4258
70.3129
71.0095
71.6357
71.1479
71.6069
70.6468
71.0468
69.9314
69.4861
69.6163
70.918
70.8736
71.4282
71.525
71.8793
71.7915
71.5817
72.2346
72.6634
71.8254
71.5978
71.4004
71.6417
70.7139
70.9325
71.7399
71.4711
71.1681
71.3532
70.9331
71.8593
71.8581
72.1085
71.9201
71.8248
71.1226
71.7314
71.9422
71.3157
71.4298
70.7343
70.4419
70.9015
70.8023
70.7052
71.3334
71.3309
71.2424
71.3255
70.482
71.4227
71.2401
71.8893
72.2711
71.8475
72.3062
72.2228
73.0737
73.291
72.7585
71.8374
71.5116
71.7563
71.5814
71.741
71.6628
71.5372
71.4528
72.5466
71.7626
72.6807
71.9947
72.1478
72.3037
73.0112
71.8165
71.2017
71.7492
72.2246
71.1305
72.0369
73.4631
72.5734
73.4835
73.2849
73.3099
72.6481
72.9869
72.4183
71.5176
71.81
71.3548
71.0983
71.1521
70.083
71.3296
71.4566
71.2331
70.6976
71.12
71.8786
72.4846
71.3513
71.1422
72.2839
71.5026
71.9783
71.5116
71.1826
71.7606
71.8921
70.9486
71.2952
71.4958
72.0638
72.8123
73.182
72.1196
72.4873
73.0364
73.513
72.5856
72.8933
72.8845
72.0742
70.5048
71.1695
71.8222
72.321
72.1667
71.5976
71.2836
71.3647
71.2158
71.4131
71.06
72.3486
72.2948
73.3131
73.3697
73.0515
73.2072
72.5429
72.1915
72.2271
71.0376
71.5537
71.3694
71.8924
70.2292
70.636
70.5404
71.0709
71.8489
71.4328
70.2915
71.1235
72.0909
71.8395
73.0718
72.3055
70.9133
70.3359
71.8337
72.5922
73.6765
73.0989
72.701
72.2486
72.49
72.797
72.3962
72.1549
71.7277
70.9863
70.5467
70.5394
71.3069
72.1361
71.3188
71.7815
71.8843
71.6069
71.6987
71.6544
72.521
72.902
73.3973
72.5772
73.3012
71.8558
71.5752
71.4175
71.6289
70.6197
70.8699
71.0214
71.0288
71.6841
72.7314
71.6997
72.1258
71.897
71.9222
71.8608
71.0427
70.7031
70.1653
71.1244
70.8848
71.5244
71.521
70.8809
71.6475
72.3594
71.8425
71.879
72.4913
71.4108
71.7616
71.5618
71.3449
71.3559
71.1666
70.8
70.7053
70.3669
70.5126
71.549
72.0171
72.9532
72.9505
72.6943
71.9228
71.8903
71.8655
71.8912
71.7414
71.32
72.1505
72.1451
72.6534
72.1223
72.0078
71.5578
72.4996
72.1159
70.9212
71.8286
71.8693
71.2781
71.4326
70.1624
71.1571
70.2899
71.4341
71.3081
71.3511
71.3737
71.1781
72.0085
71.3348
71.732
71.4328
70.4829
70.919
71.6043
71.239
71.2153
71.1579
70.8164
70.7204
71.3708
71.2767
70.3103
71.1084
71.3169
71.4407
70.8887
71.1272
71.7401
71.8755
72.2527
71.6851
71.7689
70.7297
70.762
71.4258
71.8749
71.6578
71.4124
70.8273
70.6624
70.1335
71.0829
70.8426
71.3731
71.7825
71.6647
72.8316
71.4968
72.5572
73.2609
72.912
73.5467
73.196
73.4892
73.6436
73.1
71.8012
71.4932
71.5386
72.1976
71.7882
71.6467
71.6334
71.094
70.752
69.89
70.7418
70.6462
70.2487
70.7052
70.903
71.8122
72.3187
72.5568
72.3573
72.6493
71.8414
71.1469
71.6936
71.4586
70.7655
71.2328
71.9159
71.4764
72.6319
71.5269
72.225
70.386
70.1272
70.7297
70.8818
70.8581
70.9878
71.4084
71.5865
71.5976
70.7205
71.3218
70.7301
70.852
71.5969
71.9653
71.2095
71.548
71.2584
71.4187
71.2068
71.0328
70.4935
71.3423
71.215
70.9641
70.2491
70.627
70.6953
72.2915
71.7697
72.7666
72.2105
72.6994
72.6259
71.9407
70.9552
70.4972
70.3702
70.8397
70.9947
71.0051
72.2905
72.1979
72.3515
71.0216
70.236
70.2011
70.8608
71.8515
71.6986
72.6287
74.4271
73.5952
72.5469
72.6193
71.3492
70.9215
70.9772
70.9982
71.2107
70.2002
69.988
69.6275
69.8002
70.7207
70.5629
71.3817
71.6928
71.7434
71.0542
71.8566
72.2024
72.0049
71.9594
71.2336
71.6471
72.7503
73.341
72.1419
71.2855
71.5304
71.1339
71.9155
72.1895
71.7424
71.151
71.1949
72.8321
73.1281
71.1367
71.5716
71.2366
71.3425
70.0354
70.4889
70.2158
70.5545
70.1042
71.0079
70.7752
71.0836
70.6239
70.2973
69.9627
72.3261
71.815
71.9266
70.4063
70.8478
70.5596
71.3893
73.0865
71.7004
71.3457
70.6954
71.4603
72.3374
70.888
71.876
72.1023
71.6463
70.892
71.2308
70.5988
72.0201
71.5947
72.7112
71.9206
72.2145
72.2343
72.0013
71.6877
71.1291
72.2869
71.6382
72.8832
72.4151
72.1187
74.0828
73.474
73.8053
73.7541
74.2559
74.0853
72.6605
72.2131
71.9572
72.0633
71.7915
71.3136
71.0873
71.2569
70.8493
71.4267
71.2124
70.9694
70.6677
70.5609
70.3981
70.9814
71.2025
70.8026
70.845
70.2027
71.6016
72.1069
72.3342
71.1503
70.8303
71.6725
72.4086
72.0511
71.8529
71.4413
71.8598
71.2546
70.8616
71.0432
71.083
70.7782
71.3603
71.3437
70.4895
72.011
71.3422
70.1131
69.9882
70.5883
70.5274
70.7767
70.1789
70.7846
71.4477
71.6578
71.6776
70.5986
70.7052
70.2178
69.4299
69.038
69.0043
69.6223
70.6903
70.0803
69.9775
71.6969
72.074
71.7215
70.1739
70.3363
69.5309
70.6182
69.983
69.7489
70.6276
72.1875
71.4285
72.1174
71.3971
71.6993
71.3223
72.1184
70.9818
71.8754
71.2783
71.8837
71.5638
71.781
72.3488
73.0232
72.1425
72.3867
71.9654
71.4611
72.4762
71.1681
71.5531
71.4973
72.5805
71.4638
71.3718
71.4499
71.3808
71.2574
71.6281
71.4379
71.8327
71.7659
71.1086
71.3556
71.0085
70.5606
71.171
71.9341
71.6818
71.4263
71.241
70.8831
71.607
71.3354
71.0235
71.8548
71.5022
70.792
71.3081
71.6561
71.4666
70.9926
70.3506
70.4413
69.4485
69.0877
69.3965
70.4229
71.3845
71.5385
72.3022
71.7173
70.485
71.2764
70.9484
71.4109
70.2105
71.5202
71.5131
71.0461
70.289
69.6041
70.9272
70.2583
69.2341
70.0622
70.9577
70.7433
70.759
70.467
70.5394
69.6758
69.9806
71.0987
71.6967
71.3115
72.5681
71.7318
71.2951
71.1425
71.5322
70.5133
71.2636
71.1853
71.3183
71.1787
72.0173
71.9404
70.2562
69.8303
70.7135
70.7361
70.5658
71.5057
71.4692
71.0683
70.5978
71.611
69.5862
70.8331
72.2134
71.1672
70.8567
70.2966
69.9698
70.2894
69.8911
69.7034
70.1867
69.6014
69.6343
71.1531
70.8702
70.3197
70.1715
70.3014
69.9259
70.5592
70.7395
70.4136
69.6562
69.9699
70.08
71.0851
70.0852
68.9262
69.2549
70.4473
70.7575
71.0943
70.7746
69.7065
70.5994
69.9739
70.5433
71.7412
71.6193
70.8801
72.1131
72.4375
72.303
73.1498
71.7328
72.0045
71.3696
71.9862
72.731
72.8427
72.2032
71.1592
71.6359
71.0487
70.5021
70.4807
70.8889
71.1341
70.8486
71.0952
70.2522
70.7629
72.3765
70.2251
70.1676
70.613
70.2548
71.6159
71.4275
70.829
71.6157
69.936
69.3373
69.7297
70.2512
70.021
70.518
70.0399
70.6147
70.3205
70.6667
70.1509
70.6545
70.9277
71.0264
70.8362
70.5385
69.6895
70.5537
70.2707
70.7721
71.1732
70.8716
71.7232
71.2583
71.2057
71.4312
72.1563
71.3628
71.6859
71.822
72.3119
71.6928
71.7209
71.7279
70.5789
70.8266
70.6219
70.9897
70.6947
69.3496
71.0424
71.2117
71.19
72.2627
71.0877
71.2795
70.829
71.8214
70.5663
70.3305
70.8196
70.4313
70.3967
70.5967
70.2314
70.1042
69.9623
70.8433
70.7698
69.9173
69.5575
70.2229
69.9003
70.5033
71.7985
72.8499
73.8351
73.0041
73.2202
72.1801
72.1796
71.4642
71.8708
71.7411
72.217
72.4196
71.3895
71.9955
71.5886
71.5089
70.6065
70.0508
69.3709
70.224
71.3439
70.2341
71.0737
70.8203
69.8476
69.3758
68.4046
69.804
72.245
71.9002
71.1974
70.6986
71.0833
71.1501
70.7367
70.9377
70.5173
70.4195
71.2144
70.7651
70.4292
69.7309
69.6478
70.2573
71.3062
70.8308
70.7973
70.2943
70.2607
70.4859
70.3593
70.7396
70.0754
70.5062
70.1425
70.49
70.8765
71.2196
70.5135
70.5788
69.9948
70.3659
70.6827
70.5341
70.8532
71.4243
70.8626
70.8803
70.9603
69.431
69.0993
69.0585
68.7944
70.1891
70.1461
70.5959
71.0731
70.6333
70.2248
72.2914
70.8649
71.1577
70.306
70.1346
70.0554
70.0249
70.0302
70.5074
71.288
70.6975
69.695
69.854
71.1904
70.4245
69.9778
70.4663
70.7437
71.5954
70.8709
70.6069
71.3332
71.9807
71.329
70.9839
70.3626
71.8315
71.1074
70.6503
69.948
70.1761
70.914
71.6998
71.2296
70.6803
71.0953
71.1579
71.1786
70.8294
70.7787
71.1006
71.1333
70.4057
70.6497
70.409
71.1614
71.7792
70.9958
72.0547
71.9336
71.6664
70.4328
70.0421
70.1531
69.0565
69.4894
69.161
69.7413
69.4623
69.2284
69.0994
69.5211
70.1498
69.3744
68.8583
69.9435
69.8525
70.4344
69.5269
70.2769
71.0463
70.7952
71.7763
72.4146
70.1754
70.7046
70.6535
70.4272
70.3746
70.7606
70.2806
70.362
70.5147
70.5347
71.3982
70.3771
71.5701
71.3974
72.4617
70.7589
71.1229
70.8406
71.6991
71.2754
70.6297
69.9535
70.4094
70.7099
70.7849
70.737
70.3767
70.0175
69.6301
69.7788
69.7287
70.0943
69.9982
71.2751
71.5334
71.688
71.2941
70.8832
70.1564
69.6367
71.3645
70.4204
69.7336
69.8769
70.0322
70.286
69.5444
69.095
69.5158
70.4597
70.6783
71.0463
70.646
71.3433
72.2037
70.6587
70.713
71.6279
71.2328
71.2524
70.6607
70.4948
70.0829
70.4091
70.4407
70.174
69.4734
69.7999
70.4263
71.1073
71.4234
70.977
70.6186
70.9651
70.4774
71.5446
72.1873
71.3765
73.1002
73.2667
72.2979
72.3003
71.674
70.4031
69.8174
69.5154
70.2974
70.1817
69.3808
71.1717
71.3257
71.273
71.1661
71.8489
71.0943
70.8181
70.7126
70.7159
70.4872
69.7616
70.5519
70.6188
70.1238
70.3412
70.6037
70.3193
70.9616
70.7814
71.9132
71.2434
70.3779
70.0624
70.256
70.3405
70.3756
69.1149
69.1397
69.5082
69.8051
70.1241
70.3768
70.6977
70.0338
70.8705
72.1275
71.7079
70.1493
70.0076
70.8359
71.1743
71.8364
71.3588
70.897
71.055
72.6552
71.7884
71.4862
71.7754
71.2775
71.5293
71.3103
70.6563
71.7675
70.8099
70.3836
70.6109
70.2752
70.2787
70.1915
69.6796
69.7687
70.1803
70.6819
70.8501
70.6495
71
70.9314
71.0607
71.5272
71.5615
71.474
69.317
70.5632
70.4967
69.5979
69.561
70.1446
70.5009
71.1729
71.0905
71.1582
70.2862
69.7103
70.976
70.5723
71.1513
70.5682
71.5707
71.1146
71.3992
71.3889
70.6801
69.4288
70.204
71.2519
70.0657
70.5611
70.6386
70.1663
70.3561
70.3264
71.7704
71.0787
70.4481
70.6891
71.5939
71.7681
71.7543
71.7454
71.4479
71.6936
69.9282
69.6474
70.3677
70.3079
70.2835
71.5053
71.306
72.34
70.7784
71.3084
71.2762
71.3678
71.3631
72.0099
71.4093
71.7578
70.2692
71.3362
69.9195
70.4594
70.3588
70.95
70.6403
69.9053
70.7375
71.5013
70.7424
71.8776
71.2739
71.4405
71.7108
72.1987
71.396
71.2246
71.8989
71.8616
71.3948
70.8208
70.9147
70.2212
71.0091
70.5099
70.8222
70.8788
72.2232
71.2414
72.038
72.3617
72.5197
70.9741
70.3124
72.3414
70.8826
70.0771
70.6769
70.6845
70.725
71.7542
72.3094
71.4492
72.1411
71.6148
70.2655
69.5303
69.5349
70.2329
70.8263
69.9626
69.5265
70.1233
72.2241
71.932
72.4989
71.3971
72.5078
71.4984
72.7878
71.9031
71.434
71.2582
71.5476
71.2927
70.2424
70.0034
70.3323
71.5222
71.4529
72.6089
72.4862
74.019
72.4145
71.5379
69.491
70.0113
70.7852
69.8155
70.7473
70.3994
70.2084
69.4444
70.2298
70.2318
70.439
70.4569
70.1117
70.2162
71.4789
72.0052
71.0996
70.1516
72.2165
72.068
73.0655
72.5208
72.3363
71.2288
70.9353
71.0085
70.2998
69.7662
70.2341
70.8137
70.183
70.94
69.6111
70.907
71.5474
71.6487
71.0019
70.3641
69.037
69.6251
69.7414
70.276
69.8241
70.4254
71.574
71.6047
71.0957
72.3842
71.5501
72.1737
73.0483
71.2679
71.0734
70.7266
70.8672
71.2934
71.9759
70.7167
69.5051
70.1588
70.0346
70.6766
70.2194
71.2092
71.8153
71.1807
71.1201
70.9003
70.3808
70.4074
69.2197
68.5816
68.8897
68.9262
68.9184
68.9443
70.2348
72.0173
71.5663
69.8187
70.0937
69.9412
69.9543
69.6759
68.9306
69.0594
68.8346
69.934
69.498
70.0351
70.0829
71.2081
71.0222
71.5936
70.4863
69.4209
69.2982
69.3434
70.546
69.4197
70.8369
70.9944
71.9345
72.1862
73.7194
73.8327
73.5763
73.2102
71.3139
70.3522
69.5853
70.9369
71.4635
71.2987
72.0817
71.0524
70.0098
69.8807
70.4369
70.4649
69.7128
70.6997
69.9968
71.48
72.577
72.5445
72.374
72.4729
72.3349
72.1897
71.2303
71.6994
71.1999
70.5895
68.7625
69.0993
69.2508
70.0667
70.2333
70.9422
70.4938
71.2617
70.4226
72.1656
71.6142
72.377
71.0077
71.6791
70.4256
70.9279
71.8967
73.1959
71.2027
70.2458
70.0449
69.3032
69.6248
70.0756
70.0773
70.5294
70.4298
70.0459
70.1913
70.9177
71.2367
70.7588
70.7302
71.2511
71.1565
71.4876
70.9864
70.1664
69.813
71.7095
72.0118
72.3082
72.1337
70.8207
71.3847
71.2595
70.3394
71.0259
70.1769
71.0759
70.9844
71.1547
71.5633
72.4808
71.7951
72.0617
71.4634
71.026
71.7032
71.8168
71.1214
69.9015
70.5875
71.3684
70.6252
70.0116
70.4626
70.2089
70.1287
70.3595
71.1384
71.0015
71.3679
71.6412
70.9193
70.5984
72.0265
71.0757
70.5361
70.2478
69.8681
70.4326
70.7749
70.2569
70.2372
70.0823
70.7657
70.4936
70.0587
71.5557
70.2406
70.0405
70.5355
70.3067
70.5391
70.7273
71.0573
71.2981
71.3096
71.4599
71.6897
72.43
71.8922
71.4175
71.8063
70.8456
71.7393
70.7884
70.9985
71.15
71.0925
71.5643
71.9601
71.4282
72.0964
71.7957
71.1772
71.4253
71.391
71.4356
71.107
70.2617
71.5827
72.1435
71.3932
71.103
71.7043
70.463
70.9609
70.9398
70.446
69.0157
69.2738
70.3544
71.8815
71.6146
70.6385
70.6495
69.4548
70.237
71.3983
70.7135
70.5452
72.1302
71.7425
71.6744
70.5345
70.6208
70.7621
70.1708
69.5722
70.5031
70.2907
69.9106
69.2221
69.6185
71.1348
70.5819
70.5915
71.6406
71.3215
70.8577
71.6676
72.4683
69.6253
70.4839
70.3311
70.7655
69.927
70.8808
69.9875
69.9481
71.1892
72.425
71.9487
71.4878
70.2469
70.945
70.3641
70.0209
69.8293
70.8331
69.8471
69.1048
69.2745
70.5454
71.4682
72.7268
73.2968
72.6566
71.4349
70.2209
70.1556
69.7187
69.8772
70.0295
69.0214
70.8461
70.7033
70.3363
70.5264
70.3702
71.4182
70.841
71.5893
70.2742
69.9291
70.7206
70.3637
70.695
69.4704
71.0349
70.287
69.719
69.9747
70.7115
71.2864
70.2336
70.2559
69.9528
70.2054
70.3972
71.7509
71.7921
72.3676
72.1941
71.9352
71.7158
70.9614
71.3951
70.736
69.5155
68.6897
69.3745
69.9587
70.7672
70.7927
70.1299
70.4449
71.1131
71.4152
71.5337
70.5074
70.5405
70.2803
69.444
70.1958
70.5523
70.2937
69.3155
70.6965
70.0381
70.2198
69.897
69.4902
70.0366
69.4643
69.2503
70.1851
70.6009
70.1961
70.6154
70.607
69.7812
70.2455
70.6297
69.6439
70.029
70.8045
70.3099
71.703
70.7053
71.8769
73.1097
73.6795
73.5519
71.8542
72.0634
72.248
71.0427
70.6439
70.3551
71.1272
70.2684
70.955
72.3254
72.1479
72.7226
72.1403
71.7782
70.3465
71.1822
71.2547
71.5856
70.9617
71.1358
71.3494
70.8078
71.2496
69.9652
69.7179
71.0187
71.6886
69.798
70.6796
69.4746
69.3925
69.4553
70.6367
69.7322
69.661
70.3208
70.4635
69.978
69.6992
70.3046
69.4377
70.0775
70.2068
70.5866
69.796
70.1779
70.2723
70.4094
70.6679
69.9914
69.3693
69.7806
70.1332
70.2173
69.9103
70.6285
70.4645
70.1824
72.0024
71.2396
70.4859
71.4254
70.6634
70.2589
71.351
72.1093
71.8126
71.292
70.9029
71.6768
71.106
71.641
71.0387
70.7133
70.7966
71.0653
71.5104
70.5166
70.3068
71.1794
70.4744
69.7688
70.4273
71.1762
70.3925
70.4044
71.4266
71.5434
70.7409
71.2617
70.9531
70.94
71.9429
72.4488
71.4713
70.2303
70.5215
70.2321
69.9778
70.5951
70.1986
70.9992
71.7929
71.3293
70.4355
70.7378
72.5625
71.6616
71.2388
70.0028
69.9699
68.8946
68.9359
68.773
69.2993
69.4713
70.0787
70.1227
71.0045
70.3941
71.2483
69.9871
70.8158
71.3058
71.4903
71.6417
70.9109
70.6407
69.2434
69.8389
69.7978
70.3972
69.4324
70.6476
70.4773
70.6436
69.4289
70.4781
69.5237
68.9696
70.3953
70.2572
70.6564
71.1199
69.8935
69.8711
70.3671
70.4534
70.6217
70.8127
70.706
70.863
71.1067
69.848
69.6127
70.5101
70.166
70.6308
70.9875
71.9265
71.3888
71.0454
69.8827
70.4728
71.6048
71.9421
71.3814
70.9503
70.3058
69.9204
69.4013
69.1671
69.4947
69.4734
69.6562
70.2866
71.0886
70.1596
69.9086
69.8493
70.2989
70.8146
71.3029
71.2166
72.8593
71.8056
71.3492
71.4796
70.9794
71.169
71.0207
70.5092
71.5478
71.5918
71.2652
71.3759
69.8663
70.0852
70.0846
69.5239
70.1971
70.2435
71.8454
72.2168
72.3781
70.9254
70.014
70.66
71.4989
71.5786
70.1455
69.2721
69.2598
69.3058
69.4412
68.8967
69.8947
70.1592
70.56
70.9866
72.0096
72.7059
71.9401
72.2312
71.5377
70.0883
71.1623
70.8239
71.4654
73.0314
75.2657
76.1653
76.6613
78.6708
78.6772
77.9195
76.6035
77.2347
75.8826
75.61
75.4094
75.5671
74.8766
72.0783
72.6117
71.272
71.1878
71.3018
71.2103
71.2772
71.2792
70.3665
69.3348
69.436
69.4648
69.7661
69.2758
68.3991
69.3225
70.2887
70.036
68.9188
70.1922
70.093
69.5892
69.5649
69.8554
70.7642
70.603
69.7907
70.1911
70.0614
69.3099
69.7129
70.1066
70.194
69.6771
70.6133
69.8383
70.4084
69.7828
69.6773
69.8249
69.3507
69.1481
69.6791
71.2224
70.2111
69.4512
69.8601
69.5286
69.8263
70.4741
69.8031
68.8822
68.7854
70.0686
69.7364
69.3924
70.7789
70.3978
70.7912
70.7097
69.8157
69.2768
69.0525
69.4996
69.9931
71.4987
71.5742
71.2937
70.5453
71.1256
70.2647
70.2547
70.4632
70.0838
70.5539
70.2802
70.0991
69.5009
69.034
70.1813
70.9248
69.559
70.1485
69.2419
70.5188
70.2167
70.2951
70.1562
69.7083
69.0088
69.0284
70.5097
69.8248
69.7925
70.8237
70.4639
69.2584
68.5621
68.8252
69.9109
70.2345
70.4036
70.2331
71.2614
71.5013
70.1312
69.8424
70.4354
70.155
71.736
70.6438
69.9411
68.8392
69.4244
69.3645
68.9511
69.0277
69.8875
69.9437
70.1732
70.1581
70.5024
69.7516
70.397
70.1961
70.4566
71.4376
70.8234
70.4267
70.0527
69.403
69.4657
68.7416
68.2766
69.3077
69.05
69.4912
69.3077
69.3075
70.4948
69.8007
70.3751
68.9501
69.3073
68.6599
69.6475
70.1798
70.5523
70.727
70.1428
71.3311
71.0141
71.8969
72.5473
72.0704
72.3579
71.6597
71.9719
71.3077
71.1329
70.4264
69.4829
69.5026
70.0563
70.9975
70.2733
70.8921
71.1306
71.2869
70.3534
69.3132
69.7695
69.9099
70.1167
69.6013
70.3251
70.497
70.6759
68.99
69.9215
70.4864
70.6402
69.8255
70.3017
70.1688
70.3759
70.3066
70.2911
70.4712
70.8921
71.4635
71.8192
72.2442
73.3939
72.3272
71.9285
71.5193
70.0827
72.4595
72.624
72.6227
72.4585
72.278
71.0565
71.7057
70.6355
71.2235
70.4534
70.4409
68.9256
68.999
69.3862
70.273
69.6341
68.7877
70.1412
69.362
68.386
69.156
69.0795
70.0692
68.9731
68.887
69.1801
70.0314
69.6136
69.6493
69.8881
69.1585
70.3838
70.3824
70.2035
70.6194
71.2833
71.513
71.0943
70.5824
71.099
72.032
70.3678
70.2573
70.073
70.4707
69.5608
70.0724
69.5999
70.2403
69.4239
69.9232
70.6416
69.6753
69.5317
71.8707
71.1347
70.6024
71.6642
70.8382
70.3409
69.2005
69.7184
69.4523
69.4041
70.0571
68.6376
69.0357
69.9958
71.1116
70.8409
69.3279
69.6662
70.5558
69.6854
69.3744
69.501
69.2101
69.5601
69.3782
71.2099
70.0125
69.2359
71.0528
70.8166
70.5601
70.4419
71.1151
69.3435
69.2159
70.077
69.6106
69.9101
70.6665
70.4438
70.3219
70.7518
69.2028
69.444
70.7144
70.3488
69.522
70.0157
70.3074
69.0672
69.4021
69.5082
69.9603
69.5086
69.7397
70.8764
70.4953
70.5154
69.8438
70.3252
71.577
71.933
71.0242
71.0788
70.7556
71.8768
70.5386
69.7375
70.0695
69.5395
69.7613
69.9321
69.4993
69.7567
69.5226
71.0134
71.0701
69.5481
69.4157
70.4586
69.9604
69.4518
69.8364
70.7238
71.8599
70.8246
71.3594
71.5775
70.4657
70.0558
68.9102
69.9872
69.4114
69.7573
70.8203
71.3341
70.4911
69.2225
70.0604
71.4601
70.4817
70.4039
69.2063
69.1872
69.3654
70.3172
69.2997
69.2839
69.8586
69.8597
70.3594
69.9972
69.5303
67.9911
69.8899
68.9298
69.5161
69.9705
69.6151
69.8514
70.3088
69.9931
69.6113
69.2908
69.6894
68.8562
69.5547
68.6061
68.6036
69.3828
68.9698
68.3192
68.4665
69.2336
69.3819
69.9784
69.586
70.1482
69.8137
71.0426
71.2834
71.7936
71.9373
70.4316
69.6095
69.9225
69.6167
69.7894
70.3002
69.9793
69.5668
69.9173
69.8031
69.6422
70.3705
71.1151
70.7362
70.1495
70.0423
71.0583
71.3859
71.0813
71.9583
71.0343
70.5531
69.9748
70.3081
70.6425
70.0972
70.5913
69.5229
70.0957
71.5883
71.4321
70.045
68.6273
69.7128
71.0969
70.5953
71.8604
70.7065
70.9201
69.75
69.9421
69.2004
69.262
69.3466
71.0488
70.8342
69.3479
69.8384
70.0304
69.7536
67.8156
69.0528
68.147
69.4429
69.2274
68.9156
69.3514
70.1716
70.598
70.6476
70.6924
71.1448
70.4985
69.4619
70.2099
70.2832
68.6204
68.7179
69.4199
69.7416
70.4392
70.4317
70.4318
70.3454
70.1245
71.2165
71.4477
71.3469
71.2116
71.0258
70.5533
70.6717
71.1778
70.814
71.0116
71.5561
71.1054
70.016
70.5854
71.6408
71.7326
71.2264
72.6526
74.2909
74.6652
75.4984
76.4285
76.7137
76.9937
77.5208
76.9248
77.5202
77.5491
76.5417
75.2174
75.0863
76.1389
75.5607
75.016
73.8837
72.9064
72.5794
72.6859
72.0419
71.6486
71.5975
70.4086
71.1087
70.9308
72.2988
71.1105
70.5654
71.0189
70.0559
69.9015
70.9652
70.5591
71.7581
71.3815
70.5706
70.7588
71.0725
71.087
70.8497
72.0106
71.5737
71.9328
69.9745
71.4215
71.27
70.3487
70.1627
69.68
71.1469
71.3502
71.0473
70.8922
69.3248
69.2313
69.5659
70.2403
70.5905
70.3374
69.7765
69.3482
68.4736
68.4775
68.8889
68.4688
68.823
68.3508
69.173
69.4453
69.9576
71.0763
71.0953
70.1253
69.6405
69.3246
68.8768
69.5784
69.9717
69.2459
69.0282
68.4056
69.2755
69.8194
69.2736
69.9325
69.8229
70.0974
69.2089
69.7386
68.9976
69.0384
69.801
70.5751
69.4953
70.5259
70.107
69.4195
69.5947
70.3238
69.7252
70.4608
68.9981
69.9693
69.893
70.029
69.8741
69.9349
68.9085
69.6532
69.2865
69.2276
70.6911
70.4229
70.0672
70.5915
70.783
69.4794
69.5303
69.4301
68.5472
69.1648
69.2484
69.6196
71.2511
71.4886
70.6415
71.6379
70.813
71.2098
69.402
69.6844
69.7684
70.9849
70.8492
69.6079
70.1154
69.9464
69.8529
69.9759
70.7399
70.0788
69.8623
70.7369
71.181
71.8877
71.6681
70.5969
69.7824
70.0994
69.7904
68.9801
69.44
70.8553
69.6421
69.8487
69.6022
70.2541
69.8759
70.1552
70.5544
70.499
70.9008
69.6553
70.6998
70.8317
71.599
70.7221
70.2973
69.3263
69.3701
68.9708
69.6477
69.0665
68.9041
69.7795
68.9887
69.0054
70.0083
69.933
70.457
71.2932
71.9933
70.1581
69.2003
68.7384
69.5137
67.8864
68.4266
68.4506
68.6104
68.9106
68.704
68.7819
69.4796
69.9137
69.7389
70.4617
70.1066
69.7292
69.2821
70.0238
70.018
69.7594
69.5032
69.3734
70.1011
69.3752
70.2394
69.7517
69.5758
69.938
70.2912
70.9696
71.9006
72.2734
71.3006
71.4505
72.0187
71.0621
70.697
70.3478
69.8963
70.3908
69.6251
69.4485
69.4042
70.0282
70.0632
71.4432
71.4992
71.7335
70.918
71.203
70.6165
70.7405
70.122
70.1854
69.7912
70.2342
70.8325
71.5028
70.8823
69.6923
70.9161
70.2682
70.0142
72.0463
71.6963
71.4947
72.2052
72.0832
70.8531
70.828
70.3782
71.633
71.2461
71.426
70.1433
71.0161
71.2885
71.6254
70.48
71.186
70.3481
71.1776
70.7137
70.7371
70.8405
69.9861
69.6306
69.6776
68.3469
70.0694
71.7226
71.7904
71.8213
71.8015
71.4032
71.6078
71.9002
71.4602
72.0378
72.2255
70.7779
70.4263
72.3141
72.7266
72.2533
71.6642
71.0102
71.4035
70.2237
69.5085
69.6268
69.8076
70.9055
70.4505
71.2696
70.8678
69.1362
68.9728
69.2491
69.1381
70.4405
69.9886
69.2347
70.0093
69.9849
71.2844
71.9457
71.724
70.9341
71.3165
71.7215
71.5833
72.2466
71.9486
70.9928
70.5623
71.0014
70.2065
70.9433
70.9665
71.4673
72.2033
72.1492
71.2407
69.9781
69.5164
70.6759
70.3461
69.8807
69.1196
69.5411
70.3801
69.7389
70.8236
70.2531
70.2531
70.0143
68.4323
68.933
69.7974
69.7068
69.1201
69.0087
69.1069
69.4419
69.6161
69.6488
69.5766
69.1868
69.6019
69.715
68.8345
70.0283
69.6491
69.0321
69.2719
69.6037
69.6824
70.2522
70.7836
70.1193
70.3402
69.7539
69.2962
68.7893
69.2468
69.3702
70.1599
69.6381
69.6815
69.3581
70.1319
69.5542
68.7329
68.7561
69.6458
70.6346
70.4292
70.3225
70.6206
69.207
69.5336
70.877
70.2372
69.7134
70.0521
70.568
70.5455
70.8897
71.0116
69.976
70.0829
71.0777
70.255
69.4707
69.9435
69.8931
70.603
70.0229
70.5863
71.0752
69.8037
71.5781
70.735
70.6655
71.2394
69.6346
69.3419
69.2657
69.1856
69.5691
69.0479
69.4468
70.2453
69.9616
69.6615
69.2792
69.2461
69.1378
70.1858
71.1379
70.591
70.7983
71.4915
73.1865
70.4546
70.4233
70.1023
70.6629
71.0848
70.4006
70.5474
70.6179
69.7457
69.6683
69.5217
69.3267
68.3868
69.0342
68.6819
69.1504
68.5941
69.8854
69.7558
71.3036
71.1611
69.8186
70.1379
70.4009
70.2813
69.9977
70.5708
70.0183
70.7063
71.4423
71.0956
70.9017
72.3409
71.5388
71.284
72.4201
70.9482
70.8933
71.2973
71.0624
71.4286
70.3454
69.7217
70.8168
70.1117
70.5656
69.7606
69.8219
69.9455
68.8888
68.397
69.2764
69.874
70.4718
70.3096
71.4447
71.2456
71.6023
70.7958
71.8823
70.7871
71.9401
72.0918
73.125
72.7621
72.8679
71.0561
70.9515
70.3041
70.1602
70.3984
70.3698
71.0769
71.6302
73.1292
72.7854
73.0476
71.8588
71.2619
72.4143
71.5975
70.8506
70.1964
71.255
71.1116
69.7736
69.9602
70.1897
68.9133
68.8087
69.1914
69.9491
69.8823
70.2458
70.2972
70.0674
69.4482
70.2137
69.4046
68.6896
69.3592
68.6112
70.146
70.9506
70.8442
71.3001
71.3258
70.6848
69.9364
70.1292
69.6506
68.6751
69.4883
69.2622
69.1406
70.28
70.3999
71.125
70.3819
69.1836
69.1377
69.1636
69.2029
68.9378
70.273
70.7496
70.9613
70.6075
70.1859
70.6463
70.7748
71.2001
70.4914
69.7712
70.8289
70.5487
70.5301
70.5432
70.9771
70.1997
70.0951
68.8894
68.0577
68.3758
68.4917
68.8485
68.6954
68.8872
69.5931
69.6363
69.1951
69.2314
68.4292
69.2557
70.083
69.9954
69.8529
71.2947
70.6725
71.2872
69.8794
70.8731
71.2587
70.5168
70.2988
70.1781
70.0455
69.6124
70.4017
70.1669
69.6859
69.8531
69.498
69.1691
69.8412
69.538
68.7797
69.5427
69.7221
68.8455
69.4153
68.6392
68.9521
70.0557
69.7274
68.9399
69.6537
69.6192
71.512
70.88
70.1454
71.3553
70.4187
70.6982
69.79
68.7959
69.4414
68.3538
67.9738
68.4098
69.0847
68.4284
68.1049
67.9184
69.3422
68.7175
68.9984
68.1983
68.8403
69.4785
69.7157
69.7843
70.1731
70.0247
71.1319
71.2781
70.5578
69.9731
70.404
70.4072
71.7213
70.7643
71.7745
71.3907
70.3407
70.4865
70.8346
70.5651
68.5953
68.6948
68.9204
69.3696
69.4734
69.0909
68.8302
68.7046
69.3163
69.435
69.3441
68.9482
69.4134
70.1776
70.4268
69.2336
69.6583
70.6723
70.5295
70.2586
69.1803
70.1923
70.2556
69.9961
69.7704
68.7532
68.7913
69.9752
68.9682
69.4884
69.995
70.7077
70.4137
70.0402
70.2647
70.8356
70.4949
70.7202
70.1391
69.6913
71.6837
71.3088
69.8673
69.4777
69.4938
69.9086
69.7911
70.2489
70.2854
70.7517
70.5408
70.4004
69.8382
69.8359
69.3305
69.3095
69.236
68.5198
68.2262
69.4103
69.3187
68.9719
69.3794
69.9717
70.1505
70.8629
71.3443
71.3127
69.7699
69.7972
70.8259
70.7071
69.9324
70.3678
70.0837
70.3395
69.509
69.453
69.9759
69.9535
69.9246
69.8175
68.6638
68.9466
69.1747
70.2264
70.0197
69.6794
70.2015
70.5833
70.9339
71.6944
72.1382
71.1009
70.8903
69.7957
70.7472
70.033
69.7574
70.2299
69.0592
68.5247
68.6104
69.6573
70.2708
71.571
71.0308
70.9219
71.2981
71.5556
70.1564
71.0281
71.076
70.0596
69.3302
69.3275
70.9432
71.0832
71.416
71.1018
71.1843
69.7367
70.3257
70.6072
70.5225
69.8291
69.7785
70.4862
69.9664
70.6023
68.7438
68.7962
69.914
69.7719
69.123
69.4447
69.483
69.8977
71.141
71.0162
69.8488
69.3958
69.2532
70.7077
70.3376
68.6041
68.7888
69.2676
69.4577
69.3229
70.0929
71.6338
71.7918
71.3231
70.4385
71.3536
70.0625
70.0865
70.9544
70.0745
69.983
71.7154
71.3854
70.4564
69.7589
69.7786
70.2043
70.5291
70.4149
70.6962
70.8747
70.4592
70.4158
71.1139
69.4485
69.4052
69.7078
69.0051
69.0136
69.8776
69.2667
70.0508
70.0097
69.3052
69.2454
69.6667
70.1191
69.0678
68.7976
69.0604
70.0837
70.3863
70.5391
69.9469
69.3496
69.2992
68.8842
69.2787
71.0057
70.7632
70.7653
69.294
69.3317
70.3927
70.2316
69.6391
69.9923
69.2086
69.2462
70.5608
70.9601
70.12
70.8009
69.8683
69.1828
69.4083
69.1363
68.8696
69.0839
69.7589
69.7969
70.3282
69.6201
68.9548
69.3352
69.4561
70.3168
69.8525
70.7779
71.0268
70.2873
69.312
69.5822
69.7153
70.4026
70.0572
71.1836
71.3043
70.4091
71.2852
71.6895
72.4251
71.5902
71.2232
71.6117
71.516
71.4121
71.335
70.4449
68.7745
69.8283
69.5564
70.9702
71.4146
71.9864
71.347
71.241
70.6523
69.5299
70.101
70.6857
70.0216
69.9792
68.2859
68.5916
69.5645
69.7262
70.2754
71.9203
71.3057
70.9146
71.6926
70.4894
70.7393
70.6276
70.9407
71.0039
70.3041
70.7082
71.2757
72.2012
72.2225
71.2791
70.7914
71.2378
71.9116
70.3371
69.5668
69.7548
69.713
69.4142
68.9806
69.9041
69.9115
70.4786
69.6957
69.5743
69.2492
68.8824
69.2901
69.2224
68.4877
68.5292
68.8032
68.9157
70.237
69.4492
69.5523
69.2042
68.8178
69.3325
69.1769
69.8404
69.2506
69.4254
69.2686
68.4251
68.4884
68.932
69.1928
69.2644
70.3826
69.704
70.046
69.2475
69.9965
70.9835
71.3124
71.1888
70.6278
70.5812
69.3364
70.3948
70.3165
70.6009
70.4575
70.5404
70.488
70.7366
71.0417
71.3493
71.1536
70.001
70.1798
70.4776
69.6679
69.0995
68.5943
68.7087
69.2431
68.8003
69.6585
70.6673
71.0391
70.4412
70.5628
71.2145
69.8654
70.9115
71.5176
70.4168
70.4475
70.5828
70.231
69.3621
69.2987
68.3859
68.1653
68.6579
69.7333
69.1865
68.7663
69.3798
69.5179
69.1469
67.8418
68.3318
68.4789
68.857
68.8732
68.9656
68.9237
69.1066
69.4509
68.9112
69.0856
69.9201
70.1115
70.607
71.5012
72.1465
70.9681
70.8949
70.1598
69.1489
69.1065
69.8892
70.756
70.6029
70.7342
70.226
70.3005
70.4235
69.6958
70.8624
70.9645
71.6327
71.2645
70.6549
69.967
70.369
70.9757
70.6131
70.1888
70.3334
69.8548
70.4446
69.5873
70.5673
70.4058
69.9037
69.9487
69.203
68.673
68.9624
68.1923
69.2046
69.5367
69.4716
70.6362
70.1083
70.2215
70.1536
70.5216
70.8602
71.5801
71.7469
71.877
71.3975
72.1681
70.8813
70.0437
70.0309
70.0543
70.4332
70.8653
71.5241
70.1611
71.8308
71.8537
71.5537
71.1944
70.6551
70.4228
69.3516
69.9541
70.7265
71.7062
73.1127
72.4917
71.7121
73.0677
72.5527
72.0977
70.6527
69.4355
70.257
69.7988
69.3758
69.3873
69.9421
69.5452
69.215
69.1981
71.2526
69.5526
69.2575
69.7118
70.2307
71.8211
70.9694
70.1592
69.5835
69.8418
70.0521
69.9499
69.489
70.6554
70.7741
70.22
69.9127
70.254
71.0478
71.7076
72.1961
71.8075
71.0087
71.5361
69.8293
70.1684
70.8366
71.6967
71.2445
70.8301
70.7318
70.4161
71.8347
70.843
69.5806
69.7012
69.4365
69.4185
69.1644
69.0075
69.7014
70.0839
70.2518
70.5421
70.0856
70.8578
70.9709
69.8032
69.4323
70.7139
71.4743
70.7675
69.4253
70.454
69.7548
71.0323
70.5376
70.1901
70.4911
70.063
70.0588
71.1147
71.1041
70.7459
70.4175
69.0423
70.2182
69.8631
70.7566
71.3594
69.9152
69.234
69.481
70.3116
69.8475
69.0404
70.3012
70.3786
69.7732
69.5646
69.7831
69.5871
69.5014
69.2772
69.024
69.2897
69.8277
69.3009
69.2896
68.2695
68.8591
69.7864
71.7481
71.3387
70.5426
69.4273
69.8091
70.4593
70.716
69.7715
69.4337
69.0825
70.0959
71.1388
71.1124
70.0227
69.1249
70.5679
71.7953
71.0442
71.5426
70.0527
70.5161
70.6663
69.6459
69.7865
69.0603
69.0605
70.0315
69.4871
69.0625
69.8094
69.607
69.7665
69.8682
69.6588
69.1265
70.279
69.348
69.638
70.012
70.0396
71.7176
71.5982
70.8212
70.7228
71.3102
70.7669
71.1308
70.6558
70.5268
70.9795
70.8664
70.6434
71.0407
71.1096
70.9637
70.4371
69.8354
70.3005
70.0711
70.3928
70.8116
71.8501
71.6586
70.206
69.7914
71.0708
70.513
70.3457
69.735
69.8292
69.9301
69.4654
69.3927
69.849
71.0739
70.7921
70.0992
69.8897
69.5988
70.2315
69.2346
69.0231
68.147
68.7036
69.04
69.3192
69.1476
69.1029
69.8579
70.2856
70.1237
70.6144
70.4276
70.7044
71.5764
71.3952
72.3167
70.9133
69.6214
69.7606
69.4132
70.4297
70.6574
71.2946
71.6271
69.8303
70.5325
71.0458
70.8139
70.889
70.3279
71.2323
70.3537
69.9619
70.4464
70.9919
70.3408
70.1603
68.8763
69.1506
69.8542
70.4206
70.9866
71.4996
71.6313
72.6533
71.537
71.3184
70.3545
70.311
70.6518
69.6508
69.0042
68.4991
68.6634
68.0298
68.5694
68.8134
69.7611
70.045
69.9512
69.7826
70.1073
69.605
69.1026
69.9483
71.2607
71.7614
70.6847
70.473
69.4476
69.0905
69.0173
69.8012
69.8812
70.0162
70.2196
70.3169
70.3327
69.3026
69.42
68.9952
70.347
70.6284
71.2662
71.8566
71.8191
71.6795
72.9942
70.6621
71.4278
70.8919
71.2812
71.4445
71.5398
71.369
69.8146
70.9553
72.1288
72.9821
73.7566
72.9407
73.2596
71.7525
71.9678
70.1334
70.0677
69.7899
69.918
69.5886
69.8544
68.6894
69.1392
68.7212
67.9394
68.9764
69.6595
71.6783
71.0091
71.3572
70.5658
69.5821
68.8319
69.1801
69.5782
70.7314
70.5115
70.7422
71.5261
70.8313
70.576
71.8323
71.4568
70.9187
71.8077
70.9074
68.8707
68.9147
69.2578
70.6242
71.4696
71.7562
71.3542
69.5864
69.4186
70.2339
69.6374
70.1686
70.4955
69.9385
69.8078
70.0126
68.3378
68.3733
69.3841
69.0378
69.7845
70.7785
72.236
71.5054
70.1614
70.3314
71.3667
71.7023
70.0642
69.5462
70.0457
71.0125
72.639
71.4024
70.6547
70.3161
70.403
70.5448
71.5801
71.9133
69.9157
70.6157
69.1429
69.9744
70.1848
70.0582
70.8728
70.9558
71.5967
70.5016
71.234
71.6828
72.4405
72.2145
71.1495
69.1529
69.3958
69.8752
70.0019
70.8551
70.9895
71.4223
72.1032
71.702
72.418
71.1216
71.7587
70.5246
70.2614
70.5456
71.0952
69.6953
69.81
70.0972
70.2252
71.5911
70.7238
71.1132
71.6014
70.3755
70.4091
70.3707
70.5413
70.8587
70.1907
69.7761
70.6304
70.1909
70.8105
71.0189
70.1655
69.3538
68.9803
69.5104
68.9707
69.3993
69.6399
70.4803
69.9298
69.9627
69.0374
68.8648
69.5118
68.9456
69.2677
68.68
68.8057
70.1441
69.4457
69.997
70.1704
70.1715
70.8844
70.6277
70.884
70.9583
71.0724
71.4447
70.7927
69.803
69.8716
70.2314
69.1627
70.2597
70.6182
69.157
68.7528
68.6031
68.285
68.2431
69.1426
70.0868
69.3355
70.0532
69.4521
69.226
69.7475
70.19
70.7243
69.136
68.8457
68.2592
70.1441
69.6017
69.8178
69.7221
69.4835
69.9443
70.1
70.4925
69.919
69.1786
69.8584
69.8405
68.8895
69.7939
70.5516
69.6995
70.1027
69.3039
69.1518
68.5755
69.3906
70.8653
70.2853
70.1277
69.6982
69.5181
68.7003
68.6466
68.0167
69.0409
70.3832
70.659
70.2986
70.5704
69.3516
68.4908
69.5987
70.1589
69.5775
69.2412
69.3382
69.2807
68.7024
69.2616
69.4443
68.9807
70.0472
70.4407
69.758
69.9145
69.7342
70.6776
70.0956
69.3992
69.5069
69.0265
69.2602
69.1946
70.2457
69.8213
68.7898
69.3291
68.8107
68.4074
69.4358
70.0437
69.6263
69.6083
68.9765
68.7139
68.7238
68.8277
68.9459
67.8397
68.8
68.7657
69.4579
69.5494
69.8226
69.9254
68.6542
68.7052
68.5005
69.5868
68.9459
69.8169
70.0932
69.1887
70.4175
68.9212
70.1325
70.3956
69.7151
70.3468
70.7317
70.735
69.6407
70.1004
69.1681
68.819
69.977
70.2925
70.394
70.1806
70.0728
69.6071
69.6581
68.7283
69.3577
69.2246
70.4984
70.6096
70.4767
70.4377
70.2798
69.6208
68.7931
69.9318
71.3734
70.109
70.7605
70.1933
70.6333
70.3453
69.0542
68.7535
69.0011
69.1244
68.5505
68.9426
69.3073
69.8622
70.6166
69.7638
70.0243
70.2428
71.5548
70.9024
70.5053
70.6245
71.4313
70.4399
70.332
70.1453
68.9794
68.4461
68.6684
70.1065
69.0786
69.8899
69.228
69.5389
69.4168
68.8498
68.5519
70.4478
70.7044
68.8313
68.0534
68.0358
68.3483
69.5383
70.1625
72.0728
71.2461
71.4792
71.7762
71.5825
72.7938
71.8724
70.6189
70.8894
70.0365
69.3801
69.925
68.9155
69.1542
69.0011
68.4355
69.0907
69.081
69.5678
68.9446
68.7376
69.1816
69.3544
69.5544
69.7904
70.8954
71.0324
71.9495
70.5147
71.6862
71.2399
72.0943
71.2544
72.4068
71.9076
72.8665
71.2846
71.9383
71.1207
70.9115
70.6576
69.6709
69.2068
70.221
70.406
69.8184
69.0397
68.1948
68.4792
69.3849
70.1607
70.3578
71.2685
71.0148
70.5135
70.0211
69.2435
69.8376
70.4676
70.7193
70.2661
70.0636
70.0912
70.0783
70.6325
69.9783
71.5733
70.3059
70.1313
69.5134
70.5733
70.0337
69.8048
69.6782
69.9993
69.0699
69.3142
69.6997
69.8717
69.4125
68.9997
70.733
71.4967
72.5975
71.9273
72.2571
72.5911
70.6796
71.2611
70.9155
70.1888
70.1055
70.8643
70.9992
70.9407
69.9282
71.3369
69.1105
69.8916
70.8365
70.3105
70.6992
69.8291
70.5307
69.8516
68.8739
68.9789
69.8801
70.4101
70.4436
69.6746
68.6167
68.2507
68.8376
69.6812
70.0909
69.6449
71.3325
71.2741
70.58
69.3152
69.4674
69.7686
68.9043
68.0413
67.5225
67.8099
68.3095
69.0323
69.6215
70.2196
70.5563
70.2554
69.6269
69.0493
69.0274
69.7221
69.8249
69.0691
68.6977
69.5609
69.6588
69.4456
69.3118
68.9599
68.7501
69.7183
69.4488
69.108
69.6231
69.8967
69.2187
69.2694
69.674
70.3221
71.3082
69.4727
69.1895
68.4125
70.2575
69.4941
70.1912
70.7398
71.0729
69.9394
70.4373
70.2503
71.5023
72.4993
70.811
71.9299
71.5258
71.0472
70.0434
69.8833
70.0377
69.4642
69.9218
70.6604
70.421
70.0571
70.4988
71.6513
69.9056
69.8477
68.5386
69.5763
69.2406
69.3411
69.9189
69.4271
68.3322
68.4401
69.2899
68.9923
70.4841
70.0676
70.1141
69.055
69.0229
68.5844
69.714
69.5368
69.3794
70.0853
70.8762
70.7416
70.1685
69.6018
70.7731
69.9918
69.4968
70.1217
71.2703
70.9396
71.2721
71.5142
70.8161
70.197
70.6289
70.5424
69.8451
69.3418
69.2449
69.4241
68.9981
68.6912
68.6884
68.8972
69.1941
68.9518
68.1732
69.1195
70.0792
69.8999
71.0958
71.3144
70.9322
69.7597
68.0234
68.3249
68.7066
68.9265
69.8397
70.2733
69.7957
69.9077
68.6839
69.4427
68.7663
68.9506
69.1763
69.9105
69.3988
69.8024
69.1123
67.8268
69.3707
68.9161
70.362
70.1866
69.7252
69.3186
70.0106
70.1306
71.3212
71.1056
69.7826
70.2797
70.0888
69.9793
70.4257
70.6516
70.7595
71.1262
71.7869
71.2923
71.2301
69.9405
69.5651
69.9935
70.107
68.3733
69.0956
68.9358
69.949
70.0836
69.7027
68.8138
68.5437
68.1063
68.3634
68.7978
69.8168
69.537
69.1042
69.1697
69.68
70.6312
70.2447
70.1712
69.277
69.2542
70.236
70.1639
69.8361
69.7628
69.3942
69.7925
68.7757
68.9699
68.5659
68.5614
68.903
68.8729
69.9613
69.9387
69.6125
69.028
68.0252
67.9795
68.4443
68.8031
68.9526
69.2464
68.5503
69.0329
69.5164
69.7635
69.2831
70.629
70.3304
69.4641
69.1684
69.0871
69.2151
68.8849
69.0185
70.3916
70.7646
70.2124
70.6383
70.4893
70.4309
70.2541
70.3971
69.8442
69.181
69.4395
69.5428
69.9114
68.9113
69.4684
70.9244
70.1683
69.6996
70.3271
69.3124
70.7137
70.5658
70.1615
69.9043
70.3442
69.6864
69.8723
70.0175
69.483
69.1461
70.2879
69.6141
69.1296
68.5257
69.4548
69.8886
69.2457
69.9263
69.4611
69.1888
68.7759
68.622
69.711
69.051
68.9122
69.8536
69.9847
69.7871
70.8082
69.759
70.3579
71.5878
70.9463
69.0285
68.4089
68.8379
68.6687
68.1326
68.7059
69.9065
70.0649
69.867
71.5298
72.1817
71.7181
71.4955
71.1156
69.4651
68.5303
68.8184
69.3273
68.4911
68.321
68.6034
70.8752
70.9296
70.4867
70.5046
69.2649
69.8289
70.0476
70.5874
69.9098
70.3753
69.9472
69.33
69.2636
68.7634
68.6332
68.6983
69.5445
69.3567
69.7095
69.3543
70.0772
70.3547
69.7361
69.138
70.2165
69.9235
70.1179
70.3575
69.9034
70.1186
68.7846
68.7884
68.6047
68.3753
69.2277
68.9701
69.2909
69.7949
69.1287
69.4088
69.2974
69.5834
68.6154
69.6305
68.783
70.069
69.286
70.204
70.8442
70.7375
69.8045
69.6511
69.7831
69.7039
69.8758
71.5962
69.2063
69.6882
69.9372
70.6113
71.0801
71.9301
70.8947
70.6663
71.1623
70.3398
69.3158
69.6242
69.5706
69.4885
69.1728
69.4647
70.1958
69.8612
69.9482
68.8486
68.5319
69.7478
70.5383
70.0171
69.8754
69.5861
68.9207
69.1648
68.5117
68.2739
68.3158
68.7464
67.916
69.0888
69.9587
69.4495
69.9919
70.9048
70.6863
70.1032
69.9028
70.6369
69.8653
69.8108
69.8432
70.0871
70.0141
69.6645
69.6096
70.3753
70.852
69.7719
70.8545
70.9192
70.0401
69.4287
68.7827
68.5323
69.3228
70.0917
70.1983
69.9767
70.0348
69.1551
70.1862
69.01
69.3064
70.7576
69.5697
71.4815
70.4848
68.5948
67.8897
68.1179
68.5384
68.7536
69.2802
69.7176
69.9611
69.9747
70.2661
70.0589
70.1715
71.0979
70.7078
69.9643
69.2239
68.7637
68.6857
69.8747
68.7679
67.8909
68.4143
68.5035
69.2646
69.7722
70.0095
70.1011
70.3245
70.6871
71.0533
71.093
71.5172
71.0552
70.2596
71.4511
71.1786
69.8802
70.1651
70.6378
69.3803
70.5889
69.776
70.6473
71.5957
70.7265
70.6756
70.5103
69.6312
69.9858
70.4754
70.8759
70.2839
69.776
69.1414
69.0522
69.8632
69.8959
68.8401
69.7664
70.1646
71.3355
70.2179
69.8081
69.9768
70.2082
69.4081
69.5744
70.7784
71.1547
71.5191
70.7744
70.4492
70.1114
70.3521
69.7975
70.6741
70.3604
70.5591
70.2704
70.6602
71.2806
70.6402
70.9901
71.1351
71.0522
70.7697
71.1488
69.4911
69.3493
69.9536
67.8388
68.5707
69.777
69.3544
69.0974
69.3637
69.928
69.0096
69.8051
68.4921
68.1631
69.0567
68.7041
68.9469
68.6286
68.5551
69.5439
69.4475
71.3996
71.5858
70.4996
69.1515
69.276
70.5273
70.3499
69.6538
70.1794
69.9197
70.6926
70.1509
69.0604
69.5153
68.4651
69.0671
68.5004
69.1746
68.5422
68.8826
68.6964
68.8198
70.0828
69.8374
70.5962
70.9271
70.8156
69.7399
70.3673
69.4776
69.9697
69.6981
69.5735
70.15
70.5181
70.4127
70.4423
71.3716
70.7991
70.8154
70.7219
70.1947
69.963
70.3302
69.9728
69.5171
69.556
69.6404
69.2828
69.1762
69.3681
69.6753
69.3893
69.6292
71.1654
72.7636
70.997
70.8715
70.5778
71.8473
71.3055
72.8737
73.3465
71.7567
71.9124
71.6296
70.2731
70.9778
70.9646
70.5797
70.1187
70.9432
70.1296
69.985
70.3261
69.6671
70.5397
69.9505
70.693
71.9434
70.5401
69.7176
71.5214
71.3967
70.7516
71.4431
70.4918
69.6068
70.5268
69.4247
68.8562
69.5136
70.6698
69.7692
68.822
68.5711
69.6362
69.4294
68.5473
69.1895
68.9581
69.6673
70.398
71.2649
71.1176
71.9825
71.3587
71.0384
70.789
69.4441
68.3405
69.3059
70.1482
70.0415
69.0755
68.4171
68.3529
69.2737
69.5544
69.9326
70.5283
69.8707
69.0044
69.8134
69.597
69.8013
70.0562
70.1404
69.5229
69.3557
69.1481
69.3449
69.4862
70.8594
70.2292
70.2488
71.3954
70.6314
70.1511
69.5931
69.8371
69.3759
69.0465
68.7507
70.0585
70.916
69.5524
68.7556
68.9107
68.833
68.7015
69.0307
69.4039
70.1729
70.0846
68.8689
70.2381
70.574
71.1056
72.1356
71.6243
71.5864
71.3859
70.6328
71.5394
69.7029
71.6965
70.4098
70.7758
69.4028
69.7351
70.2724
71.2042
69.6943
69.5348
70.6593
71.0874
70.9059
70.0586
71.0931
71.5389
71.2263
69.9273
71.7178
70.4871
70.0538
70.6634
69.8283
69.7318
69.6541
69.346
69.0625
69.293
69.4329
69.808
69.9945
69.3619
68.8035
69.3787
69.8318
69.5722
69.9275
69.7202
70.1564
70.7475
70.272
70.3751
69.9632
69.899
69.5661
69.9583
70.0771
69.2395
70.0934
70.386
69.3444
68.6764
69.2028
68.703
68.6169
69.3486
69.472
69.6464
69.1251
68.9963
69.1673
69.8404
71.2767
71.2111
71.3227
72.021
70.3747
70.0592
70.6188
69.5203
70.1571
70.66
70.5318
68.6957
69.3517
68.9102
69.6377
70.5141
70.1184
69.7704
69.2588
69.3055
69.2175
68.5417
68.8813
70.1764
69.8672
69.6503
69.4561
70.0079
70.5724
70.6632
70.1541
69.7636
70.152
70.097
71.3904
71.7122
72.8297
73.092
71.3619
70.6658
69.8828
69.4381
68.5895
69.2959
70.0289
70.0559
70.5141
69.2971
68.6743
68.3408
67.7482
68.4266
69.1103
68.3763
68.3946
68.6601
70.4188
71.1788
70.0212
70.4604
70.135
70.003
70.0351
69.4396
69.325
68.7843
68.8635
69.049
69.4882
70.3531
69.1416
69.4254
69.9135
70.4363
70.8283
69.9656
69.4188
69.4412
69.3486
69.4933
69.4625
68.0431
68.2283
69.5559
69.0185
68.7871
68.9583
69.8926
70.6276
68.9297
69.1612
69.6213
69.9559
68.6449
69.7831
69.943
70.5494
70.7016
69.8297
68.4389
68.5091
68.9533
68.6298
68.6392
69.2827
70.3695
69.359
69.4131
68.5789
69.3668
69.022
69.0196
68.814
69.0612
69.1133
69.0923
68.4863
69.3639
69.5977
68.7946
69.186
69.2425
68.6381
69.6896
69.0679
71.1287
70.6619
70.2926
70.2166
69.3236
69.7734
69.4182
70.2477
70.4013
70.2679
70.2166
70.2171
70.6249
69.1996
69.2274
69.8469
69.2498
69.1749
69.3242
68.5062
68.6518
68.4491
68.9364
70.6452
72.1951
71.0785
70.7094
70.9575
69.8072
69.53
70.5972
70.3692
71.5991
71.509
70.9078
72.0168
71.7343
71.3181
70.453
70.6524
70.5365
69.8812
69.9674
68.7114
69.3147
69.1128
69.5812
70.6587
70.2902
70.3811
70.0098
70.0585
69.1067
70.098
69.538
70.8384
70.3298
70.4025
70.4514
70.4874
70.1979
71.0012
70.3448
71.1151
70.4125
69.6507
69.0295
69.6759
69.7507
69.344
69.1147
69.1197
70.6981
70.0576
70.4625
69.748
69.4226
68.9474
69.0692
69.8099
68.9866
68.3596
68.5888
69.3578
68.7049
68.71
68.792
68.4589
68.6979
69.2562
69.5222
68.3821
69.3831
69.5687
70.12
71.1391
70.6183
70.1327
69.866
70.1023
70.8065
69.6652
69.3322
69.5522
69.5463
70.4323
69.6125
69.8879
69.7905
69.3124
70.4805
70.7149
70.5143
70.1329
70.782
69.9406
70.1329
70.2871
69.1777
70.0004
70.4362
70.2324
69.3297
67.8784
69.1603
68.9727
69.5176
69.7135
70.1178
69.8621
68.9873
69.2192
68.2572
68.2892
68.5143
69.4276
70.0963
70.0708
70.2434
70.443
70.067
70.6871
69.517
68.7158
68.8334
68.6836
68.3505
69.0142
69.5168
70.1108
70.2998
70.3752
70.1331
70.1334
71.0608
70.7656
71.2664
70.0939
69.6963
69.9656
69.4007
68.6649
68.8042
68.2892
68.6944
68.4578
69.0921
69.5816
69.9352
69.5191
70.2308
71.3474
72.1115
71.0576
69.3671
69.3669
69.0634
69.1549
69.5929
69.6207
69.7835
70.5272
70.4952
70.2156
69.347
70.1733
68.9565
69.2622
69.3396
69.6912
69.4654
68.3162
68.54
70.6236
71.1218
70.77
69.8353
69.8839
69.7528
70.0429
69.9796
69.4687
69.8195
69.5607
69.0067
69.5833
70.0598
70.3262
70.6699
70.2481
70.3352
69.8905
70.4284
70.5174
70.3392
70.2127
70.0215
69.1491
69.6047
70.5406
71.4534
71.3116
72.1142
72.4985
72.3822
72.3486
71.7023
71.767
71.1913
70.6813
71.1593
71.1274
71.1157
71.2165
71.1232
70.736
70.1369
69.5911
70.0195
69.6113
69.6061
69.6815
69.0305
70.1573
70.1835
70.3346
70.5536
71.6369
72.2919
71.0982
70.4179
70.7873
71.028
71.5024
69.9539
69.5862
69.8506
69.9527
70.2111
69.6505
70.2319
71.4293
70.347
68.8413
68.8835
68.8445
69.8327
69.6359
70.5899
70.0225
71.7754
70.9852
71.3413
70.8973
71.4037
70.0173
69.4192
69.4346
69.9202
70.5748
70.4197
70.2344
69.2982
70.098
69.7175
68.8233
69.5786
70.6101
70.2695
70.459
71.0968
71.5303
70.5192
69.3251
69.2076
69.1251
69.0759
69.2608
70.2024
70.264
70.075
70.2141
69.8687
68.8872
69.2276
70.1553
70.2133
69.8009
68.9376
70.361
69.4141
69.3252
70.1796
69.9276
69.8555
69.5572
70.8285
71.3175
70.896
70.889
70.9271
70.9746
70.365
69.5463
69.7821
69.5457
69.991
70.7182
70.7805
69.7729
70.1895
70.2261
68.1202
68.6212
70.0944
70.102
71.4365
70.5058
70.5142
70.2193
71.0624
70.8423
70.256
70.1136
70.5229
70.442
70.0748
71.5145
71.5756
70.7915
69.9383
68.5737
68.51
69.2921
70.1617
69.5753
69.2591
70.3371
70.1202
69.9769
68.8573
70.0987
68.7796
68.909
69.6441
69.1106
69.1764
68.909
68.8894
69.649
70.7838
69.8956
70.1028
71.6107
71.2305
71.676
70.0451
70.1525
70.0543
69.7998
68.5617
67.7889
68.6172
68.2627
67.9596
68.2538
69.4389
69.3388
68.4769
68.3298
68.1677
69.1782
68.9604
68.5557
69.336
70.1084
69.6679
69.8759
70.1832
70.5911
70.0278
72.3259
72.52
71.4988
70.1877
70.8745
70.2309
70.7649
69.8883
69.6954
69.9221
70.5829
69.1749
69.7146
70.6898
70.5209
70.7213
71.1047
71.6759
71.3024
70.9275
70.1141
69.7737
68.7312
69.1417
68.5796
69.4108
68.5327
70.1437
70.7151
69.709
70.1304
70.1657
71.4898
71.1625
71.5962
70.2364
70.6703
70.2047
70.0953
69.6854
69.1239
68.7496
69.2704
69.7914
69.4773
70.1419
70.0965
69.0408
69.5992
69.6991
69.561
70.4247
71.0439
70.8388
69.74
70.0328
69.7947
68.4984
68.8938
68.5598
69.2143
68.6651
69.5119
68.7272
69.2366
69.983
70.5755
70.0404
69.6505
70.5881
70.5856
70.2102
70.2533
70.0735
70.0655
70.0835
69.7196
69.1622
69.0823
68.9596
69.2054
69.0254
68.7419
68.2495
68.9274
69.4731
69.9006
69.1095
69.0956
69.5278
69.8583
69.3543
70.2627
69.2045
70.4076
71.0355
70.6289
70.9347
70.3087
70.5148
70.5684
70.2852
70.3976
70.3001
69.9085
70.0119
69.3489
69.2461
69.8596
69.7217
68.476
68.0423
68.0631
68.1742
67.7599
68.4764
69.0944
69.4885
70.773
71.0504
71.8015
70.9556
71.5895
70.5569
70.4637
69.0472
69.1726
69.4399
69.6034
69.7561
69.2351
70.5198
70.1427
69.8373
69.5502
70.4368
68.743
68.6471
68.5936
69.5795
68.4759
67.8752
68.7146
68.1859
68.9796
69.7011
70.3928
70.8774
70.8565
71.0602
70.1865
69.862
68.2124
68.2092
68.7378
68.8407
70.2576
69.309
69.4003
70.4771
69.6033
69.6545
68.5964
68.5246
68.9605
69.5631
70.3119
71.2074
70.6818
72.502
71.5453
70.3174
69.1416
68.7639
69.8219
70.7231
70.6932
69.7392
68.7599
69.7858
70.9283
69.9865
70.553
70.4101
71.7229
71.3796
70.7305
70.237
69.505
69.332
69.3184
68.2948
68.2067
67.9786
68.0341
68.184
67.5109
66.9156
68.1382
67.9931
69.3343
69.6549
69.9863
69.6699
69.865
69.4678
68.311
67.9401
68.4633
68.7589
69.2131
69.7051
69.4072
70.4352
70.3659
70.4661
68.9582
68.4526
69.1141
69.2237
68.3311
68.7284
69.3659
70.0846
69.7248
70.0833
69.8522
70.4923
70.2625
69.9019
70.0784
69.5256
69.6655
68.9422
69.0687
69.1814
68.9669
70.1882
70.0055
70.5244
69.7551
68.8742
69.0375
69.8665
70.3789
69.378
69.7559
70.6009
70.8996
71.3773
71.7143
69.8017
69.9815
69.6421
70.1265
70.6842
71.2366
70.8381
72.0325
71.8649
70.4511
70.7919
70.1291
70.1099
70.6344
69.7811
71.0562
71.0794
69.6779
69.7206
69.0396
68.6224
67.8387
68.5649
69.2844
70.4485
70.1728
69.9693
69.3464
69.8375
68.762
68.1626
69.8339
70.6342
69.5704
70.1073
69.6436
70.4002
71.2583
69.7894
69.3412
69.294
69.0278
69.0611
67.7483
68.7604
69.7696
70.0919
69.8327
70.614
71.64
70.7663
71.3997
70.5477
71.8437
70.8262
70.1805
68.8502
70.0921
70.6289
69.7476
70.9857
72.2687
71.4433
71.9765
72.7646
71.7604
69.9269
69.1939
69.4419
69.2543
70.4225
69.9693
70.236
69.3396
68.9286
68.8682
69.8319
71.2763
71.503
70.9979
70.9312
69.5618
70.22
69.9926
70.2408
69.9143
70.7652
70.5521
71.0204
70.9072
70.6893
70.4697
69.0831
69.4318
70.0528
70.5403
71.3992
71.6496
70.3008
70.7669
71.1911
69.538
68.7632
68.0759
68.0519
68.3242
68.867
69.5378
69.114
69.8984
70.6007
70.795
72.2182
72.8225
72.3126
71.0991
69.7344
69.3446
69.5148
69.9779
69.9563
70.653
71.0264
71.673
70.4873
70.983
69.6889
69.9518
69.4907
69.4725
69.4215
69.0341
69.1494
69.2195
68.5807
67.436
67.759
68.8106
69.5594
69.5589
69.3265
70.0164
70.3712
71.1537
70.4687
69.8797
69.7272
69.233
68.9328
69.8569
68.5849
68.9916
70.3421
70.4032
70.9542
68.9644
69.3001
68.9585
68.9165
69.2457
69.4687
70.4997
69.182
69.9044
70.8271
70.4035
71.481
70.5825
69.3281
69.729
70.6312
69.5295
69.0087
68.1221
69.1658
69.4009
70.3723
69.6907
70.1507
71.5603
72.1719
71.1736
70.1011
69.6774
70.7718
70.8965
70.3192
69.7587
69.8765
69.5422
69.6281
69.1886
68.5163
69.1944
69.3527
69.5153
70.3189
70.1966
70.6124
70.01
72.0918
71.7307
70.0312
70.5556
69.847
70.9336
69.7458
69.4746
68.5432
68.9392
69.3521
69.2368
69.607
70.1292
69.9209
70.1228
70.6903
69.954
70.7985
70.9074
71.8189
71.0137
71.3445
70.7684
69.7302
70.0028
70.0928
70.2867
68.5825
69.1008
70.3181
69.9273
70.0399
69.8474
69.0551
69.3008
69.1413
68.6774
67.6952
68.1977
68.3378
69.0378
68.622
69.7142
69.5499
68.8581
69.2092
68.973
70.0434
70.1031
69.4424
69.363
69.2047
70.427
70.2149
70.6046
70.7129
69.9687
70.6872
69.5066
70.394
68.9855
68.394
69.696
70.0077
69.573
69.032
69.73
69.8321
69.6012
69.4333
69.1251
69.6905
70.4708
69.694
69.4473
69.8715
70.4643
69.8124
69.2958
70.0339
69.017
70.4411
70.6324
70.4235
70.2947
70.2966
69.0548
68.8637
68.8365
69.6957
69.3997
69.3976
70.4816
70.3167
70.0934
70.6538
70.3209
70.0391
70.7235
71.236
70.297
69.7015
69.3649
69.5997
69.7507
69.5762
68.8549
69.5197
69.2541
68.1978
68.7003
69.2445
69.5959
70.3862
70.5053
69.8981
69.839
70.2591
71.0269
72.007
71.2516
69.97
70.5061
70.1782
70.0461
70.1558
68.8752
67.7267
68.4288
68.9391
69.6557
69.0032
68.6179
70.1808
70.2822
69.9016
70.1712
70.2449
69.508
69.5938
70.5979
70.2911
70.6049
71.0393
70.1747
71.1708
70.1135
70.3433
69.721
70.0861
69.3448
69.8851
68.8752
68.9834
69.007
68.8697
69.5664
69.7889
69.3993
69.1733
69.8117
70.0357
70.6392
69.3682
70.5246
69.3423
69.6927
69.9138
69.4091
68.9825
68.749
69.9534
70.6058
70.1718
70.6461
69.5535
69.5088
69.8313
70.1356
70.5194
70.771
70.6726
71.0059
70.8348
71.3222
71.5742
71.5411
70.6155
69.9108
70.0095
69.5233
69.6383
69.7291
69.3563
69.5047
68.9926
68.0339
68.97
69.3883
69.0614
69.701
71.3956
71.1619
69.9427
69.3504
70.0117
70.5022
70.7194
71.0988
71.7475
72.3788
71.1366
70.4233
70.4723
70.9207
72.4366
72.5557
72.1005
71.1446
70.6467
69.7348
69.469
70.1383
70.7276
71.014
71.6124
71.8173
72.0731
72.326
71.4359
70.8917
71.1758
71.0213
71.4625
70.9877
72.1463
71.8583
70.8301
69.5695
68.823
68.3648
69.1064
69.2824
69.5333
70.5331
69.2749
69.1986
69.0348
69.2736
69.0303
69.0046
68.6664
68.5481
68.226
69.3005
70.2385
70.1768
70.3775
70.9744
71.2317
70.7436
70.5172
69.9286
71.1695
71.218
71.7918
71.8425
70.827
70.2328
72.1051
70.8971
71.245
70.9002
70.9469
70.0866
70.0134
70.114
69.6734
69.2972
69.9007
70.7962
70.0836
69.9637
69.0238
68.8728
68.2568
68.7044
68.9842
69.2921
69.0564
70.1966
70.4467
71.9637
71.2864
69.6814
69.6609
69.9779
70.2015
71.2062
73.1786
71.9552
73.6905
71.7068
71.9963
70.4634
69.9065
70.5519
70.4305
70.1434
71.6111
71.1949
70.5785
70.0826
70.0457
70.6532
70.8043
69.8554
71.0581
70.7549
68.6092
68.8752
67.9335
69.6971
70.0957
69.7397
70.6271
69.8838
69.3349
69.5073
70.3187
69.8272
69.6366
69.8526
69.7513
68.8534
69.6166
69.7229
68.8605
68.8767
69.4604
70.1935
70.2394
70.5413
70.6671
70.4452
69.8996
70.8149
71.4612
71.6325
70.9539
70.539
70.1185
70.5291
69.6616
70.3185
70.0341
70.2455
70.2824
69.9626
68.7803
69.4735
70.1588
69.2815
68.3047
67.9514
68.7704
68.749
69.2682
69.2708
68.9531
68.3457
68.9977
68.8284
70.1648
69.9397
71.4031
70.6295
70.998
71.4135
70.5931
70.3859
69.1824
70.312
69.7371
70.5347
70.1136
69.3714
70.2444
69.5466
67.9578
68.8898
69.0878
70.025
69.8428
69.6353
69.2777
70.1767
71.1143
69.8695
71.1717
71.0773
70.5391
71.1573
69.9391
69.5736
68.8912
69.2907
68.3511
68.5781
68.5417
68.834
69.6433
69.8628
69.1984
69.6705
69.2693
69.743
69.1551
69.1312
69.8492
70.0445
69.2588
70.0252
70.1927
69.9774
68.6513
68.612
69.0002
69.2535
69.0692
69.3259
69.7651
68.5236
68.8547
70.187
69.4504
69.3439
69.9649
70.6722
69.9782
70.5505
70.7132
70.2068
69.4241
68.9651
70.0857
69.2304
69.7397
70.803
69.836
70.7309
70.3026
69.9685
70.0167
69.5907
68.7645
70.4487
69.2875
69.0909
69.7051
68.9065
68.8191
69.0601
69.0952
69.7611
70.5217
69.88
69.1731
70.0907
70.3337
70.3748
69.6432
70.0459
69.5338
70.0335
69.5939
69.5119
68.6399
68.4809
69.2322
69.834
69.3852
70.0322
68.9063
69.1167
71.1714
70.3086
70.1865
69.8654
70.3936
69.5994
69.1836
69.4347
70.6215
70.3622
70.1001
69.4833
69.9679
69.9132
69.1338
70.1949
69.8833
69.9805
70.6841
70.4153
69.957
69.1866
69.0923
68.3374
68.3988
67.9561
68.7153
69.9413
70.2212
70.0815
70.0504
69.3265
68.5709
67.7152
67.1404
68.7303
69.4049
68.558
70.0091
69.5998
69.1178
70.1497
69.3686
68.7171
69.4437
69.567
70.2352
70.0939
70.1334
69.8358
69.5968
69.6386
69.1054
69.1003
69.4153
69.0703
69.2628
69.3633
69.0851
69.8858
69.2094
69.6754
69.9024
69.1091
68.9522
70.1047
69.7066
69.4659
69.6973
69.0065
68.4817
68.0729
67.6164
68.4312
68.8408
67.7874
69.2288
69.2619
69.2712
70.2877
70.0051
71.3091
68.9125
68.5228
69.2174
69.895
69.5098
68.9439
70.0033
68.4544
68.4748
67.8221
69.2578
68.8743
68.4279
68.3915
67.7243
67.0982
68.1957
70.0427
70.0096
69.4185
69.7273
70.047
69.3444
70.2257
69.9394
70.0051
69.9565
68.9281
69.0795
69.3392
68.878
68.9659
69.7768
69.6608
69.3556
71.0302
69.7405
70.2931
70.7759
69.3476
69.9149
70.5381
70.528
69.2781
69.2033
69.4038
70.4386
69.811
69.7228
70.4115
70.2317
69.9791
70.4532
69.4356
68.5606
68.2369
69.4514
68.6816
68.8574
69.164
69.8597
70.0099
69.9116
68.5857
68.78
69.5425
69.7351
69.0238
70.6408
70.9937
70.3792
70.0482
69.319
70.2317
70.4977
70.8331
70.8207
70.4899
71.0202
70.707
71.454
71.7587
72.3715
72.8857
72.8603
73.1625
72.5436
72.0251
71.1838
69.7213
68.7321
68.6828
68.6204
68.6389
68.6598
69.3477
69.3065
69.2108
69.3592
69.5848
70.1881
69.4256
68.865
69.4585
70.8169
70.5333
70.3985
69.4441
70.1721
69.3971
70.4923
69.9203
70.1256
70.1598
70.6252
70.2736
70.0683
70.4788
69.6095
68.7592
69.1986
70.7183
69.7438
68.9497
69.0485
68.7386
69.6367
69.7413
69.5067
69.1946
69.5361
69.4085
69.3899
69.1487
70.5065
70.5443
69.4999
69.3788
69.9982
69.9744
70.0463
68.5799
68.6968
69.5832
69.8189
70.5658
69.7546
69.7418
70.3516
71.4822
70.8926
70.5456
69.1534
69.7829
69.1371
69.1964
69.9132
70.9073
69.7226
70.7197
70.5423
70.0727
70.4733
70.1059
69.5236
70.0777
69.481
70.3515
70.3871
71.0365
70.3464
69.805
70.2626
69.9242
70.7228
70.6128
69.5472
71.512
71.1358
71.6736
70.5541
71.1961
70.7389
71.7076
70.4539
69.8321
69.5357
69.2558
69.6302
69.7821
69.4712
69.3527
70.5395
69.6338
70.7892
69.2691
70.3207
69.319
69.9757
69.1446
67.9784
67.8851
68.0582
67.3053
69.2743
68.3845
68.6844
69.6157
69.7477
69.7634
70.0328
70.1429
69.9778
70.4558
69.3075
69.8456
69.3855
69.6028
69.4037
70.0108
70.044
69.8577
70.3129
69.9174
69.4238
69.1635
68.8498
69.5956
69.0585
69.9749
69.8278
70.6442
70.9527
70.9832
71.8046
71.4011
70.7418
70.2827
69.5262
69.8244
68.5052
69.0412
68.5525
69.4394
68.748
68.7742
68.5279
69.1059
70.0694
70.6996
70.9164
70.4314
70.8711
70.3574
70.5656
70.072
69.8078
69.6969
69.7321
68.6564
68.3618
67.8922
68.8158
68.5652
68.1545
68.7676
68.6084
68.9046
69.8592
71.273
70.5365
70.3248
70.3112
69.5528
70.0806
71.0791
69.5211
69.3681
70.4032
70.5324
70.4835
70.0929
71.6654
70.3392
70.8608
70.4568
70.156
70.1649
69.6649
70.4095
70.6839
70.5956
70.3881
70.2165
70.4044
68.1547
69.4996
70.4062
69.2345
71.1955
69.891
70.7268
70.0564
70.6438
71.3258
70.7426
70.4281
71.1165
71.0434
69.3852
68.7076
68.987
70.0407
70.6024
70.1667
71.7529
71.9102
70.2056
70.2888
70.7952
69.4004
70.076
69.5498
69.96
69.9619
70.1267
69.8974
68.4291
69.476
69.2319
69.1748
68.7377
68.1504
69.6704
68.7189
68.9454
69.3316
71.1702
70.7997
70.4004
69.9341
69.8857
70.2901
70.389
69.5515
69.4177
68.8789
70.1017
71.7055
72.5739
71.3428
70.8815
70.3796
69.5202
69.1177
69.3388
69.9126
70.0674
70.1697
70.3855
69.5423
69.7588
69.8975
68.8457
69.2651
69.8613
69.1442
70.2112
69.8365
69.8477
68.9751
68.5841
69.5785
69.7743
69.8184
70.1079
70.8547
70.5052
69.5807
70.193
69.4808
71.629
70.7794
71.9615
71.8655
71.4105
71.6454
72.7105
72.7342
71.6557
71.2429
69.9667
69.986
70.2197
69.2447
70.4541
70.7104
70.2905
70.5685
70.6653
70.86
71.071
70.1193
69.578
68.5346
69.5654
69.6252
70.2854
69.6989
69.7995
70.6633
69.8041
68.735
69.1088
69.7262
69.2511
67.6299
68.6315
70.157
69.513
68.4039
69.5914
68.8104
69.2503
69.6148
69.1566
69.7533
69.2709
69.3402
69.4064
69.3405
69.1069
67.9834
68.5317
68.2914
69.1931
69.8561
69.5069
69.1432
68.8812
68.1919
68.187
68.4414
68.7592
69.8312
69.271
69.5854
69.5581
70.8647
69.5345
69.1451
69.9887
71.2711
70.1946
69.768
69.6522
70.2887
70.1869
70.0088
69.6373
70.1209
70.6349
70.5198
70.7226
70.8161
69.5203
70.082
68.5469
69.2308
68.886
68.7386
69.1132
70.263
69.9577
70.9142
70.7582
70.5064
69.469
70.1491
69.7988
70.2012
70.7149
70.0516
70.0081
69.4803
68.4468
69.4101
69.9174
68.739
69.651
68.8623
68.2311
67.7554
69.4452
68.1964
68.5845
69.8049
69.7052
69.5934
68.5969
70.7454
71.0718
70.6543
70.2072
70.721
70.1867
70.6396
69.1817
69.0801
69.8939
69.4576
69.0511
69.1658
68.5957
68.0913
67.2602
67.4733
69.2335
70.245
70.5958
70.3715
69.3666
68.9796
68.9411
69.6971
69.3936
70.2025
71.4621
70.5964
70.4706
70.5845
70.3695
70.3135
70.2032
70.3928
70.8644
70.6329
69.7232
69.1238
69.1755
69.9133
70.4785
70.0407
69.5352
69.7303
69.8867
70.3788
69.611
70.2674
69.7914
69.3655
69.0363
69.1268
68.7539
69.0603
69.321
68.7897
68.7706
69.7181
70.8248
71.9419
71.1374
72.388
70.5198
71.2067
69.9722
70.2464
70.4187
70.6108
70.0043
69.2961
69.376
70.0899
71.3116
71.0566
70.6844
68.9706
68.7499
68.5746
67.8288
68.4013
68.0869
69.0027
69.2801
68.6241
69.9431
69.7626
68.7598
69.5048
68.9304
68.924
68.1299
69.1821
69.6804
70.8732
70.9239
69.8215
69.3588
69.6666
69.0746
68.7514
69.8634
70.7292
70.6535
71.1163
69.6118
68.6736
69.8186
68.4626
68.9301
68.6944
68.3786
69.1663
69.337
68.5366
69.2679
68.8589
68.8308
69.9724
69.6979
68.769
67.9534
69.1519
70.3608
69.4189
68.9027
68.553
69.1298
68.8913
69.2904
69.0945
69.8559
69.4178
70.3232
70.6269
70.7591
70.595
70.7117
70.4945
70.4366
70.9072
70.9465
71.4002
71.9754
70.9693
70.7655
71.0294
70.7994
70.7497
70.3834
70.0067
70.8733
70.5591
70.589
70.0778
70.6293
70.6122
69.6118
70.2019
69.638
69.2918
68.7132
69.1812
69.2099
68.5049
69.059
68.655
69.0218
68.2597
68.7154
68.6266
69.558
69.0743
69.3573
69.783
69.4296
69.0638
68.6549
68.9022
68.4697
68.9277
69.3318
68.9739
69.2256
69.848
69.6016
69.1004
68.4681
69.123
69.1747
69.3522
69.1857
69.5624
70.1924
70.9051
70.6427
70.1167
70.6101
69.8733
69.7875
68.7639
69.4616
70.1363
69.6162
68.9182
68.9136
70.2686
71.1715
70.8668
70.1668
70.7225
71.3008
71.5978
70.4869
71.077
70.3955
70.0815
70.2187
70.4184
71.0601
71.3334
72.1168
71.1252
70.1323
70.7358
71.7128
72.3191
72.0929
71.282
71.7014
70.9622
70.811
71.0407
70.1731
71.7743
70.4517
69.9846
70.6756
69.8267
69.5878
69.764
69.0299
69.4755
69.5458
70.4172
70.0543
69.4787
69.7891
70.6546
70.2769
71.0518
69.8389
70.9138
70.7596
70.3477
68.575
69.2299
68.7388
69.3698
68.9097
70.6349
70.2208
71.1349
69.7122
69.2779
69.3905
69.9527
69.3755
69.3471
68.2801
68.9768
69.3871
68.8824
68.8859
68.4009
68.8678
69.3918
68.3786
67.8325
67.5357
68.1215
68.9933
68.7424
69.639
69.1648
69.506
69.5574
70.3985
69.5758
69.8959
69.3975
70.1572
69.2205
69.2756
69.5169
71.293
70.4057
68.9394
69.494
69.8832
70.7164
71.2535
71.5749
71.3038
70.2266
70.4553
69.7851
69.7612
68.9715
69.3367
69.084
68.082
70.2598
69.5501
69.3437
70.6463
69.5226
68.8164
69.1438
68.8746
68.7811
68.892
69.4923
70.6857
70.4612
69.8244
69.0055
69.2736
68.9442
69.3959
69.1808
68.8107
69.9204
68.5242
68.4344
68.6629
68.2501
68.3167
68.8912
69.5897
69.5
69.7545
68.986
70.9849
69.7551
69.4085
70.1844
69.7814
69.4965
70.0461
69.6837
69.6736
70.5079
69.3444
69.5498
69.691
69.9367
69.3804
68.6146
68.86
69.4115
70.1052
70.5421
70.7001
70.0404
71.1341
70.3593
69.6525
68.7058
68.8624
68.5336
69.3239
68.92
68.9467
68.4851
69.5858
70.2094
71.048
71.2736
71.2389
71.2239
71.563
70.8977
70.3768
71.0602
70.0519
69.0106
69.4275
69.8008
68.6445
68.7123
68.9951
68.4316
68.2735
69.5081
69.4507
69.6325
68.732
69.1435
69.0861
70.5629
72.4153
71.6196
70.367
69.4315
69.4547
69.3639
69.543
69.2035
68.5308
68.9895
69.3671
69.4524
69.9521
69.2805
69.6831
69.7008
69.1623
69.8153
69.3875
70.3562
70.0115
68.7079
69.0781
68.6658
68.6393
69.8525
69.3188
68.6581
67.7518
68.5036
68.3526
70.3084
69.7903
69.9983
70.8899
70.7624
70.1049
69.9627
70.1979
69.6452
69.1632
69.4806
70.0184
70.0321
70.6863
71.1635
70.2663
68.0838
67.9891
68.0881
68.2745
68.5653
68.6349
70.2002
70.9097
72.0647
71.8312
71.7611
70.5228
69.2919
69.9518
69.268
69.1024
69.5745
69.8526
69.5924
71.1097
71.4373
70.8642
70.1092
69.7011
69.5644
70.673
71.9803
70.0065
70.0155
70.7807
69.3925
69.575
68.1004
69.0662
70.1787
69.7638
69.654
69.1426
68.8299
69.2567
69.3084
70.3889
70.529
69.8914
69.6516
70.2621
70.8525
71.2278
70.0769
70.5827
70.1111
69.0941
68.753
69.3141
69.9607
70.1799
70.4817
70.448
69.8405
70.8466
70.2171
69.8666
69.2362
68.6495
68.8192
69.0252
69.009
69.6634
68.9627
68.8603
68.9039
68.6451
69.1836
68.8829
68.3109
68.0719
68.401
68.9369
69.6401
69.4606
70.034
69.83
69.9186
70.7161
70.5151
70.9086
69.9917
69.9087
71.7649
71.3086
71.1005
70.7305
70.1766
70.0422
70.9887
69.8174
69.6749
68.9746
70.1371
69.3064
68.7197
70.2916
71.6658
71.1754
70.3066
69.7252
69.2651
69.6516
70.158
70.8902
70.1282
70.399
70.3862
68.8776
69.3648
69.5325
70.1149
69.1464
69.4991
70.6005
70.3788
70.4684
70.0959
70.0206
68.9682
69.5989
68.8976
68.789
68.8686
69.0832
69.0087
69.2898
69.1386
70.5841
70.1584
70.2048
70.6701
70.4474
69.2484
69.821
69.7589
69.9091
69.5026
69.9524
69.1703
70.1108
70.2627
71.3064
71.1706
70.5189
69.8458
69.6663
69.2114
69.6649
69.8506
70.7227
70.6156
70.4689
72.0547
72.9727
71.9105
71.9427
72.051
71.455
71.1096
70.9784
70.3758
69.7537
69.3688
68.7864
69.1861
67.9574
68.5028
68.5027
68.9355
70.0362
70.2126
69.4653
69.2466
68.9403
68.9016
69.0627
69.085
70.1315
69.9601
70.8135
71.4378
71.3958
70.9147
69.5783
69.3614
68.6523
68.8539
68.9559
68.9821
69.8277
69.6864
70.1911
70.3383
71.0098
69.9185
70.5983
69.3867
69.6681
69.4825
70.6126
70.0197
70.6406
70.0011
70.5327
69.0058
68.4638
68.8566
69.741
69.539
69.6253
69.4102
68.9213
69.2775
69.4436
70.2416
70.4317
69.7008
69.4167
69.2212
69.4393
70.1441
69.8724
69.1176
70.0584
70.2617
71.1479
70.8381
69.5627
70.2196
70.6193
70.8927
69.6362
69.9157
69.5477
69.5831
69.6722
69.8919
70.6208
70.5448
69.8349
69.7347
69.3993
69.7467
68.9092
70.1682
69.8107
68.2045
68.4294
69.2798
69.2574
70.4221
69.9336
68.84
69.8603
70.4932
71.1132
71.2746
71.1589
70.9558
71.0448
71.2926
71.2838
70.7298
69.6833
70.3298
70.481
70.2534
69.4079
69.8099
70.1505
70.3393
69.3863
69.6224
69.5271
69.9739
70.1191
70.6433
70.2658
70.7513
69.7252
69.7158
68.9887
69.0766
69.9748
69.1344
69.4866
69.7131
69.7937
70.99
70.9991
70.5017
70.7096
70.2582
69.7693
69.22
69.2628
69.5794
69.2045
68.5432
69.6169
69.1081
69.4344
68.8411
69.3526
69.0866
70.2902
70.2959
70.4504
69.5068
71.1262
69.732
69.8888
70.3314
71.3726
71.3495
70.2507
70.3782
70.2894
70.4061
69.6116
69.0069
69.5947
69.1063
68.2906
69.0934
69.729
69.4732
69.4994
70.697
69.932
69.9626
70.3898
71.1812
71.4687
69.7711
69.6726
69.9057
70.8957
68.9878
69.4116
70.5422
69.4779
69.2435
69.2433
70.4616
70.4555
69.1579
69.9238
70.1222
69.6699
69.9363
70.5941
68.7203
68.5233
68.7445
68.5643
69.7373
69.8409
70.2953
69.6114
70.4784
71.2761
71.4299
70.9844
72.2824
71.8588
71.8613
71.5515
70.6353
71.3644
70.5034
69.0806
69.3454
69.1827
68.3147
68.6232
70.0118
69.1903
68.7221
68.9526
68.3416
68.3733
68.7811
68.3757
69.0621
69.6853
69.1364
68.8509
68.765
69.1804
70.1154
70.5884
70.1659
69.8841
68.0413
68.3523
69.4944
69.7869
69.4729
69.9077
70.3346
71.6009
71.0533
70.8512
71.0806
70.9326
71.2272
69.8431
70.7948
69.9838
69.9671
69.1817
69.2373
69.1173
69.6726
69.297
69.8011
69.2689
69.8643
70.8161
69.8922
69.1586
68.6829
69.0145
69.0308
68.6049
68.5801
69.3958
68.3721
69.7756
69.4955
69.8745
69.9412
69.6934
69.5054
68.201
68.0756
68.7881
68.975
68.9116
69.6066
68.8041
69.1151
68.6752
68.4302
68.6311
69.2997
69.6624
69.0572
67.8168
69.1486
69.1615
68.8638
68.7738
69.9158
70.3753
70.713
68.7924
68.2928
68.8061
69.2532
69.8455
70.7295
70.3753
69.3705
70.3256
68.2681
68.821
69.9084
69.5906
70.6812
69.6677
69.5282
70.0591
69.4292
70.894
72.3275
71.6648
70.7468
70.1156
70.5171
70.0872
70.2407
70.6802
70.4369
70.8564
70.4692
70.0636
70.4788
69.119
69.8781
71.1236
72.0403
70.93
70.5658
70.6731
70.3679
70.3388
70.8162
70.2671
68.6921
69.8599
70.1197
69.7183
69.6801
69.9567
69.7507
70.4323
70.5753
70.8271
70.0001
70.4196
69.994
69.541
69.7256
70.4747
69.7469
70.114
71.6653
71.3236
70.9074
70.4519
69.822
69.5127
68.9888
69.1607
70.4312
70.4199
69.379
69.9868
69.8922
69.0363
69.4165
68.334
69.7564
69.9909
70.8041
71.2552
71.1257
69.8951
70.3769
69.4798
69.5419
69.178
68.7637
68.964
69.3775
68.0793
68.5741
68.2572
68.6328
69.2339
68.8373
70.1488
69.3044
69.5855
70.0351
70.648
69.7184
69.9727
69.609
70.528
71.2752
71.8689
72.4728
71.8295
70.7278
71.7017
71.5057
71.296
71.4355
70.7064
70.5777
70.7808
69.6702
69.1699
70.1279
69.6562
70.1855
69.3347
69.3699
69.4336
69.8621
70.3957
70.7442
71.7222
73.4934
72.0261
70.2044
70.8386
70.9266
71.0355
70.6986
70.2221
69.4033
69.8307
69.1292
69.7555
71.1419
70.5295
71.2999
70.7106
71.3271
70.9502
69.4071
68.9915
69.0943
70.5427
70.7585
71.4821
70.3401
71.3554
70.8102
70.3928
71.2074
71.2671
70.5778
69.7769
70.8285
70.1483
69.2698
68.8637
69.1754
68.7015
70.3957
71.1705
70.3198
69.9331
68.343
68.6499
68.6466
70.1398
69.9829
69.7229
68.8697
68.2331
69.2392
68.8605
69.9595
70.5484
71.5659
71.1046
71.4106
70.5766
70.7096
70.9372
69.8666
70.6142
69.5579
70.1249
70.228
69.6764
71.4591
71.3576
70.6139
71.22
70.6316
70.3145
69.9166
69.3052
69.1685
69.7154
69.8606
68.6974
69.7054
69.6302
69.3621
69.7309
68.6139
69.3567
69.4515
70.9689
71.5584
70.1811
69.6677
69.514
69.7021
69.7453
69.7669
69.8535
69.2619
69.7505
70.1445
69.8545
69.7606
69.8982
71.8253
71.4595
70.7667
70.6651
71.5937
71.4273
71.0867
70.3309
70.4633
70.4362
70.7296
69.6439
69.8831
70.5699
70.6332
71.0787
70.2546
70.8027
71.0768
71.3585
70.4764
70.9448
70.3328
69.5383
69.6727
68.9225
68.9127
69.2493
69.708
69.6843
68.8234
69.059
68.3252
68.5915
68.121
69.7361
70.3411
71.31
71.3141
70.246
69.8103
70.2604
70.7794
70.5643
70.8513
71.2
70.7014
69.8127
69.2887
69.3946
70.7458
70.7971
69.6782
69.5876
69.5075
69.9214
69.537
70.1952
71.156
71.1302
70.0041
70.0174
69.4862
69.7477
69.9232
70.6804
70.3037
69.8879
71.1875
71.2839
72.1903
72.6697
70.3283
70.7855
71.2949
70.8306
69.4585
69.4097
69.6453
69.7532
70.4749
71.2027
71.0809
70.021
70.0852
69.6547
70.1334
69.8639
69.7364
70.6299
70.0167
70.3027
70.8618
71.0532
70.5334
69.1355
70.2969
70.4462
69.2602
68.877
69.7594
69.5162
69.1359
68.8506
68.3206
69.1088
68.5108
69.3238
70.7599
71.7033
71.3061
72.4062
73.4084
72.9899
73.1856
71.4828
69.9178
70.2536
69.9872
70.2564
70.9588
69.2617
68.7672
68.7239
67.6527
66.9618
67.8181
68.5821
68.2215
67.4715
68.7994
69.2704
70.1862
70.5579
70.7497
69.6622
69.9627
70.1096
69.4284
69.0376
69.5112
69.272
68.0483
68.4055
69.0864
70.737
71.1649
69.7373
70.2104
69.7519
69.8115
69.8824
69.7891
70.1415
71.0841
71.5719
71.6451
71.5201
71.3157
71.7858
72.0127
72.8845
72.3772
71.9306
71.0777
70.9995
72.6585
71.4384
69.1332
69.3767
69.6136
70.402
70.604
71.2064
72.1639
71.5799
70.9532
70.8052
70.4926
71.1119
70.5343
71.0453
70.3648
69.8518
69.2565
68.8344
68.8235
68.8874
68.5613
68.694
68.9309
69.8661
70.1208
