477.157
464.077
450.893
435.574
420.11
408.949
400.151
395.343
389.561
385.482
379.012
375.241
370.512
365.111
359.165
353.446
346.034
340.899
335.087
330.314
326.406
320.566
315.297
308.549
301.733
298.752
295.297
294.145
291.019
287.482
283.506
280.619
278.615
276.751
272.879
269.987
267.006
265.006
262.143
257.165
255.767
252.709
250.276
248.343
246.112
243.765
242.928
242.203
240
238.421
238.195
237.576
235.624
235.49
234.564
231.336
229.217
226.67
224.425
220.901
218.162
214.911
213.659
211.548
209.873
207.92
206.621
206.314
204.31
201.523
199.767
198.109
196.686
196.429
195.797
193.955
192.242
190.802
191.113
188.767
187.637
186.313
184.707
183.8
182.928
182.637
181.15
180.371
180.785
179.417
180.013
178.393
176.147
175.385
176.148
174.679
172.318
170.807
169.973
167.471
164.967
164.882
163.558
161.535
159.325
158.511
157.16
154.61
155.092
155.426
155.53
154.996
154.471
153.795
151.945
151.712
150.805
149.55
148.794
148.65
146.44
144.768
146.617
145.144
143.819
142.586
141.994
141.115
140.724
140.925
142.801
144.216
142.849
143.959
141.409
139.279
138.363
137.803
136.442
135.611
135.012
134.111
133.852
132.662
131.542
130.724
130.325
129.523
129.531
128.917
127.374
128.785
127.383
126.8
126.8
126.264
126.214
126.267
126.301
126.196
126.021
125.419
125.125
125.331
123.628
123.582
124.614
124.215
122.896
123.229
123.155
122.658
121.833
121.837
122.484
121.257
120.351
119.586
121.116
120.118
120.018
119.924
120.691
119.32
118.622
118.73
118.472
117.483
118.472
117.982
118.142
118.164
117.579
117.333
116.198
115.938
116.748
116.693
116.427
115.907
114.709
114.892
116.213
115.379
113.403
112.79
112.757
112.334
111.381
111.419
110.629
110.718
109.506
110.35
109.713
110.307
110.202
109.586
111.184
111.802
113.391
113.419
114.708
115.119
114.103
113.595
112.035
109.74
109.252
108.642
107.27
106.522
107.222
106.899
105.435
104.856
105.366
106.047
106.277
104.016
103.907
102.733
102.208
102.306
101.757
101.386
102.654
103.447
104.869
104.602
104.403
104.44
103.404
102.816
102.595
102.253
101.514
102.166
101.576
101.979
101.999
102.63
101.837
100.602
99.2957
98.208
98.1631
97.018
95.8649
95.1835
94.079
92.7967
92.1396
92.8205
93.9063
95.2403
96.5206
96.6244
96.9517
96.6784
95.9961
95.3993
95.4614
96.4512
96.7639
96.5513
97.232
95.3912
92.7582
91.5612
91.3506
90.7918
90.9339
89.6744
90.7261
90.7421
91.3383
90.5746
91.4601
90.2514
91.2054
90.3861
91.5033
90.9415
89.2977
88.4475
88.2472
87.9789
87.9999
88.356
87.5183
87.7831
87.0343
86.8153
85.9849
86.1092
85.7407
85.37
85.883
85.3166
85.9289
87.5352
87.1719
87.6069
86.2963
86.6093
88.3333
89.3078
88.9256
88.9071
88.1287
88.1965
87.1648
86.3456
86.7607
86.2555
86.6363
86.0487
85.1465
84.0994
83.7083
82.8853
82.4909
82.9014
82.5057
82.1113
83.3759
83.522
84.0638
85.0304
85.5491
84.0052
84.1528
83.2237
82.6463
83.1254
82.9812
82.4265
82.3632
83.0464
83.2728
83.5419
84.2468
82.4365
81.5534
82.0383
81.9337
82.1052
82.6967
82.9426
83.9325
84.292
83.5386
84.227
84.0425
83.8173
83.7386
83.73
83.118
82.3405
83.0577
84.6762
83.2527
83.405
82.5155
82.5261
81.916
81.4402
81.005
80.4944
80.8255
80.321
80.5648
81.6255
82.3295
82.2365
81.0317
79.3754
80.4115
81.0285
80.6629
80.5284
78.3687
78.4677
78.9261
78.8663
78.8722
79.6683
78.4662
78.5405
79.2957
79.7363
80.7727
80.4818
80.5729
80.7743
79.2365
79.3412
79.2083
79.5035
78.5404
79.4064
78.8786
78.2105
78.1196
77.5375
78.5637
79.6367
78.1047
78.0863
77.9786
78.0336
79.0006
78.727
78.0584
78.2151
77.3344
77.0597
77.7018
78.5622
78.9131
80.4842
81.8093
81.9024
81.6676
81.7591
82.1725
80.5069
80.0329
80.9356
80.8764
82.5956
83.0443
83.0201
84.6716
85.7891
86.1798
85.7228
85.5579
83.533
82.1958
80.9218
80.1821
79.3551
79.4503
79.5331
79.1582
80.6198
80.7313
79.5463
80.2936
79.3473
79.1695
79.4479
79.0111
78.8767
78.327
77.6684
77.7998
77.5053
77.9249
77.8792
77.4822
77.2576
78.1433
78.1422
77.7331
77.5469
78.112
78.2502
77.0354
79.2932
79.2728
78.7494
79.7534
79.3721
79.9084
79.0704
80.0725
80.688
80.3482
79.8167
79.0723
78.7277
77.4613
77.8246
78.7933
78.2541
77.3442
77.4087
78.3395
77.7634
77.2154
77.4714
77.9407
77.6075
77.1211
76.586
76.3734
77.0232
78.0768
77.0923
77.1276
77.0587
78.678
78.3627
78.5062
78.4856
78.0415
77.3718
77.5148
77.9148
78.8593
80.483
81.7832
82.8158
83.0577
84.2149
84.6039
85.2675
84.6267
84.3899
83.4644
80.9193
80.3072
81.7788
82.0409
81.0984
80.0089
80.5624
79.5622
79.5453
78.4855
79.1867
78.6903
78.7181
78.8593
78.7266
79.6116
78.4176
77.9916
77.4801
77.9003
78.7005
79.1482
77.8696
77.652
76.8111
75.8212
76.7014
76.4965
77.0527
76.8333
77.3093
76.7502
76.0107
75.5207
76.1693
76.3629
76.9136
76.0058
75.3022
76.6856
76.355
76.303
75.9058
75.8825
75.3114
75.512
75.2727
75.7
74.8405
75.8437
76.241
76.3287
76.5782
76.0338
76.1237
75.6869
75.6764
76.3151
76.7099
77.1162
77.7001
77.0679
77.0888
77.4237
78.1134
76.9224
75.998
76.4889
75.8069
75.7453
75.3725
75.6799
77.2948
76.2638
76.7877
75.8127
75.7985
76.4951
75.9968
76.403
76.7533
76.9557
77.4702
76.8432
76.9004
77.2007
77.427
77.4501
77.9643
78.5383
78.1178
78.7171
78.452
77.9995
78.1626
77.6191
78.0359
77.7329
76.8097
76.5198
75.6653
77.3294
77.5149
77.9146
78.5458
76.7254
75.2682
74.8727
75.677
75.7787
76.1339
76.362
76.193
74.9902
74.5726
76.8476
76.9751
76.2311
76.5097
76.656
77.1158
75.9478
75.4827
76.361
76.1412
76.3398
75.8669
76.4492
76.726
76.3795
75.7964
75.4076
76.4334
75.1246
74.8999
75.2948
75.2089
75.2496
76.2562
77.1458
77.1497
76.4867
77.4095
78.3195
77.9939
78.2744
79.3847
78.2132
77.6054
76.829
77.9995
77.2614
77.021
77.2743
76.8088
77.6073
76.8547
77.3728
76.508
76.1729
75.9003
76.4336
75.4053
75.9284
76.8868
77.0919
77.0316
77.0588
76.8982
77.3821
78.1513
77.2769
76.4165
75.5709
76.1996
76.3454
76.0085
74.7382
74.3093
74.9384
76.0393
76.6875
77.1514
76.8472
77.9891
76.4056
75.9052
75.5298
76.5294
76.0697
75.6763
76.3675
77.393
75.9912
76.158
75.7727
76.5109
74.8903
75.4464
75.3499
74.7895
75.2086
75.5029
75.2109
77.0471
76.4486
77.6512
77.0216
77.1179
76.6718
75.6745
75.7167
75.5298
76.0793
76.4508
76.6911
76.8256
75.9171
75.5887
75.1622
76.719
75.8807
76.5004
75.0242
75.7553
76.8889
78.3166
77.3008
77.3302
76.8513
77.3916
75.7955
76.1992
75.6279
75.6288
76.7284
76.4835
76.8267
76.7289
77.389
77.3564
76.4798
76.2054
75.7233
77.2815
76.1201
76.594
76.3523
77.751
78.4844
78.3228
78.9705
78.0065
78.8053
78.0096
79.3628
78.8182
78.1288
77.329
78.5683
78.2413
78.7717
78.9862
78.2589
77.6372
76.3806
76.2145
76.6144
76.9272
76.0788
76.3558
76.4542
77.1612
76.7769
76.3974
75.9483
76.2434
75.7962
75.3103
75.0115
75.48
76.3278
76.3196
76.3845
76.8139
77.0445
77.292
76.5632
75.9308
76.2748
77.3136
77.679
76.4827
77.5231
77.6334
77.3751
76.3761
76.3594
75.9203
75.9379
76.6149
77.7794
76.7099
77.393
78.1166
76.5987
75.5941
75.9903
75.6039
75.0621
75.2685
74.8356
74.2332
74.2027
74.3479
75.306
76.5168
76.114
75.8823
76.2284
75.7859
75.6773
74.7394
76.8172
76.1412
74.9874
75.9993
75.4351
75.0985
75.6412
74.8699
76.2331
76.7321
77.1877
77.6725
76.3117
76.7535
75.8535
74.885
75.7372
76.7105
76.6636
76.6464
75.9064
76.3203
76.4927
76.1688
74.6282
74.8061
75.3286
76.2126
76.5347
77.6268
76.7475
74.9617
74.3233
75.9681
76.7182
76.0522
76.6977
76.3525
76.6057
76.6106
76.6928
76.3011
76.6872
77.1152
76.8681
75.112
74.0705
75.776
75.6287
74.6994
75.0802
75.2493
75.0405
75.3817
75.9424
76.5992
74.9666
75.3455
75.6997
76.2293
76.8665
76.5561
75.3406
75.9665
75.6378
74.5799
74.0984
74.028
73.7007
73.9394
74.0464
74.8315
75.2491
75.464
75.582
77.3767
76.6113
76.0808
76.431
75.7596
75.4448
75.2495
74.3581
75.0328
75.2781
75.6455
75.6771
75.2447
75.2179
75.2059
74.8951
74.215
74.1732
74.0332
75.6511
76.9385
77.2197
76.3028
76.0706
76.0594
75.6253
74.9593
74.8228
76.2821
76.0192
76.3653
76.7079
76.567
76.6754
78.2712
77.6536
77.2431
77.5022
78.1222
74.9658
74.5076
75.2847
74.516
74.5856
74.0504
74.7744
76.338
74.8715
75.3968
75.6642
76.3162
75.9067
75.4633
75.68
74.4096
75.6838
74.7564
74.0102
76.0332
76.6316
75.4128
75.7583
75.7441
75.3461
75.3925
74.5009
75.2041
74.3311
75.3135
76.4089
75.4294
76.0158
75.382
75.6994
75.0708
75.7072
75.5584
73.9437
74.1701
72.962
74.1382
75.1477
76.0165
75.6707
76.0296
76.3477
76.5788
76.41
75.6978
75.3257
74.2491
73.9826
75.0736
74.3271
73.9803
74.1715
75.1589
76.4174
76.695
76.818
75.9258
75.292
74.697
75.808
76.0958
75.86
75.3062
75.3331
76.8695
75.8189
75.8269
76.0631
75.898
75.2149
75.6584
74.8705
74.7243
74.6983
74.5809
74.6118
74.1224
74.3062
75.0392
75.0015
75.5913
75.3768
75.0449
75.5421
75.8752
74.8574
75.3262
76.5542
76.4545
77.853
76.2557
75.462
75.7551
76.3247
75.9846
76.7901
76.78
78.1959
77.5465
77.9867
77.0075
76.2405
75.6804
75.3607
74.9465
75.6079
75.8691
75.7601
75.4584
74.8515
75.7765
74.5989
74.5132
75.6171
75.7546
75.3246
76.1231
76.5487
76.3303
76.0093
75.2012
76.07
76.655
76.9358
77.7267
77.0168
76.0463
76.0929
77.2156
76.4347
75.8723
76.8495
76.4508
76.7283
75.9843
76.3494
76.2306
75.8019
75.5408
74.3948
74.3453
74.6237
74.4714
74.7609
74.5151
74.1014
73.7966
74.2236
74.1104
75.0287
74.8599
75.4121
75.0271
74.0399
74.3091
73.2444
74.3849
74.2299
73.9699
73.6939
74.1487
73.0351
74.0872
74.5853
75.4366
75.4462
76.3655
77.5419
77.3717
76.3767
75.1363
75.7857
75.8466
75.2456
76.0021
75.7734
75.1
75.3915
75.5373
75.5035
74.3144
74.5373
74.8063
74.6241
74.7992
73.7024
74.535
75.4167
76.3462
76.0805
75.8583
76.256
75.4727
75.6921
76.648
76.7729
77.6857
78.0508
77.4846
77.0308
76.8699
75.4342
76.0266
76.4138
76.8661
76.427
76.6723
75.8994
75.267
75.0249
74.5104
74.4565
74.7045
74.967
75.7682
75.0834
74.6993
74.4925
74.4961
75.1918
76.0518
76.2254
75.7412
75.6057
73.8368
73.5808
73.918
74.3461
75.0661
75.4826
75.5265
75.552
75.3405
74.8468
75.1768
73.5729
73.2216
74.1638
74.8423
75.6384
75.1654
74.5708
75.9483
76.645
76.2884
75.8286
75.6378
75.3559
75.7976
76.6612
74.3495
73.6576
74.6009
74.2392
74.7986
74.1152
74.27
75.3951
75.602
75.0201
75.9264
75.2108
74.229
74.5809
74.3619
74.8346
74.9052
73.8814
74.461
73.814
74.8888
75.4419
75.5161
75.3568
76.2984
76.6472
75.0906
74.7516
74.9509
74.922
75.2251
74.5821
76.526
76.7597
75.6847
75.4605
76.3504
76.6756
75.9818
75.9631
75.6933
75.2336
75.9573
75.4936
76.3908
76.2272
76.8781
76.0974
76.0921
75.8763
76.9826
77.2838
76.8436
76.6803
76.1286
75.4689
75.5174
75.0338
75.3924
76.4795
77.2421
76.8246
74.9102
75.2026
76.0931
75.7998
76.2454
74.8618
74.2186
75.9777
76.1109
76.6308
75.2932
76.4659
76.1771
76.4915
76.3018
74.1629
74.9611
74.5279
73.0537
74.0539
74.7304
75.0422
75.4061
76.108
76.2966
76.9698
75.5963
76.2483
76.3569
77.2784
76.0366
74.5911
75.7933
75.3388
74.8434
74.8042
74.3802
75.8095
75.5076
75.3774
75.877
75.268
74.5194
74.7011
74.9214
75.4079
73.8533
75.0584
75.7393
74.864
74.5383
74.9874
75.5692
75.834
76.6834
75.1343
75.1421
75.1883
75.3694
75.3661
75.7823
76.5826
76.3716
74.8141
75.8417
76.5448
76.8758
75.8657
75.6011
74.8299
75.5266
77.0644
77.4301
77.4152
76.2724
76.3828
77.17
78.666
77.3385
77.698
78.0913
78.7275
76.7446
75.9516
74.9033
75.3939
75.3828
74.3283
74.1301
73.7827
74.2049
74.3715
74.812
75.0435
75.4536
75.5361
74.4583
75.0404
76.0562
76.7955
75.9778
75.0684
75.1843
76.0068
74.6232
74.4717
74.3868
74.879
75.9345
76.1279
76.6029
76.7126
75.3879
75.2632
75.3701
76.1365
75.1667
75.8838
76.0856
76.1145
75.8803
76.276
75.9258
75.0033
74.1068
74.0573
74.4063
75.5817
75.907
77.3221
76.193
76.3032
77.2043
77.3267
76.2134
77.8368
75.9134
76.0313
76.5512
75.4456
75.1227
74.7724
74.9521
75.7115
75.1798
74.7736
74.2295
75.2058
75.4719
75.3341
76.1393
76.1865
77.4662
76.4521
75.6117
75.0373
75.0366
76.6135
75.9178
74.9381
73.8796
75.7888
75.3762
75.4462
75.761
75.9747
75.7315
75.9032
76.2954
75.7758
75.8789
76.4957
76.0423
76.896
77.2477
77.2261
75.2646
74.7019
75.8263
75.616
75.2586
75.4313
74.8334
75.0851
75.8682
76.803
75.8708
76.3808
76.0768
76.3004
75.5133
74.9111
74.7188
74.1701
74.9777
74.2845
74.3894
75.0831
74.7458
74.7815
74.8887
76.273
76.2599
76.2328
75.7448
76.9282
76.4876
77.5317
78.2974
78.6015
79.3208
77.7194
76.389
75.323
76.0304
74.7373
74.6797
73.7705
73.4313
74.0304
73.8991
72.9854
72.2924
72.2709
73.3026
72.4585
72.4943
72.7629
72.7106
73.0161
72.9856
72.1353
72.2248
74.0283
72.1614
73.25
72.6215
72.8133
72.5159
71.7919
71.6836
72.539
72.0055
72.3705
73.5555
73.3063
74.7479
74.8872
73.2995
76.8569
76.2177
77.2357
78.777
79.6735
79.9995
80.7231
80.5872
79.4972
78.0041
75.991
75.1438
74.9833
74.5222
75.036
73.9175
72.9004
72.4824
71.6841
72.8898
73.7556
72.4124
73.8804
73.6318
73.801
73.0399
73.7111
72.8122
73.0678
72.6634
72.8942
72.6299
72.8976
72.1096
72.7021
71.2741
71.4836
71.5883
71.8192
72.1757
72.6815
72.9318
72.6341
73.1747
73.2882
73.2708
72.8806
72.5589
72.7154
72.097
71.9788
72.0068
71.1975
70.4972
71.8587
71.4366
72.1714
71.5793
70.1591
70.6605
71.4182
71.7268
70.7975
72.0722
71.3186
71.6799
72.3366
73.1865
72.0489
71.5227
72.6189
72.8457
72.8405
72.1954
71.6295
71.678
71.3486
71.4455
72.5366
72.3371
72.1505
72.3397
72.0906
71.8669
71.7133
71.2419
71.7545
71.4457
72.2135
73.6496
72.8895
71.7167
72.2897
72.6611
72.6009
72.8191
74.7157
73.2093
73.9885
73.5172
73.5048
73.5612
73.4437
72.709
71.4768
72.0697
72.1615
71.7587
71.2319
71.7149
71.8239
72.2566
71.832
72.3764
72.6491
72.335
72.3552
73.1291
72.1651
72.4538
73.1065
74.1939
74.5328
75.0901
73.4631
72.9989
72.9571
72.8679
72.0396
71.5453
70.6624
70.5593
71.7881
72.3601
73.3087
72.4106
73.7997
73.4901
72.9231
72.1608
71.5487
71.0629
70.9552
71.5353
70.8332
71.7733
72.645
72.4326
71.885
71.5012
71.4841
72.0065
71.2933
71.5346
72.2085
72.0598
71.9983
71.5632
72.0669
72.2962
72.6896
72.2653
73.1457
73.389
73.1999
72.4237
72.0023
72.4227
73.1018
73.0411
71.9272
71.7791
72.3668
72.5235
73.9703
72.8681
71.4547
71.8139
72.367
71.4058
71.8222
70.9994
70.9631
71.368
70.9217
72.5886
72.8315
73.5464
72.603
72.4619
71.7123
71.3768
71.4208
70.9486
71.2216
70.7117
71.4446
71.7421
71.2249
72.044
71.3632
70.883
70.8064
72.6504
72.1664
71.7055
71.7027
71.8473
71.1347
71.3784
71.7202
71.8805
71.4386
71.9461
73.5111
72.514
71.3048
72.941
73.0337
72.6841
71.7792
72.8367
72.914
72.6447
71.9006
71.7824
71.5779
70.9954
71.357
71.8475
71.1472
71.2136
71.8104
71.7682
72.781
72.2789
72.5972
72.6785
71.8586
71.2815
71.2593
72.5982
71.9943
71.8792
71.5618
71.3058
71.6144
71.5452
72.5853
72.5603
72.2879
72.3426
72.3449
71.3739
71.7427
71.4031
72.223
71.9936
71.7399
72.3219
71.885
69.9528
70.3526
70.957
71.1107
70.7018
71.5444
72.019
72.1149
71.8764
71.5444
72.7388
73.4682
71.9465
71.2723
72.7322
71.6562
72.4012
71.9531
71.7847
70.9486
73.0991
71.4977
72.0253
70.8262
71.2206
71.1773
70.9531
69.9078
69.1518
68.9082
69.9196
71.317
71.3231
71.2756
72.0558
72.9883
72.1315
72.3231
72.7931
72.1891
71.6876
70.5221
71.3088
72.8811
72.5047
72.1924
73.2279
72.867
70.662
72.4664
72.0286
72.412
71.6349
71.8686
71.4633
71.9074
72.3438
72.5032
71.9886
72.2375
71.7675
71.5355
72.4828
70.6446
71.7951
72.1464
71.1753
71.1883
70.7074
70.5541
70.7781
71.7883
71.7096
71.8857
72.464
72.2057
72.1027
71.4954
71.7631
71.6804
70.8624
71.565
71.7328
72.7158
71.7143
71.6243
72.8104
71.9716
74.0092
73.8516
74.3905
72.1382
71.2743
71.3723
72.3689
72.9322
71.768
71.488
71.1024
71.0499
72.1117
72.4225
72.8355
71.4722
71.251
71.0283
71.4824
72.3077
71.8414
72.2666
71.8608
71.3532
71.7327
70.6466
70.7952
71.1372
71.2598
70.8541
71.0704
71.5199
70.9828
70.7952
70.3589
70.3481
70.2716
71.8195
71.9678
72.3427
71.4392
72.2708
72.0356
72.2599
73.2003
74.0592
73.7686
72.9956
72.7646
72.3293
71.0827
70.7643
70.4338
71.5799
71.2479
71.3871
70.42
71.8133
72.8775
72.7733
74.0673
72.8358
71.7699
72.1626
71.2564
70.8769
71.851
71.1606
71.8167
72.2897
72.2531
72.61
72.6573
72.6702
72.5014
72.3794
71.1706
70.7024
70.2076
70.4953
70.2383
70.6168
71.0275
71.0299
71.154
70.9301
71.2203
72.4782
70.4803
70.6805
70.9455
70.4105
70.6387
70.8532
72.5623
71.7561
71.6839
71.8349
70.9383
70.9504
70.483
71.0851
71.7483
71.7522
70.505
71.4524
71.7986
72.464
71.835
71.4041
71.2088
70.6623
71.0483
70.2546
70.5903
70.5097
70.2362
70.5447
71.5647
71.5625
70.7528
71.9216
71.264
71.1175
71.7928
71.3825
72.1954
71.2896
70.1426
70.3873
70.3033
71.4022
72.5772
72.9047
73.7861
72.6078
72.5688
74.1508
73.4532
73.6226
72.1995
72.1467
71.3185
72.1795
71.1027
70.8914
70.3927
70.6163
70.6353
70.4497
70.6471
70.8631
69.8476
71.3063
70.5676
70.587
72.0737
71.6106
70.8497
71.945
71.5889
72.8191
72.6884
72.0192
71.4901
71.2608
72.2839
72.7738
72.4995
73.0488
72.9603
71.4653
72.2776
71.0969
71.5179
71.5798
71.7058
72.5455
71.5188
71.1253
71.4147
71.4803
72.6308
72.8706
72.2001
70.6763
71.5929
70.5066
70.1215
70.5143
69.5804
70.9455
70.4976
71.4313
70.7146
70.4855
71.0745
71.4925
71.9891
71.2711
70.9127
71.7544
70.1949
70.0875
72.2071
71.8991
71.2115
72.4032
70.8883
71.5203
71.3638
70.7845
70.4475
72.1248
72.1182
72.3198
73.1142
72.9284
73.2686
71.6534
70.4447
70.9937
71.1488
71.2391
70.8869
71.2234
71.1283
71.2526
70.8529
70.3933
71.1279
70.8345
71.1669
69.8166
69.1469
69.5694
69.8929
70.5467
71.0682
71.0374
70.9928
70.9459
71.0011
72.2098
71.2125
71.7134
70.9644
72.086
72.1518
71.8592
71.1244
71.4307
71.4911
71.8817
71.6968
72.1273
73.4062
71.7626
72.2217
72.5298
72.3702
72.7408
72.656
72.1965
72.1311
72.5477
72.0767
71.4785
71.6398
72.2063
72.1204
72.5421
71.94
71.213
71.2998
71.3564
72.5331
72.2172
71.7893
71.0242
71.8057
70.1353
70.3237
70.0657
70.8764
71.3867
71.0072
70.8324
71.5019
72.0389
72.7155
71.9757
71.7071
71.3994
71.7604
71.6724
72.0408
73.2171
73.6557
72.6833
72.7338
72.3332
72.5731
72.276
71.1341
70.6702
70.8378
71.2731
70.8724
71.8255
72.0592
71.4466
72.2163
71.2985
70.8464
71.177
71.055
71.8553
70.6578
70.4503
70.5313
70.9139
70.2333
69.6717
69.5459
70.5871
71.3382
70.3169
70.1689
71.0257
71.2386
71.8171
71.3823
71.3476
71.289
70.4359
69.6936
70.6371
70.5134
70.7152
70.9815
70.9839
71.6433
71.46
71.4017
71.1204
70.4767
70.6915
70.7726
70.7492
70.1507
70.2164
71.1243
69.972
70.4053
71.0231
71.2876
72.4144
72.6839
72.3113
71.9755
73.1897
72.9201
71.4196
71.8559
72.9152
72.7196
71.792
71.5986
71.061
71.3111
72.2392
71.1163
71.5643
71.2599
71.1171
71.772
72.0617
71.1814
71.2165
71.9189
71.9811
70.8651
71.0101
72.3042
70.1965
71.4679
71.2123
72.6119
72.6256
71.388
71.7712
71.9242
71.8759
70.8391
72.2081
71.7709
71.4238
72.2318
72.3758
72.4064
70.3661
71.9327
72.026
72.7031
72.4169
71.8283
72.0535
72.3704
72.2473
72.4
71.6948
71.1855
71.2039
70.1606
70.0154
69.707
70.2628
71.0176
71.6985
70.1691
70.4555
69.7323
70.6509
70.8818
70.8757
69.6283
70.3141
70.4697
71.3708
70.8037
70.4864
70.8953
71.2649
70.5863
69.4841
68.9332
70.4562
71.2703
70.0962
70.8101
71.3611
71.4328
71.7126
72.1804
71.6538
71.5608
71.1114
71.1684
71.7018
70.6409
70.6764
70.3912
70.8918
71.0209
71.9719
70.7194
71.2259
69.9611
70.4047
70.8256
71.4864
70.7612
70.2285
70.8637
71.6563
71.3322
70.4075
69.8678
71.081
70.0587
69.6457
71.2158
71.3301
70.0916
71.1751
70.7681
71.2891
70.7989
72.5228
72.4186
72.4803
71.729
70.8766
70.7263
71.1408
70.8347
71.3454
71.1595
71.9461
71.3677
71.2965
71.0452
71.768
72.2428
72.5912
71.6209
71.7975
71.8677
72.2039
71.2615
71.5846
71.5889
71.7563
71.6141
71.4967
72.0227
70.2145
70.0265
69.423
69.326
69.2897
69.3786
69.8712
70.2524
71.1668
71.8111
72.2239
72.1182
72.0509
71.9732
70.9381
70.8961
71.6835
70.9805
71.5591
71.7334
70.9561
70.1237
71.5016
71.8251
72.1399
71.0102
72.2047
72.045
71.4278
71.6726
71.0523
70.7214
72.8986
72.2867
71.7275
71.5832
71.0256
71.4215
71.303
70.9174
70.9943
71.0591
70.7667
71.6423
72.1913
71.5715
72.2972
72.7153
71.9829
71.6154
70.6848
71.5532
71.8468
71.8647
71.7388
72.9785
72.6177
71.8324
71.8495
71.4158
71.095
70.9338
72.097
70.8406
72.0308
71.8358
71.8518
71.116
71.696
73.2494
72.7974
72.4644
71.0514
71.011
71.229
71.5521
71.2687
71.1948
71.5253
71.2162
70.9168
70.3993
69.8796
69.6343
69.9598
69.9925
70.8991
70.4435
71.0307
71.9888
72.0412
71.6482
71.4822
71.5508
70.849
70.2515
70.7758
70.6174
71.2881
72.1958
74.0703
76.3885
77.7568
77.936
78.9161
80.2593
79.1264
78.9414
78.7924
77.6614
76.1156
75.8272
75.5602
75.2001
74.8086
73.2524
72.3602
71.9565
72.2186
72.4912
73.2859
73.2975
72.998
72.3811
72.1072
73.0557
72.9824
72.4079
73.3031
72.3174
71.3397
71.4748
71.9687
71.9345
72.7535
72.5402
73.5118
72.3127
71.8005
71.7556
70.8795
70.8169
70.7434
71.7854
71.7337
72.4913
73.8296
72.9354
73.4858
72.2299
71.4309
70.3715
68.9652
69.8284
69.5332
70.0158
69.3594
70.5197
70.7545
72.4691
72.4075
71.5701
71.0555
71.5229
71.7246
70.2964
71.4087
72.2784
71.5915
71.2103
71.4332
70.4378
71.3784
71.1025
70.8928
71.3717
70.6679
70.59
72.2012
72.584
72.1527
73.5591
72.298
72.5739
71.7779
72.0668
71.9232
72.2652
71.674
71.4189
71.2748
69.6051
69.5632
70.2759
70.2014
71.1429
71.6296
71.2062
71.2453
71.0628
71.4636
71.2778
70.9853
70.6832
70.182
69.4818
71.0354
69.8222
70.0107
70.2202
69.6066
69.6281
70.3659
71.9426
72.2866
71.7526
72.3425
72.8011
74.1942
72.2609
72.9095
72.9906
73.0077
72.428
71.7505
72.1468
72.0468
72.2287
71.2941
70.6034
70.5752
71.8817
70.896
70.415
70.4226
71.6941
71.0115
72.091
72.8931
71.9235
70.9236
71.6199
71.4838
71.0035
71.5939
71.5875
72.4536
71.6387
71.6181
72.2911
71.1638
71.5064
70.5331
71.5102
71.6919
71.7063
71.567
71.9002
71.8151
71.9716
71.1231
71.082
70.4011
71.7559
72.2809
70.0956
70.0009
69.4419
71.1495
71.3946
72.1546
71.2392
70.7205
71.0783
73.1367
71.7704
70.6623
69.8492
70.7196
71.3439
70.7925
71.9184
72.5132
72.3973
72.3555
72.0936
71.5591
71.7728
72.5727
73.8756
72.8681
71.5542
72.4526
72.6073
71.8809
71.2435
71.7676
70.755
72.4822
71.6095
71.7889
72.041
71.6505
72.4949
71.9744
72.3264
72.0761
71.0635
71.0891
71.7735
71.379
71.0004
69.5252
69.0596
70.4666
71.0037
71.1339
71.4674
70.1728
70.3789
70.6818
71.3338
70.1146
70.4709
70.6724
72.3324
73.1698
71.1369
71.5822
71.4215
71.2304
71.0231
70.6537
70.2941
70.8057
70.0916
69.7139
69.6833
68.9822
69.9057
72.2308
72.6975
72.3982
72.3763
72.3936
71.2037
70.6299
70.589
69.741
70.4531
71.0199
70.9531
72.2112
72.1015
71.9516
71.7194
71.3513
70.3631
70.6525
71.0031
70.6146
70.151
69.7602
70.8009
72.5558
71.9369
70.5876
69.5511
71.1687
71.084
70.7205
69.7535
70.5494
71.3092
71.5529
71.7933
71.3692
72.1043
70.2672
69.624
70.4614
71.4911
71.0918
70.7157
70.8631
69.7357
69.174
68.6192
69.226
69.7554
69.1549
68.615
68.9773
69.9846
69.2227
70.0449
71.3747
72.8987
72.5524
72.4822
73.3326
72.0905
72.0701
72.0255
73.2021
71.3677
71.8531
71.5023
71.7452
71.6331
71.1851
71.0618
70.5699
70.6602
71.2855
71.6498
72.2806
73.3023
72.8765
73.5399
72.2012
72.5172
72.0621
72.6284
71.8899
71.6749
72.4725
72.448
71.4363
70.5904
70.1323
70.1504
69.9977
70.3152
70.7418
70.4911
69.7533
70.1025
70.2686
70.5062
70.8498
70.0567
70.0532
69.9178
69.361
70.6898
70.8483
71.7428
71.7787
70.4426
71.0183
72.1514
73.4546
72.8699
73.2981
72.4086
72.0911
71.4682
71.3667
71.2425
71.1909
72.5484
72.1233
71.3199
70.297
70.6069
70.6797
71.5705
70.5332
70.4527
70.93
70.8411
71.9453
71.4932
71.7692
71.6697
70.8361
71.016
71.3473
71.4604
70.8961
71.7307
70.7204
69.6003
70.1315
70.5205
71.1787
71.2296
72.2163
71.3979
70.6923
70.7274
71.0015
71.0026
71.0265
69.9926
71.0854
71.5028
72.0327
72.7593
71.3467
72.0379
73.0623
72.674
71.8615
71.1109
70.9386
72.0401
70.3993
69.7658
71.3433
71.08
72.8059
72.3748
71.022
71.7343
71.5476
71.5565
72.1028
72.7824
72.7372
70.9948
72.1387
70.8858
71.1655
70.5407
70.9053
69.8536
70.024
70.3707
71.0127
71.2389
71.2013
70.6506
71.1818
71.6555
72.0981
71.5423
70.8904
70.3975
72.0846
70.5236
70.8864
71.3516
72.2051
72.2702
72.8061
73.3086
72.6631
72.2151
71.4527
71.1294
70.5976
70.1366
71.3895
71.7453
71.4991
72.0084
71.8571
71.2011
70.6238
69.641
70.2042
71.5843
71.4031
71.7304
71.6884
71.6958
71.1721
71.0291
71.1568
70.2337
71.378
71.9742
72.1972
71.0012
72.1063
72.1133
72.3791
71.4929
69.7929
69.6069
70.1245
70.2184
71.1782
71.8612
73.4254
72.9164
72.9461
71.4151
70.5903
71.0317
70.696
70.06
71.5521
70.8182
71.1814
71.4503
71.5345
73.2034
74.6521
74.847
77.2647
77.505
78.4502
78.2318
78.5244
77.289
77.8088
75.9324
75.0621
74.1897
72.2429
71.7664
71.0633
70.7537
70.8294
70.3669
70.4889
69.994
70.7396
71.3849
70.8871
71.1541
71.708
72.3075
71.3658
70.5928
71.3351
70.1741
71.5635
70.5687
72.4413
71.8139
73.101
73.5313
73.6152
72.5963
71.2554
71.2624
72.0676
71.8857
72.0979
70.6294
73.0855
72.1023
71.2523
71.437
71.1821
71.3154
71.7443
70.6278
72.083
71.7009
71.2422
70.7504
70.5064
70.9895
70.2931
70.0362
68.8132
69.494
70.613
71.6018
71.7401
71.0745
70.6362
70.1137
69.7768
69.3405
70.9924
69.7326
70.6465
70.9005
70.007
71.6096
70.2946
70.3462
70.4968
70.4303
71.1082
70.1438
70.5542
70.4573
71.1448
70.2624
70.6449
71.3758
70.6015
70.571
70.3076
69.6664
70.314
69.9639
70.1641
69.7716
69.9426
70.1965
70.6008
71.3486
71.6953
71.1107
71.9484
71.0881
70.5619
71.845
70.7616
70.7267
70.6648
69.3556
69.3749
69.2668
70.9895
70.7392
70.6928
71.6382
72.0279
71.1346
72.3192
71.6108
71.6518
71.6275
70.9405
70.7648
72.001
71.4958
70.5061
70.2864
70.2723
71.0408
69.6959
69.8781
71.047
71.5582
71.7465
71.4078
71.0947
71.0647
70.4391
70.5007
71.4916
71.2551
70.4051
70.2885
70.2438
69.4172
71.1995
71.5497
71.5361
70.9525
70.0436
70.5828
71.3364
69.7624
69.5518
70.5129
70.5968
70.6222
70.1368
70.5717
70.6781
71.2619
71.1847
70.536
70.7845
72.5445
72.091
71.7812
71.2635
72.6884
72.4316
72.7849
72.9914
72.4197
71.0376
71.2921
70.5789
69.4187
70.2185
69.8434
71.181
70.326
70.3303
70.5139
71.6985
72.5024
73.4176
73.8063
73.005
71.7708
72.031
71.2079
72.102
71.4517
72.0501
70.6713
70.2613
70.5998
70.4344
70.3577
70.2284
70.611
70.5787
70.6252
69.5401
69.3415
70.5217
70.0309
70.961
70.9987
70.4114
70.6475
72.2812
72.3776
71.7277
71.7627
71.1256
70.2486
69.9468
69.2142
69.4202
69.4979
69.4178
69.84
68.8224
68.4233
68.8074
69.3926
70.2264
70.9847
72.0509
70.7541
70.8023
70.3849
70.8355
70.0995
69.5749
69.6874
69.7414
69.6508
71.3919
71.4571
72.2461
71.3642
72.2342
72.8995
73.419
72.5642
74.0525
73.4287
72.968
71.7606
71.6088
72.1104
72.1235
71.6009
70.8701
71.5801
71.9888
71.8493
71.1318
71.5359
70.808
71.4277
70.7223
70.572
69.6994
69.9556
70.3786
70.9757
71.2509
71.265
71.6646
72.5641
71.6482
71.4705
71.7786
71.6285
71.1107
71.2191
70.2037
70.9896
71.3041
70.8813
69.7381
71.193
71.6595
70.9318
71.1636
70.9449
69.9615
69.9554
70.037
70.8793
69.468
70.5082
69.9402
69.2164
70.0583
70.6765
70.5034
71.0152
70.8269
70.9373
71.1813
72.3961
72.1114
71.2336
71.1385
71.428
71.4868
72.6114
72.3506
72.3906
71.9742
71.9043
72.7426
72.359
71.6314
71.2779
70.2987
70.5803
69.6981
70.2931
70.5746
69.5887
69.8423
68.8142
68.7495
69.059
69.721
70.5747
71.4913
70.8867
69.1172
68.3793
68.5151
68.4857
68.3148
69.1711
70.0595
71.6075
71.9761
71.3452
71.5719
70.4213
70.9707
71.1195
70.6526
70.8498
70.2338
69.8417
69.5858
70.2734
70.8218
70.7214
70.519
70.5925
71.4882
70.2503
71.2689
71.7698
72.1102
71.9977
72.5154
72.0667
70.8345
71.084
71.0118
70.2938
71.295
70.1873
69.7498
69.1641
69.3088
69.7745
70.6757
70.3153
69.4702
70.2237
70.0092
71.0807
71.8779
70.7261
71.0851
70.6847
70.4719
71.1495
70.9603
70.5825
70.97
70.4101
71.1353
71.4614
71.0797
70.6268
70.7167
69.7506
70.2937
71.01
70.6039
72.1079
71.5812
71.6033
71.9801
71.6802
71.1676
70.5458
70.5135
70.8535
71.1315
71.4063
70.9935
70.7882
71.0924
70.1031
70.9723
72.2729
71.7533
72.2483
71.3354
70.8603
71.4204
70.863
69.853
70.7889
71.4463
70.3815
71.151
70.4285
71.0141
70.9145
70.3295
70.9564
71.986
71.7323
72.0992
71.8874
71.8038
71.2503
71.5007
70.0114
71.0083
71.308
70.6512
70.5242
73.018
71.3187
72.1333
72.9249
72.1863
72.3164
72.3708
71.5302
71.5791
71.0158
70.7496
71.4255
71.2208
72.4592
71.8044
70.7654
70.4236
70.5616
70.5288
70.5576
70.9152
71.0782
70.6229
70.9561
71.4181
71.2818
71.2764
71.4083
71.0102
72.1873
71.8742
71.3586
71.1489
71.3663
70.7585
70.6872
72.4968
72.2617
70.8719
70.6118
70.5593
70.7577
71.1231
71.9227
71.0374
70.2389
70.851
71.3749
71.2399
70.5366
71.66
72.0696
71.9998
71.85
73.0052
71.949
70.5199
71.0588
70.6996
70.8825
71.9481
71.4022
71.0054
71.4464
70.6454
70.7975
70.8083
70.9314
71.3892
71.6385
71.429
71.4858
71.6646
70.8961
70.5225
70.684
70.459
71.4541
71.8785
71.455
69.9818
70.2476
70.032
71.1245
70.2706
69.8905
69.6203
70.6966
70.4156
70.2846
69.9286
69.4801
69.9232
70.446
71.0145
70.567
69.8527
69.8994
68.8012
68.0058
68.301
69.2504
68.5658
69.5843
70.0753
71.4214
70.7416
70.7669
70.7333
69.919
69.9841
69.7662
70.3261
70.2712
69.7459
68.2275
68.4371
68.0872
68.9207
69.5101
70.3844
71.2356
71.183
69.3356
69.5593
68.9616
68.7675
69.3003
69.8283
70.068
70.3036
70.9532
71.2051
71.6429
71.9886
71.0916
71.372
70.1393
70.8978
70.5309
72.2146
71.7915
70.2581
70.4554
72.8003
71.7413
71.3299
70.9887
71.4729
72.099
71.8832
73.4257
73.1663
72.2362
71.5114
70.4239
70.7044
71.3153
71.2182
70.8925
70.9392
71.252
70.7793
70.5044
71.7138
70.7512
71.3039
71.8544
70.8606
70.9084
69.9542
69.3962
70.7562
70.0018
70.6843
71.5884
71.716
72.3533
72.872
71.8026
72.5768
71.3122
72.0191
71.6638
72.8208
71.8218
71.8683
71.1067
70.5233
70.5821
71.1183
71.3167
71.9876
72.9199
72.9963
71.2724
71.3094
72.1579
71.2079
69.8205
70.8296
70.7964
70.5502
71.0104
71.3229
71.2565
71.1315
70.915
70.7717
69.6917
68.7406
69.1028
70.6695
71.7638
69.9323
69.4948
70.784
70.5837
70.5263
70.2767
70.616
70.3715
70.47
69.9556
69.6072
68.7608
69.1645
68.728
68.0122
68.2897
69.3258
69.3112
69.7115
69.2358
70.4984
71.02
71.3212
70.2219
70.9133
69.9408
70.9
71.0292
71.3732
70.8474
71.3419
70.4886
70.5858
71.1784
70.0058
70.2347
70.0916
70.1985
70.2157
70.0191
69.235
68.552
68.8907
68.8339
69.0739
69.3406
70.5685
71.3183
69.7609
69.7383
70.8944
71.0174
70.6076
69.8614
70.7762
70.8225
70.3824
70.5472
70.1466
69.3236
69.9567
69.6521
69.7465
69.7207
69.8064
69.8624
69.3105
69.263
70.6919
69.69
69.9705
70.0907
70.7738
71.1377
71.3899
70.7707
70.8872
70.8898
70.5508
70.8872
71.0194
69.7125
69.83
70.3997
70.4119
69.7026
69.1092
69.4435
70.1594
69.7496
69.3071
69.9681
70.8524
70.2011
70.1186
70.1458
69.853
69.984
70.2245
70.218
69.8934
69.7615
70.0156
69.1892
70.0185
71.0331
71.3668
71.1611
72.8278
71.826
70.7186
71.2538
70.6482
69.7369
70.8122
70.0159
69.3176
69.231
69.3
70.2236
70.3286
69.2644
70.4712
70.5251
70.428
70.3777
69.5327
70.2001
69.707
69.6925
70.2051
69.9336
70.5555
71.0422
71.4017
72.1607
72.521
70.7405
70.8779
70.8769
69.9603
70.5811
71.5477
70.7162
70.8763
70.4725
70.1991
70.7609
70.0865
70.127
70.3998
70.8077
70.2631
71.6734
71.4043
71.6614
70.1867
69.2869
69.7898
69.9532
70.4306
70.2087
70.7438
70.8284
70.0784
70.0768
70.7651
70.8078
71.5577
72.0669
71.445
71.4134
72.3383
70.9191
71.0386
70.9362
70.8269
71.1107
70.6124
70.5036
70.8746
70.9454
69.9357
70.1944
69.7071
70.3618
70.8506
72.0588
71.9681
71.2692
71.0296
69.8355
70.2263
70.9812
71.9342
70.9492
70.8511
71.4833
71.0863
70.8534
69.9842
69.7937
70.5688
70.4273
70.8182
70.0678
69.9139
70.5925
71.4403
71.2896
70.4786
70.0962
70.3016
69.7705
69.4942
68.7766
68.9533
69.8094
70.1607
70.1079
70.0264
70.3161
70.4776
70.4842
70.6959
70.4022
71.3327
71.0228
71.2279
71.1395
69.5512
69.9047
69.5309
70.4808
71.5162
72.0116
69.6095
69.8704
68.7585
69.697
69.2656
70.3085
70.8416
71.8381
71.4752
70.0294
70.9163
71.027
70.331
70.186
69.6082
70.6158
71.7246
70.978
70.6471
69.7602
70.4952
71.2531
72.3684
70.3827
71.0419
70.8016
70.9357
70.7823
70.4418
70.6691
69.6544
69.5713
70.11
69.1432
69.3405
68.2008
70.2126
69.0672
68.9161
69.2198
70.6789
72.18
71.2853
71.7282
70.9108
70.8988
70.7669
71.2833
71.6606
71.9519
71.6101
71.0874
71.7499
71.2959
70.8535
71.7419
71.9976
70.8882
70.5763
68.7944
68.341
69.8392
69.879
70.1295
70.9133
70.0007
70.353
71.8093
70.0014
70.3341
69.8125
69.3434
70.5652
70.1571
70.8103
71.293
69.869
69.8153
70.5423
70.0758
70.1422
70.1684
70.3466
71.1833
70.8304
70.3716
70.071
69.5716
70.6472
70.0072
69.9582
70.1149
70.1362
69.2808
69.7425
69.2679
70.2009
69.9418
70.5741
71.0015
70.6731
70.8902
70.517
71.4149
72.5332
74.0129
74.2664
74.8986
76.2882
75.9612
74.8952
73.5393
72.8144
73.426
72.9805
72.3818
72.0612
71.1676
70.9564
70.6377
70.6652
70.4355
70.3668
71.0127
70.3219
69.7885
69.0472
69.044
68.1411
68.365
68.5262
69.12
68.3149
68.6769
68.5036
69.0915
68.9684
69.6168
69.0279
68.7938
68.6967
69.7687
68.6934
68.5085
69.1893
69.4535
70.2862
69.9079
69.6869
70.3276
69.6298
69.8067
69.5616
70.5279
69.9741
69.1726
70.0908
70.0117
68.6887
71.1915
71.2438
71.2211
70.3868
69.8836
69.8363
69.7712
70.0396
70.7081
70.3082
68.9959
69.5742
70.4279
69.2762
68.386
69.2914
69.5621
69.4677
70.3186
69.2606
70.0323
71.6418
71.4328
71.1691
70.5095
69.2048
69.2495
69.1066
69.4818
69.1425
70.7828
69.914
70.952
70.4394
70.8109
70.3984
70.8332
70.0764
70.058
69.2237
69.6906
69.9065
69.3957
69.4608
70.1954
70.3209
70.8383
69.9742
69.4831
69.3559
68.8158
69.2607
68.7755
69.2574
69.6333
70.211
70.0666
70.171
69.4013
70.0368
70.7466
71.1648
70.2824
70.6361
71.3903
70.6544
70.0194
69.6204
69.4215
70.1844
70.4431
70.3272
70.7674
70.5236
69.1965
70.1194
69.7195
69.4747
69.5236
70.5514
70.9761
71.1215
70.9116
70.1289
70.0607
71.5156
70.8414
68.1148
69.3644
68.8615
68.7151
69.0284
68.6247
70.1997
71.3232
71.2584
71.8659
71.4873
71.7121
71.0085
70.4332
70.9047
70.7141
71.047
70.9614
70.9243
70.9287
69.9817
70.7938
71.2457
70.9082
71.0956
70.0809
70.5173
70.6811
71.0137
70.3862
70.251
69.0238
68.9765
69.5088
68.6317
67.9937
68.8069
68.5689
68.6338
68.1332
67.9933
68.1605
69.2848
68.7638
69.9183
69.6454
70.0204
69.6495
70.3494
69.1831
69.5619
69.9763
69.8605
69.984
71.1885
70.4528
69.767
69.9023
70.372
70.666
70.1154
70.1053
69.4115
68.6828
69.4363
69.2556
68.827
69.6455
68.8441
68.7139
69.8031
70.1923
69.8726
70.0535
69.8697
69.9623
69.9677
70.04
70.7132
70.648
70.4149
69.1122
68.9219
70.1366
69.3366
69.6341
69.8944
70.0408
69.7636
70.2602
70.1929
70.1019
69.8083
69.8668
69.3443
69.1737
69.0296
69.893
69.5404
69.0752
69.1616
69.3346
69.5543
68.6302
68.9229
69.0625
68.026
69.4649
70.7157
70.8901
70.6522
70.4873
69.6804
70.3058
70.0864
70.446
70.7349
69.6585
69.0746
68.7606
69.159
69.3609
69.6823
69.2763
69.1579
69.3419
70.6531
72.0482
71.7427
71.1592
70.8729
71.5935
69.8346
70.113
68.6979
69.1506
68.7223
69.5513
71.0413
69.5657
68.7167
70.2724
70.4257
70.2307
70.2436
70.1856
71.1718
71.2151
70.681
70.5219
69.5991
68.3025
68.2062
68.8294
69.2425
69.5784
70.0429
69.6101
70.224
71.2517
70.37
70.2141
70.1716
70.5942
70.1249
69.2892
68.8871
68.1549
68.6181
69.2285
70.2538
70.0524
69.8756
69.7567
70.1266
70.6301
69.9213
70.9529
70.0353
69.3815
70.434
71.9894
71.1095
69.1732
69.5337
68.9723
69.0536
69.8605
69.4461
70.376
70.0674
69.583
69.204
69.5049
69.2595
69.6119
69.2368
69.7764
70.2638
70.1269
70.0071
69.9866
69.5954
69.4484
70.7742
69.9524
69.3987
70.8194
70.1339
70.3765
70.5818
70.8257
70.8746
71.194
69.9019
71.2098
70.2709
71.0841
70.1159
69.3887
69.039
70.0651
70.5171
70.9165
71.6265
71.4424
71.5407
71.3766
71.7251
71.3554
71.3746
70.5358
70.7313
71.1219
70.3158
70.5288
69.6476
68.1792
68.0272
68.877
68.9024
69.7903
69.2688
69.0962
70.0406
70.1793
70.8973
70.0628
69.5054
69.6867
69.0749
68.4519
68.7511
68.8333
68.7113
70.1469
69.0968
68.9876
68.8863
68.9836
68.8783
68.0748
68.0727
68.986
68.4235
68.2783
68.8657
69.1247
69.4685
68.9243
69.3309
69.3052
69.4506
68.959
69.4157
70.0862
69.4973
69.8292
70.4624
71.1203
70.5242
69.956
70.3145
70.6346
69.8839
69.5068
69.9118
70.1806
69.3561
69.6986
69.3154
69.2127
69.3966
70.1634
71.3112
70.0917
69.7606
70.4219
69.8247
69.8883
69.6004
69.4659
68.923
67.68
68.091
68.3441
69.2535
69.4685
70.9173
71.4585
70.2518
70.5964
70.5084
70.2724
70.1868
69.3124
69.1345
69.1738
69.8965
71.3983
71.8769
70.5552
71.5943
71.7088
72.5153
73.5822
72.0832
72.0277
71.4068
71.1417
70.9822
71.1605
71.4679
71.3443
70.367
71.244
70.8241
71.5275
71.3104
70.7488
69.7486
69.6025
69.4976
70.7337
70.1468
70.5492
69.1781
70.5422
69.9293
70.3199
69.5607
69.7778
69.6106
69.2005
69.788
69.0436
70.4035
69.8439
69.2248
69.1158
69.2933
69.4278
69.3913
70.1014
69.0725
69.2294
70.0477
70.5766
71.264
71.3505
70.8776
70.7407
69.1173
69.3035
69.8016
70.1129
69.5234
69.3182
69.7602
70.1539
70.2973
69.0652
69.7691
69.8714
69.6631
69.2454
70.1484
69.4075
69.5003
69.243
69.9507
69.3913
69.5428
70.0811
68.854
68.8777
70.1697
69.8255
71.378
71.3202
69.6149
69.3552
70.8937
69.2367
69.7483
69.2539
70.5722
70.0745
70.492
72.2622
72.2357
71.9064
71.6603
71.3233
70.5668
70.0252
70.9936
70.1944
69.3627
69.1644
70.9972
70.9578
71.1041
69.5272
69.8114
69.7219
69.3574
69.4111
69.4552
69.0281
69.7988
70.4758
70.3706
70.9139
70.9765
72.2272
72.5774
71.6914
71.5974
70.8692
69.7582
70.2241
69.8316
69.3719
70.2199
71.9801
71.0223
70.9945
69.887
68.6683
69.2954
69.6669
69.8603
69.0286
69.501
70.2176
69.8214
69.1331
69.1229
69.9366
68.978
68.0996
69.6776
69.7193
69.8037
69.3137
70.5804
70.6052
70.5411
69.7757
69.639
69.8948
70.7409
70.9386
70.7342
70.3981
70.3359
69.8784
69.2394
70.2703
70.406
69.4793
70.1184
70.7028
71.6081
71.7216
71.3029
70.8726
69.7826
69.0173
68.7949
69.3276
69.2083
69.5661
70.1199
69.9307
68.8224
68.3129
69.1119
68.6402
70.3878
70.0093
70.5466
70.4126
69.8857
67.8332
67.9682
68.6918
69.0613
70.4545
69.8445
70.1161
70.5539
70.9119
69.7503
69.5185
69.3495
69.5529
69.6783
68.7387
68.5842
69.9073
71.5666
69.5847
68.2691
69.1474
68.2253
69.3748
69.1054
69.067
69.9381
68.9963
70.1394
70.3022
70.7259
69.1249
69.6083
69.1044
69.1431
68.7397
69.9552
71.4091
71.2916
71.0986
71.1071
72.0202
72.0852
70.6609
71.7887
72.1873
72.3141
71.0245
69.9973
69.0289
68.8198
68.0556
68.2422
68.9945
69.6792
70.6081
70.4516
70.108
71.1618
70.4916
69.8849
69.2618
69.4755
68.8367
69.1767
69.4985
68.7564
69.8978
68.899
69.3925
69.466
68.7083
68.0467
68.0705
68.1669
68.9368
69.3456
69.5082
69.0673
68.2355
69.0863
70.1062
70.184
70.8024
70.4265
70.2056
69.8145
70.5521
71.53
70.4765
69.7826
69.0111
69.4236
70.3008
69.3584
68.436
69.4898
69.2662
69.5825
68.7322
68.65
69.5417
68.5949
68.7569
68.3835
69.1331
69.1202
71.0604
70.9587
70.6462
70.3847
70.0511
69.7937
69.7298
70.8002
70.7453
70.3933
71.3963
71.6958
71.1324
70.7701
71.2696
70.8731
71.5233
70.5358
70.8895
70.0831
69.3855
70.0038
69.3183
70.5069
70.9775
70.8922
71.4479
71.7644
71.7646
71.6084
70.6293
71.2099
70.4679
70.6843
69.1626
68.2662
68.4156
69.209
69.7624
70.2298
69.6628
70.2537
70.3096
69.5197
70.3537
70.0757
69.488
69.8899
70.4628
70.565
70.8839
70.8361
71.9292
71.9882
71.7769
72.0031
71.6239
70.7384
70.7129
70.0938
68.9962
69.324
69.3163
68.9616
69.5284
69.8105
69.2718
68.5951
69.1604
69.4913
69.1632
68.536
67.8884
67.328
67.6096
67.7749
69.5513
69.6035
70.3091
69.9343
69.2276
69.1957
70.5154
71.3197
70.9847
70.7361
70.6036
71.3602
70.9924
70.2051
71.5193
71.1032
69.9458
69.7135
69.1234
69.9899
69.0953
69.7556
69.3533
69.5441
70.5282
70.2339
69.4056
69.7219
70.089
70.0082
69.2315
69.8059
69.9613
70.0223
68.5258
69.4278
69.1323
70.4671
70.2179
70.9577
71.2461
70.0561
69.5847
69.8168
69.1026
69.0873
70.2585
71.2963
71.6809
70.7819
71.1234
70.4865
70.6748
69.4373
68.9842
67.8168
68.2893
69.3861
69.9618
69.8029
69.6683
69.2221
69.6395
69.937
70.0501
69.267
69.5042
68.4168
67.8884
68.873
68.7888
67.8248
68.4926
69.5013
70.5598
70.5757
69.7101
69.2803
69.1757
69.3515
70.3995
70.6878
70.2565
71.1362
70.6141
70.6842
70.1319
69.279
69.4864
69.5648
69.9719
69.4068
68.9435
70.2685
69.6751
70.031
69.4237
69.3762
69.9115
70.3392
70.0293
69.7677
70.1723
70.1671
70.0496
69.5975
70.4835
70.4547
70.3496
70.5368
70.5035
70.2436
69.962
69.9806
70.4028
69.8279
71.2395
70.2414
70.001
69.3159
69.6304
69.621
70.367
70.2475
69.7632
70.1351
69.5656
69.3162
68.3078
68.2286
68.4705
68.5633
69.4746
69.4644
71.049
69.7809
68.7274
70.1138
69.1795
70.9697
69.8088
70.058
69.3509
68.3527
69.4816
70.1141
70.9797
71.42
71.329
70.6642
71.266
70.1138
71.4351
71.163
69.4525
70.2593
70.6395
70.1729
71.5409
70.7237
70.9414
70.0216
70.6475
70.3486
70.16
70.2899
71.0764
72.6266
71.0466
71.0262
71.7905
71.5561
69.8169
70.1559
70.3373
70.0383
69.1216
69.6387
71.9586
71.5784
70.6871
70.288
70.44
70.5294
69.2649
69.9971
70.3218
68.9048
69.5818
69.7478
69.4535
70.1132
68.921
68.767
69.7028
70.8422
70.2392
69.6132
70.4397
69.6114
69.1076
69.8264
69.4003
70.5535
71.5741
71.5961
69.8365
70.0522
70.1407
68.9541
69.142
70.0724
70.3012
69.6337
69.8344
70.057
69.6514
69.5504
70.0165
70.7382
70.8988
70.6933
72.2841
72.4764
72.1059
70.5527
70.293
69.4639
69.0247
70.2031
69.9925
69.5271
70.9512
70.3677
70.8809
70.7171
69.6903
70.2109
69.5278
69.5799
69.8588
69.7991
69.791
70.3234
69.8776
69.7457
69.9946
70.6611
71.9924
71.6491
72.1443
71.2252
71.4399
70.8052
70.1109
70.6026
70.1206
68.7493
70.6675
70.3857
68.9783
69.6785
69.3653
68.3705
68.7217
69.6525
70.0312
70.2813
69.14
68.967
70.3847
70.0761
68.7618
68.4424
69.4555
69.8753
69.6826
69.8694
69.9988
70.7903
70.3966
70.4548
69.9474
69.3449
68.1299
68.5937
68.4567
70.2245
70.3744
69.7407
70.6422
70.2221
69.6722
69.6546
70.7748
70.4126
70.2281
70.5234
70.0004
70.4027
70.373
69.2338
70.3148
70.5829
69.959
70.7619
70.7538
68.9043
69.0023
68.3485
67.172
68.2296
68.5993
70.2995
71.0946
70.8563
70.0861
69.3893
70.6478
70.8875
70.9027
70.5278
69.906
70.0469
69.8448
69.9741
69.7847
70.6199
70.4977
69.7447
70.968
69.9172
69.1491
68.0312
68.6373
68.2402
68.1939
68.3264
68.4419
68.6505
69.0445
69.0087
69.3044
70.5599
70.3907
68.4044
68.2104
67.8083
68.188
68.1652
67.3976
67.4809
67.8663
67.5495
68.6798
69.732
69.6971
70.2159
70.9179
70.4837
69.3378
68.6338
69.1186
67.6754
68.7971
69.1832
70.1669
69.6202
69.8246
70.0032
70.2772
71.185
70.9613
71.0342
71.0886
70.1582
69.3265
70.0955
69.6191
71.6206
70.4797
71.4025
71.78
70.2583
69.9252
70.0259
69.8781
70.2155
71.3692
71.038
70.5012
70.0783
70.978
70.6378
69.9793
70.0209
69.8822
70.9305
68.1876
69.215
69.5458
70.0138
68.6001
68.3096
68.2783
68.6235
68.8472
68.7336
69.3148
69.8492
70.2275
69.9551
70.2314
70.629
68.8335
68.9622
69.3527
68.2718
68.4076
68.3426
69.3229
70.0428
70.2562
68.8537
68.4307
68.0896
69.3869
69.8997
71.5939
70.8293
71.554
71.1483
72.0096
71.2851
70.9288
69.8568
68.9606
68.2918
68.5079
69.8754
69.3467
70.316
69.9145
70.5979
70.3381
69.9412
70.6689
70.8798
69.5757
70.721
69.7355
69.629
70.6794
70.3752
70.659
69.8853
70.2885
70.9441
71.737
72.2977
71.4485
71.0182
72.0106
71.3094
71.8482
70.2196
69.5644
70.5344
70.1596
69.8183
70.568
70.3404
70.3764
70.6054
70.6378
69.3342
69.2977
68.5024
69.2101
69.1607
69.0337
70.3394
69.9276
69.3627
68.9914
68.8322
68.3958
68.6872
68.5859
69.1075
68.3796
68.9948
68.6656
68.3524
68.4125
68.8642
69.0518
69.1406
69.5122
69.6122
69.8172
69.1123
69.6253
69.7592
69.8
69.9643
68.9875
69.4288
68.5067
68.8051
69.86
69.8707
68.8966
68.8182
69.0614
69.6966
70.2068
70.6268
71.5005
70.8812
70.3122
70.6399
70.2265
69.9647
69.6768
68.9458
68.2145
69.2454
68.582
69.1802
70.0924
69.4644
69.9374
70.4537
70.3154
70.7603
71.3346
70.3255
70.0015
70.5331
70.4353
69.522
69.4394
69.3873
70.5683
70.4481
70.363
70.3189
70.4931
69.6833
69.3797
69.4366
69.5152
70.3139
70.4955
70.7151
70.1069
69.4488
68.284
68.5831
69.1946
69.564
70.1032
69.9699
71.2063
70.888
70.4404
70.4711
70.7494
70.0944
70.1579
69.9823
70.6104
69.9993
69.4618
69.1179
69.1088
69.1398
70.2633
70.2837
69.4642
69.6281
68.5804
68.2119
68.8734
68.6458
70.0848
70.9116
70.2155
70.6931
69.6928
69.664
69.4913
69.5872
69.652
68.9508
69.7288
69.6279
70.1398
71.5225
70.654
70.5415
70.3514
71.0473
70.3048
69.1619
69.9195
69.1565
71.2669
71.8314
69.846
70.1836
71.0847
71.4543
71.617
70.0903
69.989
69.7998
69.3493
69.4999
68.8016
68.1804
69.1017
69.8227
70.3636
69.3037
69.5487
70.6839
70.6179
71.2948
71.2367
71.2722
71.6468
70.2131
70.3202
69.7553
69.7478
69.3742
69.3708
69.2544
67.6751
68.059
68.7456
70.4242
70.8636
71.5087
71.6148
71.5568
71.4534
70.171
69.6463
69.4322
69.4443
69.0405
69.0308
69.176
69.0337
70.3407
69.8541
70.3465
69.8963
70.3205
71.1117
71.275
71.9008
70.878
70.8382
69.1056
67.9368
68.5947
69.2167
68.7922
68.8463
69.8592
69.7817
70.0567
70.0272
68.5287
68.3118
69.4308
70.2796
69.8944
69.7944
68.3338
69.1469
69.6333
69.5727
69.7774
71.285
71.0019
69.3317
69.0689
68.7061
68.7241
70.0279
69.4789
70.5632
70.0446
69.598
69.8572
69.6116
69.1643
69.0988
70.0723
70.3048
69.9233
68.9472
68.7373
69.5471
70.3555
69.9046
68.8123
68.9122
68.8072
68.6048
69.5785
69.9714
69.4126
69.9664
69.1294
69.162
69.3892
69.6907
69.8552
70.304
69.824
70.2808
69.2496
69.4105
69.0519
69.6638
69.6669
69.4977
69.5014
69.6911
69.4053
69.5771
69.551
70.743
70.7832
70.9453
71.8843
71.4532
71.4531
70.7875
71.2839
71.3273
71.5322
72.1914
71.0838
70.0028
70.5533
69.4431
69.7771
69.4837
68.499
68.2255
68.7809
68.8864
68.7905
69.1456
68.756
69.7538
70.7434
69.7173
70.2956
70.9141
70.2758
69.67
70.3932
70.7293
71.2204
70.7152
70.8967
70.6931
70.2955
69.8523
70.1135
69.4211
69.6341
69.3748
68.9289
69.0527
69.6056
69.5051
68.8908
69.8635
70.3827
70.7612
70.3062
70.7448
70.1695
69.1032
69.0696
67.8898
68.806
69.82
70.2826
70.1564
70.4262
70.6733
70.6917
70.4518
70.4455
69.9298
69.8963
69.8755
69.0086
69.387
70.2831
70.3737
70.6426
69.1643
70.0137
68.9219
70.4827
70.1237
69.6235
69.8402
70.1558
69.8349
69.4166
69.4352
69.554
68.8334
68.2198
68.8554
69.2527
69.5982
70.3239
70.5739
69.6249
69.4291
69.4338
70.7942
70.7508
71.2945
72.0695
70.8893
71.3121
70.6559
70.8576
70.6964
70.2084
70.5777
68.7216
69.3376
70.3567
71.2311
70.9123
71.3273
71.7364
70.722
70.1175
70.2051
71.6259
71.1161
70.964
69.9809
69.8538
68.8892
69.6702
69.7789
69.739
69.6387
69.8992
69.4469
69.8997
69.8285
71.2956
70.4776
70.6146
70.8589
70.1668
69.9117
69.4244
69.8837
70.1042
70.1237
69.6764
69.285
69.8724
69.2092
69.7189
70.7239
70.638
70.5701
70.9817
70.4791
70.0709
69.115
69.2016
69.6168
69.4593
70.3947
70.7509
70.2716
69.6412
69.4019
70.5313
70.0363
69.6657
69.704
70.8937
68.9374
69.5797
69.4879
70.0109
69.3765
69.8337
68.8432
68.9519
68.9311
70.381
69.2294
68.9951
68.7834
69.4857
69.1401
69.503
69.1566
69.8742
70.5528
70.7773
70.5551
69.4556
69.582
69.296
69.6947
69.744
70.4964
69.7944
69.6738
69.4725
69.138
69.9779
70.8255
69.712
71.0981
71.5845
70.7991
69.8422
70.4707
71.4376
71.9179
71.9551
70.9675
70.5375
71.7815
70.3166
70.4783
70.2103
69.6549
70.1464
69.2181
67.9795
68.4077
69.0905
69.5229
69.4931
69.1521
68.2907
69.3126
69.0046
68.4689
68.5801
68.8854
69.2587
69.2036
70.0225
68.8126
69.492
70.2027
69.6148
70.4387
70.5364
71.4646
71.5894
70.784
71.0819
70.4771
69.9864
70.0827
71.1826
71.1488
69.9549
69.6797
69.2015
69.813
70.1894
69.5182
69.6079
69.5677
70.3734
70.0304
70.396
71.0571
69.922
70.1648
68.8645
68.7456
68.9764
69.3439
68.7812
67.9772
68.7129
68.7166
68.7448
68.6542
68.8818
68.1427
68.5753
68.4164
68.8377
68.9632
69.3797
69.8473
70.1061
70.7021
70.5247
70.4502
70.9737
71.4337
70.7129
71.5788
71.7514
70.854
70.1985
69.3416
69.5572
68.9515
68.8047
68.3581
69.1961
69.393
70.0997
70.4535
68.9742
68.6669
69.8415
69.3765
69.5078
69.6568
69.3258
68.9443
68.2857
68.517
69.3183
69.051
69.2165
68.5884
69.4292
68.8907
69.0664
70.1493
70.2548
70.3432
70.4527
70.6377
69.3651
69.8716
69.8393
69.6484
69.2643
68.2706
69.0281
70.6044
69.9947
70.1279
70.0753
69.6618
70.1484
70.0273
70.4301
70.1941
69.6186
69.7202
69.8422
69.6146
69.623
68.683
69.1215
69.9362
69.5198
70.4245
71.2276
71.0259
71.5876
70.3373
69.6516
70.1294
69.3814
68.9673
68.3911
69.4479
68.7537
68.2611
69.3187
68.4305
67.5392
67.9539
69.057
69.5333
68.9563
69.1143
68.3182
70.1456
69.2267
71.2675
70.1439
69.3564
69.6579
69.8535
70.4364
71.7178
70.2522
70.2002
70.2494
70.3577
69.162
68.7343
69.5328
70.0197
70.4345
71.4858
71.4559
70.1311
71.2201
69.6188
69.0163
69.9226
69.4672
69.5583
70.2344
69.9277
68.7428
67.4608
68.4706
68.1433
68.1885
69.6135
69.6414
69.1526
69.0657
69.4155
69.9566
69.2417
69.6388
70.4137
70.6927
71.0752
72.156
71.6692
71.7193
72.1345
72.4237
71.766
71.9947
71.4894
71.7488
71.7901
71.5231
70.7844
70.8075
69.8366
70.309
69.8639
68.9082
69.9262
70.2268
69.9617
70.8453
70.1628
69.137
68.9081
70.3812
69.7438
69.8038
70.4043
70.7006
70.7317
71.3817
71.4464
71.0708
70.9155
71.0073
70.6732
70.3637
69.7388
71.349
70.2758
70.4075
70.2587
70.3248
71.2957
70.1997
70.3814
69.7095
69.1026
69.8954
68.7907
70.0775
70.6269
71.085
70.8832
70.1255
69.9171
69.3955
69.9198
69.2572
68.8826
68.6665
70.0827
71.1073
70.17
69.5552
69.4333
69.4682
70.6971
69.8086
70.5311
70.8573
71.3783
71.0164
69.8862
70.1433
70.3626
70.1803
70.6282
71.2312
70.4778
71.1305
71.5005
71.148
71.2153
70.4345
71.2651
70.559
70.3944
68.9451
70.129
70.9335
70.9402
70.7425
70.6984
69.0817
69.1429
69.1564
68.4261
68.8531
69.3923
69.6358
69.5894
69.8266
70.7439
70.4856
71.4756
70.1423
71.0551
70.3544
70.1027
68.9482
69.1511
69.8542
69.3332
69.1646
69.355
70.6025
70.1878
71.2178
69.9992
70.4753
70.2089
69.9311
69.8394
69.3636
69.7888
69.6127
69.3571
68.5681
69.8049
69.8462
70.4309
69.2685
69.3691
70.0106
69.7389
69.593
70.0405
70.0835
70.1253
70.952
71.2609
70.7152
69.6259
69.0454
68.8565
68.5803
69.7743
69.0118
69.3638
69.5253
69.6442
69.1943
69.226
68.7765
69.0237
68.5951
68.587
68.5501
68.8966
68.7857
68.6341
70.2185
68.9179
68.5588
68.8127
69.8041
70.2634
70.3237
70.7426
70.4883
70.0298
69.2782
69.882
70.7864
69.8328
70.2178
69.7285
69.888
70.3635
70.3702
70.941
70.4212
70.8746
69.8013
69.7899
68.9858
68.1497
68.366
69.2928
69.842
69.7507
70.0565
69.9847
69.6249
70.0606
68.7652
68.8027
68.6346
69.7274
68.1128
69.756
70.3088
68.7454
68.9448
69.4435
69.7426
69.8863
70.2454
69.8662
70.3208
70.8202
70.2696
70.7348
71.5614
71.8733
70.7215
70.9363
70.7213
70.0593
69.2185
69.2467
69.7142
70.1685
70.5119
71.2447
71.5413
70.2542
70.4999
69.2363
69.5976
68.8213
68.6983
69.1418
68.7894
69.809
68.8596
68.8792
69.3752
71.283
72.011
70.6713
69.6859
70.5153
69.6308
69.7481
70.166
70.082
69.319
70.4051
70.0442
68.8407
68.7674
68.661
69.0955
70.1055
70.8338
70.9966
71.6399
71.8328
71.2573
71.5825
70.9495
71.5246
70.4648
70.0782
69.4429
71.0168
70.3907
70.9826
70.5492
71.1904
70.2003
68.5467
69.7418
69.0931
69.546
69.9444
70.6146
70.2508
69.9587
68.5154
68.4945
68.5608
68.5724
68.3414
68.7414
68.3124
68.6715
69.0605
69.5157
70.0837
69.8328
70.7476
71.296
70.2954
70.7085
70.8104
70.2602
71.2672
71.7847
70.3934
71.8619
71.1675
70.7681
70.3082
70.9267
70.9602
70.2933
70.5672
69.9408
69.3114
69.0907
70.5802
69.9634
70.5168
70.1909
70.9608
71.2595
71.1485
69.2249
69.595
69.4079
69.8808
70.6651
71.1004
70.0956
70.1891
71.086
70.7071
69.8223
71.2228
70.1996
69.8237
69.3858
68.9291
69.1669
69.6807
69.2887
69.6114
69.4178
68.9865
68.4731
69.1795
69.1795
69.6182
69.8465
68.633
70.8238
70.2907
70.4365
70.6484
69.4025
68.7102
69.7436
68.925
69.8764
68.9147
68.6241
68.9189
68.4719
69.1584
69.8046
69.5392
69.5665
69.0735
70.0402
69.9299
69.3543
69.4487
70.3937
70.634
71.2604
72.0025
71.8821
71.3045
70.5666
70.6691
70.6038
70.1138
71.0788
71.0917
71.9248
70.8712
71.0371
69.6965
69.4357
69.1639
69.2134
69.4671
68.8324
68.3733
69.1809
69.753
70.325
71.5524
70.9332
70.9288
69.7291
68.9949
68.562
68.146
68.3344
69.0606
68.7448
69.5617
69.0817
69.5617
69.2464
70.1482
70.1414
70.4609
70.7512
70.3611
69.0278
69.8377
70.0561
70.0091
69.243
69.9367
69.0991
69.1983
69.8963
70.0408
70.7545
70.3929
69.9379
69.8789
69.9934
69.915
68.34
68.9031
67.3199
67.3003
67.6194
67.8664
68.9355
69.9982
70.4835
70.4136
69.9309
69.2673
69.3772
69.1349
69.0721
69.7245
68.432
68.3888
68.7325
68.2137
69.65
68.2658
68.8673
68.6378
68.3951
68.9874
68.3151
68.5866
68.6731
70.0862
69.5756
70.1166
69.5214
69.4189
69.8647
69.9862
71.7916
72.2093
70.7404
70.4825
69.6119
70.7656
70.395
71.1671
70.18
70.6237
69.3747
69.8842
70.102
70.1808
69.9563
68.1908
68.6907
68.1942
68.9352
69.6791
69.4796
70.2726
69.4649
68.6606
69.3383
69.7207
68.9492
70.8881
70.0527
70.739
70.212
69.9825
70.0273
71.2825
70.7507
70.0778
70.8484
71.47
69.9926
69.4301
69.2857
69.8839
69.058
68.1639
69.0228
68.8764
68.7923
69.8604
71.0807
72.3366
71.5043
71.3346
70.8457
69.811
70.8018
69.3894
68.5922
69.3669
69.683
70.3909
69.4154
69.2612
68.8207
69.3949
70.1808
69.9076
70.056
69.4125
69.2935
69.9056
69.9485
69.745
69.0609
70.1226
70.8403
70.4125
69.7135
69.1222
69.2017
69.9665
69.7023
68.4909
68.6885
68.8516
68.5829
68.8958
68.0226
68.5001
68.6808
68.5476
69.1531
69.4597
69.3169
69.8551
70.1059
71.0318
69.6806
68.8114
69.2223
68.9479
69.9326
70.1931
69.9127
69.5338
69.1492
68.8262
68.9586
69.7749
70.0753
69.3805
69.8048
68.9632
67.7096
67.7154
68.5079
68.3559
68.8637
69.2005
69.1463
69.5057
69.4318
70.551
71.2061
70.344
70.1746
69.45
69.5405
69.0711
69.8161
68.985
69.7175
68.554
68.5107
68.9764
70.319
71.0235
71.3743
71.848
70.5262
70.24
70.4642
70.2147
70.8797
71.5196
70.8092
70.2735
70.8479
71.6339
71.1941
70.787
70.6635
69.5252
69.3948
68.5766
68.0549
69.1591
69.0556
68.7683
69.5389
70.4554
70.736
70.476
69.4302
69.9596
70.4917
70.6441
71.1181
71.1233
71.095
70.5142
71.5837
70.3864
71.2337
70.9897
71.7199
72.6927
72.1448
71.6493
72.5743
71.964
71.0575
70.4312
69.97
69.2173
68.7807
68.7531
69.2363
69.3231
70.9001
70.7326
69.7068
69.4615
70.2774
70.5708
70.8302
69.5406
69.7247
69.9474
69.3699
68.5952
69.0602
69.308
69.591
69.1669
70.0117
69.9523
68.8025
70.6171
70.4073
70.7411
70.469
69.9302
68.7709
69.8262
70.7429
71.0819
70.0189
70.2754
69.6331
70.6896
71.2924
70.8138
69.7851
70.0816
69.4225
69.4458
70.4523
69.5704
69.9974
70.5982
70.1451
70.7326
69.8743
69.6109
69.2017
70.4969
69.7638
69.5582
69.6835
69.534
70.3825
70.6286
70.4517
69.5651
70.5281
70.6208
70.4551
71.0453
71.1412
70.061
69.4578
68.9056
69.421
69.0234
69.9179
69.2745
69.1693
68.643
68.8
68.9212
69.0662
69.1608
68.4516
68.4052
69.0662
68.9972
68.7583
68.8493
69.0358
69.5795
68.9907
69.1615
70.1635
70.7646
70.4529
69.6274
69.743
70.4347
69.9181
70.8463
70.2281
70.2801
70.6294
69.8365
68.9137
68.7187
68.4398
69.137
69.3741
69.7488
69.2788
69.8183
69.9898
71.1188
70.1695
71.1649
69.798
68.8002
69.9076
70.5445
69.0135
68.8626
70.1662
69.6625
70.5252
71.0131
70.732
71.3224
71.2433
71.3571
71.0147
71.3942
71.0411
71.8887
70.792
70.462
70.0763
69.7034
70.5557
70.5992
71.5079
71.172
70.3781
70.1891
70.2482
69.9439
69.937
70.4625
69.9364
69.706
69.6426
69.4426
68.8598
69.9029
69.7858
69.6601
71.0712
71.0248
69.8842
70.3013
70.4118
70.8898
71.2902
71.8204
71.9088
71.1036
69.7526
68.9274
68.735
69.3348
68.0783
69.8396
69.5922
68.9827
69.52
70.9061
69.9402
70.2823
71.4618
70.7019
70.9747
71.159
71.743
72.8007
71.5975
70.8559
70.877
71.8362
71.2018
71.0272
71.2388
70.7253
70.2703
71.0504
70.4344
70.2057
69.5483
69.7629
69.6109
69.7021
69.7663
69.9238
69.2837
69.8349
68.7088
69.531
69.8419
69.8455
68.6062
69.1716
68.8272
69.052
68.837
68.943
68.8393
68.4279
68.4743
68.7924
69.1801
69.3633
69.996
70.5106
70.2583
71.3428
70.5271
70.5985
71.0395
70.3183
71.0703
70.4597
70.8565
70.5481
69.612
68.9248
69.0672
68.5406
69.0066
70.0057
71.2064
69.817
69.0763
68.8217
68.694
68.3358
69.8436
70.0305
70.4755
69.1562
70.0227
69.429
70.819
70.4564
70.5715
69.6466
69.4611
69.3183
68.5473
69.9138
69.9065
70.5425
71.7713
72.3766
71.7357
70.3782
70.5166
70.042
69.295
69.7165
70.487
71.1276
71.1727
71.0427
71.7697
70.217
69.1196
69.0032
69.1101
68.6358
68.68
68.921
69.6613
70.4419
70.2697
69.4742
68.9275
69.7071
69.4372
68.9997
69.7711
70.1831
70.2058
70.8463
71.1915
70.2705
69.5316
70.6684
69.5466
68.8684
68.7661
69.0198
68.7674
68.68
68.7272
70.1973
70.2295
70.8321
70.7085
70.0942
69.6538
68.6324
69.3111
70.0022
69.9678
69.8022
69.8405
69.1143
70.6594
70.3357
70.0844
69.7895
69.9765
69.7587
69.1258
70.7563
69.2473
69.1751
69.0839
68.7576
68.8249
69.5481
70.0756
71.021
71.6531
70.9544
70.4048
71.6706
71.5043
70.4678
70.5655
70.5949
71.3109
70.0862
69.604
69.0475
69.2026
69.3864
70.5825
70.0274
70.201
69.8466
69.5406
68.5081
68.4756
69.302
70.0973
70.1857
70.0312
69.5134
68.3157
69.3223
67.7866
68.4728
68.6773
69.5016
69.7586
69.5182
70.2244
71.6704
71.2225
70.5318
71.2404
71.0365
70.3691
69.3694
69.6827
68.9073
67.8528
68.5045
69.6721
70.7325
70.5114
71.9071
71.3607
70.6456
70.6766
70.5571
70.5563
69.6624
70.1816
70.1363
69.9224
69.1767
68.7248
69.0165
68.4319
68.3677
69.0046
69.6203
67.602
68.0653
69.2716
70.8751
71.1496
71.6519
71.6943
72.526
72.162
71.0668
70.2549
70.1207
69.134
68.7376
69.5067
69.4833
70.2749
69.9501
69.8096
68.6877
68.4914
69.1011
69.8883
69.3646
68.2553
69.2138
69.0752
69.4932
69.0938
68.795
69.5977
69.8572
69.5308
70.4722
70.2185
71.0967
71.1765
70.5818
70.3432
68.9952
69.2186
68.742
69.1573
68.9031
69.405
69.4447
69.1976
69.008
68.1828
67.4776
67.8329
69.3723
69.9385
69.4915
68.86
70.894
70.8947
70.4269
69.7347
69.598
69.0573
69.8773
69.0014
68.9351
69.3368
69.2696
69.3212
68.1926
67.3379
67.5612
68.5932
69.6969
69.0593
69.7405
69.1499
68.744
68.3086
69.6713
70.0595
68.6822
69.1579
69.3793
70.0331
69.2609
69.7313
70.2779
69.5296
69.4608
69.956
69.1339
68.7352
69.0286
68.9416
70.1408
70.0118
70.0594
70.1629
69.8356
69.6183
69.7705
69.9932
70.7755
71.5173
72.9154
71.8208
71.0934
69.916
69.4341
69.8297
69.3871
68.9833
69.8024
69.0312
69.0383
68.9437
68.5228
68.7281
69.3415
69.2726
70.5339
69.289
69.6144
70.9402
69.9939
69.1038
70.3064
69.9421
69.8128
68.3846
69.8012
70.7719
70.0641
70.4834
69.8863
71.0809
71.251
70.3511
70.5215
69.6038
69.8193
71.1077
71.6396
72.2162
70.7329
69.3137
70.8765
70.8923
70.8403
69.7485
68.6879
68.2759
68.8586
69.4789
70.3431
70.031
68.6114
67.6933
68.0362
66.7228
66.8564
67.5311
67.5695
68.1004
68.7779
68.832
68.7266
69.6899
68.9791
69.5063
70.2789
71.7054
71.3339
71.7276
72.2369
71.2412
71.8483
70.8931
70.5124
70.7535
71.1558
70.3203
71.023
70.0374
69.8866
69.4886
70.4179
71.0297
71.0622
70.9974
70.4033
71.3604
70.42
71.5391
70.4435
70.301
69.7148
71.2038
70.7612
70.3854
70.3945
70.2762
69.7065
69.7396
69.9295
70.2178
69.4634
70.6574
70.0875
70.3142
70.42
71.1027
71.498
72.0714
72.3003
70.8628
71.093
70.7646
70.7704
70.3362
70.2454
70.4499
70.0448
69.3293
70.4329
69.7325
69.8737
69.872
70.2928
70.2911
70.1344
69.6267
69.7625
69.0187
69.7809
68.5543
69.0059
69.4389
69.4614
70.0764
70.5374
70.6911
70.1275
69.1821
70.6779
70.5096
69.6328
69.5643
70.1478
69.2236
68.8529
69.0098
70.2259
69.8998
70.2641
69.2703
68.7401
69.3819
68.3935
68.7585
69.2583
69.225
69.2642
69.6261
68.9771
69.9024
69.5399
68.9407
69.2244
69.7485
70.1217
70.6432
70.7716
70.3396
70.2829
69.5095
69.5571
69.4251
70.4132
70.337
70.3821
71.698
72.5708
71.5235
71.6088
71.11
70.4015
69.5549
71.6409
70.4707
70.3062
69.9363
69.9688
69.6284
68.9714
69.8918
68.97
69.3282
69.6704
69.4253
70.4824
70.8529
70.8541
72.5817
71.6392
72.3469
71.9514
70.953
69.9003
68.4582
68.307
68.4779
68.7362
69.6076
69.782
69.5399
68.8806
68.6139
68.9702
69.364
69.2946
69.4184
69.0663
68.8636
70.2984
69.1747
70.1984
69.3951
69.7171
69.8186
69.6031
70.1389
70.4575
68.7073
69.4368
70.4666
70.1044
70.2908
69.512
69.0611
68.5689
67.6129
68.0595
68.7631
68.9872
68.8478
69.2795
68.2964
69.1305
69.0236
68.8202
68.6649
70.731
69.7421
68.682
69.1619
69.8281
69.6682
69.9035
70.4419
69.9558
70.0939
70.3698
69.5505
69.9101
69.5565
69.3806
69.0035
69.4599
70.2507
70.3846
70.4494
70.4926
71.0361
69.3702
68.8478
70.3191
69.6106
69.7328
69.4702
69.4149
69.402
69.2742
69.3757
70.0858
70.3848
68.7855
69.0204
69.5485
69.5276
68.8539
69.2647
69.5894
68.7588
69.1947
68.2138
68.1062
68.0705
69.0153
68.4383
68.5016
69.723
69.0195
68.6012
68.259
68.139
70.4644
69.9955
70.2546
69.5775
68.8531
68.649
69.3086
68.9151
68.7336
69.0078
69.745
69.9183
70.25
70.692
70.069
69.5053
69.9639
69.0743
70.363
69.3059
69.7689
69.982
71.0126
70.9337
69.7189
68.7765
68.3031
69.9184
70.2967
68.9372
69.2136
68.6109
69.5844
69.4062
69.7946
69.8731
70.0502
69.3541
69.6945
70.9749
71.3834
70.1058
68.8916
68.4742
69.6387
68.7961
69.7948
69.3903
69.3058
69.5673
69.1415
69.2496
68.9337
70.0385
70.1614
71.0057
70.8852
70.3838
70.3534
68.7723
68.8012
68.8957
69.7999
68.931
69.5442
70.5304
69.5776
70.1048
70.2452
69.9286
70.1711
70.7732
70.123
69.5423
70.4489
69.6072
69.0157
69.9018
69.8312
68.9754
70.2276
69.1732
68.9222
68.4834
68.4397
68.3852
68.2503
69.0096
69.454
69.0673
70.3746
70.7156
70.4548
70.1151
69.1509
69.7577
69.8649
69.4563
69.4967
68.5103
69.2808
69.5709
68.7895
69.6234
69.0062
68.6113
69.0575
70.0677
68.6215
70.0456
69.4699
69.2229
69.5524
69.6978
69.2651
70.8781
72.4804
73.0258
71.0323
69.9246
70.261
69.465
69.6578
69.2903
70.0411
70.1719
70.6885
71.053
71.8696
72.0541
71.2386
70.8439
70.7614
71.1737
71.0264
70.7055
69.1281
70.5392
69.0849
69.5023
69.1477
68.596
69.6874
69.0595
70.5249
70.9048
69.4404
69.4104
68.7165
69.3858
69.5367
68.2905
69.2572
70.3051
71.4991
71.6295
71.6022
70.0627
69.6625
69.6725
70.376
70.0348
69.7871
70.8831
70.7131
70.9966
70.9858
70.2501
70.901
70.3447
70.9139
70.2522
70.1228
70.4186
70.2628
68.8355
69.1693
68.9869
68.6737
69.3228
68.8606
70.2615
70.6656
70.5899
71.8833
71.5134
71.391
71.6774
69.905
70.4405
70.5858
70.0766
69.8229
68.0331
68.6828
70.9106
71.3322
71.3257
71.8199
70.3782
70.2714
69.4117
69.1754
69.5428
69.3586
70.4125
69.547
70.0242
69.3169
70.0175
71.7275
69.7713
69.3283
69.4549
69.7457
69.4271
68.4384
68.7423
69.3579
70.1591
71.5759
70.1407
68.9826
69.5661
69.3078
70.2278
71.1411
71.3808
70.7631
70.1439
68.5256
68.6707
69.5415
69.5381
70.6801
70.8051
71.55
71.2713
71.1274
70.4401
70.6365
71.8489
71.9855
70.6788
70.6868
71.5938
71.3749
70.5563
70.4748
70.611
70.5736
71.6211
71.0372
70.7792
70.3779
70.0593
70.1583
70.5512
70.3731
69.7095
69.8704
70.5977
70.3805
70.409
69.8229
70.0233
71.5821
71.3887
71.2728
70.5954
70.3178
70.9629
71.4128
71.6496
70.7879
70.8854
69.6262
69.2988
69.2537
70.0428
68.9535
67.7189
68.1657
68.4617
69.3773
70.3086
70.268
70.9389
70.6808
70.7293
69.8583
70.0228
69.8795
69.0843
69.2584
68.1581
68.9076
70.0927
70.8506
70.7817
70.732
70.7806
71.7463
70.2416
70.7067
70.1296
69.896
69.5498
69.8732
70.0493
70.135
70.153
69.925
71.0477
70.6189
69.8951
69.4124
67.7707
68.5363
67.7008
69.412
70.1095
70.3435
69.9832
70.5457
71.4755
70.1958
71.3492
71.6482
71.3687
69.4436
69.7915
69.1679
68.7525
70.1423
70.6906
70.4482
69.9619
69.0852
69.3831
68.6846
68.3803
68.5801
70.4121
69.8098
69.2891
69.6314
70.9525
70.9174
70.8932
71.7495
70.7643
70.5757
68.607
68.7277
69.2293
70.1648
70.2594
70.3319
70.1986
68.9956
69.9963
68.8116
69.5481
69.8013
69.4558
69.3557
69.4776
70.0574
69.3548
69.9958
69.5221
68.5232
68.6197
68.6551
68.7888
69.579
68.5342
68.6708
69.6366
69.541
69.91
70.7769
69.3323
69.4436
68.6221
69.0584
68.9911
69.3483
68.8936
69.2201
69.0204
70.4904
69.7391
68.7187
68.7629
69.2998
68.3531
67.8609
67.9705
67.7893
68.2123
69.2018
68.1743
68.0598
68.9241
69.8077
69.581
70.4572
70.9642
70.7452
70.5077
70.6255
69.2861
68.6728
68.0807
68.3263
68.7727
70.2095
70.2006
69.5553
69.9398
69.7427
69.66
69.9213
69.1167
68.5467
68.6045
68.8831
69.0379
69.3736
69.9966
70.5134
69.3006
68.3431
68.9366
69.6404
70.466
70.0265
69.4473
69.7051
70.6736
71.5776
70.3682
70.8187
69.3116
68.8372
67.3094
67.4057
68.9269
69.1662
68.51
68.2872
67.9112
68.7984
68.7525
68.4347
68.2298
68.3648
68.7957
68.8905
69.4977
70.3017
70.3289
70.0465
69.8279
69.7591
70.7985
69.7151
68.6265
68.1887
68.9755
69.368
69.0874
69.9357
68.8935
69.6598
70.8583
68.9718
69.2121
69.5591
70.1433
69.7986
68.9003
68.771
68.3752
69.8318
68.9186
70.435
69.9499
69.9551
70.1913
70.5548
71.0671
71.8446
71.2213
70.5225
70.2959
69.128
68.8916
69.0941
69.1398
69.4326
69.9694
70.3756
69.714
68.7045
69.6528
70.3269
69.4957
69.3767
69.5598
70.0706
69.1196
70.2921
69.9254
69.9611
68.1595
67.8735
68.5196
68.2199
69.2392
69.2908
68.7887
69.9773
69.8025
69.9947
70.4454
69.8685
68.2793
70.0007
69.3763
69.0656
70.8761
69.854
70.555
70.3727
70.1796
70.329
72.1677
73.1561
73.0342
72.3278
70.8899
71.224
71.6123
70.647
70.8044
70.7475
69.4076
70.199
69.7857
69.8676
69.8454
69.5166
70.1075
69.5657
70.9518
70.8458
70.6936
70.5049
69.8323
70.2506
70.7869
70.8598
70.0043
68.9833
68.7095
69.4029
69.1901
70.2357
70.3023
70.2819
69.4702
68.2465
67.769
68.4989
68.699
68.6134
68.5605
69.5231
69.6255
70.5382
70.739
71.6181
71.7155
70.1363
71.4208
70.5477
69.9399
71.0548
70.7482
70.6664
69.7115
70.3259
68.721
68.7208
69.7854
69.7287
70.135
70.9652
71.4636
71.179
71.0364
70.4402
69.5802
69.2606
70.2394
69.6952
69.2245
70.1021
69.6614
69.8937
70.3914
69.6181
69.4811
70.1068
69.9452
69.8579
69.7586
70.2235
69.9716
71.4211
70.5039
70.318
70.808
71.4971
69.9591
69.8667
69.5531
69.9108
69.3533
69.6704
69.4112
69.5337
69.3384
69.6946
70.4373
68.8797
68.8957
69.6266
68.8415
69.2561
69.7664
69.3984
70.2445
71.096
70.9354
70.2598
72.2701
71.4673
70.374
69.8562
69.7983
70.8065
70.4563
69.2265
68.6704
69.083
68.8636
70.0175
70.805
70.1872
70.1176
70.6637
69.9042
70.0858
69.1703
69.9246
69.1654
70.1865
71.2754
70.0003
69.8942
69.8327
70.2778
69.2791
68.9579
69.7834
70.9124
69.6165
68.8573
68.5282
67.8681
69.2131
68.1706
68.4104
69.8253
69.6452
69.7698
70.5956
71.0976
70.8751
71.6787
72.0234
70.7039
70.6276
68.8153
68.9428
69.7869
69.4212
69.8753
69.4207
69.7175
69.3826
69.3465
69.404
70.4289
69.7259
68.8521
70.0552
69.559
70.0821
69.7848
69.7713
69.6784
70.0971
70.8493
69.9693
70.0016
69.3701
69.438
70.7141
69.8996
69.2459
69.1642
69.2391
69.3428
69.5114
71.1635
71.2481
71.1042
70.6839
69.9088
69.4347
68.8046
69.1942
69.1709
69.3812
69.9171
69.8365
69.54
69.7746
69.7199
70.0561
70.3937
71.0909
71.3497
70.5266
70.2437
69.9896
70.2131
70.4907
70.2345
69.1237
68.8074
68.9274
68.5074
67.359
68.4946
69.2244
69.6744
69.6581
69.5004
69.98
69.673
69.3075
68.4454
68.404
68.8813
69.0445
69.0667
70.7841
70.5649
70.7498
70.2638
69.4551
69.7087
68.7683
68.894
69.2288
70.1501
70.0588
69.0107
68.6671
69.1604
70.3739
70.6046
69.5772
68.8111
67.964
68.203
67.4481
68.9066
70.1782
70.3075
69.5397
69.8052
69.9765
69.9059
68.6409
68.3101
69.273
68.6067
68.9319
68.8039
68.772
69.118
69.1173
69.2092
70.1308
69.3641
69.0053
69.8152
69.8678
69.9639
69.8291
69.4414
69.1877
68.1907
70.0488
69.2816
69.3053
68.9994
69.8873
69.2035
69.3529
69.8665
69.7154
70.0012
71.2804
71.7916
71.4917
70.6298
70.4157
69.76
68.87
70.1658
69.283
68.8398
69.6863
70.3178
70.098
69.8474
69.9142
70.3253
69.5167
68.9776
68.875
68.5941
68.7774
69.1996
68.8487
68.9873
68.8285
70.0164
69.8108
69.457
68.6201
69.5109
69.8949
69.7855
69.4829
69.8149
70.378
68.8659
69.3171
69.64
69.5812
69.7131
68.996
69.3669
69.7557
68.4386
68.8862
70.0041
69.4633
69.506
69.4249
69.6021
69.7475
68.7899
69.7009
70.9551
71.0085
71.8449
70.5338
69.6546
68.8178
69.4148
70.0591
70.1359
69.6288
70.6943
71.3315
71.4517
70.5927
71.3273
70.6073
69.5782
68.8243
69.2738
69.4578
70.2729
70.5206
70.2162
71.8218
72.0296
71.1127
70.0073
71.6745
70.3797
69.7112
70.1443
69.802
70.1711
70.2515
70.1873
69.9265
68.9243
68.892
68.2405
68.2436
70.1638
68.6298
68.8472
69.9478
69.9133
68.9162
70.1123
70.7173
71.5213
71.212
71.437
71.9302
70.4386
70.1662
68.4212
69.669
70.3089
69.5149
70.15
70.1321
69.3898
69.0146
68.07
68.9874
67.7857
67.6789
68.4295
68.0943
68.2552
69.7681
69.3019
70.5604
69.8507
70.1256
68.7092
68.5018
68.4514
69.0519
70.2056
70.2143
69.1487
69.8156
70.1352
70.3545
70.2577
69.9337
68.8511
69.1192
69.8177
69.0172
69.228
71.3103
68.7254
69.0337
69.9724
69.9234
69.2965
68.7533
69.0731
70.4131
70.5763
71.5318
70.6236
69.9706
69.925
69.4433
71.11
70.4432
70.2297
70.3598
70.7664
70.6994
70.497
69.4999
69.2298
68.8729
68.0967
68.4958
68.8819
69.1361
69.4682
70.3756
70.4411
70.31
70.9485
71.6965
71.0229
71.0533
70.9829
70.3589
69.6478
69.1842
68.3805
68.8511
68.8775
69.2032
70.4527
71.3257
70.2357
69.7294
69.7925
70.1394
69.3571
69.751
70.1933
69.1583
69.2756
69.467
69.9313
69.5765
71.1253
70.1584
71.0681
70.7401
70.3713
70.3093
70.0456
68.812
69.0262
69.0205
69.4729
68.6909
68.3359
68.8512
69.5934
69.3742
68.614
69.147
69.3886
69.809
69.813
69.5248
69.0955
69.0706
69.4054
69.8764
68.6408
68.7261
69.2703
70.1273
70.2146
70.0341
69.0132
69.0534
69.8365
69.6769
70.1323
71.4197
71.658
71.6281
70.1349
70.5456
69.4419
69.5345
70.207
70.0955
70.6867
69.6607
69.9897
70.9072
70.0891
70.8689
70.6923
68.3656
69.2739
70.0665
69.9825
69.1156
69.8571
69.5201
69.7044
69.6907
69.5558
69.5465
69.68
70.0083
70.4612
70.0507
68.771
68.9636
69.155
69.3801
69.3943
69.6838
68.7715
68.5527
68.3096
68.415
68.5539
69.7814
70.9609
71.3917
70.5118
69.9547
70.3956
71.8512
71.3507
71.697
72.5408
71.5839
70.5748
70.827
69.3163
68.3616
68.88
69.6
70.4452
69.9602
69.5148
69.6364
71.2792
71.0436
70.9412
70.3378
69.3196
70.7869
70.7225
69.8605
69.3861
70.4997
68.6525
68.7091
69.2687
68.6157
68.1008
68.676
69.0455
68.9231
69.0183
69.1741
70.1032
69.3717
70.4605
70.1698
69.8193
69.7099
70.2448
70.9151
71.9203
71.4069
71.4343
69.8699
70.6518
70.896
69.9301
69.3365
69.2761
69.628
69.1195
68.552
68.1288
67.9277
68.8611
69.7845
68.5745
69.9741
69.7332
68.4912
69.0066
68.6053
68.9933
68.4311
69.0439
70.3135
69.9426
70.4932
70.0697
70.835
71.3726
70.632
70.2953
69.3315
68.8388
69.7509
69.8915
68.6023
69.2115
69.3357
69.1896
69.2395
70.5199
69.975
68.3836
69.6444
69.3191
69.2791
68.8268
69.796
70.2459
70.9589
69.8722
69.8187
69.4437
71.6537
70.5135
69.8964
69.4282
70.1878
69.4344
69.1706
68.3898
68.0142
68.7012
67.7769
68.5347
68.4748
69.0321
69.3338
69.3668
69.5788
70.2284
69.3321
68.1055
67.8871
68.8012
68.046
68.3417
69.3662
69.9489
69.8324
68.9319
70.4877
69.8992
69.0797
68.8755
68.2675
70.0358
69.6965
69.4521
69.1938
69.9029
69.2861
70.8919
69.842
69.5135
70.0618
70.3939
71.7931
69.9067
70.245
69.2458
70.0608
69.397
68.6356
69.3807
69.6254
70.8386
70.073
69.4308
69.2228
69.9374
70.4559
70.078
69.6125
69.702
69.0038
68.9593
68.1764
68.1753
69.2975
70.1111
71.5089
71.3197
71.9401
70.9439
71.2518
71.0257
70.0033
70.5446
71.2298
70.8959
70.6181
70.3933
69.2319
69.5033
69.8836
68.9718
69.2691
69.4766
69.3718
69.0047
68.6699
69.4126
70.5215
71.4574
71.6979
71.1057
71.0512
70.6454
71.4589
70.425
69.7295
70.455
71.1341
71.2018
70.3575
69.1198
69.1413
67.8572
68.8789
69.6419
69.1795
70.4023
69.9477
70.4252
69.0356
68.6415
69.7923
70.2843
71.2102
71.1244
71.2582
70.8468
70.4084
69.8541
70.4883
70.6517
69.7262
69.5424
68.6661
69.0289
68.5556
67.9388
68.954
69.6121
68.7658
69.9255
70.2409
70.0204
70.2631
70.7564
70.364
69.8187
69.9825
70.5022
69.8235
70.1539
70.1317
71.1925
71.8915
71.5263
71.2003
70.5142
69.7452
69.8942
69.4476
70.1852
70.6015
68.9462
70.4129
71.1688
70.086
69.9548
71.1456
70.3491
69.3
69.2782
69.4951
69.9301
69.264
69.5159
70.0914
69.785
71.3841
72.1073
72.9162
72.2992
71.1356
71.8175
72.5893
70.8437
72.6301
71.3856
70.6308
70.8439
70.6159
70.1009
69.9726
69.6319
68.9717
69.6041
70.1318
70.75
70.8121
71.4201
72.5524
71.6578
70.0938
70.2503
69.9312
70.09
69.967
70.4898
70.257
69.3606
69.919
70.8863
71.16
69.2994
69.8927
69.0401
70.2626
70.2474
69.3779
69.293
69.5442
70.16
70.23
70.1606
70.6665
69.4217
69.9202
69.7019
69.64
69.7663
69.9408
69.6468
69.9733
69.0523
68.5773
68.9044
68.2174
68.7877
68.3085
69.1623
69.5654
69.7512
70.0833
70.9663
71.0149
70.2064
69.0541
69.6857
68.5893
68.7231
69.2056
69.3545
69.2622
69.5916
70.686
70.2328
69.401
69.8759
70.1456
70.3667
69.4147
68.5108
68.9629
70.161
70.1345
69.0207
68.9174
69.3845
69.941
70.2751
70.0504
70.1171
68.7008
69.2048
68.7001
71.1105
69.675
69.8637
71.679
70.4577
70.2072
69.6284
69.2297
68.9446
70.345
68.6719
68.5584
68.5841
69.2243
68.6057
68.8733
67.4777
68.7722
68.964
69.2102
69.8371
69.3756
69.1833
69.1452
69.3791
69.5558
70.1304
69.5138
70.7253
69.6914
69.5309
69.5459
69.2753
68.5502
68.2381
68.5938
68.6804
69.358
67.9855
68.5024
69.0844
69.2905
70.4408
70.4214
70.3371
69.7096
68.9226
69.304
69.0066
69.1103
69.5225
70.0531
69.9168
70.3596
69.9205
70.2547
69.7775
70.1448
69.496
70.4467
70.7786
69.996
70.0646
69.7659
69.8993
69.8378
69.1171
69.1749
70.4175
69.7424
70.7593
70.9068
70.8505
70.784
70.2272
68.7064
69.2413
69.7768
68.7724
69.9073
70.0823
70.7073
72.3046
71.6872
71.8835
71.4336
70.051
69.8969
69.6649
69.3281
69.446
69.8406
69.8179
70.0757
70.2323
70.701
70.1546
70.0267
69.9636
70.0587
69.1099
69.2873
68.9993
69.2825
68.5257
68.4463
68.0157
68.9287
69.8008
69.3034
68.9408
69.5188
69.6893
68.6776
68.8244
68.6448
70.2655
70.2858
70.7343
70.0633
69.9191
69.4394
69.458
69.1731
70.2722
70.694
69.2677
70.4193
69.5748
69.0483
68.1093
67.0741
68.0172
68.6208
69.2434
69.5337
69.2741
70.0493
69.995
70.7512
69.0935
68.6519
68.5591
69.212
69.6979
69.4765
68.8156
68.7883
68.8403
69.9332
69.4104
68.4997
68.643
68.8573
69.8488
70.1722
70.0033
68.9471
69.0618
69.4206
69.4619
68.9195
69.3586
69.2764
68.8173
69.4943
70.2151
69.3479
69.7175
68.8878
68.9838
69.8247
69.7925
69.6085
71.0933
71.1853
70.4862
72.1746
71.2614
70.1639
70.239
70.0233
69.2912
69.4497
70.0191
71.2329
70.7369
70.2476
69.0565
69.0096
68.5561
68.8472
69.4703
70.5409
69.6303
70.2033
70.5401
69.8429
69.5588
70.5636
71.4998
71.0754
70.9734
72.0415
71.4928
70.7474
71.3121
71.6686
72.0416
71.1097
70.6401
69.0879
70.166
69.2094
69.6367
69.1029
68.5237
68.7431
68.5695
69.7115
69.3956
69.6154
69.3901
69.9705
69.8973
69.8069
70.458
70.0766
70.0384
69.9324
69.3437
69.0451
69.3843
69.2737
68.8963
69.6438
71.1882
70.6104
69.5193
70.4749
69.7794
68.9488
68.5327
69.4472
69.0621
68.841
69.6448
69.8935
71.5669
69.8779
69.4669
69.1133
69.5464
69.0987
69.4976
70.3236
70.6392
71.0679
69.7261
70.6429
69.7326
69.4375
69.1592
69.4088
69.2892
69.5737
69.4643
69.8041
70.3441
69.55
70.6633
70.5486
70.0019
69.7311
70.1031
70.2238
69.9226
70.0997
69.4637
69.4796
69.7312
68.7555
68.7625
68.3898
69.2532
69.7922
69.1247
69.5559
71.1601
70.445
72.2696
70.553
70.4951
69.396
69.2948
70.2735
69.5142
69.8006
69.1943
69.5315
70.7939
69.9912
69.7784
69.4617
70.0542
70.5339
70.7266
70.4961
71.276
70.6271
69.4861
70.1521
70.0474
69.5674
68.4363
68.7001
69.3476
69.0427
69.8034
70.6998
70.7578
69.3403
69.2771
70.7059
71.1215
72.4305
70.3676
70.3896
69.0889
69.5609
69.1648
69.1762
68.9173
68.0971
69.1532
69.3186
69.2175
70.3331
70.6226
70.4482
69.0901
67.859
68.5957
68.41
68.9815
69.8597
69.4889
69.9228
68.423
68.5447
68.0222
68.5319
69.3254
68.4559
69.5928
68.1922
69.1121
69.3999
68.871
68.7375
68.3909
69.3
69.2949
70.3719
69.9159
68.9838
69.5488
69.7338
69.747
70.0368
70.1128
69.0646
69.4599
69.4854
70.0262
69.2997
68.4553
68.704
69.3405
69.6613
69.8439
69.1196
68.958
69.6552
69.558
68.7776
69.317
69.8688
69.7948
68.9354
68.3737
68.4088
68.5145
69.0007
70.1129
69.8488
70.1038
71.8985
71.6543
71.0551
71.1653
72.3502
71.516
70.8276
70.3308
71.6432
71.9385
71.2406
70.8232
70.1468
69.7221
70.5406
69.5146
70.2543
69.6474
69.5396
70.6465
70.9469
69.5227
68.9313
68.668
69.1028
68.9968
68.1488
68.9977
68.6951
70.1109
69.1938
69.5412
70.4222
69.8634
69.3776
69.3724
71.0164
71.6588
70.7691
70.0354
70.2631
70.4551
71.655
71.2124
70.8241
71.0598
71.099
70.5098
70.6385
70.3161
69.7273
69.7303
70.4722
69.2209
69.1139
69.9186
70.1744
69.0555
69.2774
68.3968
69.0858
69.0422
68.9142
69.2663
69.7261
69.3283
69.5846
68.7342
69.0798
69.2868
68.2159
68.5135
69.5067
69.9305
69.664
70.2976
70.4555
70.0873
69.8068
68.9525
68.6941
69.4721
69.262
69.7498
69.1117
69.5934
69.0237
69.1666
69.4655
69.9363
69.8623
69.4517
69.4237
68.4824
68.7649
70.5135
69.5303
70.7995
70.852
70.9876
70.8309
72.1726
72.0472
70.9978
69.8202
69.8574
70.7235
70.1346
69.6414
70.4877
70.198
70.0954
70.4179
69.6764
69.7443
71.0798
70.7018
70.3583
69.383
69.9627
69.2853
68.8493
69.2915
69.4692
69.8314
70.0677
70.6529
70.3741
70.283
71.0213
70.8385
69.4446
69.2381
68.9637
69.4522
69.1236
68.8642
69.0404
69.4086
70.0303
69.8984
68.768
68.7779
68.2352
69.5998
70.1414
68.8504
68.9441
70.3661
70.4365
70.9236
70.76
69.5123
69.3909
68.3119
69.5357
69.4871
68.9063
68.9285
69.9027
69.4088
70.5245
70.7303
69.9025
69.492
70.3008
69.9002
69.5276
69.7357
70.4826
69.5387
69.15
69.4208
69.3073
69.544
69.0548
69.6682
69.3404
69.4445
69.2046
69.1295
68.2135
68.4169
68.2096
68.1563
69.2803
68.2962
67.4913
68.4062
68.4541
67.3534
68.2452
67.5989
68.4645
69.6396
70.8982
71.1146
70.9126
69.3188
70.5162
69.9397
70.1031
69.5545
70.5415
72.0004
70.403
69.5906
70.8431
69.7428
69.8892
69.6312
69.6358
69.3805
69.4812
69.4295
69.4354
70.4947
70.2003
69.2006
69.5306
69.2864
68.8963
70.2758
69.8416
69.5354
69.1346
69.1525
69.0797
68.679
68.0789
68.1982
68.8203
68.1812
69.165
69.2218
69.7031
70.3241
71.1257
71.6212
71.1416
70.0797
70.082
70.5869
69.711
70.8943
71.1189
71.3345
69.8574
70.3581
69.5692
69.6591
69.6436
70.2443
69.7664
70.1931
69.0822
69.9526
70.2952
71.0919
71.1593
70.5474
71.0087
69.1318
69.1796
69.1846
69.254
69.6701
69.8956
69.6572
69.4882
69.0042
69.8942
70.1984
69.3247
69.8614
69.3686
68.9485
68.5124
68.7016
68.8587
69.7796
70.1684
68.8962
67.6307
67.0825
67.9647
68.8027
68.9418
69.9107
68.8904
69.0872
69.2428
70.0869
69.7968
70.0158
70.38
69.2317
69.8566
69.3733
69.9386
68.858
69.9306
70.2641
69.5895
69.4965
70.3143
69.5636
70.3167
70.1005
69.7641
70.3225
70.5821
70.9513
70.6356
70.687
70.2632
70.7948
70.06
69.8995
70.1192
69.7703
69.9992
69.4391
68.829
68.4851
68.2256
68.5324
68.3729
68.9582
68.8829
69.94
70.3792
70.2749
71.4607
71.1385
71.6516
71.5418
70.5243
70.5233
70.0511
69.3851
69.169
69.8837
69.8037
70.1081
70.2101
69.6752
69.1064
68.6209
68.5263
69.649
69.7527
69.646
69.1366
69.6482
69.6224
70.5952
71.053
70.296
70.0384
70.7946
70.0492
70.8872
70.9245
70.6755
69.8209
69.6581
69.5938
70.3996
69.9323
68.8698
69.4368
69.3493
69.0316
69.1838
69.8121
69.7105
69.1778
69.5957
69.618
69.5955
69.2991
69.1055
69.5392
69.5553
69.4538
68.3009
69.1898
69.8677
70.4727
69.5796
70.4049
71.7578
71.3644
70.3318
69.9029
69.3902
68.4658
69.1899
69.6215
69.9607
70.5222
71.2016
71.3723
71.0576
70.3209
70.3517
70.1197
70.8814
72.1004
71.3227
71.4343
71.8601
72.0167
71.2377
71.7296
70.6899
70.6421
70.1363
69.7892
69.5678
69.7058
70.1674
69.0859
68.3482
68.4814
69.571
69.8069
69.1095
68.5676
68.6517
68.7762
68.6152
70.0897
70.1
71.5968
71.4385
71.3605
70.1578
69.7267
70.4553
68.688
69.482
68.9943
69.0673
69.2278
69.8929
69.5245
69.4095
69.3011
69.4562
68.8116
69.6668
68.4946
69.3957
70.0323
71.4072
72.3277
72.0159
71.026
71.7376
71.0294
70.4443
70.3712
70.7454
69.8242
69.4784
69.73
70.0996
69.4435
70.1661
69.1148
69.0449
69.5138
70.1863
70.0791
70.6555
71.0629
70.329
69.434
68.5507
67.7958
68.4001
69.1667
69.6892
69.8361
69.7085
70.0744
69.8819
69.747
70.1372
71.0372
70.3947
71.3446
71.0347
70.6719
70.0629
70.1499
71.8447
71.5259
70.6526
70.937
71.0894
70.2642
70.4387
70.7747
71.0041
70.3012
69.0637
69.7336
69.4108
69.4965
68.8908
69.6442
69.7002
68.7851
68.1971
69.1706
69.0123
68.5111
68.9767
69.5866
69.3392
69.4588
69.3413
70.4513
70.2895
69.1961
68.6264
69.2186
69.8562
70.6637
71.6819
70.7491
70.2469
69.7309
68.8961
69.7173
68.0711
69.1191
70.059
69.3992
69.4716
68.8229
69.2494
69.428
68.9979
69.0574
69.0288
68.1169
69.2583
68.5793
69.2273
69.5302
69.5261
68.466
69.3888
69.5658
68.9938
70.143
69.8871
69.045
69.1053
68.1012
68.161
68.3735
68.401
68.9857
69.6831
69.8875
69.0268
69.6317
70.9781
71.4007
71.4876
71.2889
70.6962
70.1813
70.706
70.169
69.0963
69.2158
70.1292
69.2144
69.2678
69.1687
69.2419
69.4378
69.4722
69.5076
70.5731
70.0679
68.6366
68.3036
67.6845
68.5844
68.8477
68.663
68.4589
69.1335
68.6161
68.5911
68.4286
69.4567
69.1532
69.0716
69.5688
69.9704
70.1224
70.6948
70.1847
70.6046
69.5759
70.7999
70.6998
71.0014
71.2009
70.5308
68.8728
69.4573
70.4262
70.5549
70.7182
72.3752
72.2875
73.4643
72.0888
72.0281
71.785
71.2889
71.6037
71.7212
70.9496
71.5464
71.417
71.6733
71.3973
70.5452
70.5435
69.7767
69.5309
69.5802
69.0019
69.3255
69.5996
69.3442
69.068
68.2156
68.6668
68.9011
69.3365
68.5672
67.8861
68.2874
68.6858
68.4953
68.6048
68.5646
68.2666
68.3757
67.947
70.1631
69.5262
69.4203
68.885
69.8469
71.5144
71.3266
70.3788
69.2378
69.0504
69.6209
68.8953
69.674
69.3563
69.341
69.8087
68.6424
68.0697
67.6622
68.6632
69.2496
69.6906
70.552
70.6211
70.0971
68.7949
69.0964
68.6082
