476.691
460.41
446.188
433.731
424.448
416.165
406.94
397.092
387.529
380.839
375.714
371.035
367.209
363.318
356.176
350.747
344.643
339.506
334.841
330.989
327.618
323.637
319.192
315.264
312.612
309.734
306.99
303.739
303.43
301.343
299.689
295.768
293.139
289.917
286.975
283.446
280.914
277.598
273.269
270.286
265.898
262.257
259.567
256.598
253.627
251.67
250.03
247.541
244.84
241.876
240.723
238.663
239.337
238.505
237.134
234.967
231.676
227.803
223.212
221.026
217.498
215.908
214.575
213.889
213.905
213.451
214.457
213.982
212.848
210.632
207.298
204.968
204.034
202.85
201.718
199.256
197.328
196.492
195.939
194.621
192.717
191.61
189.368
189.176
188.547
186.528
183.897
182.118
181.531
180.814
178.957
178.144
177.913
175.38
173.696
172.595
171.013
171.387
169.956
168.922
167.477
167.294
167.552
165.571
166.819
167.038
165.179
163.661
160.369
158.775
157.833
157.614
157.721
157.491
157.412
156.288
154.246
152.605
152.346
151.844
150.006
148.838
147.909
147.019
145.904
146.623
146.486
146.079
143.986
142.329
142.408
142.307
143.723
141.111
139.354
138.463
138.454
136.722
136.678
135.37
134.275
134.479
134.638
132.626
132.928
133.481
132.334
131.193
130.674
130.116
128.572
128.017
127.309
127.333
125.968
126.162
124.987
123.986
122.919
122.778
122.094
121.012
120.704
119.565
118.967
119.79
118.41
117.266
116.795
116.225
114.752
115.085
116.784
115.112
115.796
115.993
115.581
114.793
114.826
114.664
113.013
112.591
112.762
112.358
112.056
111.351
110.936
110.656
111.113
110.842
110.784
110.159
110.188
111.379
111.025
111.252
110.387
110.652
109.879
109.293
106.923
106.889
106.47
107.059
106.742
106.377
106.911
106.893
104.988
106.086
105.512
103.892
102.422
102.9
102.225
102.549
101.705
101.588
101.449
101.672
100.216
101.388
100.736
100.058
100.7
100.894
100.495
100.767
100.601
98.9273
99.4631
99.6314
97.6865
99.1374
98.6327
98.342
97.7585
97.1188
96.926
96.8947
96.732
96.4048
96.6303
96.5476
95.9741
95.1858
94.9709
96.071
95.1163
95.1692
95.6754
95.0006
94.6193
95.2729
94.8559
94.7634
96.3028
95.4878
95.168
96.6094
94.9873
96.1502
97.1186
97.8953
98.2921
97.6816
97.2769
95.6099
94.4277
94.5988
93.4458
93.0296
92.8695
93.24
93.2896
93.3479
93.016
93.7259
95.1116
95.0161
95.1341
94.331
94.625
94.289
93.7522
93.859
93.363
94.0774
92.8724
91.8808
92.7787
92.1494
92.4261
93.2481
92.5411
91.9028
91.0614
91.9587
91.2805
90.9579
91.1134
91.4817
91.3403
90.0955
90.2701
90.4309
90.4107
91.867
91.6075
90.541
90.7677
92.4455
93.3005
94.4466
96.0565
95.0484
94.3951
92.5747
92.7863
93.7066
93.6942
92.8135
92.4055
90.329
90.0205
90.365
89.5677
89.2101
89.8274
90.0271
89.0066
89.8114
89.0832
89.2614
88.6348
88.5588
88.8061
88.9144
88.4927
89.2157
88.5141
89.0032
88.6073
89.0526
88.2348
88.0452
88.3014
88.4298
89.3918
88.4433
87.7345
88.7798
88.9208
87.6903
87.8479
87.2049
87.3222
87.1569
86.6374
87.4694
87.369
87.9201
87.444
86.939
88.0866
88.5782
88.4063
88.528
88.6764
89.4063
88.5747
87.1187
86.4729
86.8909
85.0311
86.0491
86.7218
87.183
87.1177
86.9361
86.4015
85.789
85.1436
86.1042
85.2936
86.9119
86.4325
86.22
85.711
87.3308
86.9497
86.8177
87.3419
87.1561
87.1651
87.0351
85.0659
85.2058
83.8123
83.6763
85.595
85.4986
86.3494
84.6249
84.7842
84.8669
84.9242
84.6302
84.3897
84.5515
84.11
84.8259
83.4381
83.8643
84.3907
84.8206
84.4297
83.964
83.362
84.3252
82.8495
82.8237
84.5171
85.3402
84.5165
83.994
83.6802
85.7759
87.0713
85.0906
84.6101
83.3745
85.0106
84.3308
84.1274
84.9441
86.4578
85.4709
84.701
86.0011
86.0588
85.2896
85.2284
84.4859
83.8088
83.4551
83.6676
84.2212
84.5876
85.3188
83.9505
83.9212
82.8792
81.788
82.3322
81.4368
80.7488
81.3528
81.5051
81.5677
80.7864
81.3642
80.7568
81.4589
82.0576
83.1999
84.2754
84.1055
85.4048
86.5618
87.8303
88.3993
88.1623
89.6968
90.9235
89.8127
89.3296
87.8556
86.7374
84.7367
83.5855
81.2439
81.9549
82.647
82.8176
83.3679
82.6385
80.9332
82.4729
82.0831
81.6778
82.0209
81.5931
81.3748
80.9203
80.1721
80.6822
81.2618
80.4877
80.2468
79.9151
79.5031
79.8328
79.8336
80.5555
80.0982
79.229
78.9916
78.4987
78.7222
79.9793
80.0605
80.9381
80.4792
79.2278
78.7589
77.5911
77.7315
76.9763
76.6331
76.1207
76.0723
76.6335
77.5059
76.8145
77.4324
77.1687
78.0226
78.8986
78.927
76.6762
76.8141
76.0676
76.4076
76.4257
75.3587
75.4391
76.9419
76.8621
76.3396
76.664
77.1402
77.8143
76.7444
78.2231
78.459
77.723
76.7318
76.4815
76.4397
77.581
78.244
76.9261
77.1252
76.5584
76.2842
76.8797
76.1789
75.7844
76.8051
76.5769
76.6885
76.5964
77.5594
77.8718
76.97
77.6559
76.8526
75.9625
76.4821
75.6473
76.3541
76.0546
77.389
76.3438
77.1727
77.9317
78.6132
78.2049
77.6772
77.9896
77.5021
76.7387
76.9773
77.6271
76.6926
76.9252
77.365
77.0396
78.0635
77.1993
77.0352
76.9878
76.0174
76.5435
75.8703
75.6179
76.541
76.5321
75.8534
76.299
77.3479
77.5782
77.8734
78.0626
78.6322
79.0271
78.3495
77.8893
77.141
77.9726
77.3731
78.0284
78.605
77.0293
77.2652
76.1509
76.6188
75.7467
77.6997
77.8505
77.3032
76.6818
76.9006
75.8756
77.146
75.982
75.8805
75.6708
75.8361
75.583
76.3919
76.2552
76.3021
75.6833
75.3331
75.6951
74.6763
75.9726
76.5401
76.614
76.316
76.6205
75.6469
75.2473
75.189
75.8326
76.0934
75.6052
75.9447
76.2394
75.4552
75.4231
76.2396
75.4583
76.1393
75.4771
75.941
75.6056
75.1837
74.8888
74.0424
74.6141
74.3001
75.0289
74.8592
74.8481
75.6267
76.9285
76.9063
75.3581
75.0607
75.5505
76.4534
76.7022
76.1175
76.8777
76.5504
76.9315
77.0672
76.9012
77.2359
77.2782
76.5246
76.3359
76.9714
76.1278
76.7159
75.5486
75.5223
77.0355
77.1858
76.6793
77.5873
77.7494
76.9179
76.5323
76.7496
75.9473
77.4978
76.3346
76.4067
76.1925
75.0368
75.422
75.518
74.9517
74.7673
74.7259
75.0364
75.0625
76.3703
75.4177
75.0267
74.9518
75.0437
75.9866
77.6221
76.614
76.6076
76.8999
77.0832
76.9183
77.21
75.6606
76.4287
75.3218
74.6261
74.9437
74.033
75.1485
75.5781
75.5907
76.6123
76.0992
75.6232
74.1413
74.293
74.0093
73.7587
73.7206
73.8614
74.4092
74.9966
75.7274
75.5569
74.8176
75.701
75.1443
74.9079
74.693
75.4208
74.767
75.4015
75.0402
74.8801
75.5276
75.1506
74.275
75.2845
75.7181
75.1044
75.7946
76.7672
76.7687
75.6707
74.9959
74.537
74.7463
75.0096
74.9569
75.6036
76.3749
76.2252
76.118
77.5646
76.5028
75.2048
74.9305
74.9422
74.8173
75.0192
74.9233
75.5486
75.3765
74.8036
74.8985
74.941
75.3703
74.4075
75.4231
75.6729
75.271
74.3706
75.8154
75.3494
74.6902
75.0068
75.7969
75.3753
76.0905
75.9825
75.8645
76.0764
76.9815
75.1107
74.5014
75.2544
75.0648
75.1097
74.8123
74.5576
73.1295
72.9736
72.6308
72.7795
74.4903
74.5899
74.2242
74.8203
74.1835
73.4068
74.6457
74.9489
74.8176
74.2472
73.9858
73.0699
74.1416
74.8332
74.9064
74.9914
75.0855
75.5474
75.9783
74.9535
74.1122
74.6926
75.255
75.2728
74.6759
75.2089
74.869
76.23
76.0031
76.4924
76.014
76.2612
76.4576
74.6077
74.6469
74.5611
76.2129
76.4173
75.3624
73.7484
74.6173
74.0776
75.5944
75.2928
73.7641
74.0065
74.2715
74.7509
75.2713
75.3498
75.0796
75.4004
74.6466
72.9166
72.4372
73.1034
73.9113
74.2387
75.7975
75.4087
74.5626
75.986
76.6943
76.1673
75.5641
74.9779
73.7594
73.5459
72.5583
71.9043
73.1342
72.4675
73.0207
73.0757
73.1941
73.2968
73.7972
73.7098
73.6013
74.261
74.8828
74.658
74.0469
74.1738
73.4702
74.5702
74.3455
75.8638
75.3528
75.8855
74.4155
73.892
74.5113
74.0748
72.7843
73.1931
73.5496
73.4329
73.8874
74.7033
73.6134
73.2444
73.1731
74.3669
73.977
74.2828
74.7749
74.9092
74.629
74.17
73.8589
73.3854
73.8845
74.3775
74.2044
75.0424
74.1096
73.4643
73.4716
74.124
73.8079
75.0352
75.1174
74.0481
74.6879
73.8832
73.3696
74.1943
73.7364
74.1718
74.5546
74.0844
73.7661
72.9267
72.746
72.8768
72.2652
72.516
72.8155
72.1059
72.5005
73.3679
72.8297
73.7338
74.2632
74.1444
74.9221
74.7837
73.9524
75.1288
75.3164
75.3929
74.2937
74.6552
74.4574
74.2733
74.161
73.2133
74.0221
74.1971
74.1141
73.9173
73.3193
73.0927
74.1917
74.4645
74.8394
75.3613
74.443
75.274
75.566
74.9324
75.5595
75.3121
74.3715
73.1775
73.5654
74.8909
74.8017
74.138
74.4374
74.4112
75.8377
75.2863
74.0509
73.7363
73.8953
73.9446
74.4113
73.993
74.247
75.129
74.637
74.6436
73.9953
73.7007
73.1407
72.7602
72.9755
74.2427
73.818
73.2622
73.1946
72.5554
73.0424
73.7424
73.5102
73.8722
74.1083
74.6098
75.0091
75.1324
75.3505
75.7376
75.7723
74.6624
74.5073
73.9449
73.8868
74.6676
75.3978
74.9029
74.5738
74.1486
74.5604
74.0066
74.3481
74.9525
75.1844
73.4321
73.7953
73.9064
74.3978
74.0326
74.9216
75.5315
76.2863
76.1126
76.0651
75.0143
75.0104
74.3375
75.0446
74.2764
74.8159
74.745
74.2356
74.1861
73.2323
72.3437
72.4002
72.7728
73.4965
72.5982
73.2275
74.1101
73.6681
73.774
74.0599
74.5423
74.128
72.9858
73.8114
74.1912
74.4627
74.9551
75.536
76.6282
76.9976
76.1852
75.5042
73.6114
73.6917
73.4657
73.8649
74.1542
73.97
74.0715
74.1289
75.032
74.8815
74.9586
74.7914
74.3171
74.5319
73.8719
73.8196
74.0596
74.7045
75.4638
74.8138
74.5438
75.2406
74.4319
74.5454
74.8852
74.9299
75.116
75.2018
74.6781
73.44
73.1961
72.8432
73.3647
73.7931
73.3635
73.3776
72.5078
72.2411
72.4024
72.252
71.805
73.0265
73.1103
73.7324
73.016
73.3825
74.5441
72.9258
72.6238
73.2603
72.5729
73.0023
73.1136
73.379
73.702
74.8027
74.38
75.0692
74.2263
73.4423
72.995
74.5614
73.619
73.5672
73.1037
73.0945
72.8916
73.1392
72.5675
73.1247
72.1122
72.6683
73.0297
73.3895
73.4365
73.2614
72.9848
72.2148
72.6421
73.3431
74.12
73.1976
73.0817
73.6965
73.237
72.5229
72.9059
74.1531
74.0161
73.7832
74.3298
73.9631
73.002
73.6604
72.8782
72.2892
72.1693
72.6653
71.9771
72.2246
72.7738
72.1077
71.9536
73.2048
72.4071
72.6795
72.7118
73.021
71.906
71.8071
72.089
71.5421
71.6107
71.0464
71.2386
72.5087
72.6157
72.2665
73.1731
73.231
73.465
72.1474
72.5932
72.6717
73.7219
73.2033
73.0503
73.9518
74.5182
74.1962
72.8479
72.4777
73.6187
72.9898
72.4941
72.6201
71.9736
71.7068
71.414
71.2203
70.967
71.5622
71.3367
72.4332
72.7072
73.2132
73.4552
73.142
72.7147
72.7395
71.897
71.3933
71.3762
72.2604
71.8077
71.5141
71.7379
72.1816
72.1959
71.5322
71.6684
72.0233
72.0776
72.1361
73.0198
73.1232
72.7872
72.3117
71.8171
72.3707
73.1987
72.6845
72.1906
72.2533
73.5391
73.2991
73.6785
73.1359
73.9671
72.778
73.1825
73.0204
73.8516
74.0043
74.2045
74.1258
72.8485
72.4715
72.9581
71.7229
72.2206
72.1522
73.9713
73.0892
72.7765
73.2295
72.1811
71.7027
71.6191
71.3896
71.5249
70.5517
70.4962
71.5959
71.4289
71.6354
71.6736
71.9849
72.5812
72.6553
73.1472
73.7454
72.3672
72.4129
71.7704
71.2053
72.2725
71.8449
72.5938
73.1105
72.9994
72.3519
72.7859
72.1578
72.3667
72.9427
72.6978
72.7563
71.9315
72.507
72.6431
72.1442
73.3062
73.1459
72.1591
71.1226
72.5094
73.4238
73.1046
72.6938
72.8933
72.6915
71.8827
71.1272
72.2266
71.7099
71.6696
71.0314
71.8631
71.3505
71.6493
72.0925
72.3352
72.2101
72.6207
73.586
72.3449
72.9045
72.8589
72.4916
72.5967
73.0123
73.4244
74.4404
72.9151
73.2611
73.5751
74.6347
72.7922
73.153
72.8124
72.7507
71.7155
72.6024
72.8999
72.6496
73.687
72.9243
71.5731
71.8393
71.7435
69.9238
71.9385
71.8358
71.7683
71.1562
71.7543
71.1499
71.1978
71.7631
71.3094
71.3844
72.8527
72.2218
73.4651
73.4925
72.5649
71.8688
71.0355
71.294
70.8583
71.5602
71.1337
71.2332
71.581
71.5244
71.8907
71.1138
71.4233
72.4046
71.6682
72.3023
71.1124
70.5797
72.0551
73.822
72.6995
72.9256
74.435
75.0395
74.2747
73.3703
73.2998
72.656
74.2995
73.2526
72.1883
71.7351
72.2993
72.6632
73.9189
73.2146
72.1349
73.1455
71.5185
73.3829
72.3168
72.5141
72.47
72.8125
73.4068
72.9749
73.0453
73.8506
74.4852
73.5796
73.4043
72.7287
72.4231
72.6679
73.1653
73.5059
73.463
72.8448
73.3138
72.6406
71.7917
72.0188
70.3128
70.2176
72.1492
72.4322
73.2959
72.9124
73.3461
74.2772
73.0048
73.8366
74.3024
73.9065
73.3973
73.5736
73.0127
71.8993
72.5986
71.3276
71.6751
71.7907
72.3496
71.5856
72.6787
73.8339
73.365
73.2588
72.7199
72.2539
72.2333
71.7877
71.4189
72.255
72.6224
72.5053
72.2844
72.5737
73.0814
72.5473
73.2443
72.6608
73.2035
73.5563
74.2507
74.0867
73.2172
73.0109
74.0937
73.1968
73.6014
72.1171
72.5406
72.8822
72.036
73.2563
73.2294
72.883
73.7255
72.8762
72.2688
73.5127
72.9379
72.2982
72.714
73.8936
73.6415
73.8713
73.3468
72.7168
72.7636
72.0164
72.3731
73.3275
71.603
72.4023
71.6955
70.4675
71.4074
72.6685
71.7499
72.3731
72.1651
73.2588
73.263
73.1476
72.5464
72.8294
73.4532
72.6912
72.4148
73.0041
72.8843
72.1328
71.2913
70.92
70.7179
70.4462
69.4482
70.4425
71.1155
71.3523
71.6441
71.9982
73.0861
73.4444
72.6091
72.77
72.2541
72.1259
73.6272
73.8497
73.883
73.3414
71.8306
72.0339
71.5622
72.1522
71.5273
72.8167
72.7984
72.656
73.844
72.7785
73.4098
72.8941
71.4634
71.2784
72.137
71.8342
72.9228
72.604
73.4254
72.7584
70.959
71.6091
73.0634
72.8773
73.4143
71.6413
72.4495
72.576
71.9476
73.1657
73.5286
72.6525
72.4414
72.8205
73.3693
73.2835
72.8813
73.6822
73.7545
73.9778
74.0897
73.0465
72.1906
72.6574
73.3146
73.4715
72.0751
72.2144
72.9722
71.7793
71.0145
73.0847
73.5735
72.7974
73.6702
73.5288
73.278
72.3994
73.5745
73.462
73.8062
73.8512
73.6881
72.9789
72.578
72.5719
73.2431
74.0121
73.8926
73.3348
73.5215
72.7366
73.0824
72.1158
71.7142
72.7827
72.2853
72.0355
71.1342
70.4491
70.3171
70.5821
71.2291
71.085
71.5906
72.217
72.2697
72.246
72.2796
72.739
72.0519
72.3407
72.6046
71.4763
71.7213
72.1633
71.9819
72.5287
72.1693
71.168
70.9251
71.1733
71.0177
70.5032
70.562
70.3674
70.1529
71.5555
71.7217
72.6063
72.2656
73.308
74.5805
74.0232
74.8971
74.3145
73.9649
74.3044
75.0646
75.3288
75.3318
74.8801
73.4253
71.7267
71.7608
71.5149
70.0267
70.1037
70.9072
71.2818
71.0803
70.9729
70.544
70.8549
71.2041
71.706
71.0911
72.6455
72.6155
71.7933
71.2606
72.203
72.0193
71.7719
71.4367
71.102
72.3553
72.1404
71.5981
73.0102
71.8598
72.7468
72.4794
73.1155
72.4008
74.0119
73.5914
72.5545
72.5064
72.3287
72.3663
73.6418
73.5265
73.3953
73.8887
73.6293
72.2784
73.7154
74.6365
74.3534
74.0111
72.3369
72.2052
73.1416
74.2405
73.4762
73.6867
73.1129
71.8847
72.4452
71.1861
72.1948
72.4792
71.7716
72.7795
72.893
72.4456
73.0073
72.9782
72.7161
72.149
73.1191
73.1798
73.7634
73.6168
73.0036
72.8729
73.0041
72.0522
72.2167
72.295
72.044
72.8076
72.5826
72.4848
72.0813
72.3269
72.061
72.2407
72.641
71.45
71.3579
71.46
71.7224
71.1022
71.7913
71.2455
71.9582
71.5669
71.0544
70.8786
71.8523
71.4191
72.2007
73.1386
73.0684
73.2299
72.3391
72.1661
72.1826
73.4435
73.267
72.6207
72.1131
71.6642
72.1175
72.923
72.4262
72.3861
72.2866
72.1977
71.581
71.4784
71.7523
71.1249
72.7763
71.7178
71.8181
71.6592
72.9949
72.5152
72.8824
72.8621
72.6415
73.0387
73.4522
72.2912
71.7222
71.6069
71.6951
71.7022
71.885
71.6007
71.8738
72.7495
72.4039
72.1982
72.9707
72.6989
72.6385
71.7898
71.9352
72.9019
73.5303
73.4239
73.0968
73.8657
72.8205
73.1379
73.5787
73.6454
74.1754
74.0532
72.2811
72.221
72.222
72.5879
72.2479
72.0437
72.6444
72.148
73.5617
73.2523
73.0744
73.2001
72.7437
73.1543
72.9334
71.0657
70.5643
69.9302
70.5528
70.9764
71.486
70.5458
71.2608
71.3318
72.3594
71.4107
72.7768
72.8909
73.8121
73.058
71.9419
72.0252
72.2774
71.2373
71.7998
71.2813
72.0751
72.0077
72.2264
71.7242
72.7029
72.7984
72.1859
71.6202
72.2429
71.9517
72.2092
71.603
72.6424
72.8142
73.2703
72.8824
72.9328
72.8944
72.5993
71.8245
72.3737
71.4856
72.2633
72.1884
72.2174
71.9699
71.1784
71.0019
71.1263
70.7656
70.8204
70.9957
71.7919
72.4861
72.9606
71.6972
71.6704
71.4749
72.3999
72.8181
71.7074
71.2228
71.1325
70.8387
71.6268
71.0962
71.9548
71.936
71.6472
72.533
71.8972
72.3413
71.9519
71.6512
71.9115
72.1782
71.56
71.948
71.3216
71.6027
72.0017
71.2374
70.8473
71.7794
72.7544
72.3502
72.2109
71.8887
72.2597
71.977
72.3413
71.5202
70.7297
71.2937
72.1313
72.5967
72.7096
72.8147
72.5116
71.1031
71.5753
71.6498
71.2041
71.178
71.372
71.8751
71.1093
71.259
71.2551
71.8375
71.5789
72.357
72.7317
71.8739
71.4591
72.2612
72.2785
72.3213
71.9907
71.7773
72.3385
72.9543
72.9147
72.6846
72.5588
72.2567
71.4191
70.8826
71.7243
72.0321
71.6799
70.9103
71.399
70.963
71.8456
72.5356
72.1498
72.458
72.5793
72.0418
72.5103
72.3328
72.7446
73.103
72.382
73.6741
74.892
74.1999
73.7027
73.017
72.0364
72.8652
72.909
71.686
71.4507
71.1049
71.2252
71.7453
72.1228
71.0885
71.0015
70.3866
70.3499
70.7855
71.7548
71.0766
71.9605
71.0896
69.7885
70.0711
69.7519
71.1012
70.4837
70.9523
71.1554
71.0334
71.1968
70.8827
71.3603
72.3708
70.861
70.1152
70.6837
70.9254
70.4487
70.538
70.3739
69.8932
70.4733
70.8444
69.9155
70.3105
70.6548
70.6016
71.0416
70.6284
69.9048
70.6787
71.2729
70.6876
72.1152
72.0478
71.0258
71.3625
70.7524
70.9596
71.2573
70.7515
70.7952
71.4777
72.3164
72.5267
72.8973
72.9869
73.2142
71.0699
70.9798
71.7529
72.1004
72.3269
72.64
72.0883
70.9454
70.7177
71.5655
71.0676
70.7916
71.8923
70.7856
71.9197
71.946
71.5574
70.7876
71.7627
71.5388
71.3377
70.8157
71.0481
71.3896
71.9889
72.5085
71.616
71.2993
71.9911
71.7832
71.7275
70.7437
70.54
70.835
71.3631
71.903
72.1992
72.5047
72.029
71.6344
71.7873
71.7418
70.5445
71.0733
71.1644
72.4237
72.1967
71.5336
71.5879
70.8077
71.3609
70.5764
71.5342
70.6486
70.6666
71.827
70.4507
71.603
71.2617
70.3904
71.7675
71.6651
71.1739
71.5985
70.5527
71.0051
70.9423
73.2828
72.5329
73.6645
73.6312
73.5353
72.6934
72.9664
72.4449
71.8126
70.7036
70.1062
69.4576
70.2672
70.111
69.9061
70.1486
70.3755
70.6973
71.7084
71.6093
70.6373
70.0619
70.1165
71.0511
71.6168
70.6623
71.7344
71.4028
71.0434
71.8229
71.6969
71.3364
72.3292
71.6168
71.4115
71.2642
71.6526
70.8159
70.9306
71.6521
70.7054
70.3276
70.8902
69.7092
69.5551
70.545
70.5428
71.8558
71.7806
71.6678
71.4619
71.8338
71.3652
72.1198
73.8278
72.1028
72.6766
72.8514
72.3305
72.0579
71.08
70.9064
71.0663
72.4079
72.2764
72.7434
71.707
71.7551
72.5633
71.0155
70.7475
70.1134
70.2461
69.848
70.0818
70.2732
70.7652
70.5219
71.323
72.4078
70.9586
72.1132
72.2699
71.2095
71.2587
69.9726
70.1386
69.9688
70.7319
71.8278
71.7016
70.9727
70.9465
71.117
70.0849
70.7276
70.6691
71.5607
72.0531
71.8194
71.5769
71.1995
70.5831
69.5691
70.4996
71.9732
71.574
71.1998
70.3541
69.9021
69.7873
69.3716
69.6605
69.8885
70.4512
70.8972
70.0496
70.3354
71.0202
71.5195
72.7048
73.2396
70.8472
69.8913
70.0111
71.2167
72.0086
72.4506
71.7151
71.2843
70.5252
70.5706
70.9418
70.7867
70.9919
70.1653
70.7164
70.2595
69.8052
70.7593
70.9584
72.3025
71.5913
72.5752
73.1646
72.8056
72.0638
71.1533
72.5858
73.4557
72.8754
72.6019
71.5415
71.1575
70.8501
69.8985
70.2336
71.4017
71.1187
71.0529
71.2133
70.8015
71.1052
72.4003
71.5086
71.6592
71.2294
71.4638
72.2711
71.9153
71.8444
71.5084
71.1068
70.0507
70.0895
70.462
71.1883
71.1859
70.2189
71.13
70.7876
70.8701
71.1327
70.8116
71.132
71.2067
71.1579
72.2637
72.2618
72.3971
71.9764
71.5497
71.1982
71.1357
71.6131
72.1286
71.9857
71.777
72.3316
72.473
74.9255
73.7054
73.5648
71.9974
71.8963
72.2112
73.2482
71.7274
71.4923
71.5594
72.8755
72.5663
72.2272
72.8213
71.345
71.2711
70.4031
70.7365
72.0685
72.3485
73.0699
72.4133
72.078
72.0404
72.0078
71.2232
71.1625
71.4374
71.33
71.8309
71.1294
71.8964
71.9656
72.143
71.8323
71.9745
71.9993
73.2164
73.5605
73.1764
73.907
73.7372
73.4944
72.5845
72.2937
72.1167
72.834
71.2118
70.0509
71.2889
71.2814
71.0088
71.4027
71.7124
71.2047
71.4401
71.9916
70.555
71.2732
70.6817
71.076
71.2461
71.3582
71.8678
71.0617
70.7064
69.5311
70.2751
70.0217
70.4324
71.2946
72.2555
72.4078
73.3166
73.4884
73.3401
71.8627
71.9693
71.5474
72.515
73.2233
72.8191
71.8751
71.3317
71.5148
71.8639
71.7887
72.7466
72.4916
71.3927
71.0039
72.1318
71.8052
71.5026
70.3071
70.899
71.092
70.9869
71.2893
71.375
71.3324
72.2641
72.4165
71.5568
70.9167
70.9102
70.7057
70.8618
70.9752
71.4097
72.0841
72.8424
71.3969
71.7102
70.7807
70.952
70.2916
70.2235
70.0139
70.1018
70.0244
70.341
70.3011
71.4561
70.672
71.0712
71.2856
70.8906
70.7495
70.7312
70.4278
71.4183
71.2538
70.4807
69.6608
71.0474
71.2151
72.4995
72.5516
71.2296
71.4351
71.5105
72.9688
72.3066
72.5996
72.5236
71.5783
71.6538
71.9182
72.9994
74.1885
73.3541
73.0934
72.3017
73.0024
71.3897
71.0429
71.3918
71.3005
72.1557
71.7687
70.97
70.9915
70.9966
71.7324
71.1678
72.2853
71.6752
72.1424
71.9458
71.6993
71.8456
71.9902
72.0405
71.8972
72.2668
73.1568
72.1738
71.1011
71.3421
70.6647
71.336
71.4024
71.4087
70.6893
69.9645
70.9805
69.9316
70.1201
70.2898
70.6046
71.2295
70.8565
70.8338
70.969
70.6297
70.6716
69.6929
69.7455
70.8019
71.2952
71.6309
71.195
70.9536
70.9985
72.0016
70.7181
71.6395
71.1265
71.5322
71.2601
72.4454
72.6764
73.0846
71.8313
71.2031
72.2438
72.4262
72.5424
71.3511
71.8798
73.4133
72.7126
73.6175
71.9875
71.8354
70.4766
72.1759
72.6277
71.6558
70.9792
71.375
71.4198
70.6337
71.5178
70.9633
71.3269
71.1196
70.7712
70.3035
71.33
71.7631
71.9867
71.5115
70.0557
70.5031
70.6454
70.5846
71.5755
71.3396
71.473
72.0668
71.9073
71.5718
70.9256
71.3357
71.5938
70.3256
70.2113
70.3015
71.4113
72.4121
72.4098
73.1193
73.8297
71.1046
70.9581
71.0034
70.3163
71.3654
71.413
70.9992
71.287
71.6377
72.3763
72.9788
72.4451
71.5731
71.7933
71.6979
72.2529
73.4796
74.2857
73.701
71.4937
72.0748
71.7602
70.7539
71.1031
70.1027
70.9564
71.2754
71.7343
71.9378
71.2699
72.409
72.7584
72.2582
71.9296
72.7194
73.7878
75.1544
76.4323
77.8455
79.1976
79.1695
80.3943
79.0967
78.7175
79.2376
78.8118
76.433
76.5145
76.2417
75.6408
75.5927
74.6968
74.5182
74.0159
74.258
74.7405
73.7256
73.5453
72.3399
72.2662
72.0164
71.7323
71.3313
71.9383
72.6693
71.5893
71.0298
69.8474
69.7628
69.8908
70.1139
69.1696
69.2061
69.7651
69.681
69.0754
68.7394
69.8859
70.2714
70.3172
70.9106
71.4738
70.5947
72.1408
70.9471
70.4907
69.2875
69.9071
70.3633
70.375
70.0646
69.6228
69.3586
69.7346
71.2478
72.2098
72.3823
71.1455
71.8106
70.6936
70.8832
72.17
71.7989
71.509
70.8488
71.4381
71.548
71.6475
70.9711
70.5907
70.5476
71.8873
71.5179
70.7919
70.3667
70.722
69.8345
70.4181
69.5093
69.0181
69.7594
70.7974
71.0348
71.1606
70.1721
70.1558
69.6894
70.6018
70.4212
70.7849
70.4016
70.1521
71.004
71.0279
70.3148
70.5629
69.2669
69.8092
69.5927
69.5899
69.1001
71.0454
70.9311
70.7259
70.5495
71.1827
72.317
71.3473
71.6077
70.8919
71.4504
71.7905
71.8189
71.5406
72.1406
72.2158
71.8297
71.2869
71.3645
71.8546
71.0583
70.7769
71.3096
71.4108
71.4143
71.996
71.3037
71.5298
71.102
71.6967
71.2044
70.8481
71.7638
71.7923
70.7149
71.1734
71.0081
69.9479
70.4885
71.377
72.1769
70.3267
71.0828
71.1574
71.9003
71.2339
70.4787
70.6043
70.3013
71.3856
71.5395
71.9382
71.55
70.7183
71.2041
72.7301
71.5483
71.9491
73.4381
71.9284
71.9767
71.028
70.2621
70.1212
70.3285
70.8998
69.5503
68.5803
70.0808
70.4118
69.6059
70.4154
71.2127
72.8625
71.4524
71.323
71.5288
70.9675
71.0774
71.0396
71.2585
70.5064
70.7468
70.0047
70.1756
70.4249
71.4491
71.2708
70.7799
70.3744
69.4088
69.6226
70.526
69.7938
70.5736
70.14
70.0345
70.2779
69.5332
70.4554
70.7853
71.3269
71.1524
71.6625
71.2808
70.9951
70.9423
69.6657
70.2553
70.915
71.288
70.5705
70.112
70.7605
71.4358
71.5835
71.9272
70.871
71.2853
71.5024
71.764
72.134
71.8718
71.6198
72.4804
72.1282
71.1014
70.5836
69.6246
69.8646
69.9905
70.8097
69.5088
70.4218
70.6521
69.8078
69.7974
70.5382
71.3259
70.5145
70.868
71.4205
71.6668
71.4623
71.6523
72.8295
72.7915
71.8773
69.8328
70.3908
69.9685
70.7132
71.2939
70.4913
70.5182
70.8285
71.1409
70.1754
71.525
72.288
72.653
73.4144
71.7609
69.6087
70.9805
70.4621
71.0446
71.5608
71.119
71.2651
71.2442
71.0635
71.0593
70.7909
70.9798
71.3326
71.1107
70.4911
70.074
69.9525
70.3878
71.5138
71.4578
72.0931
72.2386
72.1535
72.0847
71.2089
71.0169
71.7126
72.5226
71.3082
70.1033
70.0816
71.4421
71.4935
71.011
70.936
71.1841
70.7901
70.3256
71.1308
70.7289
70.7013
70.5429
70.8173
70.8608
70.1894
69.4204
71.2096
70.783
71.1965
73.6082
73.1102
72.6825
71.6418
71.5682
71.1507
69.9058
69.7866
69.8652
71.334
69.3551
69.2422
70.047
70.9173
70.115
71.3294
71.3007
70.42
71.4409
70.7496
70.6279
69.6539
69.2964
69.5569
70.887
70.9709
70.635
71.4262
72.5319
71.0755
70.7169
70.6432
70.7142
70.6129
70.7998
70.8908
70.7333
71.2718
71.0533
71.2179
71.9588
71.5777
71.8953
71.1592
70.9923
69.8758
69.1725
69.883
69.6238
69.8297
70.8552
71.4371
71.9879
71.0023
71.2027
71.3958
71.8035
71.3719
70.292
70.3843
71.3246
70.9777
70.8773
70.6212
70.8634
70.9151
71.3217
71.3904
71.5354
71.4702
71.4575
71.1772
70.2981
71.2548
71.3802
71.4179
71.6909
70.8229
70.443
70.6854
71.8195
72.1806
73.2509
73.3016
72.8288
72.0692
71.6432
72.686
71.9649
72.6259
73.505
71.6079
71.2476
70.94
71.7012
72.0125
72.5777
73.4662
72.6981
73.205
72.7025
72.5452
72.8346
72.0642
72.7378
72.7025
72.4782
71.4115
71.5028
71.5189
71.9887
71.3088
71.063
71.8097
70.4664
69.856
71.628
71.5824
70.4953
70.4525
71.2769
71.5422
72.5781
72.9148
72.6676
72.2506
72.8779
73.9859
72.1585
70.5401
70.3833
70.6337
70.2758
70.8099
70.2373
70.9896
70.6583
71.1266
70.5994
70.9566
71.1861
72.0039
71.8063
70.7469
70.0796
69.8926
70.4571
69.8378
69.5739
69.2007
70.7363
70.3794
71.6151
72.8164
71.0474
71.1673
71.9414
72.9165
72.9401
71.5349
72.3921
72.3441
70.982
70.0847
70.5855
70.5105
70.6892
71.1169
70.9698
70.4211
70.4242
72.2602
71.9373
72.6985
71.8549
72.1795
71.6706
72.7837
71.5804
71.9169
70.6882
70.7249
71.1762
70.6767
71.3088
71.8739
70.1674
69.3909
70.6231
71.3458
70.8724
70.4891
70.2452
69.568
70.0905
70.8122
71.0216
70.3318
71.0337
69.7184
69.8186
70.6458
70.6897
71.3576
71.2523
71.2834
70.3207
69.6655
69.6376
69.1281
69.2351
69.7019
69.8171
69.6221
69.616
70.0762
71.307
71.54
71.2081
71.5218
71.5955
72.8136
72.0961
72.6078
74.1464
73.0098
71.8715
72.2437
72.1485
72.2982
71.3244
70.9068
71.5436
71.0762
70.5892
69.9132
70.7094
71.9815
71.7356
71.2027
71.7807
71.6565
70.4423
69.5656
70.9157
70.753
71.4058
70.9623
70.5998
70.0735
70.3082
69.9408
70.4893
71.9251
72.3212
72.0836
70.2289
71.4291
72.2915
71.6468
72.1504
71.768
71.4936
70.2407
69.5306
70.5601
70.4757
71.1566
71.3998
71.8442
71.7342
71.3833
71.3248
70.8793
70.5511
71.5089
71.0575
71.6856
71.4313
71.8653
71.4747
71.8092
70.4522
71.5272
71.7199
70.4083
70.7234
72.3962
73.0792
73.0885
72.7834
70.9591
71.8011
70.5327
71.6184
72.0154
72.0644
71.5841
71.9944
71.5654
71.7938
71.4124
71.2791
70.9812
71.9466
71.9275
72.3272
72.3096
72.797
72.9856
72.2451
70.5001
70.8491
70.3673
70.1223
71.9324
70.8306
70.344
71.0328
70.5572
70.5204
70.3123
69.9443
70.2433
70.9463
69.7441
70.5822
70.8359
70.1072
69.2349
69.6636
70.2087
70.7695
70.5139
71.4098
70.4988
69.3398
69.1185
69.2434
70.3076
69.5369
70.7098
70.8218
69.0613
68.8418
69.0197
70.1873
70.4016
70.4319
71.0374
70.7425
71.8195
70.556
70.6417
70.9338
71.7336
72.2204
72.7322
73.1938
72.9794
72.4801
72.7758
72.1117
72.5009
71.5939
70.5161
70.4028
69.5716
70.346
70.3625
71.4008
71.703
71.2505
70.5611
70.9823
71.8269
72.3741
72.6181
71.9376
71.2469
72.0471
71.8212
73.0887
72.8636
72.8546
72.5128
72.118
72.4906
72.5918
73.6317
73.0441
72.5523
70.619
71.2533
71.381
70.4317
71.6631
70.9682
71.2127
71.8905
71.4526
70.6603
70.6484
71.3893
69.6078
70.1144
70.6719
70.2591
71.8077
71.9463
71.7235
72.5217
72.3278
72.4602
72.3687
72.4278
72.3231
72.0406
71.2392
71.5489
71.187
71.5323
72.4776
72.089
72.1295
71.7071
70.7228
71.344
71.6026
71.1067
71.5079
70.0146
71.0606
70.5194
70.9388
71.3864
71.8825
71.4263
71.1558
70.4245
71.601
70.3849
69.6791
69.9063
70.986
71.2018
70.6646
69.546
69.4366
69.8013
70.6544
71.0864
71.0352
70.1302
71.1961
71.5668
70.8769
71.2478
70.886
71.4661
70.3169
69.8815
70.5735
70.2391
71.8209
70.9448
71.1362
71.0963
71.0515
70.7682
70.5108
70.4944
70.9218
70.2132
70.8751
70.9416
70.8066
71.2262
71.0876
71.7451
71.1353
71.543
72.0468
72.0552
71.8802
71.9102
71.8428
72.5395
72.4547
72.4025
71.9599
72.696
72.7074
71.299
70.7144
70.793
70.573
70.8373
69.7352
72.3778
72.1206
72.2655
72.2074
73.4631
72.2677
71.4433
71.479
70.4041
70.7425
70.7977
70.4426
69.4918
70.0757
70.1045
70.6828
70.8294
71.7592
71.4847
71.5791
71.1464
71.9793
70.9916
71.0091
71.4571
71.0333
70.7829
70.2278
70.9508
71.144
71.9349
72.0304
71.5727
72.0972
71.3686
72.13
70.9207
70.9596
70.5518
69.9715
71.4192
72.5491
71.2756
70.8615
70.6648
71.0496
71.6661
70.9837
71.7778
71.7718
71.422
71.7723
70.9257
71.0347
70.9302
70.6274
70.459
69.8743
69.9574
70.5583
70.2755
71.2825
70.6299
70.6874
71.5505
71.9039
71.5767
71.2626
71.5024
70.2956
70.2732
70.1349
71.0527
70.4213
71.2636
69.6836
70.1775
70.9478
71.1868
70.5895
71.2376
71.405
72.3099
70.9479
70.3927
71.6399
71.2059
72.2368
71.2029
71.375
70.9839
71.3053
71.1938
70.1147
70.7953
70.5335
71.1375
72.0855
71.4601
71.759
72.3014
71.2652
71.1838
69.9339
70.3445
70.3061
71.1351
70.1414
70.607
69.7375
69.8069
69.4769
69.3691
70.8253
71.1084
70.6964
71.5378
72.677
71.8378
71.6884
71.5956
71.7561
70.1845
68.8773
69.6572
70.3052
70.9489
70.9527
71.5103
71.9273
71.2691
70.7905
69.6354
70.9827
71.6909
71.5681
71.5412
70.5979
70.3011
69.4747
69.65
69.5318
69.1016
69.5159
70.2478
70.3725
69.7806
71.0684
70.7457
70.9065
71.2491
69.9096
70.1869
70.3543
69.9949
69.5122
69.7401
69.8686
69.8182
70.7114
71.1276
71.395
71.1357
71.5913
71.1914
71.5094
71.3888
70.4846
71.7839
71.5364
71.1845
70.8179
70.4756
71.2105
70.4735
69.6646
70.8673
70.6078
70.984
71.2524
71.5651
71.7078
71.2603
71.4215
71.7154
73.5107
73.314
71.7877
71.2812
69.9498
70.5734
70.2129
70.0324
68.9754
70.2393
70.1012
71.2621
71.0615
70.9411
70.7597
70.4868
70.5316
71.2763
70.3349
70.6882
70.8037
70.776
70.1235
71.1692
70.3097
70.3447
68.954
69.6292
70.1699
69.9009
70.4929
71.1955
70.6273
69.6424
70.2188
70.2536
69.895
70.9561
70.0457
69.2984
70.0568
70.9005
70.3527
70.687
69.8677
70.0982
70.8851
70.9574
71.5833
71.9593
71.5953
71.7256
71.215
71.519
71.353
72.2419
72.8996
72.6377
70.7779
69.7882
69.9876
69.9282
70.4298
69.363
69.4133
69.7245
69.7318
70.6859
69.842
70.3211
70.6461
71.6777
71.6863
71.8632
71.0126
71.713
71.963
70.9684
70.9275
71.0836
70.834
70.5709
69.385
70.9967
70.4934
70.4478
71.6246
71.066
71.1988
71.6337
72.4125
72.9912
72.4862
71.7534
72.273
71.1283
71.2862
71.5806
71.0922
70.6874
70.2388
70.792
71.6107
71.2615
71.6128
70.1779
70.7386
70.3899
70.8661
70.5858
71.3181
71.2453
70.6732
70.3404
70.0254
69.3711
69.7631
70.1626
69.8382
70.534
70.4378
69.9712
69.2481
69.7454
70.4094
70.1036
70.0638
69.5387
68.7631
69.2691
70.6901
72.5896
72.4585
72.9732
73.2539
73.0134
72.0472
72.4235
72.5152
72.5236
70.8984
71.4457
71.0969
70.7068
71.3863
72.2073
71.7954
72.5946
71.7082
71.8776
72.1015
72.0391
71.2013
72.3875
73.1844
71.8327
71.9193
71.6672
71.0916
71.7241
70.5812
70.625
71.4178
71.8016
71.4373
71.9464
71.3189
71.2096
71.8576
72.5851
73.0037
71.1628
71.8556
71.7225
72.6223
72.6676
72.2044
72.0787
70.9162
70.7294
70.1645
70.3697
69.872
69.9595
70.02
69.65
69.8092
70.4939
70.3925
70.1831
70.5582
69.7755
70.0044
68.9869
69.9547
70.0488
70.814
70.0495
70.4944
70.5495
70.1523
70.9432
71.0139
71.3691
71.5069
71.6634
70.6768
70.7896
70.9711
71.8896
72.649
72.1003
71.4118
71.9777
70.0467
70.0746
69.7328
70.2245
69.9841
70.0731
69.963
70.0336
69.8865
70.1793
69.1333
69.2371
69.3663
69.9969
70.6608
70.0586
69.8442
70.2279
70.3696
71.5391
70.2938
70.644
70.6123
70.3309
70.982
71.8309
70.6605
69.7559
70.2958
70.6974
70.5079
71.6989
72.4822
71.9748
72.7018
73.4203
72.3967
71.3612
70.8112
71.4426
70.7191
70.9059
70.4481
69.6152
70.6127
70.7885
72.698
72.259
72.7134
71.8819
71.8668
71.4971
72.085
72.6894
72.3305
71.3868
71.1778
71.8011
70.6266
70.0692
70.0087
70.1892
70.4761
70.7514
70.3401
71.1444
71.5891
71.7263
71.6045
71.1967
71.8431
71.7839
70.9527
71.0906
71.275
71.6881
70.796
72.2973
71.2642
71.2283
71.7527
71.7397
70.9604
71.4222
70.9891
71.7449
71.7627
71.7924
70.248
70.3823
72.2524
71.5162
72.2752
71.9854
71.7087
71.8701
72.0738
71.3333
72.4303
72.012
71.8648
71.7741
71.2432
71.8273
71.3468
70.8198
71.0222
70.8551
70.2744
71.2922
71.123
70.791
71.3065
70.9692
69.6261
70.7363
69.2482
70.7532
71.2526
71.1076
72.2414
72.4379
73.3376
73.2905
72.4183
71.9595
71.5417
71.5398
70.536
70.9572
72.5594
72.7263
73.2558
73.9925
74.0875
74.0601
73.5605
73.4337
72.1278
73.505
73.5052
73.4796
73.2375
72.1733
71.817
72.8471
72.3028
73.9277
73.0132
71.4095
70.3662
71.5625
71.3083
71.2096
70.5438
70.6764
70.8097
70.1746
70.7548
69.3148
69.6477
70.5852
70.8282
71.7121
72.7168
71.6615
72.3275
72.8891
70.4993
71.0129
71.281
71.1068
70.396
69.8454
71.0764
69.86
70.8551
71.6926
71.1199
69.8818
70.1212
71.3649
71.6582
71.3433
71.5228
71.4825
72.0098
71.7772
71.0665
70.0742
70.0713
70.2082
70.2842
70.4391
70.7717
71.2366
71.4452
72.2173
72.0229
71.9016
70.8982
71.1111
71.0615
71.7276
70.2376
70.8517
71.064
70.0236
70.1388
70.2206
69.5093
70.1254
71.369
70.1224
70.1641
72.1729
72.5821
72.2809
70.8535
70.2934
70.1769
70.478
70.0534
69.548
69.2431
69.2028
69.8975
70.8666
70.8105
70.016
69.7457
69.8525
70.3438
70.0815
70.9653
72.4723
71.5857
70.9394
70.536
71.0215
72.3118
72.184
71.1564
71.4696
71.4382
71.4378
71.9538
71.5429
71.1949
70.3802
69.45
69.8044
70.833
70.6076
71.9376
71.84
72.2202
72.3252
72.1729
70.9298
70.4463
70.755
71.0339
72.7054
72.59
71.934
71.2272
71.4396
71.3025
71.7383
71.8787
71.4877
71.5211
71.0081
71.2148
71.2108
71.7129
72.281
71.7596
71.9458
71.245
71.7105
72.2156
72.0109
71.5985
72.6751
72.9694
70.758
71.6615
70.8228
70.315
70.5486
70.3229
70.0842
70.1574
69.6851
69.4369
70.3732
69.663
69.609
69.2444
69.4577
70.2228
69.957
70.9158
70.998
70.9917
70.755
71.2826
69.9684
70.117
69.6987
69.3544
68.9642
69.0928
68.74
69.7891
69.9845
71.8611
72.3847
70.131
71.225
70.9772
69.9992
69.7145
71.1941
71.5251
72.1551
71.1555
70.4884
71.0794
71.754
70.7636
70.5395
70.9428
70.6475
70.9461
71.4553
70.1048
69.9197
69.7791
71.8549
71.5254
71.5065
70.9396
70.2871
70.2321
71.2214
70.7904
71.0523
71.3497
72.1375
71.7547
72.2045
73.1738
73.1832
72.3984
71.4494
70.5945
70.6115
71.3955
71.853
71.8752
70.7731
69.9344
70.9492
70.6758
71.0619
71.3357
71.8452
71.546
71.1439
71.0757
71.1032
70.6612
71.9339
70.9503
70.2424
70.4161
71.4196
71.0502
72.2422
72.362
72.4451
72.1475
71.8973
70.5881
69.7466
68.7733
68.9884
69.473
70.8042
69.2603
69.6626
70.2975
69.4572
69.6058
71.3129
72.1854
72.1332
73.4444
73.2065
72.2144
72.4203
71.6065
70.5643
70.7897
71.2765
71.697
71.8912
70.2425
70.099
72.4041
73.2978
72.3354
71.5184
71.3845
71.0954
72.4251
72.0241
71.2802
69.8174
69.3526
69.794
70.1255
72.538
72.4961
71.6843
71.0454
70.1972
69.7881
69.7864
69.7742
70.9277
70.6032
70.5819
70.9327
71.4074
70.3619
71.3103
70.9716
71.566
71.328
70.8629
71.2371
70.4107
71.7288
72.0979
71.2162
70.1129
70.3333
70.5664
71.0696
70.5999
70.9909
71.7955
71.7979
71.6549
71.7376
71.4786
72.502
73.5763
73.6337
73.2842
72.2115
70.7074
71.3504
72.0614
71.7469
72.5716
72.8632
71.1345
70.1388
70.3272
70.5713
70.2768
70.7991
71.425
72.0462
70.8233
71.4395
70.8631
71.2067
70.6741
70.5703
71.3241
71.9592
70.3576
70.5718
71.1583
71.7777
71.2089
70.5956
70.6289
71.6207
71.5921
70.0362
69.7664
69.5468
70.6898
71.8068
70.7675
72.2056
71.498
70.8406
69.4861
69.7798
70.6018
70.2902
70.1959
71.549
72.4847
71.8886
72.2467
72.8737
72.0104
72.1819
72.4925
73.1247
71.6848
72.7993
72.0439
72.1444
70.9322
70.2488
70.5965
70.2245
69.956
70.0905
69.948
69.9202
70.8888
71.292
70.9389
71.4685
70.3055
70.8383
70.7528
70.4503
71.1792
71.8914
72.9808
71.504
71.2814
71.3218
71.6383
69.8343
70.0789
69.4312
71.0934
71.3361
71.1632
71.8044
71.3762
71.179
71.7513
70.6517
69.9993
69.8457
69.2333
69.246
69.4947
70.3242
69.4789
70.8408
70.3344
70.1152
70.2345
71.4766
71.3936
71.7594
72.3032
71.8837
72.1333
71.8134
71.0933
70.8275
69.868
70.4081
71.1
70.0602
71.128
71.1367
71.8057
71.9577
72.4569
72.4668
70.9721
70.9098
72.1367
72.1592
71.1094
69.996
70.0729
70.9784
71.3437
71.3276
71.2693
72.0194
70.9911
70.2737
70.5766
70.6287
70.2089
69.6159
70.9824
70.3939
71.5524
72.6727
72.4059
73.2046
71.6521
71.4511
72.1592
72.0762
72.1653
72.0058
71.3159
71.6765
72.4023
72.0696
71.8781
70.6949
71.5823
72.0787
71.0522
70.5891
70.5218
70.4892
70.3208
70.8795
70.7613
70.0939
71.1369
71.1585
70.18
70.5909
70.766
70.0474
70.0706
69.7974
70.62
70.1856
70.6241
70.1459
70.528
70.9542
71.4105
73.2428
73.583
74.1488
74.8181
75.1989
75.8313
74.8917
75.4222
76.5447
77.1307
77.5775
78.4819
79.0456
78.8651
78.9626
78.7418
77.7516
76.4091
75.0691
74.0669
73.6845
72.1933
72.1052
70.6339
70.4488
70.8618
69.8004
69.8277
68.7312
69.498
70.6833
69.3873
69.2146
70.2311
70.8368
70.1336
69.1675
69.8398
69.7074
69.4294
70.2038
70.3733
71.2333
71.3989
70.4947
70.1586
70.3389
69.7941
70.5075
70.6102
70.4042
70.8411
70.1652
70.4817
70.739
71.1558
70.5417
70.3335
70.5581
70.1124
69.5763
69.1953
68.4253
68.8718
69.3356
69.3947
68.9558
69.7242
69.0018
69.6731
71.6812
71.6249
71.7177
70.7501
71.3767
70.6958
71.7979
71.6601
71.7936
70.5692
69.746
69.951
70.1539
71.2743
69.7807
70.094
70.2545
68.7574
70.2869
70.0483
71.027
69.9357
70.1824
70.5882
71.5518
70.2709
70.2275
69.5306
69.6208
70.0958
70.5116
70.0596
70.1136
70.1394
69.4579
70.2525
69.3324
70.7636
70.8339
70.8358
70.6561
71.008
70.0398
69.2472
70.3717
71.0961
71.4208
71.3477
72.1778
72.4582
71.9597
71.4101
71.3598
71.2943
72.0099
71.7596
70.9784
70.8098
69.9612
69.8634
69.1701
69.187
69.0656
69.3649
69.4611
69.1869
70.4235
70.4704
70.7068
69.997
70.3452
70.2013
70.6815
71.2178
71.0227
70.2141
69.3906
69.4813
69.365
69.7978
70.4561
69.2638
69.2022
68.6811
68.9217
69.2144
69.1546
68.6164
69.3476
70.0578
70.0526
69.1688
68.3575
69.6068
69.6807
69.3956
70.3286
70.2219
69.6523
69.9608
69.9975
70.9315
69.8954
71.4036
70.3729
70.2685
70.2625
69.9727
70.5403
70.5337
70.9002
70.4577
70.6719
70.4642
69.7612
69.5092
69.355
70.6408
70.6182
69.7384
69.6726
69.9372
69.6794
70.4964
70.0353
70.1292
69.2952
69.5396
69.9733
69.6167
69.5851
70.5009
69.5576
69.905
69.3467
69.5229
70.3252
69.7258
69.983
69.2922
69.3377
69.7357
71.0364
70.2492
71.5036
70.5625
70.3123
70.6472
70.5684
70.086
70.1898
70.6433
69.8806
70.1817
70.7244
70.6659
70.7171
70.5068
69.2823
69.7868
68.9265
69.192
69.1713
70.1016
70.1242
71.1717
70.0638
69.47
69.8783
70.5372
69.7923
69.1715
68.9357
69.8694
69.2898
71.1967
70.011
69.6302
70.6982
69.8817
70.4135
69.5177
69.8227
69.9419
70.435
70.552
70.7061
71.016
71.3747
70.6932
71.0689
71.3504
71.5203
72.399
71.2752
72.2151
70.9156
71.2796
70.5577
70.1428
70.5698
70.4637
70.8788
71.0541
71.3685
70.6073
70.6412
68.9937
69.3415
69.4589
70.0497
69.3174
69.3037
70.7622
71.5398
70.3705
70.506
70.8023
71.6046
71.27
70.9866
70.4928
71.436
70.8705
72.8834
73.0769
72.0926
71.4018
70.7772
71.1342
69.7884
70.1266
70.5841
70.2983
69.9296
69.8651
70.1879
70.5454
70.5433
71.0371
72.2367
70.966
69.6356
68.9732
69.571
70.1864
71.2762
71.7852
71.7725
71.1214
71.7577
72.1524
71.4016
71.5685
70.4326
71.0369
70.7804
70.4423
69.6979
70.9455
71.6194
71.4468
70.7368
70.2144
69.8192
69.0261
69.8353
70.0329
71.1521
70.1812
71.4109
70.5037
70.2895
69.5925
69.3752
70.335
70.6648
70.3595
70.1044
70.3791
71.3812
70.2017
70.7258
70.3439
69.697
69.327
69.1038
69.9784
69.4555
70.6291
71.2857
70.4075
70.4575
70.1827
69.684
70.5044
69.7701
69.4936
69.8258
70.6104
71.261
71.2662
70.5132
71.4257
69.8468
69.8825
69.9293
69.8286
70.7296
72.2901
71.4296
72.3063
71.5116
70.3342
69.8098
69.2709
69.5685
70.2718
69.5155
69.5602
69.7565
70.3464
70.388
71.7171
71.7306
71.77
71.4671
70.4971
72.023
72.4837
71.9092
71.0997
70.9869
71.8533
70.4629
69.3658
67.9901
67.9783
68.5398
68.0001
68.5334
68.6996
69.7198
69.9449
69.0753
69.5199
70.5163
69.8793
69.4268
69.6551
69.4841
70.6061
70.7427
70.202
70.4388
70.2789
71.0765
70.0287
71.4215
71.8779
73.2563
72.097
71.146
71.3655
71.6404
72.4436
70.6367
69.74
70.2838
71.3087
71.1823
71.1754
70.8722
71.116
71.8369
70.2031
69.7707
69.9093
69.3719
69.3985
69.3031
68.8903
69.3202
68.5616
68.9179
69.6631
70.6319
71.6805
71.8199
70.7208
69.7641
70.4788
71.5272
70.8967
70.6877
70.6596
70.4247
70.5112
70.2663
69.9763
70.3981
70.059
70.5143
69.4641
68.7414
68.8353
69.3495
69.5632
69.602
70.3165
69.0085
69.121
69.4512
68.8563
69.1085
68.9251
69.0264
69.8575
70.3161
70.8295
71.2491
71.817
71.3516
70.8249
70.7693
70.6131
71.6033
72.6023
72.347
72.3644
72.0775
72.3976
72.0753
72.0262
71.8814
71.8061
72.3459
72.2397
71.0634
69.4526
69.2108
68.6266
69.54
70.4075
70.6133
71.1848
70.113
70.9336
69.3333
69.8666
70.8221
69.6161
69.9607
68.8143
70.0541
69.6385
69.8549
69.4381
69.9042
68.9367
68.8248
69.7588
69.9179
70.3776
70.3113
70.2525
69.6842
68.7594
68.2567
69.0016
69.3095
68.3464
69.5931
69.326
69.5598
69.2336
68.8821
69.7194
69.8851
69.2375
69.3411
69.1093
69.6169
70.4078
70.6207
70.3515
70.0752
71.3574
69.635
69.298
70.2836
69.5472
69.3824
69.8149
70.5408
70.6265
69.9916
70.0418
68.9502
69.501
68.0652
68.0165
68.4418
68.8677
68.3061
68.2958
68.4172
68.9978
70.0437
70.3683
70.1642
69.5971
69.8678
70.6903
71.9138
70.6561
70.335
70.0649
69.8798
70.2433
69.8292
70.6371
70.0069
70.2155
70.182
68.7275
70.5933
72.1139
70.6882
70.5907
71.5412
71.5067
70.7171
69.8581
70.1654
68.9167
69.2886
69.431
70.3447
70.2049
70.1997
69.725
70.5719
71.0928
70.7566
69.9265
68.5054
68.9622
69.9898
70.0507
70.437
69.2017
70.1058
69.6032
69.7608
69.4485
69.0045
69.9688
69.529
69.5938
68.6366
69.7591
70.4514
70.1496
69.3398
69.6615
69.0154
71.1728
70.6475
69.5557
69.533
68.0018
68.8513
69.0648
69.275
70.8193
70.7609
71.057
72.4611
71.6349
71.6488
69.8695
69.2033
70.529
69.7943
69.6004
69.7873
70.1142
69.5274
69.8938
70.2985
69.4118
69.5266
70.3391
70.4322
71.9647
70.6734
70.0288
70.0313
70.9878
70.217
70.1284
70.101
70.5494
70.6149
71.075
69.6478
69.4312
70.1431
70.306
70.2366
70.6828
69.115
70.2045
69.193
68.5601
68.4497
69.7994
70.0245
70.5087
70.6324
71.7712
71.4001
69.6222
70.7392
71.1043
71.227
70.6912
69.8709
70.5167
70.4132
70.4637
70.5725
70.0262
70.57
71.0729
70.7333
71.9004
71.0599
69.8314
70.358
70.7246
69.6401
68.9885
69.2997
69.4614
68.2536
68.5155
68.3078
68.9799
69.8801
70.4325
70.8709
69.9279
70.0376
69.8314
70.2754
69.5631
69.3399
69.8355
69.384
69.4612
69.1555
68.8876
67.9025
69.355
69.4407
68.8266
68.5225
69.7108
70.6818
70.4366
68.6208
69.1409
68.2912
69.3559
68.3139
70.0997
70.6342
70.8521
71.3955
71.8076
71.3097
70.9306
70.6583
68.7606
68.6212
69.0069
68.6914
70.053
70.0273
69.1746
71.0384
72.0804
72.28
71.7209
73.6758
72.4408
70.9723
71.1739
69.7637
69.3802
69.3098
69.2146
68.4657
68.971
69.3511
68.4829
68.7043
69.1152
69.3949
69.3998
68.8302
69.5244
69.3575
70.1424
70.4198
70.0389
69.4964
70.6912
70.9118
70.2356
69.8428
70.7903
71.2797
71.865
71.4298
69.9422
71.1083
70.6758
70.2303
70.2677
69.4573
69.4223
70.737
70.235
70.2783
70.0172
70.0635
69.296
69.0468
68.8193
69.2948
69.6541
71.1678
70.3859
70.723
70.8338
71.3121
70.3432
70.4383
71.3363
70.6329
69.9291
69.7851
69.5951
71.3934
71.3091
71.339
70.3704
70.0375
70.015
70.1785
70.5425
69.6534
70.0711
69.888
69.9351
71.0745
70.9484
70.6819
71.8701
70.013
69.3688
68.6185
68.2397
67.979
67.9369
67.5208
67.4909
67.9412
68.7211
69.0697
68.9865
69.8046
70.3737
70.2943
69.7452
70.9891
69.9783
70.4288
70.3152
70.4803
71.0272
70.3958
70.11
70.1044
70.127
70.627
70.8177
70.2469
70.3736
70.3963
69.4735
69.886
69.7525
70.4583
69.9257
70.9047
70.3993
70.2663
70.6523
70.3967
70.46
69.4073
70.6708
69.8546
69.9227
70.5728
71.0063
70.73
71.475
70.6473
69.9953
69.2913
68.9687
68.691
68.8133
69.3635
68.8146
68.957
68.9058
69.7497
69.6347
69.6503
69.99
69.6441
69.9401
70.6712
70.746
70.8511
71.5133
70.5471
69.8098
71.1136
69.8399
69.9388
70.279
71.7243
69.9686
68.6761
69.6198
68.9248
68.8335
69.6828
69.8471
69.8679
70.8861
71.1521
69.9539
69.6104
69.1941
69.0969
68.6077
67.9868
68.8736
68.7138
69.0661
68.58
67.214
68.5169
69.8958
69.1958
69.7725
70.0885
70.8276
70.3469
70.1528
69.1764
69.0647
67.4104
68.4613
69.1743
68.3754
68.5839
68.5137
69.551
69.6527
70.2028
69.0778
68.6331
68.1439
68.6182
69.1332
69.6718
70.0563
68.7145
69.2982
69.2035
70.3196
69.7596
69.6985
68.7529
68.0581
68.5982
68.7601
68.5848
69.1281
68.4525
69.5767
69.5093
70.0653
68.9992
68.5834
68.5194
67.8469
68.117
69.0249
68.9718
69.7385
68.2564
69.1435
69.179
71.0984
70.7271
70.0524
70.402
71.0721
69.7528
70.4377
69.368
70.619
69.6226
70.1132
69.8564
69.3728
70.4084
70.1599
69.366
69.7063
69.0518
70.0834
70.9614
70.7714
69.8702
70.5681
70.568
69.72
70.3613
69.537
69.9387
69.446
69.4343
70.3496
70.6601
70.4773
69.2416
69.5698
69.6662
69.6057
69.3037
69.6786
70.2474
71.5269
71.5191
71.6406
70.8228
71.4848
70.5705
69.7453
70.4239
70.4692
69.9089
70.1637
70.1163
70.6111
71.3613
69.1636
69.9122
70.265
70.4571
70.1057
69.9961
70.865
71.6193
70.561
70.0859
69.6082
69.5452
70.5946
70.2377
69.5486
69.8265
69.8587
70.5514
70.3485
70.3463
69.7391
68.7814
69.3838
70.3752
70.599
69.912
69.7556
69.0881
68.2997
67.858
68.3873
69.3638
69.552
68.5116
68.9773
69.3632
69.5635
69.6217
69.4464
69.3964
68.9107
69.222
69.9299
70.4981
70.0749
70.5342
70.746
69.2607
69.1698
69.9137
70.084
70.3291
70.3374
70.3607
69.8849
68.8034
70.1828
70.4636
69.3503
68.9566
68.9235
69.3285
70.2161
71.6968
72.1846
70.3586
69.9896
68.4127
68.8176
68.8111
68.6232
70.001
69.3658
69.5889
68.8124
68.8837
70.1141
69.9253
70.3995
69.9423
69.3172
68.8147
68.646
69.5028
69.5456
69.7991
70.9836
71.7701
72.443
71.7737
71.6726
71.6694
71.5057
70.9157
68.7717
69.996
69.3453
68.7855
70.07
68.924
68.9607
68.8725
68.828
68.868
69.6814
69.1592
68.825
69.0165
70.1887
69.792
70.831
70.4164
71.7577
71.9597
72.0563
72.0661
70.9433
70.0584
70.1667
70.0528
69.7499
69.6939
69.4796
70.3317
70.0804
70.3127
71.2173
69.948
69.4962
69.881
71.152
70.6596
70.9765
70.9644
70.0012
69.7
69.3819
68.5671
68.4212
69.501
70.4528
70.1868
69.1862
69.6322
70.2432
70.1896
69.2863
69.2616
69.0556
69.4084
69.4191
68.4465
68.4555
69.5926
69.467
70.8241
70.1596
69.9604
70.5305
70.1054
70.6756
71.943
71.576
70.8967
71.5992
70.1044
70.7374
71.0345
70.0581
69.1211
70.4335
70.0703
70.919
70.342
70.3503
69.6616
70.0564
69.4044
69.5025
69.7121
70.123
69.5386
70.3029
69.5868
70.268
70.5103
69.6281
69.4775
69.9266
69.8105
69.4534
69.7213
69.2784
69.0608
69.3472
70.0031
70.0288
70.1159
69.6546
69.5458
69.7991
69.8902
70.0855
69.4701
69.1642
69.0683
68.8491
70.4541
70.8617
71.1082
70.4396
70.9401
70.9258
70.8023
70.3189
70.1734
70.2893
69.2289
68.7668
68.0981
68.957
69.1125
69.4622
69.3793
69.4311
69.4052
69.4534
70.7636
71.1932
69.5141
69.2553
68.5172
68.5011
68.9132
68.1362
68.7725
68.8448
68.858
69.329
69.144
70.1543
69.6504
69.4337
70.2469
71.3695
71.2598
69.1166
69.5444
68.915
69.1747
69.5017
69.233
70.5415
70.3957
69.9177
70.0551
70.109
69.9154
70.2659
70.6991
70.8181
70.1203
70.6231
68.8756
69.1494
68.5868
68.9647
69.9544
68.8779
69.1162
69.4447
69.8868
68.8413
69.0903
69.5008
69.7516
69.1693
70.4473
71.1219
69.4695
70.1491
68.5328
68.6024
69.3612
69.1767
69.7042
69.2669
69.9816
69.1858
69.8492
69.8292
70.4799
69.277
68.7066
69.393
68.8224
69.0121
69.5862
69.7797
69.9741
70.5892
69.99
70.3323
69.3793
69.3989
69.0041
68.6048
68.274
68.5511
68.1337
67.7389
67.4939
67.7218
67.5363
67.4753
69.1275
69.7621
69.7235
70.0269
70.4674
69.935
69.2549
69.5396
68.0292
68.2296
69.8259
68.0447
68.967
70.1013
68.6188
68.9925
67.8717
69.1879
69.3489
69.3251
69.7608
69.3731
70.0262
69.3525
69.5314
69.5657
69.1826
69.6004
70.4277
69.3561
69.0267
68.7492
69.5866
69.5171
68.0752
69.2013
69.3448
70.0444
70.1872
71.01
71.044
71.1161
71.4507
70.5731
70.966
72.018
72.8721
71.596
70.8473
69.4629
70.2168
70.4599
69.6044
69.3794
70.0925
70.6314
70.1401
69.4564
70.3466
70.9259
70.3252
69.5138
69.7189
71.1171
70.1964
69.8334
71.0536
72.0168
70.4944
69.861
69.8896
70.7788
71.3808
70.6433
72.0173
71.5888
71.3551
71.1189
71.0892
70.7739
70.7948
71.0978
71.8777
70.4051
70.2149
70.1857
70.9134
69.3952
69.3336
69.3019
70.5792
70.9225
70.2541
69.5046
70.0967
69.7132
69.9198
69.1755
69.6231
69.8256
68.8016
70.0363
69.4725
69.1567
69.4353
69.4487
68.9828
71.078
69.4889
69.1839
69.1288
68.7122
67.61
68.2533
69.2536
69.209
69.3938
70.3905
69.3294
69.4192
69.6696
69.9477
70.5228
70.5217
71.3447
71.5743
70.7719
69.6922
69.7313
69.8574
68.6168
68.3956
70.5202
69.5392
69.5205
69.5596
68.9274
69.3285
69.7581
71.0352
70.7838
69.8172
69.1878
68.5115
68.4624
68.6778
69.8777
69.3045
69.2252
70.1921
70.73
71.5924
70.7293
71.4187
70.5732
70.5261
69.4822
69.8629
69.8656
68.894
70.5728
70.423
70.6259
70.4387
70.6023
70.033
68.5772
69.2703
69.3626
68.8318
68.8757
67.9227
68.8576
69.1489
69.9024
70.3447
70.3781
70.5549
71.1447
71.2139
70.6755
69.9143
69.3822
69.1149
69.9131
70.1736
70.8823
70.01
69.9258
68.8681
69.1447
70.506
70.5995
70.8778
71.3766
71.407
71.7349
71.5218
70.4608
70.6939
71.5456
71.1695
70.3918
69.8869
69.6776
71.4693
71.2641
69.9735
69.0204
69.4157
70.0433
70.2533
69.8335
70.0245
70.5373
70.6468
70.5117
70.3772
70.8459
72.0639
72.1233
71.9025
71.3206
69.9881
69.7717
69.6033
69.4826
70.1931
69.7493
69.6744
69.3423
69.8938
69.7588
69.2953
70.6504
70.7976
69.9306
69.906
69.6069
70.9265
70.6923
70.125
70.0653
69.9117
69.2366
68.8967
68.8976
68.0303
68.659
67.8971
68.9401
69.1613
69.1602
68.6747
69.7268
69.6461
70.1053
70.0115
70.0608
70.0997
67.9789
69.1975
69.5344
69.3201
69.1975
70.415
71.1265
71.3204
70.6593
70.6627
69.5586
70.3832
70.5461
69.9977
69.0159
69.457
70.1466
70.8372
69.8708
68.8597
68.5893
67.6424
68.7024
70.7845
71.1348
70.8143
71.5522
71.6984
71.6533
70.4188
70.7838
70.6868
70.4108
69.6293
69.0967
69.5365
69.0366
70.0396
69.0557
69.4657
69.8885
70.0857
70.4279
70.0808
70.3768
69.9774
69.9049
69.4288
70.8225
70.9937
72.0354
70.3715
69.8816
69.5755
68.8986
68.4356
68.5707
69.0177
69.8585
70.5054
70.1465
71.0927
70.2485
70.7093
70.6764
70.4657
71.4185
70.336
70.3163
69.729
70.0626
70.1475
69.0512
70.54
70.4612
71.0402
71.3096
71.3436
70.4901
71.4328
70.5808
70.2862
69.2637
69.68
69.201
69.2833
69.8706
70.9891
72.5194
71.8292
73.6843
73.3989
72.5704
72.0604
72.3551
72.0731
72.3748
72.0187
71.0132
71.227
71.8016
71.644
70.9188
70.425
70.1723
69.8751
68.6975
68.7837
68.5097
69.189
69.4337
69.5083
70.2582
70.4284
70.9078
70.569
70.3908
70.3208
70.4252
68.893
68.3558
68.3546
69.5349
69.5552
69.5749
69.6989
70.5056
69.8402
69.1767
68.8038
68.6435
69.3833
69.6888
69.6113
70.8206
70.7426
70.7895
70.0666
71.1735
71.2136
70.2442
72.2227
71.7193
71.26
70.7714
70.9341
70.3635
69.7805
68.786
69.3925
70.2517
70.1968
70.3575
69.4158
70.1826
69.2295
69.4479
69.2849
69.1688
69.4065
68.7756
69.2719
69.4387
70.2501
69.9746
69.355
69.0535
68.5657
68.8666
69.1958
68.4057
68.9466
69.2255
70.5305
70.3823
70.1932
71.1247
70.5622
70.3666
70.8375
70.4072
70.3076
70.6135
70.9486
70.9055
70.7578
71.7541
71.0761
70.8662
70.6846
69.6779
70.0995
70.3002
69.1959
71.0436
70.7443
71.0021
70.1528
69.3407
70.3332
70.174
71.4553
70.7166
70.8211
71.0775
70.5826
69.7839
69.0782
69.9861
68.8284
68.8221
69.2559
69.652
69.717
69.7113
71.1316
70.9642
70.4352
69.6941
68.7464
69.326
69.0615
69.6131
70.2995
70.8894
71.5309
70.549
70.8554
69.9099
68.964
69.1886
69.5637
69.132
69.5367
70.6382
70.0192
70.9671
72.1596
71.8898
71.1927
71.1338
70.0853
70.7717
70.1355
69.3728
68.0206
67.8372
67.8968
67.1204
67.9493
69.6891
70.7059
69.4775
68.6924
69.7698
69.6929
70.0236
71.1357
70.9112
68.8127
68.9173
68.3265
69.0184
69.8713
69.1332
69.6007
70.6153
71.3623
69.9516
68.9635
68.0409
67.8986
69.2944
70.7649
69.6964
70.2668
70.955
70.0181
69.45
70.9759
71.0318
70.9795
69.3116
69.5172
71.203
71.1384
71.299
70.9454
70.9692
71.5835
70.6582
70.2567
69.7285
69.4372
69.7873
69.5418
69.3782
69.0313
70.4523
69.8725
70.0188
70.619
70.2033
70.3184
70.0368
70.0369
71.4166
70.8865
71.0347
70.2897
70.022
70.3272
69.7221
70.0839
70.6445
69.1605
69.2241
69.6613
69.4552
69.1572
68.7951
68.5117
69.183
68.3735
68.1811
68.6074
68.2849
68.1414
69.5412
70.8444
70.1191
70.3726
70.6415
71.0917
71.2022
72.1479
71.7638
69.8059
70.2093
70.7073
69.8328
69.6981
69.0123
68.9789
69.2438
69.8395
69.4615
70.1175
70.3345
72.1325
71.1575
70.3071
70.8365
70.9837
69.4649
69.1866
68.2307
69.1296
69.2539
69.9912
70.6459
68.9089
69.3385
68.4493
68.5799
68.4011
69.1469
69.263
69.488
69.8197
70.4171
70.6555
70.1527
69.7602
69.8671
70.1168
69.3581
69.778
69.9574
69.6826
69.1357
69.532
68.1909
68.4123
68.658
69.2388
68.1987
68.8381
67.9041
68.4372
68.7561
69.1466
68.9082
69.0892
69.2935
69.3793
69.4513
68.6148
69.1686
69.706
68.4958
68.2842
69.7562
70.1315
71.6922
71.3561
70.5546
70.8537
71.1702
70.9418
70.0015
71.2654
71.2135
70.9671
70.9403
71.5815
71.0755
70.0376
69.8829
69.4817
69.2861
69.1646
69.2537
69.4593
68.4704
68.8135
68.5497
68.7053
68.8513
68.3852
68.5244
67.9398
68.5503
69.2852
68.4987
70.1156
69.8403
70.0866
71.0244
71.6253
71.2172
71.851
71.1226
70.6605
71.105
70.168
69.4437
69.0488
69.9527
69.9259
69.6738
70.0247
70.0206
69.728
70.6599
69.4274
68.5567
69.0062
68.9306
67.7527
68.9179
69.9577
68.7598
69.215
69.1642
68.5423
68.8802
68.4364
69.6016
69.4196
69.5517
69.4848
69.6559
70.6826
70.5209
69.6408
69.978
68.9769
68.0076
68.1075
68.1921
67.787
67.9575
67.5789
68.2591
68.6586
70.751
71.7022
71.2157
71.4798
70.8657
70.4568
70.385
70.0757
69.231
68.9416
68.3678
69.5293
69.6098
69.8936
69.5141
69.046
69.8926
68.8593
68.9357
69.2219
69.7117
69.8796
69.884
71.0001
71.146
69.8019
69.6782
69.5115
69.3228
69.8845
70.406
70.4903
70.0469
70.2433
69.6076
69.3588
70.0212
70.7938
71.1212
70.2778
70.7707
69.5164
70.0949
70.2876
70.2543
69.2729
69.3512
68.885
70.0454
69.8959
69.0489
69.1175
69.0033
69.6334
70.5737
69.9558
69.7295
68.5797
69.3486
70.1527
70.3451
69.2623
69.459
69.2614
70.7718
71.127
70.7945
71.1319
69.5039
69.3328
69.5517
69.4891
69.2212
69.5853
69.3207
68.2031
68.3791
69.9288
69.5028
70.2786
70.3995
70.8772
72.4529
72.8695
72.8811
71.4312
70.8819
70.1308
70.1459
70.8116
70.4995
69.3332
69.0007
68.6137
67.9739
68.7416
70.1178
70.7532
69.5423
69.1989
69.0593
69.6644
70.2014
69.6819
69.3272
69.4559
69.0025
68.0498
68.6413
69.4043
69.9006
70.5683
69.5201
68.6396
69.395
68.5274
69.937
68.2598
68.7552
68.8468
68.2898
68.6865
68.6312
68.9635
69.3447
69.5804
69.547
69.854
70.8848
70.4802
71.0438
71.2129
71.6868
73.2175
72.7925
71.46
71.7568
71.3502
71.3321
71.411
70.0523
69.5292
70.1021
70.0568
69.3006
69.8566
69.5301
69.673
69.4858
68.501
68.1572
67.6141
67.6487
68.8524
68.3386
68.5243
67.8694
68.1865
68.5949
69.9403
69.7371
70.5997
71.3093
70.1075
69.2608
69.5342
69.9768
71.0036
70.5237
69.0934
69.7529
68.912
69.7851
70.6975
69.5689
70.5705
70.624
70.5938
70.7149
71.0672
70.2166
68.4553
69.4988
69.7342
69.9449
70.1555
70.028
70.1946
70.4206
70.6067
72.2608
71.7628
70.9393
70.7478
71.1839
70.8886
70.8329
69.6456
70.0402
70.5974
69.7507
70.2694
70.8281
70.8422
69.674
69.7078
69.5326
68.6319
69.813
69.3379
69.97
70.4271
69.7101
69.7618
69.9112
69.9123
71.0428
71.6808
71.0602
71.7695
71.5535
72.1407
72.8763
70.8078
70.7036
70.617
71.2628
71.0576
69.3103
68.6618
68.0255
69.144
68.0203
68.6303
69.0414
68.5262
69.0966
70.7019
69.6474
69.6179
69.4816
69.9244
69.95
70.7662
70.6157
70.5771
68.8046
68.9453
68.8469
68.3684
68.0511
68.5242
69.4609
69.5444
69.7614
69.6322
69.8853
70.3469
70.3394
69.9635
70.6578
70.3844
70.4506
70.0307
71.7628
72.2676
71.1608
72.0546
72.1374
70.5974
70.4177
70.0782
70.0461
69.5026
69.4723
68.9885
69.1825
69.4077
70.0249
69.5437
70.0259
69.2144
69.7506
68.9761
70.1377
70.4941
70.4546
69.529
69.3984
69.6503
70.0614
68.9357
68.5305
68.7047
69.2775
69.3764
69.8612
71.4524
71.4492
71.5199
71.0577
71.6524
71.5574
71.4632
71.2137
70.9668
70.8308
70.5064
70.6742
68.5332
68.4798
68.4161
68.0473
69.1354
70.0533
69.9833
69.7286
70.2316
69.6876
69.4914
68.8527
68.4577
69.2032
69.7299
68.2503
67.8263
67.1063
67.5325
68.0183
68.4362
69.1003
68.8896
70.1553
70.126
69.6854
70.0427
69.4256
69.6281
69.2713
70.5002
69.9318
69.0571
69.0997
69.4895
69.4119
69.4151
70.04
70.6406
70.2457
69.8146
70.5781
70.0709
70.8657
70.4756
69.7041
69.8729
70.3599
70.2743
70.8145
71.083
71.497
71.688
70.397
71.539
70.0513
70.6634
69.9084
69.1503
69.1665
69.8145
69.7616
69.9127
70.2711
70.6428
70.0666
69.6287
70.6971
69.3742
69.0751
69.3455
69.0289
69.6947
70.749
70.427
70.077
69.2634
70.8442
71.1454
71.225
71.2732
69.7002
68.6581
69.7359
70.7109
71.2196
69.5902
70.1943
69.5467
70.024
70.6429
70.8417
70.6388
70.568
70.528
70.6262
71.3953
70.7226
70.0616
69.703
70.7859
71.8963
72.5323
71.3277
70.8397
69.1465
69.1674
69.7711
70.4724
69.3049
69.4346
69.3651
69.1053
69.1793
69.1812
69.0097
69.0534
68.8412
69.729
69.8604
69.6846
69.935
69.2522
70.9517
71.6163
70.1373
70.1072
70.9584
71.3789
71.827
71.422
70.2038
70.8607
70.7521
70.9705
70.8369
68.7856
69.0301
69.2848
67.3686
68.5091
69.2877
69.0245
68.3846
69.1719
69.1951
69.2512
69.8496
69.3972
69.8169
69.6355
70.659
69.9957
69.5851
69.7321
69.9312
69.8818
69.2403
68.3745
68.5711
69.7343
70.4951
69.9071
69.3505
69.2678
70.0828
69.8142
70.0527
68.4571
68.5718
69.7324
70.3055
69.6703
69.7919
69.2497
69.6156
69.9855
69.078
69.4593
70.153
70.0818
70.0843
70.1927
69.2713
69.6157
68.7624
68.5238
68.0948
68.9563
69.3126
70.0146
69.8762
70.3489
69.3486
69.3609
68.6526
69.7393
69.3194
68.7547
69.0214
70.1731
70.1404
70.4531
71.3285
71.3953
70.4528
69.5136
69.2537
69.6271
70.1021
70.2859
70.0247
70.7732
71.4951
70.6008
71.0532
70.4783
69.8645
69.2611
69.6228
69.8732
70.1276
69.997
69.4287
69.793
69.7608
70.1956
69.9213
68.9963
68.3867
69.3871
70.0841
71.4382
71.8576
71.2281
70.3208
69.7946
69.7049
69.6114
70.0009
69.4155
68.8623
69.452
70.9999
70.2091
68.5237
69.0345
70.3523
71.2196
70.3148
70.9587
69.9269
70.134
70.2456
69.6713
70.4404
69.619
70.5334
71.1313
69.8607
69.9971
69.7043
70.5339
70.31
72.0228
71.378
69.577
68.2796
69.7772
69.3616
70.6208
69.6316
70.1304
69.824
69.8223
68.7647
67.8051
68.477
69.5889
69.3679
68.9812
69.2649
70.268
69.9572
68.8536
68.0927
68.6858
70.1038
70.4596
70.2524
69.8944
70.0979
70.7217
70.5405
69.7037
69.7299
70.0748
70.1024
69.143
69.7914
69.8127
69.8593
69.4271
68.7802
68.6628
69.4164
69.3439
70.479
69.7747
69.7026
70.2542
69.0188
68.9147
69.3086
69.967
69.8045
69.8744
68.9716
68.8865
69.0938
69.5606
69.3056
68.5244
69.0503
69.9956
69.1267
68.3064
69.006
69.91
69.9796
70.3722
70.7146
68.926
69.136
69.2691
69.3011
69.6998
70.9943
71.4108
71.8049
70.8239
70.7205
70.5509
69.8168
69.7313
69.9757
69.9027
69.7126
69.6121
69.5925
69.7982
69.938
69.5896
69.4952
69.1172
69.4044
69.0284
70.1902
69.7481
70.4393
70.2256
70.9481
71.1758
70.7349
70.0014
69.6023
69.8538
70.5502
70.2768
71.7303
71.6001
71.5418
71.0286
71.2366
69.9027
69.446
70.3668
69.6543
68.9564
69.2615
69.2602
69.2019
69.6805
71.3318
71.0704
71.1089
70.5426
70.2075
69.6938
69.0796
69.6532
69.7749
69.0099
69.477
69.783
69.7451
70.6195
70.3527
70.5965
71.0644
70.9566
71.2406
70.7768
70.8224
70.6823
71.0652
70.8963
69.5261
69.286
69.388
69.7468
70.0917
69.7665
68.7147
68.9853
69.5586
69.3661
69.4516
69.1251
68.9025
68.5461
68.6896
69.0712
67.9747
68.7236
68.7577
68.2044
67.9115
68.631
69.2429
70.2678
70.7877
69.5373
69.7597
69.9574
70.217
70.4332
70.0301
69.3957
70.5683
69.8308
69.9409
69.3421
69.7273
69.7558
70.6254
68.8791
68.1555
67.8993
69.0376
68.5428
68.4232
69.7992
69.3129
69.4414
67.9257
69.3785
69.6329
68.8101
69.7023
70.3318
69.3921
70.4107
69.9388
69.3425
69.0614
69.544
68.767
69.2555
69.5383
69.5159
69.5946
68.5305
69.3192
69.5488
71.0881
70.262
70.7297
70.538
70.916
70.2234
69.4767
69.8684
69.4445
69.3513
69.4975
70.0787
70.851
69.59
69.7229
69.3785
69.3254
69.9326
71.451
70.2362
69.7062
70.3049
69.6346
70.2725
70.7039
69.8559
69.3487
69.4433
68.7418
68.6328
69.0068
69.175
69.7639
68.7879
69.41
70.541
70.1304
69.7132
69.4271
69.7178
70.2628
69.0234
69.9706
69.609
70.997
71.551
71.0683
69.9245
70.4883
69.9189
69.9946
69.0911
69.4891
69.8075
70.4416
70.9441
70.6384
70.0155
69.9047
69.4892
69.901
69.8116
69.6218
69.7096
70.1262
70.5877
71.332
70.3552
69.3441
68.9895
69.827
70.0265
69.1967
69.5904
70.2281
69.8243
68.9308
68.7248
68.5797
68.0875
68.3994
68.4479
67.9043
68.1667
67.5756
68.1121
69.395
68.5748
69.226
70.0863
70.0536
69.8083
70.1807
71.4562
70.7906
70.9564
70.4425
69.3637
69.7199
69.4858
68.9601
69.5235
69.8421
69.3412
69.4584
70.6531
70.6351
70.1729
70.4884
69.6456
69.1166
68.554
69.1992
69.1805
69.8391
69.8519
69.3446
69.8547
69.3503
69.0195
69.8899
69.8552
69.7313
69.7256
69.4886
69.9162
70.7106
71.26
70.1582
68.4671
68.5544
69.7208
69.0606
68.9751
69.9465
70.2389
70.0557
69.3937
69.0256
70.1123
70.948
71.7905
71.6614
70.273
71.3175
70.1978
69.8315
70.7535
71.4464
70.804
70.4422
69.8149
69.4829
68.9712
69.7639
70.917
69.9101
69.3626
70.7661
70.8248
70.9542
70.4682
69.8147
69.7872
69.0318
69.0411
69.735
69.8295
69.3804
68.9984
70.2656
70.5181
70.9555
71.4157
70.6371
71.2675
70.7472
70.3392
69.6782
69.4178
70.0548
69.9527
69.0592
70.8676
69.7969
69.8823
69.7048
70.3372
69.8024
70.7203
70.6647
70.9845
71.3274
71.0419
70.629
70.4826
69.7749
69.7821
68.6264
69.0568
69.2999
69.9042
69.4542
69.5141
69.3352
68.0776
68.9387
69.767
70.8907
70.8993
70.4846
69.8253
70.635
70.7214
69.7179
69.1831
69.8986
70.3575
69.954
69.0575
69.5647
70.6832
69.8378
69.5353
68.8349
68.64
69.5011
70.0652
70.0283
70.0485
69.6527
70.0821
70.6563
69.3415
69.6326
69.4903
68.9446
68.9629
69.0913
69.3678
70.124
69.6496
69.4201
69.8294
70.3817
70.6037
70.7912
69.657
69.6538
70.3485
71.5416
70.8146
71.027
70.7832
71.1589
71.2863
69.9476
70.274
70.2569
68.8579
68.9932
68.7973
69.0747
68.8472
69.4
68.9024
69.4159
70.7455
69.9834
69.4504
69.0807
69.0245
69.174
69.2876
69.7191
68.7977
70.109
70.7635
70.4096
69.5574
69.1019
69.9473
69.9985
70.2606
70.006
69.9675
70.1472
69.7847
69.5215
70.6891
71.6373
71.0004
69.8187
70.1198
69.8862
68.7139
68.1637
68.7049
68.2403
69.8051
71.6116
71.9751
70.9448
70.5346
71.1092
70.0186
69.8507
69.5343
70.1491
69.2821
69.9343
71.3072
71.5678
71.0341
71.001
71.2167
71.2209
69.9695
69.2584
69.0714
69.1041
69.1643
68.5488
70.0643
69.3669
69.9185
70.4338
69.6186
68.6636
68.304
68.2522
68.8724
68.408
68.8635
70.18
70.459
70.7879
69.597
69.6194
69.0198
68.7594
69.206
69.1058
68.7801
69.5728
69.6146
68.7748
68.0715
68.8936
69.7741
71.1167
71.7989
71.1862
69.6013
69.7238
69.8477
69.3867
69.6692
69.5712
69.5585
69.0784
69.1083
69.5251
69.0281
70.0851
70.7083
70.7592
70.4629
69.7968
69.8828
70.8509
70.0871
70.1053
71.0131
71.3099
71.8203
73.1054
72.113
71.6419
71.812
70.4957
69.8074
70.0321
70.7355
70.525
71.3009
70.9319
71.4451
71.6595
71.5368
71.805
70.9496
70.9869
70.7241
72.0389
72.1153
70.8347
71.515
71.2513
71.3669
70.5288
70.3314
70.3376
71.314
71.2876
70.8926
71.6902
70.3914
70.1635
70.5689
70.1753
70.3797
69.8092
69.7524
69.0929
69.6213
69.9152
69.7321
69.4703
70.0815
70.4567
70.8412
70.0964
69.6301
70.0519
69.4779
70.6013
71.2302
71.287
70.9424
70.031
70.5268
70.6958
70.5613
69.591
69.2933
69.0104
70.8607
70.669
69.6349
69.3269
68.3416
68.7066
69.0207
68.8356
67.8145
68.3363
69.5492
69.5387
69.6459
69.727
69.3783
68.6255
69.7475
69.1243
70.0006
70.6455
70.8412
69.9852
70.6211
70.0046
69.6178
69.8196
69.5068
70.0585
71.3998
71.5231
72.4578
71.1064
70.4583
69.7544
70.1685
69.6955
69.9651
69.9766
69.138
69.3276
69.572
70.3298
69.1902
68.8616
70.1896
71.7081
69.2947
70.6574
70.7543
71.5683
71.0406
70.569
70.403
70.277
70.6167
69.9447
69.9627
70.0883
71.0885
69.9102
70.9153
69.9433
69.9994
71.272
70.665
69.2653
69.797
70.0546
69.6363
69.4677
70.4049
69.5385
69.9802
69.005
69.0422
71.0766
72.103
72.8443
72.5802
71.6674
72.5465
71.6167
72.3392
70.1943
69.5032
69.7681
69.3912
69.9941
70.2067
69.8889
69.1702
67.8123
68.0379
68.9865
68.5827
69.1213
69.1964
68.921
69.2227
68.2254
67.9051
69.0819
69.1702
69.0676
68.7051
69.8051
68.6814
69.1206
70.1255
70.1962
69.9154
69.9261
69.9969
70.0219
70.1277
70.7388
71.3785
70.6002
71.1798
71.2913
71.3758
70.9022
69.6884
70.5028
70.9119
70.4352
71.1514
70.6731
70.5922
70.9092
70.2228
69.6142
70.5634
69.5408
69.5436
68.739
68.3797
68.8734
68.8041
68.0296
68.7469
69.1732
69.5483
70.6217
69.6343
68.446
69.0944
69.0845
70.1397
69.739
69.4689
69.1415
68.8103
70.4784
69.9747
70.7914
69.9493
69.8692
69.4419
69.2094
70.5489
69.9038
69.5256
69.4432
69.9612
69.927
68.6631
69.093
68.5532
68.4237
68.3228
67.6882
68.6852
68.596
69.3082
70.1345
69.2992
70.1995
71.0707
70.6519
69.4589
69.4914
70.3667
70.6207
69.7226
69.4022
68.7022
68.6781
68.3794
69.5452
69.0518
69.8486
70.8519
69.6734
69.6358
69.693
69.9149
69.9742
69.6944
69.6719
70.4505
69.6352
70.5828
71.6267
72.7474
72.0572
71.5082
72.238
71.3219
69.6482
70.2584
70.3911
69.9585
70.4113
70.0742
69.1059
70.4224
69.7484
69.8982
69.0834
68.679
67.8239
68.0532
68.4582
69.3669
69.9317
70.0132
69.5253
70.9759
69.9342
70.3698
69.3953
69.797
70.2489
70.5339
69.9172
70.0472
69.8714
70.1333
70.166
69.6583
69.4187
69.1727
68.9512
68.6311
69.2068
69.9423
70.7574
70.8712
71.7808
72.0389
71.268
70.3745
70.6606
70.4314
69.9626
69.4217
68.9501
69.1264
68.7811
68.3699
69.4953
70.4889
70.1057
69.9294
69.1616
69.3768
70.7011
70.8752
72.3158
73.1603
73.202
73.0812
72.4451
71.3521
70.0229
70.251
69.6152
69.4732
70.2184
70.9564
69.4581
70.2341
69.8139
70.5714
70.119
70.3493
68.9788
68.353
69.4741
69.1608
69.1416
68.4003
68.3956
68.5585
68.4789
68.5346
68.9302
69.2228
69.7024
68.7072
69.1947
68.6801
68.9914
69.733
69.6277
69.1591
69.1535
69.1526
68.9923
69.3357
69.6216
69.446
69.3986
69.5001
69.3501
68.6888
69.6848
70.0077
71.2549
71.3025
70.4686
70.0677
70.7558
70.8196
70.1478
69.8054
69.4199
69.5872
70.3638
70.4777
70.333
70.3083
71.5174
70.4105
69.6049
69.9641
70.5094
70.2559
70.3656
70.2229
70.5312
70.0503
69.7611
70.0944
69.8861
69.7874
70.5363
71.3477
71.316
71.5093
71.6389
71.2839
71.2184
70.9663
69.9036
70.0767
69.9519
70.2354
71.4968
70.656
70.1374
68.5684
67.9311
69.0604
69.08
69.3084
69.6249
71.2815
71.3555
71.326
71.3056
71.0741
70.8531
69.8918
68.8068
68.9554
67.9507
68.82
67.9098
68.9034
67.9578
68.7711
69.5134
68.1924
69.3726
68.1546
68.2453
68.5201
68.1432
68.1266
69.1832
69.087
69.2164
69.9907
70.4447
70.4305
69.3993
70.0168
70.8115
70.5126
70.7629
70.6701
71.6351
71.3896
71.5926
70.4249
69.6585
69.449
68.8968
69.5865
70.0403
69.8577
68.3655
69.0604
69.7249
69.6041
69.1713
69.7994
70.7965
70.7625
70.033
70.7064
70.4552
70.3128
71.5284
71.0657
70.4914
70.7644
71.3332
70.789
69.6812
69.9382
69.2579
69.8452
69.7706
70.5944
69.7561
68.8404
68.5053
68.8015
68.6692
68.5391
69.1549
69.6212
69.2651
70.371
69.8483
69.0923
69.5061
70.8429
72.3497
71.0153
70.6196
69.8688
68.9447
70.815
69.826
70.3793
69.696
69.3572
69.3499
69.7963
69.9347
69.4211
69.3224
69.7614
70.3
70.1346
68.5298
68.8831
69.1496
69.6733
69.5648
70.3827
69.4948
69.7394
69.8606
69.1175
68.2495
69.0648
68.4503
69.1706
70.5077
69.9223
69.6059
69.2125
68.5
68.9557
69.1193
68.7287
69.9227
69.8792
70.0337
70.5308
70.1595
71.4172
70.6332
70.7218
69.8432
70.7089
70.8676
69.1518
69.564
69.4585
69.7714
70.4917
70.6605
70.5267
70.3159
70.6315
71.5003
69.9449
70.2716
70.0861
70.2428
70.2179
69.8267
69.4937
69.0173
69.0138
69.7064
68.9462
68.9352
68.4935
69.172
69.7961
70.1117
70.7867
71.3385
71.4057
71.8035
71.2048
71.5617
71.4137
70.5979
70.0744
69.1541
70.2348
70.6303
70.3334
69.0881
68.9021
70.0072
70.1305
70.2922
69.4972
68.308
68.1668
68.5705
69.3571
70.441
70.3492
70.0963
69.5371
71.0004
70.253
69.2397
68.5765
68.5448
68.0059
67.8713
67.9536
68.6135
69.3682
71.2883
70.5295
70.8257
70.6211
69.4091
69.9985
69.5356
69.156
68.1558
68.2015
67.5742
68.3043
68.6064
69.2412
69.5197
69.8355
69.546
70.1092
70.1716
70.6091
70.0759
69.673
70.3419
70.1954
69.1301
69.8576
69.2084
70.3011
69.5689
69.6832
69.5572
69.6824
68.6442
69.2726
69.9454
70.0675
70.528
70.1897
70.0218
69.1698
68.4671
68.2591
68.5986
68.6687
68.9517
68.0856
68.7701
69.4952
69.764
70.4575
70.0758
70.6633
70.0397
69.5144
68.1998
68.2668
67.9737
68.0772
68.5424
68.6226
70.2473
71.37
69.9831
69.0385
68.0884
69.6707
69.5971
70.6145
70.8683
70.6057
70.3105
70.2797
70.3101
70.9009
72.0695
70.9127
70.4416
69.9243
69.5762
69.2653
68.9395
68.4799
68.7391
70.003
69.1599
68.5963
69.0738
68.8388
69.9217
69.7882
69.4378
69.9701
69.4004
70.6541
68.8952
69.1959
69.712
68.8213
67.8637
68.1408
68.0748
68.8073
68.5806
69.4223
69.8431
70.9543
72.0688
71.7819
71.8962
70.9843
70.4598
70.9069
71.1479
70.2555
71.5165
70.8671
71.3501
72.0703
71.0725
71.1692
71.6387
70.5055
70.3654
70.5403
70.9256
69.7087
70.0918
69.2593
70.234
70.5625
70.9643
69.9492
70.5037
70.262
71.3517
70.0154
70.4264
71.0145
70.3637
70.0815
69.3361
69.8436
69.9221
68.7705
68.6455
68.6922
69.1407
70.5582
69.0054
69.3086
68.4465
69.2214
68.992
68.1666
69.2189
69.8079
69.6067
69.3943
68.8344
69.591
69.5775
69.4614
69.1854
69.2419
69.8108
68.9787
69.4939
71.0435
70.1952
69.4141
69.9471
69.8752
70.0287
69.4034
70.3175
70.8726
69.6765
70.0916
68.5949
68.7129
68.5403
68.537
68.3529
68.0961
68.6981
68.5502
68.433
70.2164
69.8097
69.6202
69.2647
70.0223
70.325
70.0533
69.872
69.4982
69.2829
69.8896
70.7748
70.026
70.7991
70.9304
70.3927
69.9588
70.7079
71.8307
69.3188
70.1195
71.2221
70.8959
70.0454
71.1449
70.8945
70.8227
70.8104
70.7825
71.7294
70.1038
69.2522
69.4073
70.2506
70.1592
69.3532
69.4729
69.0493
68.8685
68.8869
69.2127
69.448
69.2732
69.2148
69.2217
68.9356
68.5133
69.7947
70.3188
70.1908
69.8406
70.6896
70.2946
71.0907
70.6863
69.6251
68.5379
68.8848
68.8565
68.0376
68.7301
67.7742
67.5989
68.3869
70.4084
69.5321
67.2909
67.8377
68.0775
69.1308
69.1405
69.7494
68.865
69.5676
70.6425
69.4248
68.7451
68.4102
68.3488
68.2994
68.4062
68.851
69.657
70.3933
69.9639
69.1447
68.3562
70.0144
70.0524
70.2149
70.0649
70.637
70.6792
69.9796
69.2872
69.912
70.9657
70.1714
69.9179
70.3919
70.5634
69.9978
69.755
68.6436
68.0713
68.6262
68.1579
69.4796
70.1244
69.8826
69.1656
70.1984
70.1118
69.1944
70.27
70.471
69.4185
69.3176
69.6717
70.8306
71.5845
70.3054
71.2147
70.5267
69.3223
68.4491
69.9128
69.1627
69.2956
69.965
70.1289
71.3017
71.6672
71.2456
70.9282
69.5288
69.7265
69.8202
70.2017
70.1885
70.3166
70.5285
70.0117
69.0111
69.7882
70.5692
70.5181
70.5402
70.5024
69.7122
69.7327
70.3783
71.0207
70.4417
69.0682
69.4323
69.3905
68.9203
69.823
69.7668
71.2531
70.6006
70.1968
68.9065
69.3769
68.6514
69.5556
69.9647
70.1906
70.2637
69.4341
70.2041
71.3478
71.7966
70.9879
71.817
72.0635
70.8252
71.4589
72.0594
71.4197
70.4291
69.934
69.5098
70.4601
69.4513
69.0466
69.572
68.4523
68.8462
69.9106
69.4512
70.7616
71.176
71.3709
70.1245
69.7237
69.404
69.578
69.7986
69.2934
68.5585
68.7633
69.3484
70.2955
69.6509
70.6614
70.5212
71.5469
71.8247
70.8602
70.2069
71.2805
70.6524
69.9357
69.2907
70.0297
69.3925
69.9076
70.3236
70.8445
69.6744
69.6285
69.7911
69.6529
69.8358
69.3793
69.1706
69.3396
69.697
68.9977
70.1085
69.1422
68.4855
68.2802
68.9071
69.05
70.4696
71.131
71.1165
70.0089
70.0466
69.7871
70.0067
69.8296
68.6335
69.0485
69.2149
69.4048
68.6508
69.7316
69.4074
69.1444
69.2471
69.1719
69.2442
68.4407
68.9803
69.1414
69.7934
69.6396
69.3802
69.2352
69.2606
69.5507
68.6334
68.629
69.4181
70.8199
70.0345
68.983
70.1835
70.2204
70.4855
70.5168
70.7655
70.981
70.3845
70.1762
71.4453
69.687
70.2985
70.0047
69.2954
68.4216
68.9726
69.2203
69.891
69.9986
69.2608
69.5917
69.7495
70.917
71.2266
71.2371
69.9829
69.2978
69.4092
69.3311
69.1194
68.6187
69.4104
68.9896
69.443
69.3722
69.327
69.2625
69.6945
69.6323
69.6188
71.0341
70.808
70.1243
70.058
68.8198
69.5275
69.0873
69.5859
69.6552
70.6422
70.7311
69.8772
69.5853
68.7721
68.1688
69.3635
69.407
69.4347
69.0186
69.3337
69.5378
69.4833
69.9991
69.8491
70.4953
70.2155
69.4996
69.3509
69.6619
69.5241
70.4505
69.963
70.3071
69.3374
68.9122
69.35
70.2364
70.2128
70.2241
70.9046
71.0644
70.898
70.5615
70.1135
69.5256
70.1933
70.3046
69.4731
69.7087
70.063
70.4196
70.4671
70.0502
71.416
71.115
70.5642
70.0316
69.7999
68.7202
69.9442
69.7296
69.9111
70.6487
70.0493
69.4939
69.7921
69.6493
69.5224
68.6011
68.9222
70.2716
70.324
69.4019
69.8753
70.8407
71.2699
71.5355
72.1919
70.9212
70.4439
70.7984
70.6096
69.6943
70.0582
70.5409
70.3666
69.6829
69.4467
68.6701
69.0572
69.9647
70.3713
69.7809
69.8767
71.5194
70.8874
71.3167
70.4878
70.4369
68.6163
68.8193
69.648
69.0955
70.014
69.5559
69.9469
69.7073
69.4965
69.5191
69.2653
68.7846
68.3025
69.1046
69.4739
69.1331
69.6354
70.4411
69.8063
69.6402
70.258
70.2999
71.3465
71.3277
70.4412
70.1015
69.2997
69.7774
69.285
68.7816
69.1554
68.9035
68.7263
69.7806
70.8127
69.637
69.4516
70.306
69.8816
70.0945
70.3004
70.5685
69.8776
70.5587
69.4357
69.0315
69.7045
69.484
69.2502
69.0864
67.8416
69.4252
69.5859
69.4665
70.3053
70.4213
70.153
69.1253
68.5883
69.0211
69.2886
68.5605
69.3418
69.0767
68.2528
68.2761
69.1514
70.29
70.5342
70.8292
71.128
71.6087
70.2933
70.4237
69.7887
70.5543
69.478
68.8164
69.3266
68.9691
70.5051
69.8819
70.5062
70.4446
70.7341
70.9932
70.6815
71.2178
71.5234
70.8916
70.6305
70.4057
70.5272
69.4959
70.0096
70.3699
69.98
69.7736
69.3885
69.3288
69.2256
69.2246
69.4794
70.038
70.2113
70.0444
69.5521
69.8895
71.2245
69.5517
69.3691
69.5039
69.7347
68.7347
70.1433
69.2281
68.9816
70.4123
70.3318
69.0914
69.3363
69.8028
68.8725
68.8834
68.5201
68.5993
68.9056
68.8767
69.3905
69.6549
69.6937
70.1557
69.9526
70.0356
69.445
69.9121
70.7385
71.364
69.5234
70.144
70.754
69.235
70.0001
69.1889
68.7655
69.1385
69.0381
69.3067
70.0212
69.341
69.1183
69.8706
68.2103
68.7565
69.4475
70.0612
69.9808
68.5873
70.0329
70.1957
71.0292
69.2266
69.4238
69.2112
70.4489
70.2116
70.0794
69.2532
70.1362
70.6421
70.0963
70.1624
69.6288
69.4505
70.6884
70.5787
69.8676
70.145
69.8703
68.9811
69.8083
70.2496
70.3775
71.1383
71.6843
71.4146
71.3405
70.6921
70.0154
70.1849
69.5189
69.8694
70.4596
70.1862
69.5601
69.0481
69.0418
69.4125
69.0069
69.2783
68.9647
69.3518
69.2905
69.9632
69.9406
70.5637
70.7317
69.7506
69.5806
70.4943
69.7256
70.6277
69.5412
69.6631
69.2543
69.8738
69.7027
69.8834
69.9701
69.6256
70.5481
69.5798
70.2793
70.8464
69.6455
70.5462
70.1069
69.9927
69.6298
70.035
69.3029
68.3305
69.3826
69.2595
70.403
70.194
70.1496
70.1702
69.2162
70.1423
70.2759
70.0804
70.5336
70.5298
70.2171
70.2003
70.1879
70.9624
71.0775
69.6663
69.9757
69.9927
70.5474
71.7519
70.694
69.7895
69.7382
69.5526
69.7383
70.0467
69.8717
70.3142
69.6793
70.0424
70.1686
70.3581
70.5667
69.2063
70.4493
71.1748
70.7073
71.245
70.668
70.474
69.5934
69.1311
69.9904
68.8231
68.5661
67.965
69.3302
69.678
69.3019
69.6235
70.7165
70.5212
70.2243
70.2455
69.4042
69.01
69.1077
69.6941
69.2201
69.3171
68.9405
68.929
68.9372
68.3333
69.3526
68.562
69.1728
68.9114
69.2587
69.2749
69.7293
69.9918
69.4788
69.0746
69.9813
69.583
68.9986
69.3304
69.7035
70.1596
69.0357
69.4652
69.5523
69.3111
68.0228
68.3444
68.6376
67.6454
69.1391
69.2092
69.524
70.1788
69.8527
70.1473
69.6661
69.4947
69.6527
69.6952
69.3435
68.7081
68.1307
68.9294
68.6808
69.3184
69.0685
69.1913
69.469
69.0721
69.0523
69.5199
69.4362
69.2922
70.309
70.3618
69.1025
69.41
69.4398
68.7287
69.3382
69.449
69.4251
69.6126
69.1254
69.5395
68.6997
68.4546
68.8036
68.5958
69.702
68.7802
69.162
69.7166
70.1313
69.0557
69.4186
70.2347
70.3735
71.0264
70.4339
70.9622
70.9076
70.4477
69.826
69.4961
69.4106
69.4021
68.7483
69.7027
69.7024
69.5487
70.9132
72.1108
71.2275
69.6817
69.7662
70.051
69.5934
69.6712
70.1036
70.0283
69.3137
69.2785
69.6176
69.6439
69.8509
69.8419
70.0343
70.4276
70.8219
70.1738
69.1241
70.5761
70.6573
70.1316
70.0236
70.067
69.0259
71.0103
70.0328
69.7888
70.0119
69.8908
69.5004
68.4529
68.203
68.6495
68.8751
68.0613
69.0398
69.6642
69.1424
69.3206
70.9345
70.0727
70.8954
70.4981
71.0236
70.0248
69.4545
70.188
71.1737
70.9027
70.769
71.0676
70.9513
69.7804
69.5697
70.0061
68.353
67.287
67.6793
70.2797
70.9942
70.2312
70.0477
70.7993
71.1497
70.5595
70.3251
69.4576
69.7078
69.502
68.3622
68.4916
69.629
70.78
70.6882
70.6081
70.7666
70.7336
69.8795
69.3261
69.7483
70.3077
70.3644
70.5203
71.2373
71.4129
70.7032
68.8087
68.8437
70.4599
70.1551
69.7838
69.9141
69.3434
69.0311
69.2105
68.4076
69.1065
69.5848
69.3753
71.3929
71.4316
71.0548
70.0056
70.4346
71.5233
71.0737
71.8594
71.1043
71.7973
69.7162
70.1493
69.6466
69.9139
70.4807
69.9242
69.9303
70.2191
69.9952
70.1719
69.075
70.7217
69.8472
70.0879
70.1139
69.4351
69.9849
69.2008
68.709
69.6835
69.9122
70.7788
70.009
68.8935
68.9232
69.2994
70.0351
69.0353
69.8297
70.0655
71.2426
71.1211
69.816
70.2828
70.3664
70.5179
69.4066
68.7383
69.2125
69.5571
68.8658
69.6589
69.4185
69.9212
70.1392
70.7149
70.1533
69.3027
68.7703
68.2547
68.6741
68.3618
68.6738
68.4923
68.6419
70.8319
69.4913
68.8834
69.3114
70.4012
69.6843
69.2457
69.1127
70.2433
70.8853
70.6
70.4728
70.416
69.8913
70.4983
69.5845
69.4956
69.8217
70.4679
71.5324
70.6605
70.4902
70.5354
70.3541
70.7252
71.1933
71.5733
71.4668
70.5849
70.1824
70.4734
70.3263
68.7703
69.3293
69.3268
70.5633
70.2773
70.1186
70.4014
69.6053
70.7774
70.8418
70.8685
70.9571
70.2001
70.431
70.2418
70.2844
70.8415
69.4566
70.037
70.4512
70.5852
70.3081
70.4476
70.8391
69.3277
69.2386
70.2159
70.3189
70.6244
71.0349
71.0149
69.8851
70.1385
69.8918
68.7606
69.0766
68.6074
69.1847
68.6259
69.0167
69.1692
70.1134
72.0212
71.9193
71.8851
73.5768
71.4527
71.3248
70.4948
69.9671
69.5638
70.2717
71.3677
72.7724
71.8424
72.2519
71.1403
70.0626
69.6407
69.8748
70.011
70.2325
70.7724
70.2778
69.9121
69.5179
70.8291
69.7946
69.8141
68.6728
69.7225
70.4832
71.1611
70.2236
70.0001
69.2892
69.9952
69.3194
69.264
69.8384
69.8032
68.75
69.0177
69.6757
70.6549
71.0669
70.641
71.0436
69.8644
69.4731
69.9733
70.6954
71.0767
70.3405
70.1586
69.0104
69.2872
70.2994
69.388
69.9905
69.6869
68.7168
69.3666
69.0625
69.3261
70.4662
70.0105
69.4869
67.9521
68.1409
67.8376
67.4711
67.4886
68.9891
70.0517
71.3147
71.5816
70.4244
70.6061
69.6694
69.0356
69.375
69.3268
68.7025
69.4721
69.5639
68.8195
68.7194
68.997
69.8038
70.5002
71.3357
71.2488
69.1655
69.2212
70.152
70.2127
70.1376
69.3531
69.4498
69.4141
70.161
69.4829
69.2046
69.2926
68.9632
68.8933
69.5161
69.1837
69.2583
70.2898
69.7331
69.4904
69.1713
69.8465
70.8052
70.2474
70.3518
70.4315
71.3147
71.3475
71.3716
71.845
72.0333
71.5621
71.0648
70.8385
70.115
70.5257
68.8196
70.3286
70.4148
70.4421
69.6104
69.9121
69.7105
69.8163
70.3259
69.7913
70.1758
71.0094
71.122
70.383
69.7107
69.455
68.9266
68.8537
70.1787
70.3255
70.9275
70.7566
71.1061
72.9302
71.8834
70.5044
68.8733
70.7872
70.0656
70.5792
69.8969
69.1048
69.4657
70.4641
70.222
71.4707
69.9442
69.6806
68.8088
69.3788
69.8082
69.7921
69.2788
69.6782
69.3016
70.6192
70.1962
69.3155
70.8781
70.2551
70.4765
70.7995
70.2664
70.8385
70.3938
71.1559
71.0522
71.634
71.5699
71.2539
70.8829
70.2336
70.4771
71.197
70.0036
70.9605
71.0148
70.8777
69.7956
69.4671
70.1098
69.867
69.6482
69.9482
69.9233
70.3749
70.4755
70.0422
69.4961
69.1977
69.2951
69.9083
70.2106
70.9557
70.7279
69.4145
70.3663
69.7878
69.7246
69.0493
68.9131
69.7647
70.4896
69.7727
69.1104
68.3628
67.7868
67.7133
67.6623
68.6762
70.4582
70.36
70.7287
70.87
70.5975
69.7829
69.8734
69.5064
70.2874
70.4004
70.9264
70.6427
70.1541
68.4279
68.0429
68.6813
69.8607
70.1203
69.6006
70.5732
71.3894
70.7321
71.1462
69.8811
69.6302
69.9006
69.7714
69.5988
69.3072
69.3953
68.233
68.7707
70.0353
69.3927
69.5843
69.4486
69.7813
69.7613
69.4942
69.6907
69.2573
69.9247
69.6648
70.4963
69.4274
69.9577
69.2666
70.4278
71.2143
69.9338
69.8293
70.0963
70.9445
70.2122
70.5772
69.2692
69.3278
69.7283
69.8378
69.468
69.1249
69.9173
69.3259
69.6496
69.7687
69.9078
69.5309
69.2916
69.7863
70.6065
70.6791
71.4266
71.134
71.5954
69.7629
69.9936
69.8032
70.5525
70.1558
70.0254
70.1844
70.5885
70.7071
70.1834
70.6659
70.5793
69.6985
70.4127
69.9429
69.3077
69.2825
68.8451
69.8121
69.4388
68.855
68.6021
68.3694
69.9158
70.1992
70.194
71.2392
71.2494
70.138
69.5906
70.215
70.0993
70.0951
68.75
69.501
69.0546
70.1047
69.2587
70.1258
69.9774
70.7376
70.2437
70.4311
69.5001
70.318
69.2654
69.3393
69.2954
69.6207
69.3805
70.6996
70.2851
70.692
69.2151
69.015
69.4145
68.8815
69.2478
69.224
69.9424
68.7398
68.4917
68.7096
69.3375
69.3316
68.9513
69.4937
70.3517
70.932
71.7788
71.4307
70.7636
70.9469
71.1871
69.8317
70.9518
70.642
72.2209
72.0805
71.332
71.2808
71.3155
69.8753
