474.01
460.908
449.486
438.518
427.464
417.658
402.499
394.892
386.493
380.083
371.567
360.8
353.732
344.27
337.299
328.761
321.658
316.607
310.945
305.821
301.208
298.737
295.791
292.961
291.956
288.75
287.709
283.284
279.923
276.888
273.434
270.678
269.552
267.496
265.148
261.508
258.283
255.248
251.472
247.946
245.031
240.713
238.239
234.172
231.819
228.751
226.117
225.163
223.786
222.096
220.679
219.358
218.877
217.647
215.872
214.428
212.884
210.853
207.664
207.394
205.865
205.642
203.705
202.363
201.465
199.031
197.774
196.564
194.652
194.498
193.296
191.031
190.507
188.857
187.347
187.353
185.875
185.793
184.017
182.91
182.209
181.593
179.859
178.7
176.935
174.716
174.784
175.335
174.097
171.439
170.98
170.277
168.598
167.386
166.513
166.161
166.163
164.643
164.102
161.317
159.578
158.882
158.32
157.099
156.085
154.157
152.965
151.897
151.857
151.487
151.21
149.745
148.513
147.908
147.195
147.068
147.505
146.7
145.837
145.086
143.363
142.532
141.776
141.824
141.384
140.51
140.531
139.168
139.263
139.055
138.092
137.556
137.971
136.831
136.32
134.243
132.713
131.819
131.002
130.149
130.255
129.383
129.213
128.31
128.936
128.179
128.713
127.817
129.024
128.485
127.488
126.888
126.964
127.306
127.076
126.452
126.332
126.242
126.48
125.939
125.043
125.154
124.973
125.198
124.856
124.901
125.523
125.46
124.321
123.737
123.761
123.299
122.84
122.005
122.413
122.084
121.867
120.9
120.293
118.786
118.738
118.853
118.281
118.324
118.726
119.125
118.814
117.248
116.435
116.32
116.348
116.861
115.831
115.914
115.635
115.574
115.067
114.013
113.544
113.952
114.202
112.592
112.826
112.186
112.831
113.043
113.789
113.067
112.583
113.939
114.484
115.8
117.181
116.82
116.74
115.608
113.138
113.386
112.57
111.53
111.298
110.674
110.327
109.309
108.871
108.089
107.533
107.163
107.988
108.244
108.749
107.537
106.074
106.219
106.225
105.528
105.684
105.209
104.677
104.997
105.233
105.845
105.007
104.756
104.728
104.989
102.636
102.68
102.662
102.811
102.894
102.464
102.304
101.924
102.61
101.834
101.887
101.006
101.348
99.884
99.2283
99.9052
99.9417
99.8086
100.225
99.7358
99.9636
99.9773
99.7593
98.7523
98.8513
98.202
98.6662
98.842
97.5987
97.3746
98.358
96.9819
97.3613
96.9685
97.8367
96.9001
97.7523
96.5607
95.8109
95.7493
95.0617
94.8053
94.2326
95.6528
94.6569
93.6863
93.8505
93.9864
93.9429
94.2505
95.1773
94.9188
94.4177
94.4704
93.8122
93.4617
93.5807
93.1334
92.9494
93.453
92.8314
91.7868
91.9674
92.769
92.1522
93.1061
93.2419
92.6519
92.4934
93.2837
92.8158
91.9958
92.3489
91.2924
92.0289
92.0639
91.479
92.1456
90.8619
90.5409
91.2818
91.9743
92.0305
92.8121
91.5464
90.349
90.5625
90.1558
90.9382
91.1931
90.8723
90.7032
90.7639
90.5726
90.9686
91.8479
90.8203
90.2037
91.091
90.3494
90.6084
90.6006
89.9492
91.3499
90.0601
90.7405
89.413
89.1641
89.0545
89.7379
88.675
88.5357
89.4065
89.3527
88.0868
87.8585
89.0074
88.9487
88.9308
88.3981
87.3214
86.9345
87.3158
86.3308
86.6466
87.3321
87.2588
86.8301
86.1624
86.1637
87.0493
86.6398
85.2909
84.8818
85.7212
84.8596
85.2153
84.7378
84.7827
84.3419
84.718
84.3668
85.041
84.1278
83.9719
83.9443
83.6139
83.7886
82.754
83.9388
82.6775
82.2795
82.3
82.7263
82.6905
83.1779
82.7404
83.462
82.3876
81.525
81.8977
82.4078
82.0654
83.2448
82.8644
82.3496
82.6241
82.4454
83.0774
84.8521
84.8753
84.8589
84.6176
84.1757
83.0318
82.3975
81.736
82.4173
82.3937
81.8496
81.2357
82.6298
81.6433
81.7132
82.17
82.3934
81.928
81.3663
80.5623
81.745
82.5869
82.6629
83.5451
82.9655
81.8323
82.4608
82.4499
82.4328
81.6668
82.1518
82.4514
82.4477
82.3499
82.5514
82.7103
82.631
82.5461
82.8364
83.0069
83.0492
83.3047
82.3979
82.5004
82.6451
81.5082
80.7381
80.0129
80.9194
80.5525
80.3868
80.6902
81.4878
81.5959
81.292
81.1016
81.2399
80.8389
81.7555
81.5801
81.5552
81.0531
80.9339
81.1932
80.4159
81.1812
81.4004
81.1023
81.0123
80.481
78.9659
78.7351
79.335
79.912
79.7078
80.0319
80.3467
79.6649
79.7338
80.5444
79.3907
78.5861
79.6141
79.6104
79.7065
81.0679
80.2054
79.6633
79.7403
78.9998
79.3488
79.9087
78.6203
79.5354
78.5042
78.795
78.7342
79.5789
79.0661
79.4419
80.5715
81.5153
81.2275
80.7373
80.3291
80.7278
79.3778
79.7159
78.8213
78.8406
78.6592
78.3168
78.1704
78.9705
78.3223
79.066
78.4602
78.539
79.2217
79.5918
78.7817
78.2303
79.7462
78.4005
80.191
80.3297
80.9151
79.928
80.1604
80.3658
81.0399
81.1875
80.679
80.4033
81.4026
79.6249
78.7902
79.5515
79.5488
78.4543
79.4811
78.9227
78.2544
78.8073
79.5278
79.901
79.0298
77.9953
78.9471
78.1562
78.5014
78.6711
78.4313
77.6269
78.7026
78.519
77.986
78.1815
79.405
78.7719
78.5063
78.5366
78.217
78.4119
79.4543
78.4214
78.0586
77.8353
78.267
78.0038
78.5404
78.2387
78.135
77.9402
77.5205
78.7068
78.2562
78.6046
78.8762
79.857
79.9556
78.603
79.0835
78.7298
80.1175
80.0648
80.1494
80.9507
79.8786
78.4047
77.8666
79.4138
79.5595
81.3531
80.0974
80.3903
79.8408
79.1556
78.5363
78.1973
78.2991
78.0858
78.4211
79.1135
79.5535
79.5737
79.1738
77.8152
79.1661
78.2258
78.5281
78.0277
78.7866
79.1327
78.7219
78.169
78.6184
79.9542
79.3382
78.3318
79.1026
79.0488
79.4309
79.8882
79.1727
78.6239
78.789
78.2771
78.063
76.2901
75.8844
76.7326
76.1945
75.656
76.5856
76.2143
76.4359
76.3635
76.5738
76.7449
77.2083
78.9228
79.4811
78.0848
77.9471
79.6157
78.7815
78.6057
79.2404
78.337
77.6466
76.2461
76.5948
76.3752
76.524
76.8403
77.3987
77.8092
78.0454
78.7418
77.3458
77.3229
77.302
78.3798
77.1808
77.6387
77.4813
77.6159
77.275
77.1332
77.2366
77.83
77.8697
78.9097
78.4343
77.936
76.7273
76.7629
78.2807
78.7709
79.4199
78.4759
78.9029
79.513
79.37
79.8691
79.2969
78.5364
78.7929
78.6293
77.5331
77.8953
77.2909
77.8681
77.6928
77.3103
77.3659
77.1101
78.391
78.4038
78.5026
77.1292
76.2425
76.9868
77.1385
77.8888
77.4094
77.8538
77.2152
76.3847
76.3304
76.0609
76.8419
77.7524
78.1647
78.2121
76.9486
76.9701
76.6115
77.7251
77.8858
76.8368
77.6949
77.326
78.3231
79.4916
77.5999
77.4157
76.8689
76.0595
76.5857
77.996
77.5603
77.9013
78.1341
77.7117
77.6952
77.088
76.7162
76.8513
76.3033
76.7738
76.6952
77.3416
76.7536
77.499
75.8491
75.9617
76.6782
78.1147
77.2339
77.9637
77.5294
77.1438
76.6594
75.4822
76.4743
76.7113
77.0561
77.5559
78.0737
78.7115
78.8075
77.7375
77.798
76.8653
76.2605
76.1438
76.0479
75.8223
75.7914
75.7997
76.585
76.2186
77.0243
77.8551
75.3813
76.0234
75.7922
77.0987
76.7706
77.1644
76.4104
76.5982
75.6897
75.5745
76.4292
76.2711
76.7962
76.6928
76.9821
76.1869
77.7326
77.9421
76.803
77.2472
76.9626
77.4032
76.1896
76.0051
76.9576
76.1056
75.4822
75.3116
76.1269
76.0803
76.0353
76.3732
76.4924
76.3902
76.9217
77.0228
76.5756
76.723
76.6874
77.0852
78.1774
78.3421
78.8957
77.5898
77.038
75.7666
76.0592
75.5395
76.4698
75.5386
75.3559
75.6919
76.836
77.9798
78.1643
77.0692
77.4578
76.1675
76.035
75.6228
75.7819
77.2946
77.343
77.5134
78.1308
78.1557
77.5131
76.6544
78.4176
76.1717
75.6234
76.5745
76.412
76.7287
76.1116
76.0964
76.1013
77.0368
76.5327
77.5913
76.9352
76.2322
77.2435
76.9773
75.6884
76.2358
76.7012
76.7173
76.3906
75.8225
75.0673
75.4713
75.1938
75.0515
74.9711
75.0099
76.7465
76.0662
75.886
75.4624
74.8255
75.6852
75.663
76.1254
77.4723
78.2829
78.8892
77.8676
78.0467
76.6077
76.4731
75.3182
75.8577
75.0622
76.6884
76.7513
75.2224
75.8594
75.9035
75.5117
75.674
75.4094
76.89
76.6056
77.2107
78.2908
78.9014
78.0557
76.6686
75.2488
76.4376
75.6945
75.0032
76.1005
76.1961
75.8124
76.3816
76.9436
77.2856
76.2992
75.7426
75.9691
76.0722
76.444
77.1587
77.7868
77.8239
78.6953
76.8354
76.7131
75.0606
75.4144
75.1351
74.9932
74.5116
74.6687
75.9821
75.4989
75.0082
75.725
74.4907
75.1651
74.8569
76.0474
75.0239
76.8396
76.9578
77.8387
76.9534
76.5356
76.3562
76.7756
77.1293
75.9323
75.9269
76.5757
76.4119
77.5824
76.0534
76.5325
75.6493
77.0113
76.699
76.6387
75.7224
74.7497
74.1682
74.9592
75.5586
75.5018
74.3712
75.8385
75.5855
76.2383
77.1511
77.3337
75.8655
75.2036
74.1667
75.8134
76.6336
76.3163
76.1474
76.1067
76.1398
75.3014
74.8987
75.9664
75.7309
76.5877
75.5738
76.5447
76.2151
76.4742
75.6416
74.5753
73.9069
74.4896
74.2395
74.318
73.978
74.5522
75.5487
73.4309
74.367
75.247
74.9809
74.3201
74.6467
73.5383
73.2573
73.1588
72.69
72.3184
72.1525
72.8482
73.9006
74.5697
74.9266
73.2475
73.4044
74.4406
74.5098
73.7129
74.2539
73.2458
73.406
73.7578
72.8379
73.0867
73.2644
73.1645
73.5926
73.1329
72.9357
73.0212
73.5503
74.3973
73.6595
74.4516
74.5824
74.0157
72.9335
72.4279
73.0472
73.4276
73.9631
73.9123
73.5874
73.141
72.2198
72.9925
72.8627
73.728
74.6675
73.2574
72.7424
73.3036
73.5627
73.9608
74.575
74.4788
73.8981
75.535
74.5437
73.5536
73.4525
74.3777
75.3098
74.6246
74.2256
73.4584
73.2854
73.1749
72.5324
72.3131
73.2193
74.2695
74.9365
75.5366
74.1943
73.4469
72.9812
73.7275
73.8325
73.4405
72.9582
73.0766
72.7415
73.1342
72.5701
72.4599
73.886
73.4834
73.3331
73.1365
72.9874
72.6491
71.9357
73.0305
73.9395
74.3496
74.4902
74.2016
75.0975
73.4992
74.5801
73.3739
73.374
73.5867
72.77
73.6572
74.0914
73.1008
73.5353
73.84
75.2051
74.607
74.7403
74.1484
72.3891
72.1098
73.1485
73.7673
73.3645
73.0094
72.1745
73.9684
75.0316
74.494
74.5703
74.5551
74.3134
75.1727
75.8125
74.8087
75.1407
74.4019
73.325
73.3688
73.461
73.4406
73.5336
72.3142
71.8786
72.802
73.6924
73.6446
73.8272
73.3007
73.5472
72.892
72.5201
73.9852
75.1802
74.2827
75.1864
75.4938
73.7402
74.6331
73.9753
73.4272
73.3548
73.4962
73.4502
73.4731
74.5661
74.3911
74.5141
73.6473
74.0616
73.8526
74.8781
74.164
74.0842
73.5109
73.9048
73.8997
72.27
72.0441
71.7414
71.9402
72.1024
71.012
72.1274
72.3902
72.6813
73.2603
73.927
73.6229
73.7575
73.8063
73.8134
73.3505
73.1157
72.7005
73.3756
74.0212
74.0836
73.5172
73.6391
73.1674
72.5771
71.9715
73.4002
72.9246
71.9838
72.4995
72.4736
71.8446
71.3675
70.9678
70.8988
71.9741
73.1478
73.3218
73.2765
73.0111
71.2845
71.6829
72.8694
72.3667
72.3658
72.5087
72.9962
72.1436
72.3744
72.1926
72.0823
72.8558
73.6238
74.0494
73.5315
75.0939
74.8251
73.9202
73.7844
73.0099
73.2318
72.0037
72.0285
71.9571
73.3731
74.143
72.8173
72.7087
72.8139
73.1096
72.3337
72.3013
71.0783
71.3441
72.531
72.0027
72.917
72.8346
73.5445
73.467
73.6506
73.3103
71.994
72.085
72.5593
71.4368
72.3378
72.3521
72.8381
71.4844
71.4323
71.6002
72.3203
72.5826
72.0586
72.6341
73.3602
73.2667
71.8134
72.1394
72.5612
71.7877
71.7606
72.6142
72.9155
74.0388
74.0121
73.1013
73.9643
73.7361
72.4536
71.862
72.2647
71.8131
70.7909
71.7644
71.7726
72.1712
72.6159
71.7394
71.3655
71.7127
72.5755
73.0091
71.8683
72.0254
71.5927
72.5973
73.8211
72.8319
74.4046
74.0669
74.3254
73.144
72.7427
72.9525
73.4762
73.4042
73.3228
72.9543
72.5628
72.3512
73.1889
73.5326
73.1388
73.7139
74.3873
75.2139
73.1135
72.9269
71.5819
72.6557
71.806
70.9228
70.7033
71.3475
71.8632
72.3429
72.9416
73.0077
73.5974
72.6156
73.6358
72.216
72.6272
72.4109
72.9202
72.8154
72.3455
72.187
71.9804
72.0543
72.4619
73.0115
74.1606
73.2178
73.9195
74.1033
73.6154
73.421
73.3704
73.3217
73.6881
73.2613
72.2449
73.4703
74.4028
74.6098
73.8838
73.1961
73.7491
72.2754
71.6394
72.4023
72.4438
73.4846
72.7306
72.7476
72.4533
72.6233
71.5324
71.5514
72.6577
72.6399
73.5901
72.8496
72.6739
71.7492
72.0828
72.3999
72.8537
73.425
72.6213
72.8532
71.7114
71.6573
71.9977
71.9976
72.7624
72.1384
71.921
71.7348
73.662
72.6801
72.0025
72.4627
72.461
71.5521
72.6239
74.0983
73.4133
74.7878
74.6791
73.8727
73.6065
72.8599
73.482
73.0138
73.3692
73.2024
72.3763
73.2472
72.8966
72.9907
73.106
72.4756
73.0803
72.8511
72.9383
72.6798
71.9684
71.7212
72.2588
72.6166
71.88
72.0789
71.9977
71.742
70.6121
72.4362
72.524
72.0224
72.2126
72.885
72.2901
71.3125
71.4932
72.6228
71.2494
71.3241
71.3449
72.5605
72.3637
72.4858
71.4533
72.0689
72.5969
72.5893
73.2308
73.477
73.487
73.0809
72.9343
72.9262
73.1505
71.9054
73.1931
72.3101
72.0412
72.5147
74.1253
74.6746
74.5943
75.1621
75.019
74.1245
74.6978
75.0606
73.3342
74.093
73.1424
72.3372
73.6248
73.6892
74.3271
74.3366
73.7854
72.9153
74.1192
73.9075
72.9512
73.2522
72.2923
73.0937
73.6739
72.7723
72.5646
72.4371
71.5147
72.1226
72.3883
72.3254
72.3547
72.1283
71.2777
71.9984
71.9307
72.2514
72.2152
73.3857
73.599
71.7847
71.9987
72.5086
73.2349
73.8774
72.8841
73.7438
71.579
72.9724
72.4941
73.886
74.1595
73.9035
74.009
73.106
73.1087
73.3889
73.13
74.0265
73.119
72.4247
72.5605
71.9846
72.3636
72.9135
72.8754
73.9472
72.5769
71.9464
71.7813
71.5149
71.4835
73.3134
73.8936
73.395
73.1005
73.359
74.7497
73.5144
73.0103
73.3073
73.1584
73.9941
74.1696
73.0353
72.6589
73.47
73.7883
72.9221
72.8087
72.698
71.6994
71.8149
71.7852
71.3072
72.3349
72.6234
72.3506
73.3016
72.9904
72.7514
73.2461
72.8075
73.3464
74.0591
74.2666
74.5811
72.7099
72.5356
73.2593
72.9113
74.0918
73.6129
73.7337
74.1509
73.913
73.9968
74.0082
73.0734
73.0021
73.8942
74.8081
75.137
74.3612
73.419
72.8124
72.5759
72.2011
72.278
73.0241
73.6658
72.7574
73.4135
73.9066
73.8897
73.4671
72.8948
72.6899
72.5265
73.1859
73.0957
74.0191
73.4536
73.5376
72.93
73.1256
74.2897
74.1303
72.8489
72.8821
72.5145
72.7625
72.3195
72.3219
72.6425
71.6569
72.0554
72.4699
73.0397
73.0232
72.4067
73.1121
73.4908
73.1875
72.9029
72.262
73.4547
72.3409
73.2357
72.7273
73.0324
72.3286
73.6533
72.7714
72.3547
73.1332
73.1131
71.4632
72.1257
73.1469
74.068
73.2713
72.8292
73.0636
73.509
74.4286
74.6879
74.4004
73.3298
72.4648
72.3574
71.5135
71.8498
71.6307
72.9538
74.1299
74.1925
74.2557
74.3584
73.2356
72.9399
71.3492
72.322
73.3453
73.4028
73.6198
73.9636
74.3631
73.5318
73.2034
73.0955
73.6459
73.5533
73.6083
72.9835
72.4895
73.9584
73.5919
73.1249
73.8583
73.4935
72.996
72.6249
71.7881
73.0072
72.1674
72.2873
73.134
72.604
72.1198
71.8783
71.1446
71.347
70.8929
71.2197
71.3866
71.633
71.8729
71.418
70.912
71.5019
70.6033
70.0568
71.3911
72.1707
71.3151
71.5727
71.7264
71.5504
73.3906
72.001
71.9054
72.6863
74.1261
72.6892
73.4018
73.7309
73.8798
73.8541
73.0204
72.5748
72.528
72.4083
73.848
73.099
72.4449
73.4149
73.9494
74.7532
73.7526
74.3731
73.5682
73.2005
74.2043
73.5585
73.2643
73.1238
72.4895
71.8993
72.536
72.7702
72.953
73.091
72.6258
73.6711
72.7379
72.619
73.3055
71.921
71.9659
72.8166
72.2277
72.5041
72.2643
72.618
72.5535
72.1486
72.1912
72.88
73.7146
72.376
73.3776
73.1974
73.0583
73.3012
73.8993
73.0666
72.9315
72.831
72.3397
71.8335
72.4347
71.6246
71.6524
72.1081
71.5419
70.7961
71.9466
71.6881
72.0422
72.3935
73.6443
72.7862
73.4976
72.8102
71.2955
71.3801
71.5085
72.1692
72.7926
72.9463
72.682
72.637
73.1715
72.2236
72.5443
71.9916
71.9142
73.2502
72.5378
72.6808
71.6353
70.716
71.6082
72.4951
73.004
72.4099
73.0517
72.6125
73.7451
72.1533
71.949
72.1566
72.3359
71.8468
72.7043
72.599
72.1339
72.896
73.0194
72.8525
72.0604
71.5881
71.9892
72.7494
71.9244
73.166
72.6251
72.299
72.203
72.2767
72.7113
72.7796
72.1171
72.97
72.8197
74.6541
73.4907
73.5332
72.8519
72.1851
71.9159
71.299
71.4634
72.0166
72.9917
71.8079
72.5601
71.7436
72.1122
72.1234
72.5628
72.6085
73.065
72.6822
72.4484
72.4996
71.9873
72.219
72.5417
73.2464
71.6855
71.1999
72.4388
71.6546
69.8901
70.6419
71.1127
70.1108
71.5972
71.658
71.947
71.7315
72.0646
71.4587
73.137
73.1454
73.2667
73.8278
73.069
72.4126
72.8048
74.6885
73.4503
72.5173
71.8188
71.6891
70.9689
71.629
72.0376
72.0778
72.8438
72.3095
72.2009
72.1328
71.7251
71.124
70.398
70.293
71.0749
71.364
71.7462
72.5565
72.1195
72.3012
71.7496
72.2502
70.9113
70.8568
72.143
71.9859
71.728
71.4099
72.653
73.3122
73.159
74.255
73.6152
72.7653
73.4798
73.1019
71.4294
71.4516
72.3287
73.3912
73.1632
72.4912
72.4216
72.1721
73.25
71.9783
72.0289
71.6489
73.4665
72.4992
73.0618
72.9936
72.4932
71.7365
71.999
71.5229
71.4637
71.0897
71.9295
71.5556
72.9837
72.6705
72.5494
72.3825
72.7516
72.3691
73.0542
73.3759
72.8688
72.2229
71.7662
71.3498
71.7136
71.5979
71.9407
72.7431
73.175
72.8541
72.9727
72.8709
72.9394
72.5375
72.7223
72.8831
73.2272
72.6606
72.1582
71.4817
72.6809
72.3401
73.1234
72.003
73.2708
72.7402
73.2557
73.6337
74.1505
74.3402
73.1035
75.1101
73.5967
73.0385
72.8319
73.1728
73.0825
72.3072
72.5139
71.6987
71.4919
74.1509
73.0491
72.7043
73.3372
71.9054
71.9435
71.095
70.9967
70.5745
71.9296
72.1404
73.0238
73.1641
72.6669
72.7263
72.9232
73.0885
73.1117
73.5027
73.367
72.8329
72.6849
71.61
71.8337
72.035
73.2911
74.1728
73.0596
73.3849
72.1124
71.3884
71.6441
71.1901
72.372
72.2622
71.6297
71.6484
71.7038
72.7299
72.4812
73.3345
73.7559
73.8013
74.7919
74.6869
72.8833
73.748
73.3976
73.5064
72.2626
72.3204
73.1606
73.5144
73.8435
72.5106
72.6099
72.1276
73.3757
73.1404
72.8207
71.7645
71.9371
71.7116
72.0836
71.0967
73.4539
72.063
71.6229
72.0037
73.2058
72.2042
71.8665
73.2527
73.187
72.6451
73.3
73.0766
72.9615
73.0851
71.2746
71.3694
71.1432
69.9279
70.4134
70.9381
70.306
70.4638
71.3187
72.3553
72.1416
71.4964
71.1741
72.311
71.5294
72.0987
72.2708
73.2648
72.963
72.4513
72.2537
72.789
73.0269
73.8548
74.0204
72.9954
71.9525
72.9573
73.081
72.4696
74.0705
73.4253
73.0106
72.3306
72.6148
71.9762
73.1394
72.9999
73.8428
74.5904
75.1878
73.4383
72.8197
73.0747
73.0021
73.2404
73.5581
72.969
72.2084
72.5184
73.8287
73.1226
73.6673
73.134
72.3097
72.1533
71.3763
71.5075
71.5954
71.2015
70.9804
71.0821
71.0964
71.7308
70.6781
71.2998
72.4296
73.2944
73.6585
74.1866
74.8413
74.5939
74.1451
74.286
73.9977
72.8288
72.9441
72.9809
71.4093
71.6877
71.3322
71.4461
70.9758
72.0581
71.8365
71.178
70.9728
70.4439
71.6261
70.2001
69.4201
70.7301
71.3556
71.7325
72.6762
72.3286
72.9863
73.5201
73.4491
73.341
74.1719
73.4305
72.9427
72.0374
73.1921
72.5277
73.5332
73.086
73.1483
73.068
72.5906
71.7188
72.8931
72.4586
72.0713
72.9083
73.0143
72.8048
73.9372
73.4698
72.448
74.0425
73.378
74.6752
73.5125
72.9099
72.7496
73.5125
72.8416
74.3336
74.1968
74.0175
72.758
72.3649
72.9866
74.0369
74.2068
73.1312
73.948
73.1547
72.9883
72.5292
71.3593
71.8258
72.1442
72.0477
71.7181
71.838
71.5937
71.8066
72.6445
70.8979
71.656
72.733
72.8038
72.1679
72.7371
72.0339
71.5896
73.3271
74.1394
74.449
73.0205
72.2849
72.5825
71.5849
71.5856
71.2191
71.029
72.0353
71.8469
71.2531
70.8467
71.449
70.8714
70.1305
70.3603
70.6745
72.3644
72.7796
73.4228
73.0734
71.7491
71.8252
72.5888
72.0917
71.9453
71.9295
71.5531
72.283
72.4482
72.0834
73.4572
73.9267
73.0981
72.0792
73.0202
72.3584
72.0285
73.4501
72.4358
72.487
72.1559
72.3131
72.5241
73.3493
72.8139
71.1383
72.0906
71.8981
71.3932
71.1111
70.8571
72.3154
72.7579
71.8002
72.2227
71.172
71.3954
70.8742
71.5301
70.9325
71.8906
72.0419
72.7454
72.7379
72.5729
72.186
72.3894
73.2823
73.0504
73.2068
72.5506
72.4204
72.5746
71.7869
71.7039
71.9219
71.4442
71.5705
71.9546
72.267
72.4984
72.8468
73.4323
73.6529
73.3055
73.836
74.2933
72.6856
73.841
74.427
73.65
72.8683
72.1248
73.0463
72.6298
72.2207
72.5051
73.0789
72.8719
72.261
73.065
72.0096
72.6703
71.7238
71.6432
71.4837
71.131
70.851
71.9259
72.3874
72.7971
72.1084
72.2419
73.9566
73.7009
74.2413
73.864
73.7037
72.852
72.5991
71.3032
72.1103
72.7462
72.6817
73.1297
74.1322
74.2439
73.5994
73.6034
73.817
73.2577
74.1185
74.2102
73.8974
73.7294
72.9049
71.8564
72.1866
72.4135
72.4506
72.8538
73.064
74.4739
74.641
73.7248
73.442
73.6424
73.6829
73.3888
74.3427
74.7715
73.3291
72.9589
72.415
72.3908
71.7647
71.081
71.1513
70.9835
71.7037
72.3296
72.6538
71.8189
71.8558
72.8008
72.088
72.28
72.6622
73.3232
73.0263
72.3857
71.903
71.4562
71.7113
71.8893
72.2256
71.8345
71.2871
70.7213
71.7445
73.2234
73.2908
72.4504
71.985
71.8846
71.7509
71.3921
71.654
71.4182
73.0646
72.5572
72.5261
70.743
71.8108
72.4974
72.2873
71.1901
72.384
72.243
70.6426
72.1739
73.1015
72.2802
71.5833
72.3148
72.568
72.8519
72.0957
71.7244
71.385
71.1869
72.5442
72.4225
72.8986
73.2873
73.1214
72.9317
72.6729
73.4722
72.0108
72.7313
71.9826
72.182
72.2283
71.1053
71.7768
72.025
73.1758
73.7282
73.6666
73.4394
73.2228
73.0808
71.3426
71.3847
70.9703
71.6069
72.5565
72.4507
72.227
72.0452
70.9496
71.7362
71.0757
71.1869
71.3386
71.4883
72.0081
72.1819
72.9578
73.8231
73.6186
74.5309
73.7321
73.2695
72.2011
72.7664
72.1981
72.8807
72.6721
71.6784
72.1994
72.6128
71.0567
70.5307
71.2889
71.7794
71.6781
73.0384
71.7126
71.6186
72.2106
71.8791
71.0467
71.4027
72.6633
71.3688
71.2066
71.6085
71.5901
72.5356
71.8605
72.2319
72.969
72.0558
71.76
70.8857
69.9588
70.2165
70.2425
70.2775
69.6608
70.9413
70.3218
72.1393
70.7106
71.3354
72.3043
72.0062
72.2301
71.1797
71.3431
71.3869
72.1142
70.6375
70.8681
70.6845
71.2333
71.1046
70.5768
72.969
71.3981
71.7383
71.8836
72.2039
71.1282
72.6396
74.4401
74.7387
73.0282
72.4208
71.4033
71.0773
70.9528
71.3661
71.5267
71.487
70.2806
69.3538
69.6512
70.3126
70.8103
71.0408
69.9434
71.0015
71.7093
70.2264
70.3943
70.5111
70.7642
70.7068
70.9678
71.1699
71.4525
71.5451
71.2117
72.5573
71.7482
70.9168
71.7725
69.6771
70.0179
70.2479
70.496
70.5233
70.2052
70.1627
70.3491
71.5057
71.5436
70.6481
70.8985
70.7861
71.4293
71.363
72.6345
72.9688
72.292
71.8994
71.6493
72.0329
72.8901
71.2733
70.2629
71.6202
71.5743
71.368
70.0024
70.7803
71.2291
70.2021
69.5707
70.196
71.1032
70.6368
71.7735
70.7332
70.4609
69.6902
69.5565
69.3535
70.8374
70.2881
70.7227
71.7054
71.833
70.8079
70.9375
70.7784
70.647
70.6995
71.0236
70.8625
70.588
71.4297
71.8987
71.8985
71.5531
72.1444
73.1121
72.7219
71.9149
71.6346
72.3731
72.0239
70.9984
70.7586
70.7721
71.0047
70.0937
70.3422
69.6034
70.1782
70.2148
71.3705
71.3446
71.0949
70.8044
70.7872
71.8523
70.4501
70.0379
69.9734
70.6644
69.6808
69.3284
70.0227
69.5387
69.4673
69.1537
69.5217
69.8286
69.3353
69.7495
69.94
69.6242
69.3382
70.0103
70.9332
70.8865
70.0011
69.9948
69.9819
71.4836
71.6014
71.3801
71.3078
71.2235
70.0671
71.1741
70.1322
69.6106
70.8595
71.137
70.4378
70.1527
71.0088
69.7051
70.9937
70.9231
70.8319
70.6768
71.4654
71.0277
71.1388
71.5873
70.3152
70.4261
71.6937
72.2977
72.6824
72.6601
73.167
73.7866
72.986
72.7287
71.1459
70.8628
70.4714
71.4331
71.1746
70.4159
70.0732
70.5052
70.6652
70.8977
72.155
71.0689
70.8834
70.2032
69.6607
69.6969
70.0802
69.7503
70.8431
69.6278
69.0503
69.816
70.3886
69.5284
69.4209
70.7329
70.1189
69.6669
70.5267
70.1294
69.9396
70.9973
69.9604
69.8132
69.1717
68.842
69.6206
70.2284
69.9673
71.0257
70.9505
70.7658
70.4496
70.8202
69.9128
71.2309
70.4697
70.9809
70.341
70.7823
70.3425
69.7366
69.9365
70.7411
70.5759
71.4322
71.0554
70.7261
71.2414
70.8889
70.491
70.1964
70.3331
69.938
70.4894
71.131
70.861
70.879
70.4722
69.657
69.6481
68.7413
68.6971
69.5154
69.4605
69.8028
71.0527
72.1205
70.9953
72.1002
70.8969
71.2274
71.5684
71.1093
70.7397
70.1997
69.2486
70.2077
70.7998
69.8596
70.1224
69.7403
69.2111
69.5956
69.2568
69.8093
70.9208
71.7675
71.7182
72.2116
70.9618
70.2133
69.542
70.1192
70.4092
70.3878
71.4539
70.9317
69.7076
69.7396
68.7637
68.5502
70.5408
70.9955
70.4147
70.8286
70.2465
70.3895
70.1004
69.0783
69.6768
69.7422
69.3335
70.5215
69.8451
69.6756
69.7179
70.2632
69.4985
69.9908
70.6257
69.7404
69.7279
69.4151
70.3137
70.5906
70.0907
70.4857
70.1845
70.2863
70.5128
70.7543
70.8048
70.2791
71.4072
70.7031
69.7604
70.4615
69.6046
69.4172
69.438
68.8237
69.0123
69.2855
70.4184
70.362
70.5068
69.576
69.4483
69.7816
71.0666
70.7455
71.3038
70.1812
70.7607
71.1657
70.714
71.2174
71.7288
72.2504
70.5193
69.9616
70.557
70.1944
69.5359
69.509
69.9573
69.9515
70.3397
70.6165
70.4551
70.3559
70.861
71.6264
70.632
70.7331
70.0377
70.1737
70.9812
71.4653
71.7107
72.7286
72.0616
71.8709
71.0719
70.7476
71.0576
70.0904
71.3603
72.8084
72.171
72.5467
71.7851
72.1185
71.5748
71.0143
70.9034
71.0339
71.2792
71.3905
71.1322
71.6065
71.0057
70.5626
70.4647
71.4446
70.6942
69.8544
69.6435
71.6268
71.0119
70.9716
70.5593
69.9425
70.56
70.6867
70.073
71.0108
70.9909
70.316
70.9609
70.2014
69.6565
70.089
69.6828
70.855
71.652
71.4704
73.0307
71.3495
71.123
71.1614
71.1999
71.6847
71.5267
71.4386
70.77
70.0747
69.1811
70.9279
70.1179
69.3909
70.7234
71.2863
70.4716
70.6056
70.6705
69.7403
70.9339
69.8792
70.2146
70.5994
70.9031
70.0528
70.0385
68.5119
69.0503
70.2996
70.1885
69.7893
68.753
68.7262
70.62
70.394
70.5555
68.3718
69.1355
69.4174
69.9065
68.7455
68.8004
69.2258
70.2374
72.1558
72.3565
72.3149
72.724
73.2945
72.7799
72.1376
72.366
71.5212
71.5137
70.9709
70.1847
69.6083
70.1091
70.0415
70.4103
70.3726
71.5462
71.5851
70.8143
70.9225
70.3955
69.524
68.6173
69.8872
69.4577
70.9814
70.8262
71.0079
70.6889
71.9829
71.6828
70.8086
70.682
71.2273
70.9105
70.6406
70.3949
70.3155
70.1717
69.9577
70.5273
70.93
70.5458
71.6048
72.1499
71.4904
71.3893
71.9686
71.776
71.0204
71.9656
72.2352
71.5988
70.9438
70.7133
70.7454
70.2187
69.4812
69.0462
69.5482
69.8379
71.0674
71.8564
71.1542
70.9902
70.2222
70.5381
70.531
70.8741
69.6277
70.1548
70.6392
69.3042
68.5674
69.1495
68.9789
69.8167
69.1956
70.6025
71.191
71.1218
71.6242
71.3251
71.125
71.0261
71.5311
71.9208
71.6906
69.9571
70.0153
70.8305
70.6855
71.8715
72.4543
72.209
72.3001
72.1053
72.1003
70.8292
69.7121
69.8067
70.2208
69.3955
69.5665
69.9037
70.3425
69.2531
69.4522
69.5113
69.8721
69.4608
69.6614
68.3372
69.4518
69.3914
69.7191
69.0273
69.6482
70.2458
70.8001
70.7773
70.9427
71.2468
70.5876
72.1641
70.7197
70.6851
70.8071
71.3748
71.5854
71.7361
71.7966
70.7056
71.2496
71.8254
73.7421
73.4537
74.1721
73.8491
72.9461
71.6143
72.3362
70.7094
70.1674
70.396
71.4381
71.0861
69.8356
69.7983
70.221
70.8516
70.4795
69.6174
70.1362
69.9488
70.1594
70.1837
70.8617
71.0158
70.7245
70.0036
69.3542
70.1665
70.7423
71.1316
70.7646
71.5014
71.945
72.135
71.0325
69.9508
69.6288
69.6304
69.4334
69.0816
68.4164
69.5873
69.0832
69.9908
71.1602
70.5408
69.453
70.3396
71.3157
70.4275
69.9787
69.5938
69.3627
69.2968
69.3479
68.5863
69.227
70.3462
71.0439
71.0818
69.759
69.8942
69.4662
71.3537
70.6093
69.9478
70.5189
69.9796
69.5232
70.2249
70.4863
69.9494
70.487
69.6462
68.9732
69.6388
70.0165
70.4428
70.8154
69.6703
69.5717
70.1605
69.5247
68.6844
69.9281
69.4207
69.0262
69.7044
69.8586
69.3141
69.6918
69.486
69.5884
70.0048
69.9236
70.5226
71.1577
70.8819
70.3114
70.4539
71.136
71.0314
71.1865
70.9347
70.9982
71.7067
71.4807
71.2976
71.2308
69.9335
69.4804
70.2776
69.2826
69.516
70.2574
71.8185
70.1278
70.8286
70.9025
70.7774
70.1074
70.0061
70.2862
69.1155
68.527
69.4921
69.6932
70.0713
69.5755
70.2829
70.7358
70.8954
70.8262
68.9888
69.8112
69.5871
70.0369
70.5196
70.4208
70.4885
70.3035
71.2766
71.218
71.184
71.153
70.2873
69.6518
69.4172
70.6998
70.4531
70.1371
70.5602
70.6527
70.2325
70.2653
71.2446
70.9192
70.2743
69.8671
69.4541
69.9886
69.4468
69.3425
69.9713
71.0424
70.6618
71.1884
70.4768
69.2715
68.8729
70.0182
70.9002
71.3477
71.009
71.9827
71.7473
70.5608
71.3005
70.3283
70.2287
70.6806
71.222
70.6003
70.3688
70.7207
71.5305
72.4677
71.9496
71.5716
71.4264
71.6194
70.5278
70.3935
70.1144
69.6537
70.2314
70.26
69.3051
69.1181
70.3678
69.6189
70.6108
71.2194
71.5182
70.6714
69.6635
70.2192
70.0661
69.7524
69.7104
70.8941
71.1794
71.0841
70.3885
70.802
71.0884
70.6403
69.9321
69.1636
70.5333
70.6446
70.627
70.9995
70.2469
71.1655
70.3248
70.6046
68.5056
69.4974
69.2633
69.6971
71.3561
71.4482
71.5034
71.5936
71.9354
72.0785
71.4889
71.2785
70.2824
70.054
71.2201
70.6829
70.3214
70.9916
69.9845
71.0464
70.575
70.1459
71.0019
71.0239
71.819
71.3078
71.6772
72.7335
72.7257
72.1745
71.826
72.2837
70.6152
70.444
71.5167
70.7295
70.4134
70.6013
70.1388
70.5471
70.4261
69.6316
69.6197
70.134
70.0794
69.9979
71.4574
70.8451
70.9177
70.288
70.7401
69.2799
70.5188
69.7728
69.225
69.7606
69.5499
69.8714
69.844
69.9815
69.48
70.3526
70.3496
70.9231
72.1555
71.1695
70.7968
71.2828
70.8688
70.2856
70.4889
69.9128
69.2383
69.6926
69.0822
69.4192
70.019
70.8246
70.3095
70.4322
71.6877
69.8884
69.4101
70.4342
69.4812
69.9618
72.3708
72.5848
71.9821
72.0979
71.2704
70.7292
70.0038
69.7988
69.5595
69.2773
70.0536
69.7622
69.6687
70.2501
72.1996
72.1884
72.5014
72.341
73.0627
73.6113
72.6298
71.7106
71.6463
71.4295
71.054
70.7695
71.07
71.9351
70.9909
71.5406
70.0075
70.7052
71.3326
71.2261
72.5241
72.0658
73.44
73.1195
71.8277
70.6383
71.2839
70.9204
70.42
71.5581
70.2279
70.6047
70.8961
70.3248
70.6851
69.9942
69.6225
69.5609
70.1285
70.01
71.1171
70.2977
71.7673
71.6052
71.1946
71.2739
69.3952
68.6004
68.9544
69.4052
68.6928
68.4675
68.1406
68.5186
68.988
69.7564
71.0938
69.8742
69.5108
69.8485
70.533
69.9216
69.2595
69.9574
70.5678
68.9863
69.2356
70.2005
70.523
70.2333
70.6856
70.3642
70.1589
69.3153
69.0353
69.9791
69.2313
68.8682
70.2347
69.8767
71.2682
70.0757
71.399
70.7547
71.5519
71.2547
70.561
70.1602
70.9111
69.8101
69.8002
69.3263
69.8242
70.3642
70.2504
69.4013
68.7436
69.8363
68.7156
69.4369
69.6595
70.0598
70.3829
70.5774
70.4957
70.9937
70.3287
71.52
71.6486
70.9394
71.194
72.1865
71.3623
70.8273
71.0136
70.7258
69.9445
70.2446
69.6686
70.2725
70.6814
70.5039
70.8774
70.1586
70.4333
70.2458
70.4353
70.2368
69.365
69.8496
69.3953
69.0138
69.8939
69.2359
68.9052
69.3867
70.0295
70.0644
69.5327
69.5375
69.5315
69.2378
70.4847
71.5768
71.4151
70.4538
71.2423
70.9445
69.4079
68.8191
69.8367
69.7443
70.6049
71.4831
70.7694
70.3635
70.0767
69.6005
69.4523
69.382
69.472
68.9538
69.7409
68.4499
68.4265
69.1789
69.4846
68.7549
68.987
69.8153
70.2732
69.6491
72.1305
71.1536
71.0548
70.6251
72.0078
71.7757
70.5339
70.1643
69.8557
69.6397
69.5231
69.5119
69.7553
69.5947
70.3906
70.2554
70.0529
70.3912
70.1607
71.2878
71.684
71.1493
69.7967
69.5497
69.3356
69.9953
70.1247
69.5656
68.8218
68.5034
70.5022
69.2705
69.6581
70.2675
69.369
68.4443
69.1101
69.2631
69.2288
68.7101
69.6328
70.5419
71.5077
71.8812
71.3313
72.1904
71.9512
71.6291
72.6256
71.9008
70.8764
69.2023
69.2561
69.818
72.4124
71.8448
71.53
70.7443
71.2134
70.17
69.8754
69.8333
68.5912
69.6285
70.6921
69.7773
71.3157
70.4188
71.2724
70.2742
70.5507
71.9518
70.7687
71.9571
71.6824
71.0923
71.4
69.7856
70.8016
69.792
70.4794
70.7315
70.7596
69.3722
69.6842
69.4969
70.832
70.3966
70.1218
70.4759
70.3428
69.0701
69.8029
69.6787
69.5323
69.5193
70.1653
70.0217
70.4562
70.0902
70.32
70.324
69.7859
69.517
70.2442
70.1002
69.5006
68.7081
70.4354
69.3369
69.4814
68.8728
69.6018
69.5093
69.2884
68.9581
69.7179
69.4954
70.7367
70.6484
70.015
70.9708
70.5506
70.1958
70.8732
70.7598
70.5869
69.6107
69.304
68.5756
69.007
68.8196
69.4002
69.8313
68.9533
68.47
67.8433
68.9892
69.2215
68.6531
69.624
69.3761
70.3836
70.8019
69.4559
70.6298
70.263
69.8909
69.5366
69.6987
69.5682
68.9088
69.9651
69.9788
69.4672
70.513
70.5144
70.8479
69.6198
71.0677
71.5926
70.801
70.8511
69.3564
69.5863
69.829
70.3788
71.8439
70.6662
69.7654
69.4257
70.8758
71.2145
70.8423
70.421
70.9091
70.493
70.3039
70.0035
69.4952
69.4566
71.0438
71.4405
71.3107
71.2637
71.4335
72.0149
71.2494
71.4612
71.0204
71.7715
70.5804
69.9963
70.8608
70.599
70.4056
70.6411
71.3731
70.8322
71.7179
72.427
71.3353
71.1711
71.0823
69.0102
69.3565
69.6203
70.1464
70.0417
70.7344
71.0441
69.8052
70.5318
70.743
71.1039
69.9253
69.8152
70.0769
70.1904
71.0069
69.4956
70.0203
70.0986
69.1101
69.8803
70.1445
67.9262
68.3101
70.1241
70.3667
70.1176
69.159
69.8088
69.6312
70.1832
69.8449
69.2143
68.8143
69.9742
69.4962
68.7317
69.2919
69.4504
70.3503
69.9747
70.2642
69.9247
71.2363
71.1158
70.845
70.8452
69.8162
71.0866
70.6087
70.6763
71.6519
72.3451
72.4944
72.8794
71.5571
72.5791
71.0848
70.6379
69.526
69.7568
69.1318
69.428
69.7225
71.0902
70.7125
70.5069
71.5094
70.1141
70.1728
70.2527
70.7397
70.6575
71.0866
70.7303
71.1115
72.1026
72.3483
71.1977
70.9415
70.675
69.6883
69.6067
69.8067
69.0033
70.7632
70.2402
70.501
71.2116
70.697
71.3409
70.7451
71.8765
71.9412
71.9215
72.997
72.5909
72.392
71.0415
70.4492
71.0371
70.1939
70.2747
70.4385
71.1948
71.208
70.9352
71.1475
71.4832
70.6336
70.24
70.3487
69.8174
69.176
69.3972
68.7282
70.0444
70.5322
71.0463
71.84
71.5023
71.0536
70.6875
70.2641
70.3574
69.9825
70.1726
69.5192
70.1388
70.1077
69.6337
70.7263
70.004
70.4094
69.8211
70.5474
70.7426
70.4712
70.1622
70.7993
70.517
69.1889
69.5423
70.2767
70.6776
70.4579
71.2615
69.9577
70.3986
70.3505
71.5262
71.1059
71.1328
71.3476
71.4371
70.64
72.1614
71.1902
72.332
72.0339
71.8134
70.5967
71.0081
71.3381
72.107
70.3618
71.1373
70.3884
70.4116
72.4263
70.6109
70.9627
70.8224
70.253
70.5013
71.0237
70.9046
71.5321
71.4695
71.2895
71.756
72.3732
73.5357
73.2536
72.507
71.6796
70.8159
71.2044
71.0478
70.8286
71.0661
70.1801
70.404
71.3821
71.7935
70.8382
70.3976
70.2264
71.1191
70.695
70.5114
70.5752
69.2609
69.6036
70.6965
71.2929
70.6522
71.3904
72.3816
72.015
71.1407
70.3961
70.4407
70.871
70.5521
71.8734
70.9656
70.741
69.7765
70.4623
70.729
69.8524
70.0109
69.7271
70.2778
69.3687
69.6633
70.0218
69.5901
71.0327
71.9418
72.1939
71.4237
71.7967
71.4241
70.5024
70.1583
69.4839
69.2732
69.9717
70.1872
70.9168
70.4822
70.1993
69.5889
69.403
69.5922
69.7707
69.8871
70.0365
70.2383
70.3804
69.1515
69.6952
69.6329
70.0506
69.9894
69.5183
69.8791
70.9655
70.6118
71.9397
72.0042
70.6559
70.2909
70.068
69.4154
68.4395
68.4762
68.8572
68.8809
68.3233
68.6901
69.7174
68.8003
69.5082
68.7315
69.3718
69.6987
68.7468
68.7872
69.0234
69.2236
70.201
69.9736
69.1989
69.9768
70.4531
70.6593
70.5988
70.4391
71.7865
70.8894
71.1605
70.4161
70.7191
70.8795
70.313
68.9689
68.9414
69.2154
69.8552
69.8923
69.8939
69.6826
70.4829
69.2811
70.5494
69.864
69.4481
70.3269
70.3584
70.5193
70.4076
70.7921
70.4768
71.3706
71.7865
72.031
70.4246
71.4356
70.5842
70.9659
71.431
70.8912
70.5271
71.2362
72.6901
71.6614
71.4608
70.6744
70.6594
70.3762
70.9426
70.3404
71.3567
70.6793
70.3654
70.4793
70.1829
68.8977
69.5856
70.3438
71.1517
70.7473
70.5012
69.4792
70.9178
70.2842
72.2898
70.6592
71.4067
71.7354
71.1503
71.2753
70.8216
70.709
70.3379
71.1234
71.3691
71.1127
71.7258
71.9206
71.1209
70.8902
70.3517
70.4124
69.1931
70.0675
70.5483
70.8749
70.0312
70.6734
70.9292
70.9958
72.0001
71.6066
71.8372
72.0412
71.5901
71.2955
71.8127
71.1558
71.6715
70.7061
71.7067
70.6235
70.7047
71.4936
69.5269
69.8488
69.5588
69.5087
69.0433
68.6787
68.3836
69.2984
69.3267
69.5419
70.085
69.4229
70.5367
70.0345
69.1031
69.8427
70.8055
70.7961
70.4851
70.2497
69.9849
69.7196
69.0035
69.5217
68.98
69.4649
69.7629
69.3908
70.0174
69.4354
69.9832
70.8757
69.6355
70.6459
69.8373
70.4293
71.211
70.7395
69.4496
69.8717
70.6013
70.5623
70.8884
71.5008
69.9649
70.1116
69.3144
69.5795
69.7147
70.1579
69.0052
70.6789
70.1403
70.8689
71.1707
70.8078
70.3051
68.9113
68.9761
69.3579
69.1173
68.0107
68.4425
70.3138
70.2512
70.0229
69.8578
70.4259
70.0844
69.68
70.5705
70.8708
70.0999
69.4103
70.473
70.8955
71.3137
71.0374
71.2505
70.4871
71.1362
70.1618
70.2757
71.6566
70.6423
72.0193
72.1371
71.1185
70.3399
71.5499
70.0062
70.5953
70.6518
70.5025
71.5385
71.3892
71.7934
70.9458
70.6783
69.8323
71.6881
70.8676
69.7069
68.7863
68.3901
69.6724
70.0335
70.4172
68.8371
70.3352
70.453
70.7986
71.0618
69.92
69.5499
70.2977
69.37
69.1101
68.8254
69.0218
68.3533
68.4824
69.4887
69.5304
71.2126
70.2693
69.4794
69.1905
70.1261
70.1956
71.2009
70.758
70.8106
71.3996
71.5389
69.9
69.3339
70.5059
69.793
70.5958
72.1717
71.5675
69.8771
70.3414
71.6204
71.2236
71.8398
71.7395
71.5045
71.6948
72.7936
74.1866
74.0164
72.7068
71.227
70.7859
71.3034
70.978
71.9236
70.4488
70.6635
69.4413
69.9188
69.2042
68.9036
70.2496
70.0013
70.596
70.2335
70.6568
70.381
69.4399
69.7755
69.8342
69.23
69.8989
69.8119
69.7709
69.8476
69.028
69.031
70.726
69.749
70.697
70.6581
71.4758
72.1667
71.3467
72.2658
71.2669
71.3547
72.4237
71.5175
71.4195
70.861
71.0498
69.6526
70.1268
69.6099
69.3636
69.62
70.8258
70.2588
71.2792
71.0042
70.7615
69.6616
69.029
69.7744
68.7269
67.9389
68.2825
68.1435
69.1826
70.4137
69.3063
69.8074
71.1326
72.4073
70.1356
70.2691
69.7409
69.9796
69.4972
69.1511
69.6433
71.1116
70.4641
69.8641
71.4017
71.8606
70.3239
70.0677
71.1734
70.6242
69.5267
70.095
71.0255
69.2707
69.3129
70.6162
71.5139
71.2854
71.8568
71.8486
70.9438
72.0099
71.8074
72.077
71.8671
71.3229
70.907
70.9145
71.8306
72.3201
72.7561
70.7801
70.4289
70.0229
68.9256
69.3434
68.5346
68.5539
68.9536
69.2952
69.1711
68.9885
69.7259
68.4925
69.1731
69.917
69.8636
71.4959
69.6297
69.1834
69.5911
69.9608
69.7958
70.1429
68.7013
69.5603
69.1204
70.3919
70.2589
70.0378
69.9676
69.7836
70.8057
69.7221
69.9329
69.069
69.5586
69.0606
69.9395
70.1307
70.4449
69.4954
69.6405
69.5412
69.5992
69.7379
69.3006
69.1999
69.76
69.7379
70.0018
70.5387
69.6055
70.7188
71.3013
71.1839
71.7798
73.3147
73.0828
72.8376
72.4341
71.7112
71.8616
71.2686
70.2947
69.2011
68.5133
68.8715
68.5378
69.6804
69.3694
69.6026
72.2524
71.6643
70.455
70.4986
71.6183
71.8093
70.3473
70.7613
71.0989
70.7265
69.8207
68.9378
68.9069
68.9134
68.7902
70.1148
70.4037
70.5162
71.4298
70.7423
70.7077
69.9311
68.6508
68.8857
69.2859
69.4696
69.7227
69.3641
70.02
69.8256
69.3459
69.7189
69.8064
70.479
70.0477
69.5776
69.2146
68.5643
69.3987
68.1995
68.7775
69.4
71.0272
70.4126
69.9328
72.491
71.3884
71.1784
70.3804
69.1236
68.508
69.9425
68.188
67.9176
69.4328
68.591
69.7473
70.3323
70.318
70.7676
69.6139
69.8987
69.3192
68.6903
68.6145
68.3502
68.8714
69.2639
68.9768
70.2801
70.2099
69.612
70.2471
68.9505
68.299
68.8378
69.2727
69.5969
69.847
69.1647
69.3792
68.7879
69.109
69.4687
69.4005
69.5683
69.4044
68.6386
68.773
69.8326
68.781
69.6044
71.2506
71.4878
70.9836
70.278
68.8144
69.0453
69.4443
69.8304
69.9536
70.0452
70.2196
69.9917
69.2721
69.5616
69.228
70.4249
70.2751
70.6311
69.7925
70.0917
68.6644
68.59
69.1857
69.179
69.4966
70.2726
70.6003
71.1195
72.4196
71.1074
71.4369
70.6353
69.839
69.9223
69.5706
69.0071
68.8562
68.9134
68.3034
69.012
69.6096
68.4284
68.1759
68.0879
68.7433
69.3494
69.6424
69.7554
70.2985
69.0548
68.7153
69.0347
69.4853
68.9722
68.7564
68.8215
68.5758
68.6837
69.3819
70.9344
70.3433
70.1699
70.044
69.9623
69.1532
69.61
69.1518
69.2437
68.4442
68.9972
68.7705
70.4332
71.3545
71.4558
70.9962
71.3415
70.0306
70.4586
70.4083
70.6313
70.3642
70.479
71.2546
70.2874
69.9989
69.7245
69.7121
69.1425
69.503
68.4525
68.8788
69.2717
69.7848
70.3076
70.7863
70.2972
69.641
69.9342
69.9683
71.031
72.0288
71.4305
70.5052
70.1667
69.0354
69.6163
69.1944
68.6627
69.393
69.5152
68.878
69.8593
70.0478
70.5004
69.599
68.342
69.1122
69.7402
69.3475
70.0424
70.2739
70.0867
69.7481
68.9688
69.2073
69.067
69.3141
69.8512
69.4969
69.2934
69.0366
68.5118
69.4877
69.9699
70.2526
71.0262
71.5895
71.8959
71.2283
71.6696
70.8998
69.3877
70.667
70.8356
71.5867
72.1275
71.5653
70.9134
70.6626
70.0353
69.5331
69.1235
69.6757
69.5403
69.4396
69.2409
68.9998
70.0387
70.2501
70.7885
69.3268
68.6775
70.6485
69.7158
69.6247
70.5652
70.4971
69.9944
71.0625
71.3723
71.2089
70.1591
71.778
70.5817
69.6158
69.0785
69.5264
69.3072
68.9303
68.0968
69.5619
68.7779
68.4979
68.6167
68.9058
68.355
68.2378
69.6489
68.6503
68.7433
69.6051
70.9223
71.2217
70.9333
71.1472
70.9412
71.7392
71.342
71.2123
72.0366
72.2036
73.044
71.8876
71.5664
71.176
71.2228
69.8738
70.1844
70.6416
69.646
70.6884
70.3862
71.2693
71.1157
70.2406
70.5132
70.4702
69.8067
70.5581
70.4436
70.4336
70.3518
70.1572
70.7734
71.1527
69.9531
71.4767
71.2742
71.265
71.0848
70.6958
69.1511
69.1728
68.0989
68.0864
69.0442
68.5391
68.6529
67.9416
68.8449
68.7221
69.4975
70.0054
68.3296
70.0202
70.4089
69.7733
70.0014
69.4521
69.343
69.4407
69.3976
70.3478
70.2387
69.6869
69.0061
70.8777
70.3341
71.101
69.8106
69.6679
69.6251
69.7259
69.6286
70.172
71.5301
71.7867
72.2362
71.5541
70.8612
71.0715
70.3359
70.4711
69.4949
69.4196
70.0402
70.3177
69.7405
68.9611
68.0252
68.3055
67.9816
69.1032
69.4119
69.544
68.9324
69.7907
69.2922
68.9218
69.7109
69.9856
70.1836
70.1367
70.8132
70.752
70.1125
68.6129
69.4277
69.3674
69.3474
69.3504
68.6185
69.1677
69.576
70.4386
70.9565
70.8256
69.0076
70.154
70.5052
71.7021
71.7351
71.1182
71.6727
69.9647
69.2063
69.3724
69.6611
71.0608
68.8244
68.9963
69.2635
69.9081
70.6253
70.3214
69.1383
69.6591
70.0892
70.4597
70.5746
69.4319
68.9184
68.7233
69.4954
70.3701
70.1752
70.1319
70.4953
70.3662
69.8902
70.9678
71.7046
70.9529
70.3566
71.2223
70.4001
70.0703
69.5359
69.8121
68.5971
69.2896
70.3103
69.9765
70.2762
70.6501
70.4104
69.4225
69.016
68.9651
68.2569
68.9195
69.528
69.3813
68.5414
69.3106
68.3529
67.9439
69.1169
69.4069
70.3148
69.6514
70.7989
70.6943
71.8911
70.8711
69.8673
70.0654
69.4085
68.4556
69.2192
69.5313
69.6239
69.7315
70.2518
70.8151
71.5498
70.5091
70.3429
70.0596
69.738
69.7752
69.8573
70.772
70.2574
71.7534
71.521
72.3285
72.6699
72.4608
71.9743
71.6223
72.1793
73.3999
70.3428
69.251
68.9208
69.4799
69.0858
68.919
69.8034
69.6486
70.3982
70.5582
69.9833
69.7533
70.5027
69.3265
69.4217
69.8371
68.9729
69.1671
69.5051
69.3217
69.0429
68.7466
69.4158
68.5657
68.609
68.6122
69.1884
69.6712
70.1758
70.4625
70.5177
70.1156
68.7294
69.5152
69.2803
69.7334
69.944
70.8884
70.6795
70.2413
69.3833
69.7455
69.6766
69.6897
69.712
69.6625
70.666
71.4932
70.9766
70.4793
70.0712
70.785
69.0447
69.4844
69.0012
69.1683
68.3575
68.9257
68.9226
68.9621
69.5079
69.686
69.7631
70.2912
69.9622
70.5957
69.903
69.5873
71.1349
70.2227
69.2428
69.4906
69.5277
69.0051
67.9034
69.1537
69.5562
69.2516
70.0848
70.522
71.5908
70.8225
71.3401
69.8471
69.2658
69.0995
68.636
68.3176
68.9341
69.1464
68.8416
70.0033
70.4316
70.8064
70.4539
70.6939
70.743
69.7828
69.2685
69.7506
68.5168
69.3501
69.6759
70.3534
70.2673
70.4724
70.4316
69.9278
69.7449
70.2574
69.598
68.6413
69.1026
69.6968
69.7062
69.5349
69.4677
68.5287
68.9142
68.4632
69.7515
69.7784
70.5031
71.351
71.1524
71.021
71.1901
71.3634
69.9105
69.9865
70.1779
69.3581
69.8621
69.9095
71.2085
71.2581
71.597
72.3407
71.2172
71.7133
70.486
70.8642
70.1882
68.4664
68.9823
69.0494
70.057
70.3627
69.3681
69.5061
70.4462
71.0875
70.4765
70.6995
71.362
70.5582
71.3411
70.729
71.0253
71.3723
70.7814
70.2056
70.6701
70.7992
71.0832
70.749
71.1484
71.6847
71.4509
71.1049
70.9303
71.4835
70.534
69.7757
70.8678
69.5915
69.3939
69.7355
70.551
70.7397
70.0547
70.7459
70.5302
71.0036
69.8418
69.2821
69.7008
70.191
70.0378
69.5809
69.6648
69.0687
70.2226
68.8507
68.5752
69.5977
69.2393
69.6702
69.0529
67.8534
69.2204
69.4551
70.3067
71.1928
70.8021
70.3704
69.1885
69.7009
69.293
70.7084
70.9153
70.6054
70.7594
69.472
69.1223
69.4727
70.1647
71.2054
71.0553
70.9123
70.3059
70.2031
70.5145
70.9848
70.5099
70.1956
70.1393
70.2078
70.512
71.564
69.5689
69.9396
69.508
69.727
69.4103
68.9215
69.8987
69.6084
68.832
69.0957
69.6759
69.2809
69.7745
70.0293
71.0527
70.8436
69.9187
70.0144
70.3758
70.6412
69.8082
71.9688
70.3601
70.3472
70.625
71.7874
72.6412
73.1208
71.9249
71.019
71.4156
71.0839
70.1956
71.1902
69.9537
70.1826
70.908
70.1866
70.1561
70.532
69.867
70.1293
69.1035
68.5907
68.941
69.2419
69.8851
69.4588
70.0063
69.2008
69.5864
70.0671
70.3932
70.8438
70.2466
69.4567
70.2551
70.0931
69.5648
71.1311
70.3553
69.899
69.7681
69.4706
70.5786
70.0603
71.1843
70.1258
69.8057
69.3612
69.3616
69.6251
68.8857
69.4214
69.3893
68.4887
68.8599
68.7987
69.9547
69.374
68.7309
69.5961
69.3265
69.2687
70.7345
69.9419
69.6353
69.5458
72.0331
69.6737
70.0235
68.1608
67.9937
68.4815
68.8658
69.2841
69.6655
68.9532
69.6441
69.4549
68.4692
68.9319
70.2578
70.1455
69.065
69.42
70.2738
70.5505
69.8916
70.9987
69.9635
69.1416
70.1632
70.9067
71.1322
71.1167
71.1593
70.3569
69.1935
69.8309
70.643
70.4782
70.0582
69.9549
70.5717
71.2005
70.7928
70.7627
72.0328
69.739
69.821
70.2196
69.7549
69.8691
70.582
71.4145
70.2221
68.7701
68.887
68.1459
68.3553
69.5282
69.821
71.1641
71.7008
71.5021
70.9029
71.2691
71.1342
71.5685
71.3758
72.3989
71.5008
71.1209
69.95
70.3747
70.1521
69.5183
69.7354
70.9963
70.4336
70.9516
71.1696
70.7068
71.6204
71.7048
70.5346
70.2797
70.6841
70.615
70.8286
69.9185
68.5145
68.3585
69.2804
69.6138
69.2986
69.0057
70.3563
70.9522
70.5669
70.4973
70.3601
70.5275
70.1971
69.9178
71.0431
70.6909
70.6505
71.0618
69.7389
70.3688
70.4376
70.9297
70.8221
70.8021
69.8705
69.5477
69.0436
70.0077
69.5299
68.5415
68.4403
68.6606
70.1056
69.7952
69.2455
69.4307
69.9985
69.7238
70.737
70.4773
70.6666
70.6419
71.6857
72.0685
70.6062
69.3578
69.7619
70.0188
69.9123
69.9707
70.4939
70.8932
70.5445
70.076
69.6088
69.0349
69.0513
70.4862
70.8416
70.7896
71.1223
71.6244
71.4101
69.7185
69.3647
70.8331
72.6829
72.5834
71.5875
70.6141
70.5644
71.2579
70.2678
70.4905
70.3169
71.283
71.0946
70.3129
68.7536
70.0119
70.2314
70.0862
69.6278
69.0675
69.2141
69.9051
70.1879
70.7008
70.4653
69.3692
69.0545
70.0633
71.3205
71.2385
71.0753
70.3072
70.6172
71.5298
71.038
71.327
70.8283
70.336
70.5632
69.7929
70.1738
69.6706
69.7902
69.2495
69.7225
70.9678
71.3566
71.0755
69.5679
69.8946
70.0025
68.4059
68.8179
68.3601
67.8432
68.6251
68.7058
68.5558
68.5151
68.844
68.5781
69.4498
69.1678
68.8887
69.0618
69.9973
70.1245
70.6997
69.2915
69.5094
70.2451
70.1931
69.2723
67.97
67.6309
68.4585
69.0309
68.0833
67.3085
67.9441
68.0905
69.541
70.3327
69.449
69.7073
69.1747
68.8624
70.0353
71.3902
70.0676
70.5598
70.5869
70.1007
69.3578
69.8684
68.6623
68.7762
69.7384
69.9464
69.7344
71.1343
71.2507
70.3538
69.6776
69.1949
69.5377
70.1794
70.3291
69.7328
68.9
68.1673
68.4962
68.3547
69.6212
68.929
68.954
69.0227
68.4699
69.0442
70.057
68.3246
68.2337
68.3303
69.0329
69.2784
70.4056
70.7011
70.8378
70.6257
71.4783
69.5495
70.4555
70.4896
70.4928
70.4945
69.1934
69.5553
68.8176
69.8312
69.7834
70.2412
70.7663
71.0082
71.3106
71.882
69.9025
69.6964
70.1363
70.2192
69.6347
69.3164
69.6505
69.6888
70.4412
71.1621
70.4917
69.9763
70.3644
69.1515
70.0809
69.2381
68.5412
67.4567
69.0953
70.1404
69.9878
70.1921
70.654
71.2072
72.2559
70.229
69.902
69.4539
69.7685
71.434
70.9637
71.2437
71.2197
71.1267
71.0051
70.4167
70.7516
70.2338
70.6418
70.1524
70.0431
70.1199
69.2528
69.8362
69.125
70.3626
70.0397
70.6453
70.4503
69.8481
69.6724
69.5465
68.8653
70.2049
70.6037
70.1131
70.8202
69.0427
69.0502
68.6738
69.1936
69.9716
71.7918
72.1721
70.6415
70.8179
70.3355
69.3459
69.9641
70.5412
71.7534
71.1864
71.7471
71.3647
71.1185
70.7482
71.4146
71.1724
71.0099
70.0329
70.1095
70.9975
70.1271
70.3239
69.8574
69.7765
69.1729
68.7311
68.1272
68.1361
68.0891
69.2916
69.0596
70.7298
71.0577
70.7388
70.4358
69.6837
70.4507
70.9612
70.3605
70.6903
71.4471
69.9421
68.5697
68.4646
69.2052
69.0082
68.2525
69.3468
69.763
68.5894
69.7846
69.9715
69.3522
68.9092
69.9822
69.8271
71.0142
70.274
70.0401
69.2196
69.7641
70.0511
70.1144
70.1093
69.4904
70.1816
70.2514
70.6897
69.962
69.9944
69.6621
69.1284
70.1064
69.2926
69.2673
69.1795
69.395
69.4525
69.4976
69.0084
69.5745
70.3568
70.2323
70.1381
70.1153
70.2126
70.0695
70.8209
70.3592
69.8515
69.9185
69.2658
70.8513
70.1549
70.6859
70.5824
70.755
71.037
69.3721
69.4737
70.3717
70.3293
69.8647
69.5616
69.5462
69.8119
70.3442
70.2113
69.8288
69.4382
69.0577
68.7243
69.2052
68.2693
68.0966
67.9896
68.4508
67.8439
69.0067
69.6901
70.1174
69.2496
68.2848
68.3225
67.956
69.1125
69.0366
69.856
69.328
69.7335
70.1398
69.7697
69.4229
69.9147
69.7418
69.2041
69.5787
69.4217
68.6423
69.6534
69.1055
69.1819
68.6656
69.9907
68.9133
67.7556
68.061
67.1502
67.5344
68.3947
69.3973
69.3452
69.4346
69.9239
69.1672
69.9797
69.6693
69.7518
69.0285
70.3459
69.1471
69.9849
69.4865
69.8254
70.2327
69.5811
70.5049
70.7344
69.8921
70.6869
71.1794
72.1308
71.9443
71.3168
70.4056
69.1145
69.4016
68.5186
69.0402
68.8667
68.4986
70.4553
69.7314
70.3769
70.1079
71.2933
70.4834
70.0545
69.4809
69.9005
69.8901
70.6185
70.5813
70.3289
70.2037
71.1137
72.4121
70.6702
69.7448
69.5935
68.9839
70.2805
70.1262
70.4446
70.3582
70.1588
70.2248
70.3746
70.4288
69.5674
70.7755
70.3713
69.812
70.7071
71.0506
70.3776
69.8926
69.4607
69.3332
69.5669
69.9187
69.987
70.9062
70.5463
70.1258
69.0926
68.6697
68.3721
69.1764
69.3801
69.7818
70.7728
71.4893
70.7011
70.1576
69.9304
69.6323
69.375
69.0392
69.7117
68.6233
67.7118
68.1372
68.8127
67.825
68.287
68.7419
69.456
68.0002
68.6803
68.9813
69.5669
69.7632
69.7728
70.0259
69.1516
69.8374
70.3
69.8205
69.7237
70.543
69.016
69.9987
68.9604
68.8
69.1002
69.2413
68.8384
68.0105
68.6276
69.7822
71.6543
71.2529
70.5094
70.6069
70.2951
71.0673
71.8374
70.7091
71.169
70.3098
70.431
69.5493
69.8183
69.302
69.9483
69.868
70.0176
70.3754
70.578
70.7175
70.5951
70.5798
69.6409
70.1376
69.7248
69.7765
71.2311
69.5772
69.8458
69.5488
70.5668
70.8983
70.3397
69.9951
69.8026
70.4847
69.8322
70.0505
70.9013
70.2389
68.8444
69.9174
73.1134
72.0339
71.7597
72.0962
71.3357
70.4647
70.785
70.4951
70.4644
71.1883
70.4637
69.3669
68.6973
69.3367
69.6111
70.3921
69.0706
68.061
68.6184
69.2616
69.7547
69.4185
69.4809
69.576
71.6708
71.1915
70.8449
70.8033
70.6332
69.7037
69.9923
69.9058
71.0149
71.28
71.0667
70.4336
70.5243
70.3448
69.3137
69.7444
69.5777
69.2719
69.0077
70.0865
70.1706
69.986
70.4229
70.1963
69.2408
69.8799
70.5197
70.767
71.3474
70.5715
70.5578
70.208
70.4323
70.7271
71.1286
70.5071
71.8362
70.9732
69.3235
69.699
68.8935
69.6361
69.5421
70.3185
70.3461
70.6617
70.9076
70.6028
71.1486
70.2035
70.1623
72.0012
71.2106
71.565
70.7877
70.0088
71.2487
71.3856
72.2406
70.8701
71.1058
70.4207
69.4362
68.4697
69.0212
69.6761
70.0492
69.5281
69.5307
69.2907
70.1508
69.8215
69.7336
70.3525
70.5584
69.3566
68.9748
69.813
69.7715
68.8032
68.835
68.1941
68.7827
68.471
68.1032
67.5104
67.9674
67.9293
69.0338
68.2999
68.036
68.8054
69.0417
69.3541
69.3167
69.968
69.9017
70.1915
71.0502
70.3817
69.9436
70.6789
70.1108
70.2545
70.1325
70.4552
70.9922
71.4289
72.1827
72.3105
70.6234
70.3846
71.4766
72.3937
71.3908
71.4513
72.0894
71.5949
71.048
70.1355
69.5435
69.9874
69.6597
70.0377
70.3363
70.4633
71.3863
71.8821
70.9021
70.4642
69.6031
70.7284
70.5892
71.4972
71.4237
71.7721
72.2478
71.9291
70.4881
69.839
69.2562
70.157
70.262
70.8237
70.5005
69.9309
70.8713
71.3599
71.5305
70.0453
70.3054
69.0429
68.6848
69.4766
68.6087
68.7024
68.6558
68.9673
69.2005
69.9013
70.6525
69.6111
69.3518
69.1348
67.6365
68.6089
68.7035
68.9656
69.2613
69.6887
68.7621
70.3771
69.6406
69.3355
68.8014
69.5823
69.8424
69.4455
69.1842
69.4
69.993
70.2374
70.0692
68.8785
69.1048
70.2089
69.8218
68.8719
69.9099
69.6808
69.9052
69.6246
71.5134
71.488
70.3128
70.0862
71.1448
70.7013
70.6617
70.5913
70.5072
69.7456
69.3304
68.638
70.4104
70.8218
70.1159
70.191
70.8696
71.8411
70.7664
72.1239
71.073
71.0306
70.1249
70.1989
70.2415
70.2361
70.0367
70.8607
69.9964
69.6507
69.9589
69.1755
69.7557
69.6849
70.159
70.2814
70.3373
71.1465
70.4578
70.6408
70.2428
70.6881
70.9082
71.6083
70.9891
70.2385
71.6823
70.4361
69.6443
69.4131
70.2501
70.9694
70.6693
72.5778
72.7394
70.881
70.0019
69.5465
69.2247
70.4403
70.3683
68.9004
68.9183
69.1608
69.527
69.5548
70.282
68.1992
68.6327
69.0013
69.6129
70.2779
70.6224
70.2968
69.9168
70.6878
70.6694
70.1905
70.4843
71.0989
70.9364
70.0353
70.3688
69.4542
70.4082
69.5312
70.2944
69.4406
69.6672
69.1329
70.5004
70.8483
72.0302
70.8751
70.1945
69.9523
69.6132
69.3768
68.3869
68.7159
68.5939
67.9275
69.1303
69.5352
71.2202
69.0016
69.2371
69.7682
70.1459
70.9058
70.6897
70.5792
69.958
69.8729
69.3613
69.9596
70.4321
70.7552
69.5652
69.775
69.3726
70.5415
69.8681
70.214
70.9852
71.6648
71.2527
70.0186
69.6161
69.8753
69.3618
69.867
70.3198
70.6856
69.9646
69.1958
70.1887
70.2723
70.0352
69.924
70.5609
70.3347
69.477
70.383
69.7824
71.1508
70.6864
70.9535
71.5981
70.926
70.0563
69.613
70.3058
68.7615
69.2966
69.6368
69.2419
69.0005
69.2261
70.1274
69.4855
70.651
70.7289
71.5507
70.6352
70.4893
70.5606
72.1446
71.5734
71.6453
69.5772
69.5738
68.5826
68.8853
69.416
69.5286
68.7365
68.7649
69.9352
70.1609
70.0434
71.0944
70.7453
70.33
70.5055
70.3425
69.9893
70.9297
70.2457
69.9895
71.0032
70.9881
71.4317
71.552
70.6679
69.5489
69.9576
69.962
69.9791
70.1164
70.3782
70.6463
70.822
70.2395
70.1252
69.7998
69.7859
70.9632
70.6804
70.3106
70.5896
70.3091
70.2136
69.6342
70.7832
71.2508
69.6753
69.0983
69.0502
69.4704
69.6452
68.893
69.0368
70.312
69.1527
69.9741
69.6482
68.9307
69.0744
69.1194
68.9748
68.7932
68.9867
68.0748
69.4962
69.4235
69.0778
68.3289
68.2998
67.4879
67.4128
68.6525
68.9413
69.8525
71.3733
71.1435
71.1415
71.1487
69.7402
69.5046
69.2044
69.6622
71.0591
71.0992
69.2643
69.2986
69.0127
68.3707
69.9019
69.2774
68.3571
69.2442
70.7996
70.9386
70.4824
70.7372
71.1334
72.5789
71.652
71.6432
71.336
70.7178
69.5145
69.4433
69.5838
69.1428
68.5504
69.8989
70.5949
70.9982
71.4644
70.524
70.5855
71.2994
70.4941
69.6324
68.6642
68.8611
68.7207
68.4029
68.9108
70.0626
69.568
69.804
70.4975
71.3717
70.4225
70.4348
70.5709
71.6725
70.0546
70.0224
69.5449
70.3124
69.4774
68.4223
69.2113
68.8256
68.8159
69.9125
70.6113
69.5188
69.3068
69.3517
70.7108
70.5713
70.5216
69.5414
69.6206
69.0044
70.9536
70.132
70.1265
69.6306
69.4915
69.6627
70.5528
70.9596
69.7705
69.8515
69.9589
70.4783
70.4301
69.6706
70.6365
69.709
70.866
69.8492
69.7442
70.6357
68.9955
68.108
68.8554
68.2461
68.2204
68.42
69.3104
70.4882
71.0131
69.8767
70.149
69.7148
69.5804
70.3515
70.6678
69.7992
69.242
69.2007
69.6283
71.405
70.1927
70.4178
71.8945
71.3809
69.7112
69.6687
69.5003
69.7768
70.1509
69.5054
69.7979
69.4626
69.7242
69.4182
70.1904
68.8306
69.2255
69.2491
69.7351
69.457
69.9571
70.1783
69.3724
70.8928
70.3887
70.1973
69.896
70.4641
69.996
70.1652
69.0942
68.8525
68.8512
68.9772
68.17
68.1043
68.1778
69.1791
69.3427
70.1918
70.7846
70.167
68.7353
69.5597
68.8454
68.8147
68.2418
68.688
68.871
68.8144
68.855
68.5428
68.361
68.4639
68.9512
69.0848
68.7574
68.8411
68.5863
68.5485
69.126
69.6417
70.5984
69.9372
69.7226
69.3233
68.6784
69.1587
68.401
67.2238
67.1396
68.4075
68.501
69.4884
69.3607
69.1633
68.2574
69.2941
69.8492
69.2351
69.63
69.6253
70.1271
70.024
69.932
68.9726
69.8494
69.6056
70.2791
69.9801
69.6733
70.9717
69.7084
69.4442
69.5233
69.8232
69.3442
69.2475
69.1682
69.5839
69.8519
69.9888
70.3819
69.8924
70.6167
71.7608
72.0204
70.8066
69.7524
69.7499
69.7916
69.9102
70.3647
70.2176
69.5054
69.9689
70.1469
69.316
69.6682
69.4148
68.4693
68.8288
69.5983
69.2647
69.5774
70.6388
70.9654
70.8779
71.4768
71.0287
70.0751
70.2001
70.1761
69.5472
69.4611
69.2494
69.3911
70.4336
69.9414
69.1293
69.0547
68.9628
69.6866
69.4985
69.2559
69.4984
69.3196
68.4095
68.8106
68.9184
68.607
70.1415
69.5918
70.5667
70.4179
69.6123
70.1341
70.5576
70.4096
70.614
69.6505
70.6176
70.6856
70.4405
70.3866
69.6385
68.7427
68.9809
69.9968
69.0886
68.5043
68.8589
69.0868
68.6104
69.2855
69.5462
69.0758
70.1117
69.8613
71.049
70.4801
70.3935
70.2415
69.4724
68.6381
70.2076
71.3719
70.6576
70.7986
70.4327
70.5157
70.465
69.2364
69.7207
70.3598
71.0215
70.4502
70.5981
70.1459
70.1758
68.9455
69.0056
69.7141
69.7682
71.2086
70.8974
70.4912
70.4209
70.5393
70.43
68.6839
69.6807
70.5842
70.1426
69.3809
69.3276
69.7172
70.3441
69.2863
68.661
68.869
70.5564
71.3266
71.245
70.1208
70.1168
69.8381
68.8619
68.8981
69.3102
69.6964
70.475
69.5414
68.9345
69.7214
70.3854
70.7382
71.595
71.1878
70.049
70.0423
69.6491
69.7908
69.8432
70.5751
71.6705
71.3492
71.3234
70.8355
70.2166
69.6701
69.7217
69.551
70.3177
69.1113
69.4021
69.2284
68.8578
69.6913
69.9606
69.5536
69.3177
68.6764
70.3182
70.4563
70.9438
70.7644
68.9737
69.0742
68.925
70.3473
70.2424
69.0323
68.1151
68.8943
69.3021
69.4327
70.0721
69.5379
69.8018
70.5785
71.1398
69.9676
69.7759
70.2411
70.1735
69.3653
68.7978
68.5735
68.9323
69.0907
68.8702
68.8801
69.1922
69.6517
68.2934
69.1618
69.4317
71.0568
69.8306
69.1647
69.9168
69.5428
70.0324
69.8778
69.5426
69.739
69.9982
69.3236
70.3929
70.6372
69.0891
68.4913
69.2492
70.4454
71.2995
70.6173
71.445
70.7574
68.8872
69.4315
68.3108
69.1553
69.2615
69.9398
69.593
69.917
69.3113
69.1807
68.847
69.2864
69.7694
69.0737
69.6083
70.3757
70.6405
69.6581
69.8443
69.4844
69.1891
69.4279
69.7295
68.9722
68.5541
69.5023
69.7017
69.7075
68.0223
68.0364
67.7054
68.5446
69.2379
70.0194
70.9948
70.0322
70.7701
71.1725
70.5284
69.9993
70.8261
69.5737
69.8245
68.9387
69.2318
69.6879
70.5653
70.3527
68.5397
68.886
68.952
68.5221
68.9611
68.5095
67.9395
67.9589
68.5728
68.2307
68.7213
69.4181
68.918
70.3818
68.9285
68.9383
69.4112
69.5136
69.3581
68.9267
69.2588
69.6226
70.5477
70.6392
70.4548
70.3206
70.1526
69.9817
68.9071
68.3101
68.9515
68.9555
70.1252
69.288
69.9229
69.1728
68.7856
69.6398
69.2983
69.5037
69.1822
68.7064
67.5636
68.8306
68.4821
69.7164
70.3395
68.8797
69.3735
69.0368
69.0206
69.7309
70.0854
69.0929
69.8225
69.5378
69.2099
69.3027
69.3446
69.4428
69.6795
70.719
69.9704
69.1367
69.6523
69.2616
68.452
69.5511
69.0359
69.6016
69.6449
69.1402
69.6086
69.3123
69.2727
68.6834
68.1376
67.6939
68.4906
68.5935
68.5492
68.4008
68.1412
68.1341
67.7003
67.8503
69.0709
69.0302
68.9905
69.6178
69.5818
69.4712
68.7136
69.4498
70.8904
71.2925
71.3477
71.5457
69.5967
68.7505
70.1711
69.8165
69.5892
69.6307
69.7722
69.1832
69.029
69.0987
69.4609
70.5816
69.7235
68.8722
69.1478
68.4171
67.9385
68.6861
68.9116
69.2656
68.8293
68.8311
69.2178
69.332
68.8402
69.022
69.1488
68.5691
68.6856
68.9036
68.1414
68.8571
68.7885
69.2188
69.8794
71.0029
70.4414
71.1336
70.9105
70.6686
71.5528
70.5742
69.8049
70.3684
69.6618
69.8271
70.1302
70.2843
70.8772
70.867
71.2961
70.9805
69.5745
69.7673
69.9471
70.7405
69.5252
69.7562
70.3785
71.6115
71.9189
72.6029
71.8141
70.5979
70.3722
70.0923
69.9224
69.7864
69.9839
69.9471
68.3419
69.0397
69.3168
68.553
70.1912
69.9386
69.708
68.8768
69.1926
69.9455
70.0532
70.4475
70.3002
71.3508
71.2373
69.5453
68.6786
69.5497
69.6524
68.7414
69.5092
69.7477
69.6232
68.4177
68.3476
68.4297
69.4027
68.6312
68.9578
69.8169
69.3806
69.4533
68.3867
68.9834
69.7656
69.9808
70.5405
69.5412
69.9022
70.2573
70.1305
70.5062
70.8093
70.8299
70.74
68.9863
69.1383
67.3497
68.5389
69.8426
69.9643
69.4157
68.7147
69.7548
69.4523
68.7541
68.703
68.776
67.9931
68.7327
68.4552
67.5029
68.9866
70.0018
68.54
68.1154
68.4856
69.0899
69.6719
69.6997
70.2299
69.9337
70.0763
69.5292
70.1984
72.297
71.848
71.7001
70.0176
69.52
69.22
69.393
69.3012
70.3418
69.4785
70.9736
70.9429
70.3718
70.4018
70.9355
70.3226
69.752
70.2241
70.5796
70.1076
69.1035
69.9377
69.7097
68.9291
68.7946
69.0687
69.471
69.6045
69.7557
69.6672
70.2496
69.9007
70.7243
68.2778
69.3556
68.884
69.2735
69.069
69.1668
68.1607
68.2301
69.0928
69.0327
68.5552
69.5883
70.0284
69.3682
69.9504
69.9137
70.5935
70.3243
69.4771
69.936
69.8209
69.4238
69.1597
69.2392
69.3842
69.3528
68.9378
69.5318
70.1922
69.6902
69.7357
70.1826
69.8737
69.4292
70.3463
70.4054
71.0198
69.7709
69.8511
69.775
69.9312
69.3423
69.7164
71.2162
70.7668
70.1831
70.4751
71.3162
71.6052
71.3854
71.6195
71.2895
71.9287
72.2393
72.4689
71.3495
71.2673
71.4918
72.7394
71.2538
70.9697
71.0585
70.9375
69.961
70.3596
70.2636
71.3604
72.263
71.8326
72.9462
71.4057
70.5662
70.1918
69.6625
71.0117
70.5228
70.3922
69.4143
69.6647
69.4163
69.4315
69.1556
68.663
68.1965
68.724
70.2421
70.9492
71.5741
71.7111
70.087
69.757
69.8711
69.9565
70.109
69.9769
70.0141
69.8479
69.3392
70.1111
70.0876
71.1654
70.3053
70.8692
69.6041
69.3286
70.0536
71.3122
70.112
70.4997
70.838
70.478
70.149
69.9718
69.8049
69.5261
68.7237
69.7554
69.3119
69.7613
69.7719
70.5899
70.272
71.0107
70.5752
72.0423
71.109
69.979
68.9444
68.1817
68.9242
68.7626
69.648
70.5502
70.6639
71.9302
70.7006
69.6089
68.5649
69.0186
69.0006
69.5669
70.5059
69.3902
70.5211
69.7989
69.9285
69.8386
69.5475
68.8839
70.4588
70.5656
70.919
71.4846
70.9247
70.6943
70.5531
69.4817
69.6116
71.0244
70.7568
70.3608
70.0162
69.888
70.9804
71.2998
71.2649
72.1551
71.5126
72.0364
72.3346
72.0726
72.4811
70.8019
71.2199
70.7462
70.8012
70.6388
69.9472
70.4801
70.1767
69.8385
70.2865
70.0434
69.4814
69.8366
69.323
70.2511
68.5219
68.8632
68.8208
70.0369
70.8342
71.2073
71.2545
69.7536
69.525
68.5321
69.4319
69.2177
69.0244
69.4489
68.9453
70.4734
70.1968
69.4806
69.4169
68.7488
68.616
68.8675
68.7624
69.1413
69.582
69.1083
69.1554
69.8892
69.2779
69.7648
69.3594
71.343
70.9374
70.5325
71.3687
70.308
71.1832
72.3024
72.0556
72.344
71.5461
71.8992
71.6436
70.3211
70.8294
70.4248
69.8085
70.2548
70.9158
69.7105
70.3077
70.9778
70.1809
70.7001
70.956
70.4891
71.3151
71.4446
70.3066
69.8742
70.2427
69.7799
69.5191
69.6908
69.5704
69.1258
70.3156
70.7406
70.2845
70.5044
71.2628
70.3335
70.3699
70.3668
69.6188
69.2315
70.2601
69.6023
69.5675
69.6879
69.7195
70.1918
69.4687
69.1814
69.1374
69.2724
68.9121
69.6003
69.9089
69.9892
71.0115
71.8927
71.7362
70.8778
71.8547
70.9474
70.1212
70.6875
70.2087
71.3371
71.6614
71.3697
70.154
70.5899
69.8561
69.3308
69.4438
68.5548
68.6675
69.5957
69.4869
68.9658
69.4633
69.2414
69.2143
69.4253
70.0637
69.7106
70.9706
70.6242
69.9999
68.7621
69.3522
70.1395
68.616
68.5671
69.6864
70.1243
71.0645
71.7167
70.7915
71.1551
70.4293
70.6586
70.251
71.1592
71.2015
72.1941
71.9696
71.0469
71.3598
71.4219
71.6191
71.8903
73.5415
72.7857
72.8947
72.5111
71.3179
70.7184
71.2855
71.6591
70.0134
69.295
70.4441
69.8077
70.5642
69.7728
68.8628
68.8624
68.221
68.9932
69.0435
68.8554
68.2969
69.2323
70.1268
70.4236
70.3746
70.8906
70.0294
70.695
71.0086
71.3307
71.5212
71.8015
71.889
71.0089
69.7402
69.2129
70.3906
70.4656
69.378
70.5306
69.7254
68.213
68.526
68.6753
68.2598
69.0363
70.0268
69.9478
70.3897
70.957
70.5863
70.7226
70.2478
69.8349
69.4773
69.7602
70.523
70.2985
71.1722
70.0595
69.9501
70.929
70.8333
69.3699
68.7008
68.8653
69.1293
69.6036
70.1819
70.0211
70.1895
68.9729
69.8682
70.5979
69.6392
71.2056
70.0255
71.2079
71.5251
71.6766
71.8511
72.3414
71.4035
72.0234
70.6385
70.8608
69.5021
69.5994
69.5435
70.0465
68.2882
68.6529
68.2901
68.2494
68.783
69.5657
70.4787
69.7368
68.2326
67.5283
68.8451
69.8412
70.3926
71.3647
70.8675
70.0755
70.8993
70.8089
70.2008
69.32
70.0128
69.9438
69.6379
69.6351
70.5676
69.8682
69.9362
69.8482
69.1764
68.6103
68.3744
68.9211
68.7063
69.6422
69.4453
69.6202
70.179
70.4223
70.6599
70.3709
70.0008
70.9055
71.3262
70.4806
70.064
68.7425
68.6785
67.8335
68.5916
69.3559
69.0684
68.9196
68.7331
68.7904
69.3856
70.3937
69.2812
68.7873
69.1317
69.7195
70.0405
69.5913
68.6666
68.8425
69.2274
69.2604
68.9713
69.5638
68.8653
69.1454
69.9657
69.9771
70.4525
69.7617
69.3071
68.4606
68.9345
69.3446
69.8223
70.1912
70.0873
70.2913
70.0551
70.5775
70.9074
70.6217
70.083
69.9172
71.1092
71.1295
69.9262
71.149
70.9417
71.2773
71.2437
70.9026
70.1772
70.6154
70.2205
70.8085
69.4394
71.5313
71.7482
72.0312
71.1208
71.1871
70.7619
70.611
69.7067
68.9817
69.0589
69.6766
69.1231
69.8872
69.2511
70.2845
70.9776
70.3445
70.5981
69.1792
69.2006
69.4946
69.6196
70.5517
71.7552
71.6764
71.3601
72.2436
70.7542
70.7991
70.9657
69.5805
69.9492
69.2445
68.956
68.743
69.7344
69.9249
69.3744
68.3639
69.0614
69.4741
69.1508
69.5571
70.7353
70.3338
70.5296
69.4388
69.3641
70.209
71.0276
70.7269
71.646
71.592
71.5387
71.0446
70.6983
70.5633
69.7915
69.276
69.5211
70.1344
69.7674
69.2702
68.4451
68.1501
69.2045
68.4189
69.7078
68.5887
69.5341
70.0621
68.7056
68.499
68.6048
68.6717
68.1304
67.6697
68.2973
68.3856
68.3526
68.5676
68.9362
68.8907
69.1746
69.7508
68.9339
69.393
70.1797
70.0761
70.0566
70.6905
69.9857
70.8276
70.6189
70.6243
70.4081
69.8496
69.7081
69.4463
69.6598
69.4917
70.3961
70.7738
71.0136
71.3021
71.6802
70.0953
70.0204
69.577
69.781
69.8654
70.3169
69.6852
69.07
69.2895
69.4606
68.2625
70.384
71.7917
71.8578
71.1589
69.7166
69.9042
70.3587
69.8575
69.9567
70.2275
70.4895
70.7676
70.5176
70.3192
70.3641
69.3988
69.0761
69.5881
69.03
69.8751
70.7207
68.7881
68.1101
69.515
71.6155
71.5042
70.7969
69.7729
71.211
71.1279
69.7762
69.7347
69.5252
70.7327
69.8333
69.631
69.2471
69.0918
69.3237
69.264
69.2959
68.4942
70.0269
69.3806
70.2219
70.0248
69.3474
70.5402
70.165
69.3331
69.0518
69.324
69.3304
69.3166
69.1797
70.4664
70.7425
70.8286
70.3958
71.6176
70.2449
69.6938
70.0188
69.3621
70.2767
69.5731
70.0511
69.7823
70.4735
71.3715
69.9831
69.9321
69.0291
69.5439
70.1493
69.2076
69.1452
71.1029
70.6012
70.3274
70.1509
69.7512
68.9412
70.5235
70.1391
70.0225
69.3156
69.4501
70.0032
69.5962
69.1953
68.429
70.2449
70.6336
69.905
68.9107
69.6278
69.3396
70.2367
70.2412
69.6737
69.0897
68.7238
69.5659
69.0668
68.3335
69.5699
69.1956
69.6913
69.8425
69.9779
71.3421
70.4438
69.3821
71.1501
69.8764
69.189
69.4451
69.0806
68.4363
69.8502
70.6186
70.3124
71.1551
71.8405
71.3346
70.0972
70.5154
70.1456
70.3792
69.757
69.3519
69.0801
68.7556
68.9993
69.2382
69.7355
69.2951
69.9819
71.14
71.1993
70.4167
70.0586
70.396
70.7023
70.4388
70.5514
69.3527
69.7694
69.631
70.5694
70.1927
69.209
69.9736
70.5212
70.319
70.3724
70.4594
70.301
70.0303
69.5533
70.5076
70.0044
69.8955
69.8275
69.8781
70.338
70.8452
70.1975
70.1045
70.438
70.5237
68.8264
68.0007
68.744
68.0126
68.8157
70.1568
69.8594
70.0157
69.136
68.2986
68.9112
69.7276
69.5494
70.764
70.0276
70.0987
70.3229
69.1311
69.0694
69.0931
68.4
69.1039
68.8894
70.3197
71.5754
71.3334
70.5057
69.8259
68.9347
68.5186
69.2821
70.48
69.7407
70.67
69.8953
70.054
68.995
69.0869
69.4693
69.3083
69.8463
69.2582
69.5794
69.1525
68.7022
69.1514
68.34
69.5146
70.1119
69.5287
70.3047
69.9555
70.0024
69.445
68.6951
70.4236
71.1027
71.512
73.3205
71.5119
70.3415
71.6362
70.719
71.8541
70.4435
70.3423
70.3589
69.859
70.7129
69.0729
68.7715
69.7878
69.8479
70.4585
70.4516
70.5256
69.1033
69.0647
69.0792
69.9687
69.2391
69.456
69.9233
70.069
69.8489
70.3846
70.0231
69.8461
70.2752
68.8471
70.5707
70.1693
69.3151
70.779
69.491
69.9997
69.7886
69.3159
69.9423
69.4788
68.7376
69.2358
69.4106
70.816
71.1925
71.3862
71.5566
71.0898
71.1434
69.7694
69.8972
69.5432
69.7973
69.4457
69.7617
69.4699
70.6801
71.3477
71.3885
71.2064
71.0276
71.1076
69.8766
69.5074
69.0353
69.9632
70.0149
68.965
68.3359
69.4976
69.733
69.6537
70.7758
69.3292
68.9163
68.8917
69.3386
69.4485
70.3798
71.0371
69.9318
70.3797
69.5164
69.7966
70.0383
70.2254
71.1461
71.3459
70.4586
70.957
70.8833
70.4605
70.9171
70.9752
71.5945
71.289
70.7659
69.9731
70.8551
68.9327
68.4741
69.2513
69.864
71.0121
70.9907
70.1958
71.2734
71.7626
71.7519
71.9066
72.3553
71.8438
70.9305
69.9891
70.2236
70.098
69.814
69.4696
67.5551
67.7914
68.6877
69.5278
68.5536
69.3642
68.8524
69.8667
70.6582
69.3352
70.2599
69.0138
68.2445
68.6337
69.9021
69.6199
69.3887
68.2032
68.4663
69.6299
69.635
69.9983
68.7748
69.3753
69.2535
68.6872
69.3219
69.9621
70.1315
70.8377
71.9592
71.7777
70.9862
71.2593
70.6986
70.5491
69.2066
69.3034
69.1088
69.8038
69.2113
69.1785
69.4549
69.3599
68.6939
69.238
68.5678
68.6085
68.7426
69.4018
70.5392
71.2144
70.556
70.3189
70.5647
71.353
71.4023
70.2846
70.9389
70.7215
69.9689
69.1072
70.992
72.1365
70.9958
70.1289
70.0252
70.1086
70.5855
69.825
69.0005
69.0019
69.1738
69.7529
70.1361
69.5654
70.3526
69.9639
70.5297
69.6863
68.987
69.6334
69.7795
69.5902
69.2918
69.8918
69.5016
69.0728
70.0549
70.9438
70.9495
70.9401
69.5809
70.3886
69.4395
69.6884
68.6285
67.9842
67.9686
68.0907
68.0742
68.6042
69.578
69.6679
69.7259
71.0707
71.585
71.068
70.8054
69.566
71.0351
70.6466
70.8699
69.261
70.0783
69.5146
69.4085
70.1416
71.1581
71.3813
70.4867
70.8027
72.4091
70.6984
69.7874
70.1197
70.5657
70.393
70.4889
70.8261
70.4685
70.1248
70.8335
70.9248
70.7307
71.6983
71.4299
70.7039
70.9567
70.1771
70.8254
70.1763
70.1997
69.6973
69.8224
68.7866
68.2942
69.7261
69.2954
68.8873
68.1897
68.9214
70.1898
70.0503
68.3693
69.3251
69.6863
69.2288
70.0467
70.0029
69.4598
69.1774
69.6754
69.2086
69.8249
69.0499
69.0724
69.765
70.7151
70.7211
70.6984
69.7978
70.8798
72.0837
71.6812
71.9408
72.0676
71.0327
71.1524
70.8761
70.5197
69.85
70.2815
71.0118
70.8906
69.4766
69.5282
68.8509
70.1599
69.6142
69.711
71.406
70.3909
69.9528
68.7582
68.9487
68.4254
68.8102
68.9606
69.6853
69.694
70.0612
70.7639
69.9036
68.7523
69.3918
69.7767
69.4421
69.6473
69.7887
69.9359
69.8148
70.0446
70.4006
69.8247
69.89
68.8144
69.3229
69.0204
68.7519
69.3274
68.5258
69.1859
69.6382
69.271
70.0075
70.5623
69.5965
69.6323
70.1599
70.1158
69.9371
70.5363
70.3675
70.1099
69.5691
70.2823
71.1713
71.412
71.7306
71.8172
70.9638
71.5082
71.3798
71.0393
70.1354
70.3037
69.6446
70.3583
69.9424
69.0593
68.7728
69.0937
69.1012
69.4798
69.3119
69.0248
69.2963
70.3283
70.9301
70.7018
71.443
71.0858
70.2965
69.5595
69.8575
70.8661
69.6115
69.0296
69.2614
69.0445
68.3594
68.6454
69.1375
69.0828
69.7971
69.3993
68.3707
69.0897
67.9494
69.0667
68.463
69.6614
70.9894
70.1773
69.5906
69.7399
70.6512
69.9283
69.7687
70.1391
69.4682
69.6225
69.61
69.6937
70.3019
70.3374
70.5362
70.7931
70.5862
70.9121
68.68
68.4071
68.9311
70.1575
69.3729
71.0928
70.4781
69.4238
68.6544
68.2751
68.6209
69.2785
69.7219
69.0194
69.2883
70.9581
70.4574
69.4276
71.4095
69.9057
68.641
68.2857
68.8399
69.1084
69.1261
70.3133
69.8239
69.5968
70.4917
70.0734
69.5415
69.1222
67.9732
67.5738
69.2683
69.6166
69.0625
67.8938
68.3847
67.473
68.1546
69.6057
70.2783
70.1401
70.6661
70.4821
69.8041
69.544
70.086
70.9518
71.9655
69.9128
70.3839
69.802
69.7884
69.1862
69.1777
70.0413
69.1365
69.3953
69.3122
69.8135
69.0149
70.1761
70.0981
69.8872
69.8505
70.2617
70.0067
70.25
71.0098
70.4515
69.9931
70.5263
70.6237
71.4852
71.517
71.1555
70.9572
70.7016
71.1364
70.0367
69.686
68.1372
68.274
69.1902
69.0828
69.4627
68.7092
69.5061
69.473
69.7847
69.2873
70.3131
69.1807
70.7299
69.5515
68.7931
68.8953
68.8554
69.9216
69.8975
70.4044
71.1778
70.3252
70.9682
69.2435
68.9844
69.2406
69.439
69.1141
70.2955
71.7144
69.3925
69.6109
69.1513
68.9714
68.8661
67.8266
68.0558
69.042
68.6826
68.8921
69.3273
68.7527
68.6661
69.5797
68.8723
69.9936
70.1423
69.6507
69.7966
68.7464
70.0641
70.357
68.7165
69.2298
68.931
68.5465
69.5664
69.3826
70.974
71.3953
70.546
70.4193
69.7539
69.601
69.7629
70.4645
69.74
68.7394
70.9623
70.4384
70.3208
71.075
70.2889
70.0442
69.8776
70.0383
70.1194
70.1841
68.8264
70.0593
69.7657
69.5805
69.9059
70.4701
71.298
71.6581
71.7183
71.664
71.2743
71.6537
71.4435
69.3454
70.8934
71.2115
70.6571
70.6383
70.5377
70.8085
71.9405
72.9013
72.3177
71.085
69.0176
69.6268
69.8453
68.8335
68.6801
68.9686
69.2027
68.8871
69.6261
69.1331
69.1893
70.5556
69.6355
69.9987
70.9376
70.559
70.4005
70.5241
69.637
69.4558
69.1471
69.4031
69.454
69.0973
69.5872
69.6486
70.0563
69.9127
69.1805
69.6485
70.0993
68.9208
69.1835
70.8763
70.3511
69.8333
69.2322
68.685
68.0602
68.4651
69.1071
68.3302
69.1307
68.5437
69.3185
68.3482
69.0185
69.2574
69.0642
69.7467
69.7536
68.7264
68.0308
69.859
70.2702
70.3569
71.0385
70.1269
69.6885
70.3168
68.8468
69.4922
69.4277
69.0905
69.6584
69.0259
67.7925
68.8148
68.2343
68.1696
68.8806
69.5227
69.6945
70.1796
70.5843
70.3676
71.1359
71.0386
71.8298
71.1743
71.218
71.2887
69.6404
69.463
69.7615
68.8641
69.0099
68.4634
67.9179
67.7037
68.5265
69.2166
69.2456
69.458
69.2018
70.086
69.017
68.8954
68.8687
70.3055
70.5249
70.3563
70.2901
69.5466
70.6888
70.9204
71.0428
71.3774
70.5169
70.3112
70.123
70.1416
70.0634
69.9624
70.5565
70.6448
71.1836
72.092
71.4064
70.703
71.4003
69.9102
70.4495
71.9445
71.756
70.5102
69.9724
70.0832
69.8784
68.5255
68.2857
68.7605
68.7697
69.224
69.1778
68.1533
68.2138
70.1346
70.9011
69.0168
70.2329
70.9157
70.0182
70.0132
69.9942
69.6191
70.0936
70.3805
70.9499
70.769
70.9009
70.4276
69.9527
69.7919
70.1887
70.2935
70.1994
70.8965
70.2612
70.5973
70.619
70.8632
69.5734
69.6029
69.3159
69.8927
69.4093
69.076
70.4333
70.7734
69.6749
69.1096
69.836
69.569
69.7153
69.0422
69.2006
69.5464
70.6252
72.0113
71.6802
71.2901
69.861
70.5921
69.8234
69.2596
70.5139
70.7209
71.4052
71.3225
71.4727
70.8351
70.0064
70.6253
70.7269
69.9421
69.546
69.8612
69.7434
70.7327
69.395
69.6739
69.1349
68.7382
69.2333
69.5004
69.2791
69.1751
69.3415
69.0989
70.3592
69.9364
69.8254
70.1898
69.5793
69.618
70.6495
70.8372
72.2784
71.9963
72.1982
72.5055
71.5328
71.3141
70.9104
69.4269
69.0013
68.2494
69.5857
69.3453
69.5113
69.3771
69.7739
69.6273
70.0887
71.0464
70.8992
70.5948
71.0418
70.9847
70.8158
70.9286
70.2422
69.6832
69.5929
70.0225
70.1872
70.409
70.8125
70.5371
69.7555
70.3481
69.7483
68.5568
69.2052
69.461
69.3064
68.3762
68.5214
68.0577
68.3921
69.3527
69.7812
68.8818
69.2123
70.2404
69.5708
68.9751
70.6014
69.1455
69.0065
68.9861
68.3629
69.423
69.7459
70.1164
70.0591
69.1139
69.1832
69.5258
70.0774
70.3219
70.6406
69.6434
69.8861
70.3342
70.9718
71.6242
71.4775
70.5218
70.2229
71.3014
71.5732
70.498
70.5477
71.6273
70.2039
69.9561
69.9664
70.6506
70.451
71.3584
70.5373
70.2004
70.2181
69.5762
70.2344
70.1071
69.6793
69.6958
69.2146
70.1201
70.3387
69.1913
69.0396
68.9557
69.0823
70.4171
69.7648
68.8898
69.1086
69.7939
68.921
69.3159
69.4938
68.968
67.9852
68.6984
68.8241
69.2295
69.0231
69.5608
70.7601
71.7647
72.3594
72.4405
71.1837
71.7135
71.1007
70.8512
70.9231
70.6538
70.1911
68.9739
69.15
69.9538
69.5543
67.7588
68.2276
68.9477
69.3566
68.5385
68.9442
68.665
67.8434
69.3444
70.4672
69.879
69.5649
69.5034
69.9542
69.679
68.4363
69.0752
69.2678
69.4348
69.8229
69.2699
69.538
69.8001
69.3992
70.2657
69.4955
70.6609
70.0158
68.2426
67.8518
68.1795
68.5942
68.7524
68.6785
68.5355
69.4344
68.9293
69.1328
68.8083
69.7671
69.222
69.9457
70.1072
70.8304
70.6402
69.8723
68.8398
69.4957
69.8886
70.57
70.9011
71.8558
70.8308
70.4428
71.4251
71.5048
72.0804
71.2364
71.6525
70.9222
70.6747
70.291
71.7154
72.5933
71.702
70.6656
69.8324
69.582
70.3444
68.9762
69.1809
70.1079
69.148
68.7258
70.0376
69.4036
68.9329
69.0874
68.1473
68.8072
68.4629
68.9586
69.2339
69.2502
68.8953
69.9265
71.1999
70.6694
71.6033
71.3534
70.3701
70.3514
69.2817
69.7852
68.9417
68.7967
68.495
70.0677
69.4096
69.3914
70.2679
70.3591
69.9262
69.1391
69.004
69.0655
69.4413
69.3965
69.1706
69.7476
69.4977
69.2932
70.7105
70.499
69.9183
68.8853
69.6633
70.0609
70.6798
69.5296
68.5959
69.097
69.8389
70.5373
70.5125
69.8475
70.6108
71.5853
71.1132
71.4841
71.4903
71.3785
70.8698
70.0116
69.511
69.1153
70.2419
71.9869
72.7531
72.9097
71.1232
71.4118
70.989
71.771
70.2552
70.9945
70.954
71.4863
69.7481
69.4939
70.3397
69.2986
70.0446
69.5402
69.7354
69.7759
68.995
68.9857
69.8022
70.672
70.1043
70.2575
70.1341
70.7207
71.4549
70.5632
70.2545
70.4792
71.1372
70.3905
69.5984
69.1696
68.0909
67.6288
69.1405
69.811
70.5033
70.6007
70.3205
70.0599
70.3716
70.406
69.9157
69.2426
69.426
70.1787
70.3761
70.241
69.5143
68.9473
69.2526
69.5963
70.7447
69.5699
70.623
69.6652
69.9181
71.5685
70.8274
71.6833
70.3051
69.4703
69.9829
69.0463
69.3084
69.1982
68.9901
69.4646
70.8181
70.0027
69.9802
69.9813
69.9898
69.8263
70.2571
70.2719
69.5751
69.2069
69.2572
69.9392
69.0328
68.4989
68.3238
68.7754
68.3297
69.0708
69.0576
68.1974
69.3167
69.3467
70.1435
69.7697
69.3748
68.2094
69.1583
68.3385
68.7321
69.7901
70.17
71.9973
71.5013
72.2083
70.8677
69.8851
70.6444
70.5326
69.8743
70.06
70.7481
69.5068
69.7093
69.6142
69.2646
69.8486
69.7662
68.995
69.6959
68.8146
68.9099
69.423
69.1193
68.9914
69.253
69.1429
70.3372
69.8281
70.3089
69.9454
71.8045
70.0116
71.3607
71.3688
70.7702
70.8219
69.2535
68.8906
68.539
68.5208
68.4489
69.1398
70.1936
70.5509
70.0272
69.8166
69.8006
69.9293
68.4665
69.6315
69.3448
69.7269
69.1054
68.5674
69.2403
68.8252
68.9193
69.0734
69.1499
69.8731
69.9649
70.587
71.2121
70.7426
71.4846
71.2835
70.6406
71.5436
71.4882
71.0407
72.0411
71.6005
71.6575
72.2647
71.5061
70.4124
70.6481
70.3277
70.1989
69.711
69.1602
69.7797
68.9234
69.0369
68.9596
69.8789
70.2797
69.6938
69.7004
70.5863
69.5557
70.7898
69.6069
70.3306
69.5586
68.9162
69.5999
69.3814
69.2915
69.6686
69.4632
69.6373
69.6871
69.9469
70.1095
70.6287
69.9958
68.2496
68.6568
68.3597
68.7989
69.0931
69.0118
69.3258
69.6629
68.9068
68.9751
67.9762
68.4798
69.0725
69.2353
69.9191
69.0426
68.2874
69.493
69.7251
69.0114
70.2462
70.6472
70.4909
69.7676
69.0006
69.2597
68.8509
68.2089
68.8917
69.3156
69.9349
69.8678
70.0248
70.7949
70.6079
70.7972
69.4022
68.6195
69.3161
70.5041
69.3655
70.1156
69.9974
69.4967
70.295
69.6244
69.6696
69.1565
69.0094
69.8476
70.0288
70.3819
69.4524
70.2998
71.8325
71.8513
72.0115
71.7185
70.6238
69.767
70.188
70.1731
70.3273
69.4388
70.3718
69.0351
69.3926
70.2645
69.7153
69.242
70.6981
70.0245
70.1425
70.3563
71.5634
71.0268
70.0414
68.9595
68.8237
68.8401
69.4039
70.0225
69.7199
68.9254
68.7645
69.9685
69.8077
69.8259
68.0569
69.6584
68.6158
67.968
67.4063
68.0897
69.658
69.4704
69.776
69.8925
70.6973
69.8394
70.0895
70.1416
69.3067
69.368
69.5881
70.0377
70.0017
69.9768
70.1666
69.611
69.4826
69.9354
71.5634
71.4371
71.0297
71.4595
70.4136
70.7792
70.9982
71.1478
70.0149
71.0416
71.3107
71.0052
70.3438
70.6916
69.8352
69.3944
69.5825
69.3441
69.2841
69.7443
69.3868
69.9745
70.0011
68.7902
68.3741
68.1059
69.5124
69.9238
69.3593
69.6747
69.4702
70.0405
71.2043
71.0863
71.362
71.4226
70.4792
72.6878
72.2937
71.9237
70.7312
70.6269
70.1575
69.9725
69.3116
68.4489
69.5078
68.8232
68.7854
69.2453
69.3387
70.3146
71.337
72.4994
72.7106
71.1369
69.4376
69.5041
69.2296
69.1364
69.1882
70.2171
70.2172
70.8673
70.5184
70.4568
70.0898
70.5885
70.1141
71.3171
71.1256
71.2281
71.0076
69.5247
69.1748
69.3018
70.0165
69.5683
69.2143
69.1069
68.5526
68.6147
69.5177
70.3165
70.6791
71.3025
70.0071
69.3781
69.8991
70.0416
69.314
68.1504
68.3852
68.2038
69.7187
70.5275
70.0585
69.111
69.9301
69.0615
68.8175
69.091
68.5206
69.81
71.6656
72.1143
71.6043
71.0848
70.2523
70.3916
71.0189
71.0942
71.0233
70.8245
69.7259
68.8533
68.3044
68.5114
70.4206
69.6765
70.308
70.9568
71.4402
71.4246
71.4835
70.2323
71.5171
70.8915
71.3334
70.6832
70.2299
69.6733
69.582
70.0773
69.0522
68.7657
70.1391
69.7853
69.2686
68.4464
68.7212
68.691
69.4612
70.4858
69.964
70.1273
69.8089
69.2092
68.72
68.627
69.1896
68.4625
69.1794
69.15
69.1521
69.5334
69.4199
70.8449
70.7405
71.3342
71.1329
70.3691
69.8331
69.5385
69.6106
70.5486
70.1441
69.8624
69.4849
69.1888
68.7963
69.8029
69.5174
69.3989
70.3347
71.3546
71.9533
71.3577
71.2627
70.0449
70.0084
69.7608
69.2245
69.7082
69.3159
71.1181
69.9768
69.4183
69.9276
69.8574
70.8016
70.3168
70.5937
71.0653
69.4203
69.8047
69.853
69.9223
68.7413
68.0038
68.2772
68.8461
69.6081
68.7746
68.96
69.5693
69.9015
69.5183
70.2727
69.4756
69.1767
69.6512
69.7585
69.7014
69.8132
70.3055
71.8471
71.7569
71.9817
71.599
70.0316
70.3744
70.4316
68.9006
69.5008
70.2459
70.2016
70.6451
69.6661
69.8336
69.4449
70.6102
69.3982
70.1193
70.5521
70.2399
70.7327
71.6657
70.158
70.4436
70.3232
71.2189
71.5952
71.0724
71.1433
70.8376
71.5426
71.7985
70.3086
70.4514
69.9807
70.352
69.6351
68.877
69.561
70.0702
69.1528
69.5473
69.5956
69.0208
70.0085
69.5381
69.3992
69.1418
69.4707
70.1088
69.9011
70.0572
71.2806
70.4622
70.3866
69.7117
69.4729
69.7959
69.8083
69.3146
69.3236
69.1676
68.9345
68.2157
67.9534
68.4758
69.8979
69.4797
68.3698
69.4513
69.4053
69.1485
69.2567
69.7992
69.4433
69.2603
69.564
70.5657
69.2684
68.7201
68.4008
68.8571
68.4347
68.4711
68.1978
69.2618
69.4501
69.6647
68.3502
67.1352
67.9332
68.9292
68.6214
68.5326
69.4675
69.6223
68.8417
68.6254
68.3837
67.9775
68.2221
69.6858
70.1679
69.4737
68.7263
69.0736
69.0275
68.0419
68.7574
69.3487
68.7505
69.5087
70.1289
70.7356
70.2978
69.5096
68.9346
69.1417
67.9029
68.7914
69.9195
68.6277
69.3467
69.3443
69.2542
69.2932
69.4284
69.4453
70.9778
69.8638
69.7954
71.0995
70.1553
69.8624
69.7777
71.2935
70.6877
70.348
69.5526
70.2917
67.9716
69.6317
69.1361
68.5004
69.407
69.5713
70.3725
69.4099
69.3597
69.4509
69.5774
68.9913
69.138
69.9637
69.3958
70.7343
69.9927
69.9321
69.7698
69.3923
69.7803
69.6102
69.2311
70.1531
69.9709
69.5772
70.4724
71.0308
69.7307
69.7897
70.0095
70.4434
71.0982
70.0387
70.6009
70.2297
70.2019
69.7337
68.254
69.1552
68.6557
68.4414
68.997
70.0307
69.7862
70.8947
70.9513
70.6937
69.787
71.1257
70.7198
69.9627
69.7269
71.5083
71.3775
70.6813
70.2309
69.4982
69.403
69.0719
68.3723
68.2509
69.3094
69.9903
70.4552
70.0455
68.4184
69.5597
69.9622
70.4138
70.339
70.5861
70.2611
69.7548
70.4658
70.8445
70.7322
70.6242
71.0123
70.7685
70.3564
69.7075
70.123
70.3806
70.1744
69.3865
