478.363
466.239
454.192
446.918
438.099
429.48
417.621
408.21
396.333
384.031
372.474
362.368
354.247
348.318
342.61
338.359
333.925
328.836
325.364
320.02
315.285
310.176
305.741
301.817
296.303
292.474
285.616
282.399
276.994
270.794
265.109
261.716
258.242
255.703
249.732
247.174
245.616
244.006
242.079
239.562
236.502
233.361
231.817
230.295
229.279
227.107
224.4
221.831
220.128
218.319
215.76
214.26
213.036
212.436
210.488
209.04
206.724
205.186
205.504
205.919
206.054
206.999
204.759
202.287
200.789
198.093
197.567
194.923
192.741
191.632
190.485
187.4
185.059
183.301
180.092
177.793
176.825
177.552
174.735
174.001
172.181
171.961
171.726
169.338
168.696
168.513
169.007
169.864
170.4
170.903
171.537
172.241
170.048
169.675
168.289
165.742
163.575
162.642
161.862
161.267
160.75
159.852
158.779
159.279
158.937
158.869
160.059
159.357
158.923
157.18
155.639
154.861
154.611
154.502
152.951
151.769
151.779
152.969
153.87
152.008
150.918
150.342
149.523
150.176
148.683
147.161
149.309
149.71
150.409
149.306
148.929
147.884
146.24
145.667
144.195
144.096
143.361
144.261
143.504
142.358
140.461
141.329
140.328
139.224
138.135
137.937
136.058
134.924
134.58
134.654
134.156
133.412
133.168
132.279
133.043
132.792
132.675
132.43
132.02
132.322
132.504
132.118
130.517
130.416
128.611
127.449
126.999
125.758
125.66
124.693
123.805
123.849
122.035
121.658
121.61
120.345
119.308
120.333
119.514
118.905
117.751
117.228
117.13
116.84
116.606
116.885
117.635
116.143
114.896
113.931
111.944
111.586
110.757
109.384
109.86
111.063
111.011
111.359
112.286
111.508
110.436
110.358
109.971
108.631
109.242
109.357
110.431
109.281
110.318
111.662
112.042
115.076
114.467
116.379
116.032
115.969
115.944
112.924
111.305
110.303
109.649
109.15
108.575
107.165
106.788
105.091
104.798
105.669
105.231
105.485
106.426
105.712
106.868
106.607
106.237
104.982
105.073
104.081
103.071
101.76
101.553
101.573
101.444
101.663
100.467
100.462
100.235
99.273
99.0338
99.7947
99.5271
97.8872
97.6382
98.135
97.4542
95.774
95.5665
96.2757
95.9555
95.7982
95.665
97.028
96.4581
95.5035
96.1533
95.4391
94.2277
94.9296
95.2031
95.0303
95.2626
94.6199
94.0737
95.3048
95.982
95.4872
95.0463
94.4275
95.0029
95.0434
94.404
93.9811
94.5879
94.0758
93.8239
92.7328
93.5352
93.6248
93.7245
93.9555
94.9371
94.608
93.8905
94.1573
93.6768
92.4728
92.2951
92.7321
93.0708
93.8848
92.9312
92.7025
91.9024
92.4357
92.5502
91.613
91.055
89.9484
90.5255
91.3015
91.3421
91.5498
90.8991
90.1534
89.2718
89.4742
89.1601
89.8158
90.5858
89.4487
90.1804
90.6166
89.8097
90.6722
89.8115
90.3274
89.9081
89.195
88.9963
88.2493
87.1093
87.6672
87.4372
87.547
88.7302
89.6462
89.836
87.8606
87.6597
88.0242
87.9872
89.1412
88.4448
87.2873
87.1033
86.8115
87.0705
86.969
87.1698
87.2674
87.1523
87.1718
86.8732
87.8903
87.0405
85.9791
86.0797
86.1663
85.8065
85.3343
84.9044
85.4093
85.2017
84.9308
85.5485
85.7319
84.6517
84.5712
85.0295
85.23
85.1302
85.2736
84.3176
84.613
83.8802
84.5104
85.2604
85.506
84.4595
84.5899
85.5882
86.4635
85.6094
86.1734
85.1063
84.7341
84.731
85.0088
84.714
84.8278
84.4362
84.7651
83.6556
83.568
83.7279
83.1022
82.5867
82.3681
82.7931
83.1209
83.424
83.4047
84.0002
83.7892
83.4229
83.4399
81.1274
81.623
81.9236
82.3361
84.4705
84.2353
84.59
83.3026
83.0069
82.6925
83.0207
83.5503
83.4719
83.3647
83.2092
82.2418
81.8376
82.1243
81.4218
81.4961
82.1097
82.1378
81.9053
82.4399
83.5437
83.126
83.2077
83.4245
84.1914
83.7872
83.0621
83.3142
83.1882
82.5
82.4846
82.0165
81.5562
81.5117
81.2831
81.2216
81.9568
82.2933
81.7701
83.0312
82.3386
81.7202
82.0788
82.2501
81.9551
81.3086
81.8624
82.2055
79.6262
77.6129
78.2216
77.9133
78.9031
79.5146
80.4066
80.5076
80.2876
80.791
80.6849
79.706
79.555
77.4867
77.8044
77.9323
78.2254
78.0559
77.8343
79.246
78.3572
78.6924
78.7767
78.9607
79.6431
79.8124
79.2394
79.5797
79.525
80.4718
79.9923
79.3408
79.5365
78.9319
79.761
81.8731
81.1322
80.1001
79.7644
78.598
78.9355
78.4777
78.3659
77.7821
78.4155
78.3927
78.8264
78.3763
79.0927
77.7831
77.2528
77.5005
77.2692
76.829
76.8884
77.3419
77.733
79.3012
78.4085
77.7639
76.7761
76.6054
77.416
76.8236
76.8141
77.9777
77.5568
77.6419
76.8699
76.5336
77.4324
78.7073
77.6717
77.3966
77.0574
76.9966
77.9842
78.2786
78.3309
78.7311
78.8217
78.2963
77.7427
78.1494
77.6544
78.1301
79.0179
78.7777
77.131
76.8395
77.0288
77.029
76.3608
76.3002
77.4785
77.2352
76.8721
76.4054
77.7293
77.6529
78.91
78.5029
78.5834
77.2548
76.0232
75.2426
75.7088
75.5012
75.9164
75.5967
76.2254
77.6681
76.9807
75.7797
77.54
77.5748
77.2869
77.1724
77.1557
76.9341
77.3811
76.4716
76.5554
75.7979
76.2844
75.1182
76.5889
77.0903
75.6964
75.5156
75.261
75.5306
74.8691
74.3948
75.5826
75.1456
75.8917
75.6389
75.875
76.6133
75.4069
73.8961
73.0978
74.1184
74.648
74.5582
76.0087
75.0689
75.8682
75.8168
76.1554
76.5025
76.241
75.7598
73.8242
75.1023
75.6277
75.9877
75.0396
74.5263
75.0921
76.1039
78.0339
76.6462
76.9389
76.7674
75.1123
75.3108
75.0386
73.0427
75.4112
75.0426
74.7651
73.9461
73.9932
74.6293
75.0549
74.4479
73.3401
73.2561
73.1604
74.1279
74.6613
74.9422
75.3821
76.0577
76.0383
77.1127
76.5919
76.1713
77.6518
76.3796
77.4447
77.586
78.2754
79.2726
80.1561
80.8703
81.9948
84.9015
84.9248
83.8436
81.4071
80.3868
80.0303
78.7742
79.1248
78.9106
77.6317
78.519
79.9079
78.0973
78.1119
76.3592
74.5869
74.8415
74.1425
73.7387
74.1339
74.5655
74.079
75.2264
74.5734
73.6008
73.7416
73.8629
73.5652
73.1668
73.8916
74.3756
72.9467
74.0095
75.8049
75.2143
73.9317
74.1183
74.3161
74.5637
74.5281
74.8972
75.1709
75.3222
75.4325
75.2489
73.6919
73.851
73.7372
73.9401
74.2971
74.2108
74.4044
74.3436
74.1332
74.5883
74.8593
74.7658
74.4023
74.0842
74.4657
74.088
73.1922
73.4608
73.4575
74.0936
74.6238
73.124
73.3422
74.4453
73.8507
74.695
74.4968
74.6692
73.3798
73.1182
74.7474
74.2577
75.4707
75.4348
75.7413
75.7261
74.8123
74.8937
74.2278
75.0894
76.031
74.9415
74.9244
74.755
75.2169
75.54
75.8045
75.882
75.0227
74.4042
73.9874
73.2681
73.2323
74.5169
75.4339
74.9305
74.2183
74.2423
73.6459
74.6879
75.2985
74.4837
75.5252
76.0277
75.2647
75.2652
75.0208
74.3138
73.6733
73.322
73.3119
74.158
73.9067
73.3137
74.2992
73.7913
73.8255
72.9372
73.5778
73.6473
73.6628
74.7366
73.6918
73.6163
72.8474
73.1957
74.1176
73.8914
74.0321
73.8244
73.1143
72.8375
73.4085
73.0289
73.4446
74.0807
73.2532
74.1123
74.2293
74.6628
73.7861
73.6157
74.0774
74.4002
75.1512
75.5491
74.247
74.6841
74.5581
75.343
74.8232
74.9763
75.2039
74.7256
74.1693
72.8923
71.8063
72.0783
72.3933
73.05
73.7323
74.9747
75.4421
75.187
74.9287
73.6361
73.5856
74.3886
74.8131
74.7868
75.8102
75.4413
74.2754
74.1917
73.9576
74.0359
74.4099
74.5003
75.7097
75.5596
76.0866
76.6802
76.5125
75.7904
74.9493
75.179
74.6898
74.2352
73.2548
73.6927
73.6148
73.4711
74.1373
73.655
73.3546
73.1881
73.2753
73.8633
74.3981
74.7389
74.0682
74.138
74.328
74.5775
74.1034
74.3931
75.6223
75.9418
75.9419
75.3814
74.7606
74.5339
74.3756
73.765
75.435
75.569
74.6345
74.2296
74.6202
75.0581
75.508
73.4773
74.0733
74.6606
74.4822
74.3139
74.3403
74.2369
73.6025
73.8551
73.647
74.9212
75.0936
74.8842
74.1863
73.8736
73.972
73.4885
73.2835
72.9594
72.901
73.4428
74.4852
75.0478
74.1909
74.8945
74.0967
73.5935
74.6791
75.6145
76.4919
76.1978
76.0937
76.4875
77.3868
76.7916
77.8828
78.1382
78.1909
79.7848
82.1191
82.247
81.7084
81.9518
80.5067
79.8782
79.129
76.8875
77.0547
76.9749
75.9606
75.9638
75.579
75.696
75.4053
75.2294
74.4835
74.98
73.7555
73.6831
73.7405
73.6081
74.5805
75.0321
74.1641
75.2082
74.5308
74.5784
74.9785
75.2077
74.0521
72.7088
73.6798
75.0101
75.08
74.4883
74.5358
73.8115
74.0268
74.4902
74.8657
74.2707
74.101
74.5457
75.2163
74.8915
75.1175
74.1726
73.6659
74.2151
72.3625
73.2646
73.7818
73.3312
74.2983
74.8354
73.9153
74.81
74.7292
75.0968
75.3625
75.4155
74.8746
74.35
74.6777
74.6198
75.2313
75.1415
75.7736
76.445
75.808
75.3788
74.9332
74.5103
73.8512
74.3408
75.074
75.2031
74.6409
76.4666
75.0363
75.2932
74.6328
74.1784
74.4587
73.3411
73.4364
74.1403
74.3369
73.9814
73.0311
74.8147
73.7815
72.8195
73.1579
72.4607
72.471
73.8206
73.8091
74.5751
74.8662
76.8137
78.5074
79.7638
80.3448
81.3543
81.6239
80.0526
79.8839
80.8301
79.0835
77.092
75.8053
75.4375
75.6046
74.4476
75.3646
75.0261
74.3723
75.3009
74.2579
74.8265
73.4185
73.3019
74.2105
74.5236
75.143
73.4031
73.8513
74.9236
73.6743
73.851
74.4562
72.9126
73.3033
73.8177
73.6896
73.9093
73.8355
73.7533
72.736
73.2248
73.7915
73.8716
73.0695
72.9866
72.7121
72.8051
73.7095
73.4274
73.2335
73.179
74.1983
73.5848
72.8993
72.3569
72.8255
73.0558
73.081
74.0338
74.1438
74.2877
73.4682
74.598
75.0747
73.8799
73.2613
73.1705
73.5272
73.3126
73.226
73.2352
73.0626
73.1138
74.3369
73.8157
74.0968
74.6116
74.4388
74.4587
74.315
74.0409
74.6103
74.7687
74.496
74.5459
75.4418
74.1659
73.4476
74.2651
73.9891
74.5747
74.1938
73.7939
73.5126
74.4797
74.5634
73.9294
72.8397
73.0798
74.0791
75.5403
75.2103
74.1149
72.7543
73.8413
73.0232
71.7223
73.48
73.2336
74.0524
74.1821
73.2313
73.5305
72.8418
73.6684
73.581
74.3775
73.7219
73.2608
73.1827
72.1863
71.9157
72.6276
72.4306
73.1361
73.9919
74.4881
74.5111
74.5027
73.4102
73.3864
72.7405
72.8591
73.088
73.8135
73.2444
74.0576
74.6336
73.5697
72.9153
73.5954
73.7879
72.9475
73.2507
73.5603
73.6247
73.9597
72.861
72.3498
71.3953
71.1214
72.0433
72.244
71.9809
72.722
73.7079
72.7442
73.4906
73.7324
72.7177
72.5154
72.028
72.8492
72.9448
73.293
73.728
73.8703
72.9078
72.8056
72.6406
73.1871
73.5401
73.1554
72.6064
72.9959
72.7136
73.4116
72.016
73.0906
74.9967
75.6776
75.8016
74.2328
73.9054
73.7507
74.7238
74.2033
73.8753
73.5966
73.6456
74.0552
73.9782
73.8965
73.9851
73.7363
73.6593
73.539
73.2785
73.3972
73.4459
72.6896
73.7251
73.8724
75.061
74.2241
73.6879
73.7861
74.1672
72.7472
73.4192
72.8293
71.2399
72.1923
71.5406
70.9296
72.0366
71.647
73.2632
74.5594
75.6277
75.9562
77.5644
77.8245
79.5055
80.4647
81.7779
82.5056
83.0349
82.1579
82.5071
82.632
80.5162
78.328
78.4826
77.2447
75.4629
74.8325
74.4578
74.5584
72.6564
72.9193
72.4886
72.1123
71.2327
72.6692
73.2575
72.9241
72.5043
72.1503
73.8159
72.3311
71.946
71.4421
72.7579
73.234
72.9803
72.172
71.9672
72.6334
73.3976
74.045
74.5185
74.4895
73.7176
73.4815
72.1901
71.2394
71.5576
72.8745
73.4994
72.4721
74.1361
73.3299
74.0533
74.2496
73.7914
75.3681
75.8248
76.7538
76.0283
75.5073
75.0799
73.0143
72.8401
73.5726
73.6171
73.5641
73.0716
71.8447
72.1336
72.6097
73.4769
72.7571
72.515
72.1018
72.514
72.8486
73.059
73.3357
73.3374
73.3181
73.9458
73.0478
72.4557
73.0832
73.5263
72.9754
73.6729
72.8722
72.9921
73.2277
73.4413
74.1716
74.0531
73.2365
72.7321
72.5299
72.8231
72.2521
72.215
72.8358
73.3296
73.2693
73.9008
72.8155
74.3922
73.6835
74.0309
74.8657
73.9409
73.3393
73.2982
73.811
74.2978
74.7824
74.2525
72.5125
73.0198
72.544
73.9168
73.8509
74.0849
73.6066
73.0358
73.3926
74.079
73.6455
73.6492
73.6208
73.5361
72.8214
72.7246
72.7247
73.9664
72.5688
71.3203
71.3012
71.9462
71.6217
71.6703
72.2689
73.4155
73.1949
73.5906
72.3235
71.9642
71.6896
73.0926
73.4549
74.1381
72.984
73.1393
72.9889
72.5914
71.8477
72.9014
73.6045
72.5644
72.297
73.4131
73.5751
73.3808
72.9173
73.7233
73.7463
72.5215
73.2872
72.843
74.8975
75.0391
74.6847
74.81
76.0371
74.4232
74.675
73.9369
73.8633
73.5557
72.8609
73.5004
73.9677
73.8046
73.3527
73.2651
74.2536
74.4088
74.8956
74.9901
75.541
74.6051
74.3164
74.1595
73.7111
74.447
73.9798
75.311
75.1819
75.3086
74.4101
75.1756
74.8014
74.2777
73.6835
72.4032
72.9363
72.0611
73.6048
72.791
72.2051
72.4212
71.8563
72.2296
73.2781
74.0804
73.8073
74.1915
73.1984
72.9852
73.9581
73.22
73.7336
73.5557
74.4179
74.0063
74.3084
74.7948
74.6758
73.4251
72.9416
73.7993
73.3157
72.6758
73.4268
72.2905
72.0485
71.8652
71.44
72.5646
72.4302
72.335
71.4472
72.2427
72.0983
72.5733
72.3338
72.289
72.1597
71.7395
72.5732
73.7247
73.0347
71.7867
72.0094
71.8927
71.6702
71.9847
73.0724
73.2306
74.7012
72.3119
72.3638
73.3268
72.4449
73.4551
73.4323
72.3965
72.6086
72.7879
73.1523
72.746
73.7868
74.4397
74.4049
73.1084
74.0839
74.2153
73.4317
73.4184
73.4533
74.6146
74.2356
73.9765
73.8049
74.4208
73.204
74.8543
74.2848
73.4583
72.9901
72.0411
73.0042
73.748
72.8545
72.7946
72.1663
72.8628
73.5108
72.6896
72.5597
73.7532
74.0633
75.2096
76.2751
76.9192
74.6854
73.4773
73.5741
74.4309
74.8761
74.9051
73.2366
72.8908
72.9731
73.1858
73.4297
72.7185
73.2073
74.2868
73.6866
73.2619
73.5616
74.126
73.9875
74.8216
73.3379
73.514
74.485
74.2163
73.5313
73.6859
74.4812
73.857
72.3474
72.9161
72.632
72.3988
71.8052
72.1369
71.9008
72.9483
72.7793
73.2793
72.6155
73.6862
73.374
73.7897
74.1758
75.4352
75.0882
74.652
73.5238
73.933
72.9725
72.7816
71.6273
72.3302
71.7785
70.9552
71.6912
72.5364
72.4922
72.6571
73.777
74.0481
73.0578
72.9761
74.2142
73.7802
73.1679
72.7475
73.0749
71.9067
71.7465
71.3068
71.1429
70.2801
71.061
72.7383
72.895
72.4423
72.7661
72.1324
72.9002
71.9352
72.49
71.3572
73.0116
72.8732
71.5848
72.8967
72.5837
72.2504
70.9978
71.4627
73.1118
72.5342
72.2161
71.1746
73.0158
71.9226
73.5775
73.876
73.9048
74.4809
73.6592
73.1732
72.0222
72.1197
71.9968
71.1837
71.9031
72.0215
72.5364
72.8166
72.2911
72.827
72.7247
73.4568
73.7721
74.5385
74.3358
75.2137
74.5937
75.289
74.1275
74.7449
74.0381
73.5696
75.0793
74.6502
74.8858
72.2035
72.5376
73.1379
72.999
72.1259
73.11
73.2336
73.0329
73.2407
74.0742
74.4855
73.4281
72.3445
72.9019
73.1615
72.8104
71.9087
72.9254
72.4516
71.9235
72.9902
72.9963
72.8556
73.1786
73.813
73.0011
73.2955
73.4478
73.1691
73.1287
73.1756
71.931
72.8661
75.1288
73.8734
73.6799
72.6203
72.7738
72.5696
72.0245
71.5073
70.8477
71.1273
71.3272
72.1104
71.6352
71.6271
71.3971
70.9692
70.7614
71.0808
72.1271
71.5421
71.9699
70.523
71.9288
72.6493
72.5175
72.6777
72.6408
72.5712
72.1951
72.2768
72.3055
72.0868
71.7212
73.2657
74.0232
74.5463
73.2848
73.2009
72.1048
71.7838
71.5196
72.0091
70.9111
71.7062
71.561
71.5374
72.7545
71.6331
72.4274
72.1127
71.895
71.7944
71.4557
70.8512
71.6075
71.969
71.9214
72.2764
71.733
71.7889
71.4352
73.2044
72.2446
71.9551
71.6229
72.1515
73.4209
72.5923
73.2536
72.3331
73.0212
72.8229
72.739
72.2357
70.9898
70.9954
71.7975
72.8238
72.1475
72.8707
72.2478
73.6679
72.9029
71.3389
71.4903
71.8255
71.6274
70.9091
70.4526
70.5946
70.4229
70.413
71.4997
71.2296
70.6964
71.3603
72.1613
72.1826
71.6993
71.668
71.382
70.878
71.4745
72.3742
72.2628
71.7042
71.0073
71.5855
72.4418
71.6768
72.4104
71.7808
71.9885
72.996
72.9102
71.7887
72.0477
73.1752
73.6183
73.2533
73.0007
73.2398
72.7804
74.0316
72.3495
73.6994
73.3602
73.8155
73.5278
73.0331
72.1972
71.8761
71.737
71.5914
72.1565
73.5451
73.8346
73.4621
73.8046
73.1187
73.4731
73.1055
74.5097
74.4296
74.0366
72.9977
74.1199
74.6593
73.7489
72.1869
72.1955
71.8755
71.4884
71.5277
71.5072
71.6012
70.9838
71.7645
71.9644
72.4302
72.1828
72.2576
72.6665
73.7747
73.6539
71.9574
72.5904
72.9747
72.8603
73.447
72.1923
71.707
70.7772
71.995
72.3149
72.9102
72.3716
72.9832
72.4102
72.4303
71.7747
72.4429
72.7336
72.4351
72.4142
72.8529
71.6285
71.6445
72.0307
71.3851
71.8339
71.1379
72.5498
73.1895
72.4253
71.2761
70.978
70.9731
70.3839
70.8101
71.2486
72.4801
72.0203
71.5936
71.6697
70.5879
70.6152
70.9769
71.3857
71.6178
72.6849
72.0972
71.3414
70.4403
70.7068
70.9118
69.85
70.661
71.8874
71.9599
72.9865
72.2551
72.4242
73.0487
72.6416
71.7738
72.0629
73.3791
71.5604
71.9132
72.707
73.5784
73.8962
74.4075
73.1981
74.7093
74.7282
75.4144
74.9655
74.1774
74.6625
72.8292
72.7331
72.4182
72.5182
72.1427
72.2898
72.4037
72.0706
72.9883
73.1895
72.0956
71.0344
70.7326
70.6893
70.7976
70.5116
70.6815
71.8324
72.3935
72.4686
72.0497
72.2952
71.8716
73.6061
71.9931
72.5802
72.5306
73.3292
74.087
72.917
72.7357
72.6775
72.788
72.7831
71.7882
72.5424
72.916
72.5595
74.3716
74.3374
73.9345
73.2638
74.0206
73.1355
73.0263
72.4004
72.0024
72.2473
73.2253
72.6108
71.777
71.6442
71.5482
71.9113
73.8787
74.7181
77.0583
78.5257
79.0523
78.6329
79.1958
78.3534
75.8788
75.0403
73.7569
73.8753
73.5788
73.0267
71.8172
72.1923
71.2023
71.5711
71.3417
70.7116
70.2027
70.81
70.8991
71.3901
71.3115
70.8047
70.7997
71.2885
70.8436
71.5228
71.2099
70.1267
70.4767
69.9854
70.6726
70.9807
70.7675
69.8545
70.1165
70.3201
70.1062
70.5997
71.673
71.8417
72.5494
72.1439
71.4301
70.4547
70.5587
70.7415
70.897
72.1734
72.1418
70.357
70.8117
71.5236
69.7548
70.1725
70.1863
70.6827
70.9014
71.1122
71.4693
71.4772
71.1033
70.7966
71.3907
70.5362
70.9331
71.9125
70.6085
70.0688
70.9012
70.3885
71.5564
71.2879
71.1207
71.4516
71.2424
71.113
71.6801
71.8247
71.8247
73.1698
73.1911
72.8804
72.0494
72.1473
72.0352
72.9583
72.5748
71.7399
71.9253
72.3359
70.8046
71.6806
71.106
71.4775
71.1339
71.0042
71.4477
71.0932
71.0707
70.713
71.1593
70.6915
70.9915
70.5621
70.6102
71.1823
71.0127
71.386
72.3139
71.842
71.5863
70.69
72.2638
71.6404
70.1917
70.4422
70.715
71.3015
71.3827
71.4211
70.0254
70.3832
69.8366
70.1928
71.592
71.7468
70.673
71.4347
71.8334
71.953
70.9213
71.1094
71.6734
72.5643
72.2059
71.6804
72.7501
72.9494
72.4569
73.3802
72.6269
71.7289
71.8508
71.4229
70.7815
70.6091
72.1323
72.506
71.6789
71.2382
70.1203
71.7529
70.3669
70.3875
70.65
70.9828
72.003
71.5288
69.9454
71.1181
71.3102
71.5011
71.4028
71.9144
71.5422
71.1473
70.9547
70.2136
70.4323
70.4981
70.7615
71.0818
70.9656
71.3493
70.525
70.9439
71.0925
71.9976
70.824
70.3475
69.7146
70.8478
72.9215
71.8628
71.3204
71.0949
71.1447
71.229
71.3118
71.4814
72.9571
72.6433
71.967
71.8181
70.8033
71.1352
70.1762
71.0061
70.268
70.8724
71.5695
71.5327
71.9248
72.85
72.6533
71.7907
71.426
72.1607
70.7131
69.688
70.8604
71.2417
71.3153
70.3895
70.5264
71.0106
71.5348
71.0798
71.5301
71.5311
70.8226
70.5946
71.524
71.4181
72.0371
72.1573
71.7742
71.6996
71.4508
71.243
71.4481
71.2693
71.0649
71.7382
70.89
70.9396
71.0233
71.4173
71.5396
71.1757
69.7772
69.374
69.5676
71.0967
71.6905
71.5904
72.3104
73.1036
73.2064
72.911
72.4442
71.1633
71.7736
71.7952
72.9863
71.5579
71.696
71.1578
70.666
70.9335
70.6027
71.8125
72.2434
72.8741
72.8032
72.3831
71.8927
71.2052
71.484
71.7616
71.7441
71.9083
70.6331
70.8846
71.1352
71.176
71.0774
71.3442
70.9072
70.7023
69.7222
69.4592
69.888
69.2347
70.0172
71.096
71.3127
72.1628
71.6083
71.1935
71.2194
71.7106
72.4949
73.7287
72.9383
72.6321
72.1034
72.1172
71.5852
71.7825
71.4268
70.6831
69.9137
70.9158
71.0102
71.9286
72.5605
72.8385
73.0585
71.8174
72.6448
71.8045
72.5395
72.7011
71.8034
71.8138
71.8772
72.3598
72.1597
73.4216
72.9267
72.785
71.888
72.3969
71.7095
71.7419
70.3532
70.468
70.9026
71.1527
71.6735
71.1823
71.7494
72.123
72.551
71.5776
71.5599
72.1163
71.5486
72.6996
72.2305
71.3255
71.0682
70.2409
71.2896
72.0047
72.5224
70.9511
72.7506
72.214
71.0327
71.085
71.5043
70.8853
71.0316
71.714
72.2565
71.3209
70.9396
70.9285
71.0437
70.155
71.2818
71.5992
71.9368
71.2948
71.5716
70.5768
70.4838
70.6136
69.7534
70.1859
69.9821
70.0798
70.2864
70.0837
70.148
71.542
72.1387
72.0138
72.1244
72.0889
72.1042
71.5714
71.199
71.7115
70.8183
71.1209
70.8855
70.8724
72.0907
71.1807
71.2349
72.0338
71.0143
71.3518
71.0036
71.0954
70.7337
70.3914
69.8545
70.4122
70.4378
70.4204
69.3851
68.8019
70.9866
71.6766
71.0955
70.6097
70.3119
70.9758
71.212
72.2006
71.9762
70.6336
71.5762
71.8972
72.1867
72.4644
71.3333
71.3602
70.7672
71.576
70.1694
71.0515
71.9251
71.0994
70.18
70.6455
70.5427
70.4396
69.0684
69.5381
69.6057
70.0976
70.4044
69.5999
71.1523
71.9643
71.4485
71.4958
70.5886
69.8467
70.2421
70.1013
70.4135
69.7094
69.3392
69.6685
71.1456
71.205
71.6026
72.2754
71.8873
70.7893
71.2319
70.511
70.2849
69.8594
69.3514
69.5599
70.5151
70.4204
70.1459
70.1568
71.5034
72.2192
72.3728
72.7201
73.2092
71.3327
71.3125
71.6096
70.301
69.5703
70.744
71.2523
70.5582
70.765
70.1075
69.8529
70.1986
69.4816
69.1112
70.703
70.1421
70.3036
70.3822
70.0845
71.2489
71.0344
71.2914
71.4105
71.2218
71.1651
70.1429
71.566
72.6471
71.5018
70.8407
71.0804
71.441
71.2025
71.6612
72.6235
71.3067
70.3812
70.8294
70.174
70.53
71.7318
72.0078
72.5063
72.0333
71.3926
72.423
70.7789
71.8087
72.1262
72.3341
71.0838
71.5104
71.0407
70.9041
69.7202
69.8873
69.9501
70.9829
71.0756
70.9007
71.3803
71.4136
71.588
70.9175
71.8847
72.4156
72.1763
71.0215
71.8626
71.9216
71.6405
71.555
72.518
71.7314
70.8444
71.5261
71.3831
70.674
70.8461
71.7235
71.5046
71.1754
70.1515
69.7773
69.7082
69.9452
70.6464
72.1263
71.6679
71.9962
72.1326
71.4901
71.3598
71.0908
71.8941
72.17
72.1593
71.4322
70.8741
70.2579
70.5967
70.5049
70.9106
70.6849
70.1701
70.6572
70.4257
71.6995
71.4939
70.5558
70.8437
70.5954
71.2249
71.4268
71.7281
70.6981
70.6852
70.785
71.1511
71.4073
72.4144
71.3098
71.6724
71.3732
70.2302
70.9631
71.9748
71.2395
69.9022
69.726
70.2579
71.2045
71.094
71.6084
71.7632
72.9766
72.0628
72.8044
74.0753
72.9352
70.5038
70.4248
71.3807
69.9275
70.565
71.6275
71.6244
71.2625
71.1236
71.1814
70.9468
71.2907
71.0439
71.8187
71.924
72.9458
72.65
71.7239
71.678
70.9668
70.8435
70.5196
71.3031
71.5243
72.196
71.3321
71.4607
73.0385
72.9522
71.7953
72.1395
71.4943
70.799
71.021
70.9385
69.5694
69.3355
69.5505
70.3518
69.6222
69.8697
69.7745
70.7982
70.3365
69.3544
69.369
70.2588
70.3668
70.9324
69.9609
70.2288
70.5152
70.296
70.313
70.7501
70.5352
70.3663
70.6618
70.4191
70.5936
70.488
69.9743
71.5293
71.2168
72.6806
72.3225
72.1285
71.8129
70.9611
70.4079
70.9525
70.6935
71.4336
70.7875
72.0846
70.4401
69.7166
69.0977
69.6661
69.5202
70.4597
70.9304
71.3784
70.5097
70.0142
70.4157
71.2878
71.6794
71.6804
71.6983
71.6889
72.2467
71.9175
71.8466
72.0739
72.3725
71.8683
71.7406
71.8733
70.7574
70.8813
70.8958
70.4458
70.3537
70.7718
70.9256
69.7254
70.6616
70.503
70.5837
70.7129
70.636
70.8349
70.3901
71.3636
70.6685
71.7241
72.1016
71.4653
71.6245
69.8719
69.8182
70.4678
70.4855
70.0968
69.9687
70.2702
70.8435
71.6914
71.1872
71.4547
70.8546
70.9255
72.3669
70.9827
71.5413
71.2982
71.3179
71.2862
71.2881
70.73
70.2224
71.4522
71.9331
71.4317
71.844
71.0428
71.0184
70.4894
69.8069
70.2869
71.0974
70.4708
71.1226
71.116
69.6272
69.6325
70.5218
70.743
70.0675
69.384
69.995
71.4541
71.0085
71.3415
70.2333
70.8453
70.1128
70.1514
70.614
70.3142
70.9914
70.9801
70.7109
70.9009
70.4017
71.1278
71.1988
71.6813
71.9643
70.7373
71.7666
71.7342
71.138
70.7741
70.3367
70.0738
70.9598
70.6934
71.9322
71.8025
71.6821
70.4201
70.8346
70.6857
70.8756
70.5513
71.0575
71.1348
69.9762
70.3182
69.3515
71.3102
69.807
70.6184
70.914
70.5951
70.5977
71.0226
69.8241
70.7983
71.3259
71.8899
71.7345
69.7687
70.7818
70.2095
71.7079
71.544
71.2346
71.9414
73.2395
72.5207
70.7174
70.047
69.4113
69.7326
70.1928
69.8889
71.2104
71.4854
71.1257
70.5816
69.3922
70.0417
70.6227
70.2363
69.7213
70.838
70.2872
71.1071
72.1927
71.6081
71.0333
71.6353
70.6624
70.5781
71.5411
70.6222
71.5929
71.7542
73.2572
71.8716
71.7761
71.918
72.8772
73.3151
73.2573
71.9026
70.9455
71.1555
71.8359
72.5448
72.3535
71.1961
70.5229
70.4142
70.6054
70.9121
71.3919
71.4609
70.1972
69.769
70.2506
70.4072
70.3859
71.0834
71.322
70.7794
72.2858
72.4758
72.7245
72.8642
73.615
73.614
73.2156
72.8281
73.0093
71.6498
72.0788
72.0615
71.0661
71.1161
70.5219
69.9676
70.0885
71.1139
71.4046
70.705
72.1184
72.1442
70.631
71.3784
71.7282
69.3726
70.2262
70.9049
70.3087
70.5265
70.8259
70.1397
70.4526
69.8472
70.6024
70.3253
69.791
69.687
70.6135
70.9043
70.6286
69.6514
70.3345
71.1247
70.438
71.1853
71.9307
70.5883
70.3026
69.3977
69.0422
69.3904
70.1022
70.2502
70.8464
70.6468
70.8663
72.0681
71.779
71.0361
70.9066
71.4676
71.4177
71.7978
71.4279
73.0238
73.0371
72.7837
72.2815
72.1885
70.8025
70.4075
71.5001
71.1499
71.5675
71.248
70.8709
71.6169
72.2166
71.5269
70.0409
70.0053
70.7079
70.9623
71.4802
71.2457
71.1693
69.8751
69.3298
69.5997
70.0876
69.19
69.0067
70.1202
70.1737
71.2576
72.0117
72.4797
72.0358
72.6807
72.0772
71.976
70.557
70.558
70.736
71.5908
72.5734
73.8294
73.477
73.0542
72.6217
70.3909
70.9285
70.4182
70.2543
70.2537
71.2008
70.4625
69.7433
70.2914
70.634
70.7117
70.935
71.5511
70.885
70.6801
70.7624
70.4131
71.4661
71.3481
71.1014
71.4279
71.8121
71.8227
71.6522
70.9145
71.3939
70.675
69.7996
69.859
70.519
69.6684
69.8244
69.5599
69.9809
69.7625
69.9825
69.9889
69.7968
69.3878
69.4378
70.5298
70.2819
70.3924
70.6538
70.7035
70.4595
69.9137
70.5599
70.6473
70.8741
70.8102
70.1761
69.948
69.4867
70.0145
69.912
70.8757
70.4263
71.527
71.4567
70.0583
70.8604
69.075
69.1176
69.8107
69.4136
68.9525
69.6926
70.7241
71.3898
71.1968
71.3862
71.035
70.3182
70.9484
70.1774
70.2787
69.5881
70.1217
70.5615
69.6579
70.4767
70.2915
71.3953
70.2971
70.8832
71.3313
71.4635
70.6373
71.3687
71.9194
72.1722
72.027
71.3746
71.0148
71.3895
70.6259
70.0929
69.9262
69.8267
68.8951
69.9812
70.6196
70.4862
70.1128
69.8176
69.6501
70.5373
70.072
70.2859
71.7704
71.0994
71.0264
70.4091
70.3729
70.6559
71.5408
71.2559
71.8141
70.0636
70.1988
70.7914
69.8795
71.0016
70.7646
70.5098
70.0317
69.535
69.6534
70.5169
70.5553
70.9976
70.6641
70.0935
70.484
70.69
70.3293
70.2965
70.2332
70.4936
69.7731
70.4846
71.7355
71.6242
72.4692
72.1454
71.246
71.7542
71.499
70.1282
69.7762
70.7015
70.4179
70.2651
69.614
70.0613
69.999
71.0762
70.6143
70.0203
69.6661
69.2822
70.3936
70.2406
71.3646
70.7051
69.8594
70.4464
72.0032
71.2751
72.2752
72.3788
72.8739
72.6521
72.2133
71.6084
72.2047
73.3861
72.3312
70.943
69.9882
70.4769
71.3859
70.2225
69.6151
70.5679
70.6772
70.9953
70.1786
69.5417
69.5701
69.932
70.2317
69.6592
69.706
69.4347
71.1459
71.6202
72.7015
73.0176
72.6405
71.53
71.3935
70.6804
70.0086
69.3781
69.9124
70.2831
70.271
70.8648
70.8395
71.5292
71.1971
71.6372
71.4442
72.6353
71.1304
71.11
71.2769
70.3189
70.7355
71.1304
70.0754
70.4966
69.892
70.6299
70.26
71.3464
71.3605
71.0382
71.6521
71.1472
70.6199
70.5891
70.9613
71.3121
70.682
71.0717
71.3562
70.2582
71.3694
70.4164
71.7901
72.2324
71.858
71.9744
71.7543
71.9363
70.8947
71.3841
70.3295
71.449
72.0159
71.6635
71.8198
72.7344
71.2287
70.4105
69.4027
70.3539
69.2367
68.6308
68.8973
69.3814
69.8246
69.7974
69.8056
70.5699
70.7731
71.1693
70.4004
70.5109
70.1394
70.2575
70.4657
71.7355
70.5571
70.6428
71.5476
71.7225
71.5714
70.7655
71.4895
71.9381
71.6156
72.9944
72.8906
72.0604
70.1536
70.5252
69.3193
69.1827
71.3245
71.9367
71.4815
71.3176
72.0839
70.8275
71.2428
71.7391
72.3437
72.5804
71.7794
72.2122
71.0839
70.3863
69.5225
69.6257
69.2941
70.4203
70.9466
71.5552
69.7792
69.8384
69.6324
71.336
70.2304
69.7799
70.2988
70.5806
69.994
69.8054
69.9179
69.4766
69.8035
69.2911
69.7554
70.7097
70.1157
69.197
69.0388
69.1407
69.7922
70.1114
69.7348
69.8237
70.6092
70.6062
71.2175
71.2876
70.292
70.0314
69.863
71.0089
71.0052
70.5414
70.9274
71.4795
70.0514
69.5839
69.7796
70.2764
71.5905
71.1622
71.8975
71.6031
72.244
72.735
72.9541
72.1049
71.152
71.277
70.5167
69.9293
69.7835
69.9548
70.5856
71.2921
70.6161
70.9681
70.7627
69.4136
69.4515
69.7395
70.6065
69.8613
69.9427
69.8255
70.1362
71.6526
72.0452
71.9973
71.3006
70.1099
70.3695
70.5505
70.5043
70.1558
69.6164
69.614
69.5456
69.4536
69.7154
70.4512
68.9199
70.6268
70.8255
70.7403
70.9407
70.9047
70.7038
70.8253
71.8978
71.7404
70.9226
70.3123
69.2985
69.6333
70.1149
70.5207
70.108
70.5331
69.6032
70.4967
70.5969
70.8936
71.4897
72.2307
72.4338
72.1283
70.7672
70.5489
70.4785
70.1974
70.8246
70.6547
70.4602
72.1687
72.1064
72.0654
71.6663
71.5122
71.1793
72.0616
71.4109
71.0236
71.063
70.8976
70.7499
71.6212
71.5199
71.1231
71.1606
71.2447
71.357
72.485
72.8149
72.0176
71.0681
70.7193
69.8165
69.8969
69.9144
69.2843
69.9078
70.3249
69.739
69.3008
69.5931
68.9736
69.5631
70.7516
71.2837
71.2132
72.088
71.3898
70.7137
70.5356
70.8428
70.7971
71.0165
70.24
69.5083
69.8133
70.0123
70.4702
70.699
71.5032
70.8765
71.3679
72.1499
73
70.3618
70.6711
71.0014
70.1695
70.7397
70.2791
71.526
71.2121
72.265
70.5786
71.1508
70.5733
70.9325
72.0326
71.4814
71.8237
71.1933
70.8072
70.2284
70.9108
70.0855
70.8945
71.2351
70.7897
71.1775
71.8643
73.695
74.6228
75.6108
75.7928
76.721
78.5323
79.6781
80.5162
80.7048
78.9834
77.8872
77.1234
74.8685
72.6541
72.2522
71.1796
69.9901
69.1222
69.8096
70.0886
69.6102
70.5011
69.8678
69.9369
69.7434
70.0446
69.9572
70.3309
69.2872
70.3455
72.2331
70.7756
69.6829
69.5952
69.3894
68.9485
68.7032
68.6744
67.9314
67.3054
68.8443
68.9935
68.8418
69.7059
70.6369
70.8122
70.1815
70.5931
70.996
69.3713
70.3836
69.5679
70.3189
70.1234
70.065
72.3538
72.265
71.6447
70.5548
70.918
69.9416
70.5277
71.2659
70.9278
69.8159
69.0644
69.5636
69.4718
68.3348
69.0738
69.8058
69.5293
69.207
69.3374
69.5235
69.5015
69.8463
69.7264
70.1331
69.3121
69.8459
69.0914
69.4327
68.7503
68.6131
67.9529
68.9946
67.7455
67.7236
68.0816
68.3919
68.4645
69.1406
69.4644
70.1325
69.8455
69.2687
70.0694
70.4547
68.9846
69.566
68.9156
69.91
70.3109
70.5205
70.6476
71.2982
71.6133
71.9528
70.6243
70.4752
70.285
69.7218
68.4309
69.289
69.2213
69.3706
69.3125
69.3729
69.7518
69.2229
69.4528
69.771
71.3229
71.8641
71.3134
71.5316
71.5039
69.981
70.1305
69.1496
68.7189
69.7808
69.496
69.347
68.7369
69.8109
71.1724
69.7623
68.5871
68.506
68.7172
68.8266
68.7121
68.8381
69.049
69.4607
69.7147
70.8443
70.2209
71.3294
70.8992
70.7235
70.6152
69.0027
68.9236
68.836
68.6723
69.6478
69.7738
69.3694
68.5341
68.2051
69.2859
69.1128
69.3565
69.9578
70.5635
71.0347
72.0949
72.7897
72.1566
71.7141
72.3953
71.7105
70.4885
71.5203
70.4911
70.5007
69.6051
68.9734
68.8532
70.0624
69.3754
69.5786
69.8171
69.1567
68.8361
70.1593
69.6578
69.2436
69.4469
69.4172
70.053
69.6594
69.3429
69.8059
69.6273
69.6175
69.6905
71.0962
70.8657
70.7972
69.9631
71.0913
70.1271
70.0173
69.8976
70.174
70.6569
70.7802
70.2261
69.8623
69.9038
70.3955
69.9486
70.5945
70.6195
71.6838
71.2454
69.8125
70.3254
69.9962
70.8465
72.3645
71.2324
71.4159
70.8073
70.9074
71.1453
70.1968
70.8921
71.6372
71.1117
70.8375
70.7871
70.7148
69.9812
69.7238
70.5957
69.5706
69.2659
69.429
69.2858
70.8038
71.1483
71.2952
70.8982
71.1224
70.5402
70.5454
69.3962
69.3607
68.4314
68.3394
68.3632
69.007
68.8648
68.6242
68.6245
68.7742
69.9073
70.9643
69.5245
71.2247
71.8624
72.0422
71.9992
72.4061
71.3867
70.7817
70.9032
70.2687
69.8491
69.5508
70.3423
71.3027
69.7687
69.8014
69.3092
69.5582
68.7398
69.2887
69.7311
69.3878
69.7132
69.6501
68.9792
69.5031
70.6536
71.7116
70.145
71.0481
71.2018
69.6187
69.1638
69.5739
69.2538
70.559
70.092
70.106
69.529
68.8564
70.0264
70.8256
69.2229
68.2452
68.4401
70.1118
70.2659
69.852
69.3075
69.0562
69.8248
70.0903
69.3338
68.2127
68.5044
68.4323
69.1573
68.8125
70.2596
70.1786
70.1627
70.319
70.0735
69.7527
69.1492
69.3629
69.9974
70.0233
70.2727
70.7853
70.601
69.6352
69.8937
69.6103
70.4734
70.8522
69.1871
70.2154
68.9308
69.9378
69.4082
69.6819
71.3417
70.2032
69.2676
69.0989
69.6855
69.5463
70.7885
71.3254
71.0134
70.4775
70.0431
69.5453
70.3745
71.4596
71.2004
72.1555
72.4439
72.5615
72.373
71.1821
70.5521
70.4502
69.344
70.3347
70.0362
69.7668
69.9383
71.4099
71.7934
70.218
69.3449
71.5761
70.4293
72.0343
71.4019
70.2074
69.8045
69.3516
69.9185
70.7629
71.4078
71.938
70.4745
70.9381
70.6615
70.6859
69.967
70.1727
72.0226
70.7937
71.049
70.5191
69.6317
70.189
70.4057
69.8676
70.4519
69.9425
69.1723
68.8436
68.5655
69.3725
69.1215
69.4139
68.5807
69.349
69.0225
68.4276
68.4571
68.5316
68.1749
68.0196
68.7775
69.2678
69.2298
69.7451
70.5845
69.7971
68.888
69.2035
68.7658
69.634
69.6933
69.9935
68.7262
68.8898
69.5943
71.2045
71.4473
71.0345
71.1356
71.2562
72.2997
73.2759
71.116
72.0346
70.901
71.3278
71.0928
70.8479
71.4855
72.1087
71.0373
70.5957
70.588
71.0481
70.8375
70.2143
69.9749
70.1355
70.5173
71.2247
71.298
72.0206
71.8659
72.2278
71.0061
70.5213
70.7073
70.6265
70.437
70.8018
70.0764
70.7088
70.7652
70.3405
71.0992
69.8297
69.5098
69.2501
70.0155
70.0139
70.4433
69.8423
69.1768
69.1405
68.7402
68.6759
69.0966
70.0768
68.7336
69.4974
69.2148
68.7407
68.7196
68.6968
68.864
68.6885
69.4396
69.7891
70.2606
70.4625
70.6742
70.6162
71.0817
72.5176
72.8316
72.0349
70.7659
70.0273
70.2124
69.915
69.7207
69.7753
71.2038
70.0044
69.8849
69.3149
69.5679
70.2658
71.1509
71.0179
70.5058
70.41
69.1433
68.2846
69.6537
69.9025
69.8308
69.5569
69.6657
68.1406
69.2064
70.3455
70.5675
69.9645
69.9147
69.1867
69.7189
70.408
69.3406
69.9638
69.4582
69.0857
70.0359
69.0431
68.9718
68.7795
69.1074
68.5918
67.7064
69.2243
69.6257
68.6652
68.2401
68.1054
68.4794
69.2278
70.1963
70.3258
69.2045
70.0532
70.489
71.0429
70.8136
69.39
69.4186
70.335
70.7132
71.7636
71.213
72.5916
71.813
72.0765
72.0179
71.1368
71.0963
70.9777
70.6668
70.8456
71.2705
69.5911
70.5185
71.9378
70.6085
70.2853
70.3583
70.0756
69.9912
71.8122
71.2956
71.7448
70.6078
71.4518
71.478
71.5496
71.489
71.0639
69.1066
68.515
69.0212
70.7777
70.9367
71.2407
70.1371
70.1492
70.9561
70.3406
69.8161
69.2267
69.8934
69.2777
69.2712
68.7412
69.3678
70.1157
70.8733
70.4001
70.8516
69.3218
69.0065
68.4501
68.7638
68.3282
68.893
70.3536
69.3229
69.8304
69.5156
70.171
70.2478
71.2662
70.932
70.1684
69.5184
69.899
69.265
69.964
70.4806
69.7551
69.6128
69.563
69.2604
68.8985
68.8474
70.1142
70.5636
69.4195
68.9336
69.2496
69.8435
69.5021
69.5828
69.4933
70.0255
70.005
70.106
69.7079
70.9594
70.1907
70.3289
69.9082
70.3399
70.3193
71.1837
71.9011
72.2689
71.0095
70.6292
70.3686
70.1037
69.3652
69.6178
70.1778
70.1849
70.4861
70.6313
70.9184
70.8042
70.2982
70.3541
70.0463
69.2277
68.0175
69.3336
69.8687
69.4726
69.8445
69.6179
69.8799
69.1167
69.3356
70.699
70.4083
70.8637
69.4713
70.3397
70.3611
69.6749
69.8096
70.0836
70.2286
69.5589
69.8298
69.0521
70.8129
70.0698
70.2789
70.0555
69.4671
69.2203
70.4602
70.6343
71.9359
71.1734
70.771
69.8404
69.6208
70.5119
69.7157
69.0973
69.0205
68.8421
68.679
68.5924
69.0598
67.8775
67.6998
68.8834
68.7419
69.0555
69.7749
69.6421
68.744
69.3257
69.0745
68.5616
69.5092
70.4897
70.1425
69.8393
69.7502
68.9337
68.9694
68.0819
69.3269
69.7864
70.3497
70.588
70.5266
69.0734
69.6121
69.7183
69.2666
69.5964
69.5102
69.7957
70.0431
69.0375
68.4859
69.8512
69.2573
68.464
69.6814
71.0236
72.9786
71.3083
70.6356
71.1503
70.6827
69.9785
70.1004
69.8808
71.089
70.9746
70.4847
70.1639
68.5458
69.4311
69.2717
69.0418
69.0027
68.8939
68.6111
69.2087
68.9755
70.276
70.6604
70.3243
70.5123
70.2734
69.9402
70.7009
69.9936
70.209
70.4593
70.1476
69.8643
68.8943
70.1675
69.5576
70.1482
69.5833
69.9608
70.095
70.9472
70.6133
69.7133
70.2186
70.8729
71.1206
70.6476
69.4561
69.777
70.2075
70.8054
70.7219
70.5744
70.9162
71.5675
71.792
71.3532
72.0181
72.166
70.4792
71.1535
70.8775
71.1768
71.6423
70.0153
70.9747
71.1424
70.1086
69.9037
69.7598
70.5829
69.8065
69.0986
69.9495
70.1557
69.4856
69.4135
70.103
69.5073
69.8602
69.1366
69.4672
69.0577
69.5346
69.5638
69.6394
70.2948
70.9356
70.7989
70.237
70.9184
70.0521
70.6391
70.1836
70.3606
70.1554
70.4097
69.9045
71.0639
70.8941
71.6389
70.8451
70.7453
70.383
69.9809
68.5309
70.8262
70.6144
70.9957
71.3483
69.9752
70.4461
69.3009
69.5739
69.449
70.6571
70.5118
70.9385
69.9987
70.2531
70.243
69.9605
69.2966
69.4824
70.063
71.1653
71.5712
71.622
71.0481
71.1529
72.432
71.3478
70.6279
70.4435
69.7282
69.4866
70.1598
70.4111
69.2124
69.3282
69.7107
71.2671
71.2042
72.1939
71.6146
72.2959
72.5199
70.8803
69.9889
69.9549
68.7623
68.8242
68.8058
69.2679
69.8276
70.2308
71.2484
70.617
69.5982
69.6844
69.6159
70.1388
70.2717
69.7199
69.9097
70.0981
69.1842
69.1585
69.8793
70.0038
69.8843
70.6288
70.2862
69.797
70.1466
70.0523
69.8324
69.188
69.015
68.9391
68.8539
68.9775
70.0403
69.5617
69.5974
69.1395
68.889
69.4951
69.2842
70.4841
69.7996
69.6268
69.7192
70.9001
70.2235
69.9476
70.4946
69.4741
70.6069
70.3762
71.2851
71.0903
69.0141
69.9643
70.0936
69.9854
70.1885
69.5337
69.7805
69.8947
69.4145
70.2055
70.6716
70.7802
71.1303
69.9482
71.0741
70.5326
71.7862
71.0333
70.9439
69.1647
70.5861
70.9983
70.5449
69.3692
70.1868
71.1121
70.4898
70.4338
70.438
69.7424
69.5691
68.4399
69.5493
68.6385
69.3487
69.8284
69.7791
70.4996
71.4503
70.5596
70.3065
69.7795
69.3641
69.4276
69.7556
69.4241
70.234
71.1189
70.8813
71.2547
72.0274
72.0833
71.2396
70.0809
70.2065
70.4079
70.394
70.47
70.1245
70.2396
71.3096
70.9077
70.9736
70.1499
70.1114
69.8578
70.029
70.132
69.9454
69.3723
70.0104
68.9393
67.9913
67.8297
68.3367
68.6695
69.0669
69.917
70.512
70.7968
70.6192
69.5177
69.5425
68.622
68.937
68.7793
68.1957
67.7479
68.2578
69.6914
70.0725
69.289
70.4673
70.588
70.1121
69.8711
69.7529
70.1756
71.5568
72.9507
73.0386
72.2007
72.1835
70.873
69.1386
69.3112
69.4858
70.142
70.0115
70.2338
70.1226
68.7682
69.3854
70.1662
69.7361
68.9822
69.1742
69.1278
69.3056
70.5754
70.4617
69.6831
69.0715
70.1457
70.2726
70.0141
69.039
69.3315
69.7271
70.7893
71.0194
70.4018
70.597
70.1659
70.4185
69.3596
69.0626
68.7939
69.3592
69.4763
70.2271
70.281
70.4739
70.9617
70.3558
71.4904
72.0254
71.6067
71.866
71.8264
72.2428
71.4776
70.7191
70.6339
69.2624
69.3773
68.4166
68.9102
68.8261
69.2513
70.0686
71.5661
70.4742
70.4103
70.0757
70.6961
70.2271
70.6296
71.3246
70.6507
70.949
70.7319
70.9103
71.2852
71.1736
70.2734
69.8855
69.8276
69.3364
70.975
71.0094
70.1622
69.9209
70.2213
69.5561
69.2722
69.8094
69.9402
69.8404
69.9611
70.197
70.1767
69.2922
69.5097
70.1231
71.8715
71.932
70.6283
69.8923
70.9853
70.3915
70.3318
69.8939
70.1348
69.6802
68.7875
70.7013
70.3081
69.6193
69.6369
69.4215
69.7926
70.1127
70.9187
70.5991
70.7817
71.0123
71.3754
70.1259
69.6341
70.5368
70.9148
71.7756
70.7528
70.1962
71.074
71.5141
71.5634
70.7732
69.7536
69.6559
69.8743
68.5565
68.9181
69.3831
69.6422
70.0057
70.6001
69.9629
69.7084
69.3941
68.4779
69.3693
69.5138
69.3163
70.3008
71.2037
70.5144
70.1277
69.3659
69.8238
69.9121
69.773
70.1927
70.8918
69.9402
70.9827
71.4786
70.6003
70.8883
71.823
72.4274
70.7017
69.7378
69.1438
69.7442
70.4127
70.4779
69.9672
69.76
69.0371
69.0607
69.1288
68.9253
69.1916
69.0649
69.6088
70.4292
71.8229
70.7011
72.2522
70.8689
71.9388
70.3498
70.1174
71.0381
70.7838
70.3308
70.0858
70.0999
70.1423
69.4786
70.3163
70.3482
71.4447
70.7161
70.2871
70.4543
69.7235
69.1018
68.8797
68.6552
68.4545
69.2129
69.4016
69.0427
69.0107
69.3991
69.3383
69.7931
68.844
69.0774
69.3005
68.4824
68.0925
68.582
69.8792
70.2881
69.8095
69.9663
70.1512
69.5406
69.4831
70.2285
70.5067
70.7297
71.9718
71.5177
72.3514
71.6047
71.0275
71.0551
69.6285
70.2097
70.6128
69.4837
69.2962
68.6629
69.1022
68.8812
68.6702
68.7542
68.8872
68.571
68.6148
69.7858
69.1122
68.9626
68.8849
69.1044
69.3237
69.7763
69.8144
69.7228
68.9718
70.061
70.0513
69.8765
70.0167
70.7715
70.9073
69.1681
69.0544
69.5212
69.6826
70.1118
68.4115
69.5708
70.6687
70.929
70.2153
69.6468
69.5377
69.5959
68.7883
69.7905
70.511
70.0658
69.6562
70.8289
71.121
70.7554
71.1545
69.7847
69.5904
69.9296
70.686
71.141
70.5145
70.5982
69.4515
69.8127
70.1591
71.1901
70.6183
70.9892
70.892
71.3224
70.8612
69.3014
69.2386
70.0501
68.838
69.8403
70.7129
72.2357
71.3498
70.711
70.6855
70.4605
70.7011
70.5333
70.3473
71.192
70.346
70.3747
70.1555
70.5815
70.9405
70.6739
70.3759
70.9921
69.6224
70.1577
71.0296
71.5527
70.6349
71.9805
71.506
72.4741
72.3507
72.389
72.4078
71.076
71.2321
70.6776
70.3413
70.2456
71.244
70.2636
69.7902
69.0741
70.2677
70.5649
70.5164
69.7563
70.6708
71.1631
71.1565
70.526
70.1284
69.2947
69.8384
69.8553
70.3076
70.5275
70.3119
70.5231
69.8621
70.5674
70.2838
69.7852
69.2123
68.8815
69.541
69.8112
69.2962
69.6412
69.4172
69.2437
69.0682
69.7426
69.5583
70.2103
69.394
69.2231
69.6577
69.7392
69.3121
69.5332
69.7106
69.6251
69.1683
69.9115
68.8815
68.7035
69.0588
68.19
68.7585
68.6536
69.0494
68.8898
69.6527
69.7127
70.2243
70.261
70.6446
70.0509
70.6227
70.6237
71.3251
71.5459
71.4028
70.6627
71.7696
72.0822
72.1321
72.7974
72.3085
72.1366
71.0209
70.2565
70.4826
70.8235
70.6836
70.6473
70.3284
69.9154
69.9173
70.2623
69.6021
70.1646
70.4641
70.1768
68.9452
69.6996
69.9152
69.9843
69.894
70.3531
70.8009
70.0216
69.6303
70.4867
70.1322
70.5248
71.2804
71.499
71.0203
70.5935
70.4101
69.8639
69.3235
70.5805
70.6774
71.4906
70.6697
70.9354
70.9732
71.8351
71.1982
70.994
71.0518
70.9568
70.5479
70.4852
70.4611
71.13
70.1536
69.7671
69.3976
70.9727
70.5225
70.8866
71.2895
71.3783
70.6332
69.2443
68.4455
68.8898
69.5502
69.9988
70.4544
70.4399
70.5189
70.1299
71.121
71.1333
71.4231
71.8228
70.6299
70.1555
70.7514
69.576
70.2574
69.2229
68.8496
69.3437
69.1549
70.7478
70.8652
70.167
70.3529
71.5893
70.6127
70.5503
69.5206
69.3085
69.7291
70.0823
70.0113
70.2578
70.0744
70.1371
69.4586
69.6224
71.0013
71.0367
70.7231
69.5831
69.5273
69.1438
70.6553
70.1908
69.2735
68.2267
69.3906
68.6584
68.7897
69.7382
69.0635
68.6886
67.8584
68.7734
69.096
69.5305
68.9335
69.1671
69.5466
69.7601
69.3638
68.3253
68.6893
68.8643
69.3996
70.1577
70.95
70.3139
70.277
69.1056
69.0896
69.0234
70.1249
70.5764
71.1878
69.6078
69.4794
70.2849
69.6823
68.9303
70.0546
70.0656
70.172
69.6796
69.2119
68.2391
69.5271
70.3437
69.0609
68.0115
69.132
70.2159
70.6726
71.347
70.8309
70.6418
69.8882
69.9995
70.0902
70.4365
70.5922
70.5889
68.2618
69.9338
69.0017
68.9367
69.7559
70.1653
68.9674
69.0159
70.723
71.4825
70.3827
69.4936
69.0584
69.0793
70.0788
70.3559
70.104
70.707
70.4726
70.678
70.755
70.4232
69.9799
69.0629
69.3779
70.4011
71.4723
71.1716
70.9088
70.0199
71.2257
71.4247
69.9509
69.3874
70.0229
69.8038
70.8334
70.5398
70.0352
68.9772
69.7513
70.6398
70.7635
70.6687
71.1546
71.389
69.6638
69.9415
69.8452
69.3353
69.4243
69.4795
68.9289
69.6314
68.4791
69.049
68.8252
68.0453
67.9146
68.661
69.4726
70.3674
70.4116
71.2365
71.2711
71.255
71.6323
71.6949
69.5572
71.4747
70.6373
71.4402
71.1303
72.4678
72.2198
71.819
71.3056
71.5612
72.0449
70.3311
69.0873
69.4967
69.134
68.8797
68.7266
67.9174
68.605
69.1594
70.5275
70.3819
70.2713
70.7596
69.8661
70.2838
69.3734
69.4374
69.6496
68.4482
68.9903
69.3435
70.6239
70.0737
69.804
70.3802
70.2762
70.8449
70.0085
70.7334
70.0246
69.9425
71.2021
70.1604
70.4092
70.289
70.4057
70.507
70.3445
71.1699
70.5781
70.8337
70.5691
71.2109
70.1611
69.7868
70.031
69.278
69.574
72.1315
71.8147
71.9259
71.2877
71.6612
70.3943
70.3693
69.9836
69.8689
71.0214
71.3982
70.8977
70.396
70.8636
71.051
71.3336
71.2114
71.2569
72.3098
71.839
72.5257
72.5533
71.7834
71.6841
70.8986
71.2433
71.5062
71.5742
71.3472
70.6186
71.4992
69.9482
70.3577
70.4519
69.0574
69.3444
71.076
70.1451
70.4681
70.1822
69.8254
69.4407
71.4968
71.2579
70.8826
72.2318
70.3733
70.5681
69.2867
69.9506
68.26
68.8889
69.0308
69.369
69.7085
70.5947
71.1675
71.1325
71.8889
71.3275
70.3318
70.3527
68.7542
69.3214
68.9089
68.6943
69.1753
69.1098
70.089
71.6015
71.3826
69.8765
70.6442
70.9648
69.7021
70.3575
69.9846
69.9974
69.495
69.2727
70.5568
69.8411
69.8535
70.1025
70.3183
70.4236
70.4262
69.8231
69.1239
69.2778
69.7838
70.064
70.7168
70.5123
68.7254
68.4334
68.9907
68.9783
69.0282
69.3939
69.853
69.3165
69.7896
69.7412
69.2694
69.4928
70.4664
70.6993
69.8821
70.2802
69.1315
69.3492
69.1697
70.0888
69.5942
69.0593
69.0489
68.7558
68.1241
68.0177
67.9771
69.3555
70.1363
71.2187
71.3204
71.1715
69.7389
70.8327
69.89
68.802
68.7384
68.2714
68.4325
68.6156
69.0875
70.7481
70.4174
71.2365
71.2238
69.9326
71.0944
70.9396
69.9115
70.1876
69.9857
69.99
69.5171
69.8178
69.856
69.7499
69.6847
68.9555
68.0839
68.9657
68.7125
69.1714
68.9539
69.7315
69.6351
69.6578
69.3718
69.1341
70.1254
70.3094
70.0285
70.2949
70.9539
70.3356
69.9243
69.5332
70.5345
70.578
69.6
68.6533
69.4092
68.9129
69.7626
69.5889
70.0215
69.7516
69.8139
69.5806
69.6706
69.8616
69.7717
68.9555
69.2738
69.6775
70.5342
71.3908
69.8046
70.5967
69.0976
69.3358
70.4274
70.2567
69.3973
70.5616
70.1934
69.7027
68.6451
69.3923
69.6302
70.6365
69.9545
69.2539
68.8179
70.3748
70.3589
70.2139
70.7194
70.7719
70.8489
71.997
71.4443
70.4962
71.2694
70.2948
70.0467
68.9166
68.1949
68.2344
69.3254
70.508
70.2256
69.9286
70.1245
69.6911
69.934
70.3322
70.1393
70.154
69.1001
68.5069
68.5517
68.0788
68.3881
68.6719
69.3251
69.0903
68.7134
68.3325
69.2911
68.9834
69.3217
69.2365
68.8114
69.7326
68.7655
69.0381
68.2278
67.9079
68.5127
68.8647
69.2226
68.8223
68.4293
68.4328
68.7091
68.9985
69.3106
69.4513
70.1557
70.1433
69.8031
71.0653
70.4668
70.2311
69.9865
70.4168
70.6251
70.6546
70.7071
69.7143
68.1395
68.4021
69.5768
70.6143
69.7408
69.1512
71.2368
71.6098
70.105
71.1092
70.1735
72.3088
71.8213
72.7805
71.8594
70.4251
70.4902
71.1368
71.1518
71.0202
70.7109
70.8648
69.742
69.3945
68.3702
69.1241
69.0008
68.9256
69.1959
69.2351
69.103
68.4946
68.6181
68.5945
68.4899
69.4804
70.1132
69.6834
69.1564
70.6005
70.5288
69.4352
70.82
70.0047
70.852
69.4108
69.8957
69.5828
69.6017
69.8656
72.2024
72.022
70.1356
69.5212
69.2454
69.4137
68.7954
69.3367
69.6516
68.8288
68.6207
69.209
69.6306
69.1591
69.8359
69.7176
69.7226
70.1621
69.0717
69.9469
69.1764
69.7466
71.0472
70.1806
70.1616
70.3233
69.6044
69.4722
69.6406
69.8565
70.8582
69.8575
69.483
70.7741
70.2529
69.6815
69.207
70.0036
70.6392
69.132
69.2207
70.9432
69.5625
69.6349
69.1712
69.6236
70.0252
69.6992
70.9392
70.5143
70.4264
69.3847
69.8287
69.2523
70.8038
70.3275
69.2003
68.3518
69.6433
69.4427
68.4849
69.0372
70.1695
69.3491
69.8865
69.037
70.0639
70.669
69.4305
68.2456
67.9947
69.4808
69.5465
68.1581
68.7579
69.591
69.8962
69.139
68.6999
69.6977
69.9161
70.3684
70.5304
69.6318
70.2326
69.3442
69.6959
69.6662
70.0715
70.8797
70.9532
71.4087
70.1075
69.496
69.0906
69.2311
69.5281
69.5984
70.1624
70.039
71.0308
70.6826
69.8965
70.3511
70.0991
69.5024
69.5102
70.3348
68.9557
69.0588
68.7805
69.0436
68.6125
69.8118
70.5721
69.5412
69.204
68.8513
69.8965
70.5908
69.7105
70.7439
70.356
70.3355
70.6961
70.9282
69.8697
69.7113
69.6371
68.5942
70.019
69.8011
69.5117
69.4813
68.2063
68.8257
69.9097
70.7004
70.9216
69.9282
68.7948
67.7048
68.0112
68.838
69.5192
68.8919
69.3242
70.112
70.4848
70.9858
70.1396
70.5539
70.2108
69.939
69.2072
69.5031
70.0641
70.3844
70.4984
70.179
70.1046
70.0891
69.5324
69.8524
69.8794
69.8658
70.5722
70.2126
71.353
72.1104
71.3271
71.6007
69.9529
69.9853
68.457
68.5786
68.4759
69.0247
69.4197
69.9491
70.1735
70.0549
70.6772
70.1133
70.1536
70.5733
70.67
70.771
69.4975
69.884
69.2236
69.8136
69.475
69.4491
69.1445
69.0933
68.9319
69.4803
68.2494
68.9935
69.3731
69.3691
68.9962
69.6018
69.4281
68.5628
69.0476
69.1315
69.1865
69.4331
69.6115
68.995
68.3754
69.9396
69.5294
70.3854
69.837
68.6429
68.5729
67.8424
68.4984
68.6195
69.6275
69.9196
70.1517
70.2251
70.0639
69.6452
70.076
69.1376
69.8825
69.071
69.9541
69.3097
69.6995
70.5015
71.4217
71.4926
71.7776
71.1776
69.8112
69.6381
70.1993
69.1312
69.6357
70.9102
70.1971
70.1102
70.0274
69.2248
69.4466
69.1483
69.6975
69.9331
69.7564
70.4131
69.0954
69.2292
69.726
69.5016
69.4657
69.4409
69.9561
70.076
69.6754
69.2411
69.3032
68.6128
68.2991
68.9508
69.1922
69.0191
69.5389
69.3981
69.5056
70.5651
69.5674
69.6774
71.5408
71.2247
69.9475
71.2909
70.4162
70.1987
69.9669
69.8212
70.5859
70.8959
70.3199
70.3463
70.8472
70.6539
69.3691
67.7594
68.7971
69.241
68.6651
68.6347
68.1462
68.0971
68.4421
67.8504
68.0807
68.8269
69.0547
68.1426
67.5959
67.586
68.4882
70.0227
68.9996
68.8736
69.7226
69.1952
68.4759
69.5219
68.8451
69.5324
69.4779
69.0651
68.2108
67.7006
69.4131
69.6327
70.084
70.0587
69.7384
69.8671
70.5232
69.9718
70.0048
70.3364
70.4678
70.9286
71.115
71.9026
71.2673
71.0345
71.344
71.2257
70.0356
69.9989
69.344
69.4643
69.2485
68.8237
68.7882
69.9044
68.7672
68.956
69.4491
69.1459
68.9711
68.4853
68.7754
69.951
69.2331
68.7823
68.8766
69.6358
68.4567
70.6037
69.7294
69.0147
68.3216
68.9869
69.477
69.1024
69.7261
69.2571
68.2093
68.3043
69.595
69.8392
70.0427
69.7813
69.1352
69.8423
69.949
70.6544
70.1166
70.849
70.3621
68.841
69.4102
70.6762
69.9959
69.6868
69.5501
69.3021
70.2606
69.6579
69.6696
70.5486
69.8416
69.1499
68.2518
67.7112
68.6839
69.4789
69.3572
69.5333
70.6318
70.4192
70.836
70.2902
70.1198
68.8077
69.4234
69.1697
69.3411
68.8247
70.205
70.312
70.84
71.4765
70.6891
71.7928
70.9958
71.0345
70.663
71.1951
72.2884
71.1526
71.5793
69.7901
68.786
68.1218
68.6678
68.3023
67.8029
69.7377
68.6442
69.2031
71.1783
70.5385
71.5659
71.9952
70.7242
71.2755
70.8048
70.0623
69.6362
69.1233
69.1123
69.41
69.7711
70.9464
72.3246
70.7585
70.2716
71.2387
72.1126
72.3293
73.3668
70.8751
72.7455
72.0799
70.3067
69.7877
70.1766
70.0526
69.7749
70.4563
69.0325
69.8661
68.9599
68.7882
69.7418
70.4265
69.7582
70.4505
69.4081
69.1279
68.3782
69.034
68.846
69.8331
70.3437
70.8475
69.8409
70.3674
69.5414
69.3241
69.3009
69.8431
69.0863
69.4536
69.4768
68.9826
69.7375
69.5548
69.7175
69.589
68.9576
69.3481
69.9944
70.3785
71.0333
71.2932
71.1482
71.5907
71.0151
71.0712
72.3778
72.0121
71.2007
72.1923
70.9844
71.545
71.7601
70.8977
70.9437
70.5589
70.1255
70.5243
70.9047
70.6323
71.0656
70.2955
68.4172
69.4858
70.0125
70.2533
69.8263
69.7351
68.8872
70.2048
71.1323
70.9202
69.594
69.9726
69.509
69.8232
70.2331
70.9761
70.7473
70.6316
70.0521
69.8997
69.6458
70.6644
71.2462
71.1622
69.3027
68.2392
68.4874
69.4521
71.024
69.7374
70.7742
70.6942
70.0613
70.1174
68.5085
69.9288
69.2672
69.0784
70.2796
70.9822
70.9539
71.2913
70.8965
70.236
70.9463
70.0912
70.5213
69.9849
68.6977
69.9725
70.7076
71.9121
71.5036
70.7044
70.2596
70.4004
70.2816
70.1585
70.3202
70.5445
70.2116
70.1537
68.0219
68.8225
68.9255
68.2897
67.7749
70.2462
70.1011
70.3746
70.4236
70.2147
69.0615
69.5157
69.2237
68.5167
69.2229
68.8099
68.5344
69.0439
69.9553
70.2874
71.2772
71.2338
70.123
70.2339
71.4667
71.6763
71.8635
70.1098
69.9718
70.2907
70.3448
71.043
69.118
68.4431
68.7661
68.5255
68.7359
69.906
69.6825
71.125
71.2399
70.4987
70.332
69.5008
69.9203
70.254
70.3643
69.9277
69.4683
70.0237
69.589
69.8656
69.1971
69.6004
69.9291
69.8533
69.5814
68.3358
68.4738
68.226
68.6704
68.3419
69.1962
69.9125
71.275
71.0311
70.1414
70.1515
70.5205
70.137
69.7282
70.8843
70.6409
70.8798
69.9449
70.2498
69.2928
69.5436
69.96
68.7699
68.9244
69.0524
69.2752
69.8194
69.1846
69.7262
69.0437
68.4114
69.139
69.7609
70.1021
69.5401
69.5276
70.4056
70.3454
69.1217
70.831
70.0668
70.5802
70.3378
70.6579
70.3534
69.8032
70.6357
70.2265
70.0289
69.2848
69.7687
70.7632
70.7487
69.9827
70.4857
70.4368
70.4607
69.9544
71.0376
71.378
70.6107
69.5471
70.4663
70.0237
69.2632
68.7957
69.0189
68.8159
68.5554
68.6213
68.8959
69.3577
69.673
69.3855
70.201
69.7836
69.201
69.1383
68.3865
67.6849
69.2371
69.7218
69.1246
69.3457
69.0464
68.1584
69.4062
69.3006
68.5187
68.4528
68.4963
69.1088
68.8656
68.159
68.7429
68.3042
68.0471
68.6927
69.761
70.4674
71.244
71.3424
70.2175
70.2861
69.4045
69.1412
69.4404
70.1739
68.792
68.6534
69.425
69.1682
68.62
68.7317
69.2205
69.2234
69.1976
69.8311
70.1446
69.5159
70.9552
72.0267
71.3872
71.4249
70.4569
70.0443
70.9298
68.988
69.2882
69.8961
68.9303
69.3956
70.3269
69.2201
68.9323
68.8597
69.5982
69.5785
69.559
68.7269
68.4883
69.03
69.1595
70.1529
70.0354
69.6584
69.9751
68.8231
68.656
67.8909
68.4887
69.5554
69.9919
69.7109
69.5305
69.8468
69.8372
70.482
70.1087
69.5615
69.6976
69.8128
70.3519
70.6781
70.3855
69.5043
69.4969
69.1004
69.449
69.4039
70.0056
69.9981
69.5706
69.3546
68.6959
68.6771
69.2219
69.5783
69.9359
70.3115
69.7798
69.3351
69.8529
69.8581
69.1772
69.0639
68.5683
69.6068
69.1335
70.6012
70.329
69.6693
69.6778
70.4187
70.3117
71.5799
69.7693
69.4866
69.6386
69.2757
69.4658
68.5547
69.1729
69.8947
69.7969
70.7213
71.044
70.7229
70.3052
70.9847
71.3123
70.915
70.6727
71.0949
70.0296
70.1371
69.1261
69.5668
69.8041
71.675
70.6123
71.1238
70.8986
70.8451
71.4385
71.7864
71.4546
71.5136
71.4211
72.5622
71.1217
70.1058
70.0489
69.8946
70.0856
69.6774
70.2988
69.9556
68.7265
67.9658
67.8978
69.1363
69.4472
69.7649
69.0552
69.5435
69.5559
69.2371
68.7029
68.3648
69.3762
69.2395
69.2659
69.1852
69.552
70.0595
69.6114
69.3284
67.8755
69.096
69.9772
68.6073
69.2457
69.1289
68.391
68.7438
69.0769
69.7312
71.2377
71.1528
71.0853
70.3862
69.5894
69.5735
68.2225
68.4992
68.3735
68.5125
68.143
68.7527
70.4658
69.3114
69.4613
70.5043
69.4476
69.7295
69.2205
69.1978
69.2713
69.6872
70.0248
70.6519
70.9749
69.9063
68.633
68.827
69.2426
68.8565
69.636
70.1611
69.1593
69.5578
69.6122
69.6152
69.8571
71.1758
70.686
71.6544
71.8801
70.3981
70.2305
68.3309
68.67
68.3366
69.1432
68.3782
68.9513
69.5163
68.4269
67.8142
69.0014
69.6871
69.239
68.8979
70.0001
69.92
69.1649
68.5421
69.1979
69.3889
69.901
69.98
70.391
71.6489
70.969
70.9801
69.8956
70.905
70.1753
70.9261
71.1046
71.5745
71.5683
70.4625
71.8611
70.9955
71.7666
71.1646
71.1505
71.0233
69.9447
69.6835
69.0793
70.046
70.8655
70.0495
69.9671
69.1683
69.2832
69.7382
69.6541
69.0682
69.5836
69.9254
70.6889
70.1225
69.9236
70.1941
70.1877
70.2975
69.9176
70.0242
69.7715
70
69.3043
69.398
69.4314
69.5424
70.5451
70.4574
69.9379
69.6027
70.0368
69.6421
69.297
70.299
69.916
70.4377
69.9221
71.2257
71.792
73.1881
72.6256
71.0801
71.2978
70.5652
69.3622
69.518
68.9922
69.746
70.4636
69.5182
69.165
69.6768
69.2572
69.0532
68.7395
69.6936
69.7193
69.4835
70.4369
70.655
70.3156
70.0887
68.3742
68.6982
69.511
69.8632
69.8698
69.3141
68.9867
68.4988
68.0507
68.8519
68.8389
68.4697
68.7352
68.7973
67.4693
68.7602
68.7895
69.4485
70.6658
70.1018
69.9251
69.5817
70.7799
69.5195
68.709
69.4016
70.477
70.6605
69.936
69.0768
71.0799
71.255
70.1558
71.154
71.233
71.8792
72.5565
72.5525
71.2657
71.1324
70.339
70.2866
70.1821
71.845
72.2407
71.1669
70.7111
70.7209
69.4587
69.6762
68.0141
68.3119
67.8547
68.4227
68.2464
69.05
68.6643
68.8545
70.4198
70.8799
70.288
71.1568
70.1139
71.1214
71.7435
71.1396
71.1219
70.6507
70.5074
69.1676
68.7285
69.6005
68.878
70.1483
69.9767
70.7056
69.8352
69.7634
69.6687
70.4407
70.3052
69.2782
69.7085
71.2764
71.4062
70.383
69.377
70.2107
69.938
70.7775
70.3243
68.92
69.5451
70.1141
70.8561
71.2857
70.6484
69.1497
69.0802
69.6556
69.2579
70.1759
69.3845
71.0616
72.1513
71.4005
71.1391
71.2807
70.4995
70.0665
70.9207
69.768
69.6405
70.8818
71.7033
70.2493
71.279
70.6883
70.1653
69.6072
70.743
70.6172
69.6188
69.2666
70.0717
71.4585
69.447
69.3684
70.1894
69.678
69.1142
69.1928
70.1228
70.2233
70.1449
70.0988
69.3939
70.055
70.6893
70.207
69.6582
69.2336
70.7307
70.7183
69.6661
69.4915
69.5026
69.2306
69.7161
69.8673
69.0321
69.6734
69.3223
69.4054
69.9121
70.4141
71.1648
71.986
71.8301
70.9253
69.1838
69.9887
70.4005
70.6662
70.4702
69.6076
69.0389
69.5259
68.6049
69.5708
70.0156
70.6017
70.3875
69.183
67.7568
68.0773
68.4728
69.5121
69.1492
70.2055
70.2578
70.3921
68.9972
68.8013
67.7605
68.4169
70.6578
70.8955
69.7903
68.6344
68.317
68.9526
69.4301
68.613
69.0488
69.2745
68.7382
69.2759
69.5908
70.1913
69.4169
69.4824
68.5274
67.9776
67.9779
69.1356
71.159
71.2278
70.7251
69.0446
69.6692
68.9953
69.3533
69.8344
70.509
70.5734
70.9099
71.442
71.5078
72.103
71.6312
72.4658
71.0991
70.6941
71.0021
71.801
71.2088
70.7972
71.1506
71.2388
70.9901
70.0604
69.6676
69.8995
70.5429
69.9861
70.0169
70.5133
70.4822
70.2887
71.2295
70.9668
71.0266
69.3427
69.0357
69.1213
69.2536
69.6266
70.3875
71.0187
71.2956
70.5548
69.1616
70.6539
69.1984
69.0913
69.4992
69.3748
69.1231
69.5083
69.5885
69.9448
70.4683
69.3118
68.9797
68.8862
68.7743
68.6716
68.9495
68.3498
68.5748
70.3463
70.0537
70.7997
71.8839
71.8552
70.8591
70.0981
69.2657
69.4334
68.8738
69.8539
69.8064
69.6795
70.2942
70.7357
70.7363
71.5589
71.1671
70.1323
69.5765
69.3809
68.8555
69.5196
69.5285
69.9155
69.8575
69.4928
68.505
69.0428
68.3104
69.2866
69.1584
69.693
70.1811
69.525
69.9441
68.6362
68.9005
69.9339
69.3756
69.3359
68.3103
68.1667
69.0497
70.3556
70.8729
70.6071
70.6772
70.9219
70.6083
70.9131
71.749
70.3732
69.3209
68.7253
69.2366
70.0777
69.2597
70.9444
70.8538
69.9788
70.3736
70.9174
70.5215
70.4084
70.51
69.1525
69.7733
70.0151
70.4306
69.8812
71.2016
71.3086
71.4203
71.3105
71.5613
71.2903
72.0695
72.492
72.2078
71.6763
69.8457
71.3732
69.5634
69.5584
69.6202
70.0602
69.7663
69.2673
69.6964
69.5133
69.062
69.5584
69.1523
68.9389
68.8876
70.3422
71.7086
71.3378
70.6435
70.4766
70.0916
69.7075
70.0912
70.369
70.2656
70.37
68.5049
69.7593
69.2349
69.1249
69.4173
69.7178
70.0012
69.116
69.3453
69.418
70.2742
70.821
70.4019
69.6091
68.2493
68.1908
69.0175
69.1158
68.1561
69.1717
70.0637
69.6305
68.9585
69.6358
70.0773
70.1154
69.3072
69.5894
70.4589
70.2048
69.697
70.0789
69.6647
69.3628
70.2795
69.2824
69.6672
70.2564
69.7457
70.4664
69.3906
69.6247
69.0212
69.1925
69.084
69.7907
70.2437
70.0652
71.5879
72.1286
71.4362
71.2336
71.702
71.4869
71.7912
71.3298
70.3197
69.5744
69.8266
69.0667
70.0517
70.6752
69.6932
68.3773
69.6349
69.6955
69.1621
68.436
69.5058
68.9856
68.4638
68.2276
67.9068
67.9387
69.302
69.6601
70.7743
71.1635
71.7996
71.4716
69.9833
69.6314
70.1581
69.7368
69.7521
68.557
69.1804
68.9655
69.6114
70.1387
70.1011
69.5962
69.2819
68.6803
68.6954
69.4231
69.8508
70.4297
71.157
71.0718
70.8034
70.0775
68.7526
69.0551
70.0185
70.2556
69.9699
70.5155
71.1285
70.2879
69.5945
69.5917
70.8956
71.1466
69.9881
70.3054
70.78
70.9559
71.2504
70.471
70.1288
69.6325
69.5065
68.5678
69.7215
70.1777
70.3155
70.321
70.2227
70.2017
69.4471
68.708
68.475
70.039
70.5829
70.8153
70.7945
69.0022
68.3331
68.2221
68.0487
68.075
68.6659
68.7814
68.5884
67.8645
68.6086
68.75
69.471
68.7896
69.1345
70.0295
69.219
70.3929
71.1031
71.1879
69.6414
70.389
69.9827
70.0808
71.7043
70.8
70.9635
71.526
70.1022
70.9766
69.7356
70.7144
69.6209
69.471
69.085
70.0298
70.144
70.0922
69.0193
69.4834
69.3042
70.3576
69.557
70.016
70.6961
69.9835
70.3594
70.7534
70.6297
70.0615
69.674
68.1162
69.0182
69.3697
68.7542
67.9024
68.5244
69.4261
69.2387
69.5176
68.7815
68.7917
68.4898
68.1427
68.9806
67.8623
68.9662
69.0386
69.3508
70.2487
71.1006
69.8239
69.462
69.5573
69.0225
69.0094
68.2565
69.4575
69.0406
69.3172
69.5384
68.9873
68.919
69.0939
70.4357
70.8258
72.1245
71.0611
70.7624
71.2231
71.2181
71.2446
70.8393
69.9464
70.0143
69.5925
69.8284
70.4135
69.4106
69.2233
69.6664
68.7532
68.3691
69.2422
70.3798
70.9426
71.6547
71.2575
70.109
70.3
70.4638
70.553
71.0095
69.5105
69.5897
69.6196
69.5682
69.3588
69.9017
69.8959
71.9664
70.12
70.5098
71.4839
70.9007
71.1637
71.8932
72.017
72.6002
72.6969
73.3653
74.0233
73.599
72.3266
71.9999
70.5603
70.6124
70.2544
70.0435
69.3602
69.7128
69.2888
70.3255
70.3308
70.0435
70.1459
70.1083
70.8382
69.7419
69.0408
70.3564
70.5973
70.6093
69.8826
69.663
70.3103
70.2648
69.6208
69.2028
69.5433
69.9233
69.4163
70.0388
70.0287
69.8955
69.2989
68.2407
68.7011
69.6063
69.219
70.2726
71.5089
71.2475
70.0656
70.1516
71.1102
71.2835
71.1218
71.7089
72.149
72.0998
72.2855
72.196
71.0757
71.4741
71.0251
72.2974
72.7625
72.8034
71.7833
69.2484
68.795
68.6012
68.0699
67.7056
68.6325
68.7027
69.3598
70.2511
70.6242
69.8349
70.0999
71.5053
71.12
71.8062
71.073
70.7813
70.4498
70.0834
69.8103
69.1515
69.7814
69.6276
69.2775
70.3108
70.7055
71.6442
70.9735
70.668
71.2885
71.3046
70.5757
69.9759
69.0641
69.4748
69.674
70.1499
68.9142
69.1563
69.591
69.2373
68.7965
69.3252
70.3563
70.7072
70.3915
69.948
70.0604
70.6567
69.6643
70.119
70.1612
71.0453
70.1666
69.3472
69.5177
69.2773
69.4438
70.698
70.186
69.18
70.0334
69.5027
69.3836
69.307
68.8738
68.3247
68.9334
68.313
68.9561
69.7927
69.0988
69.7752
70.2955
69.2745
70.2507
69.7864
68.74
68.8997
69.491
69.635
69.8903
69.9573
70.1981
71.4411
71.0391
70.129
70.2976
70.4327
68.4693
68.0098
69.2609
69.3033
70.1441
69.6576
70.3125
69.3614
68.6561
68.2533
68.5705
67.6769
68.7003
68.3704
69.9732
70.082
69.0316
68.8365
68.934
69.405
69.3197
70.4856
70.158
69.9851
67.9035
67.6527
68.7083
69.2092
68.2694
69.3682
68.6674
67.8024
67.99
68.2983
68.9268
69.3681
70.0456
70.6446
69.6999
69.904
69.9547
69.5988
69.596
69.6745
69.4697
69.4789
70.304
69.3936
69.2599
68.3479
69.1128
68.4775
69.9022
69.8441
69.1402
69.8124
70.6925
69.8547
70.5876
70.4404
69.0955
69.3506
70.8064
70.2177
70.9236
71.5597
70.9106
70.4551
70.5566
70.316
70.9413
70.1729
69.7218
70.1725
70.1269
70.0544
69.7795
69.5317
70.6897
71.8098
71.2751
70.9849
70.0211
71.2129
71.1045
69.8571
69.1025
69.3255
68.5602
68.1961
68.351
68.7413
69.1203
68.4467
68.582
70.4157
70.6508
70.4693
69.479
69.3463
70.9337
71.3037
70.5444
70.1523
69.3291
69.0614
69.1296
70.3498
70.7384
71.0603
71.841
70.2209
69.3245
70.0441
69.2871
69.6538
68.9741
68.7587
68.6523
68.2138
69.5202
69.5447
69.5457
68.8061
68.7777
70.6083
70.7421
69.4466
70.5225
70.0771
70.5228
70.8644
71.0566
70.0752
69.2997
69.8206
70.5295
69.2028
69.5005
69.1389
69.5994
70.0719
69.321
69.384
69.2538
70.2341
70.048
69.7262
70.7408
70.6379
70.5567
70.8951
70.9835
72.466
72.1211
70.1944
70.3504
70.7672
71.7306
71.5342
71.5682
70.9416
69.8546
70.4817
71.4724
71.1684
70.982
70.4117
70.7352
69.8541
70.168
70.0372
69.5956
69.7601
69.442
70.4984
71.1749
70.4387
69.949
70.4205
70.3546
70.2732
70.844
71.1539
71.2854
70.7941
69.5778
69.1768
68.9491
68.3136
68.5907
68.7117
69.2494
69.0024
68.6832
69.2283
68.9543
69.1227
68.9311
69.869
69.4905
69.5784
70.2946
69.3979
70.4948
70.1259
69.4413
69.4853
70.0907
70.4643
71.4094
70.5195
70.2522
68.7564
69.3714
69.6219
69.816
70.1106
70.9189
69.6032
68.9566
69.4888
68.7883
68.2164
69.5335
70.1013
70.7527
71.0441
70.9348
70.821
70.5988
70.128
70.3175
70.1376
70.1886
69.1201
69.2985
68.4976
69.0029
68.4647
69.1754
68.8294
69.3054
69.4319
70.1636
70.1748
69.2918
67.6722
68.615
68.7506
68.3803
67.8256
69.2558
69.2953
68.9981
69.7429
69.2178
69.8966
69.8284
68.9001
68.651
69.3585
68.0709
68.411
68.2334
68.087
69.353
71.1275
69.5607
69.6339
69.8658
69.1499
69.3049
69.3373
68.8525
68.4012
68.4582
69.6944
71.1236
69.6968
69.9317
70.1321
69.4907
69.1111
69.6468
68.6693
69.4291
68.8961
70.0393
70.4659
70.3126
69.7073
70.4379
70.1833
69.1998
69.5207
69.8229
68.8461
68.8023
69.3953
69.7749
69.7235
68.6425
68.3125
68.4923
68.4413
69.0638
68.2627
68.6584
68.7886
69.4647
68.4113
68.83
68.2836
68.7819
68.6291
68.6882
69.5224
70.4912
70.1713
70.8283
70.3089
69.7614
69.8456
70.6445
69.6618
69.3483
70.465
70.7712
69.4025
69.3214
68.5933
68.4782
67.2014
67.8951
68.8594
69.0037
69.1032
68.9239
68.1946
68.9542
69.5002
69.9489
69.9485
71.3453
71.0632
70.4566
70.3837
69.8335
69.2272
69.5625
69.9674
69.8515
69.5038
70.7055
69.318
68.8374
69.7746
70.0462
69.6628
69.6832
69.6722
69.9245
70.1807
70.6228
70.5984
70.5652
69.481
69.1105
71.2841
72.0341
70.7854
69.7609
70.0837
70.0218
70.933
69.8084
69.1543
69.9015
69.93
69.6637
70.3206
70.7077
70.4861
69.9135
70.6677
70.017
68.3889
68.6523
68.8462
68.0429
68.6086
68.4069
69.4376
70.0607
69.1834
69.3842
69.8117
70.7263
70.6739
71.3067
71.186
69.9266
69.5987
70.1806
69.8437
69.8548
69.1835
68.979
67.9884
69.3392
68.7095
68.2819
68.4582
68.8899
67.8185
68.5087
68.3039
68.6981
69.304
69.854
68.9733
69.777
69.9564
70.2399
70.2813
69.1537
70.0978
69.1024
69.3901
71.1787
71.3296
71.6149
69.8988
70.2894
69.0355
69.0815
69.1116
68.9604
68.8998
68.5203
68.6626
69.1605
70.0336
69.9336
71.0341
71.2104
71.3445
70.4822
69.3931
68.9835
68.9285
68.8033
68.8114
68.0941
68.8757
68.7999
70.2386
69.5879
70.7759
69.369
68.9181
69.4719
69.6059
68.9586
68.9883
68.732
68.4757
67.9813
67.9846
67.7755
69.1166
69.962
70.212
69.9107
69.2856
69.5078
69.2478
68.5272
69.1251
68.8568
70.0836
70.1845
68.8577
67.9579
67.7672
68.5494
68.8265
69.6666
69.6263
70.7621
70.312
71.3377
71.5093
71.6009
71.4624
70.9711
70.125
69.9329
68.6222
69.1421
68.9017
69.3773
69.512
70.6769
69.6802
71.0161
70.4065
70.9134
71.5077
70.8265
70.1651
68.7461
70.0962
69.341
69.7289
69.2136
70.0366
70.8024
71.1696
70.6929
70.9281
69.9848
70.2432
70.5212
70.0859
70.3162
71.5807
71.7308
70.8204
71.5725
70.5944
71.0175
70.5072
70.1396
69.4692
70.5003
71.1958
71.3863
70.9721
71.4401
71.8846
70.9267
70.4323
70.6886
70.7119
70.9213
69.9472
69.1459
69.9909
70.8897
71.9727
71.0642
69.7381
70.6976
71.4217
71.7116
70.6247
70.8488
70.4124
71.6685
71.29
69.9819
69.2536
68.9177
68.9586
69.0261
69.3757
69.2557
69.0735
69.4838
70.1016
70.4887
70.4458
69.946
69.3703
69.2317
68.6711
69.3307
70.1276
68.9804
68.4488
68.2047
67.9339
68.6097
69.5174
69.1334
68.8989
69.6373
69.4699
69.2233
69.9099
69.5447
69.6293
70.0341
70.4886
70.9777
71.4288
71.0787
70.573
69.9921
69.6481
69.8577
70.8113
70.3775
69.7909
70.4025
70.7943
69.8468
70.969
71.2541
70.6244
71.0054
70.2335
69.9943
69.6363
69.7867
69.0712
69.4602
68.1414
68.8267
69.0296
68.9183
69.0808
69.565
68.6637
68.7803
68.4982
68.7022
68.388
69.0842
68.6249
68.3521
68.3139
67.8689
68.1301
70.3309
70.1078
70.3411
70.1727
69.1866
69.2052
69.9806
69.9253
69.4768
69.1578
70.2887
71.5065
70.8377
71.2753
71.5798
70.9976
69.8057
69.6422
69.0374
69.0178
68.6499
69.5817
70.8956
70.2486
69.1265
69.9054
71.3748
71.0897
71.441
70.1798
70.3896
69.2118
69.3383
69.8538
69.6185
70.1175
69.4421
68.5499
68.4303
68.6909
68.3062
69.0266
68.9825
70.0475
70.8395
69.6373
69.968
69.3919
70.1894
69.6115
68.5087
68.3536
69.2351
69.9568
69.7293
69.6619
70.9625
71.5346
71.7436
71.3841
70.0321
69.8102
68.9698
67.8526
69.035
70.0027
70.5398
71.9365
71.1174
70.6991
70.7028
70.1494
70.3703
69.5872
70.3473
69.6977
70.486
70.314
70.6301
69.6508
68.8159
69.6961
69.8067
71.0466
71.4323
70.6379
69.7817
69.6703
69.5838
69.4175
68.7404
68.838
70.2739
70.7614
70.0724
69.4846
71.2436
70.6457
69.1393
69.0604
70.2608
70.588
69.3802
69.7645
70.2821
71.5345
69.7254
69.9433
70.8606
70.1349
68.9168
70.1117
68.9734
70.5523
70.3358
69.7326
69.3245
68.8676
67.9908
68.741
69.8921
69.6585
69.4554
69.5539
70.2355
70.8812
71.5117
71.3039
71.1034
70.819
69.9411
70.7947
71.4567
70.9558
71.9134
71.361
69.5199
69.7219
69.3957
70.0395
69.943
69.6042
69.0356
70.1816
70.1188
70.049
70.662
70.3221
71.5149
70.4039
70.725
70.4587
71.2954
71.0958
70.5123
70.2265
70.8347
69.2179
69.7967
69.8984
68.7207
68.4452
68.4999
68.0657
68.3264
68.214
68.7642
68.8307
69.1209
70.0651
68.9053
69.0955
68.1476
67.7406
67.4314
68.7679
69.0183
69.8498
69.4219
70.9203
71.2892
70.097
70.3991
70.2837
69.7689
68.5145
69.4037
69.9325
70.3169
71.0232
70.6521
70.1242
69.5492
69.3732
70.4634
71.1664
68.9257
68.3672
68.3049
69.0184
68.5166
68.5265
68.077
68.8462
70.5136
71.3428
70.3623
69.7461
69.2285
70.4188
70.5766
69.0766
68.8335
69.7853
69.3297
70.7172
69.8507
69.706
69.7477
68.4289
67.9364
68.9571
69.6678
69.6779
69.7474
69.9938
68.8223
69.5729
69.4175
70.5658
70.7955
71.0261
69.1473
69.6506
68.8862
69.7085
68.8545
70.0906
70.6346
70.8218
70.6824
70.0237
69.7965
68.7915
69.2201
69.1829
68.7334
69.4955
70.1361
70.1926
68.5054
68.6993
68.9917
69.5981
69.7684
69.8259
70.3738
70.0142
69.5622
69.1235
69.0346
68.9779
70.436
69.7608
70.2798
70.6465
70.3824
70.9765
69.6712
71.0172
70.2977
69.7564
71.1923
70.9641
69.3092
69.9513
70.7976
70.7331
70.8777
70.2357
70.0593
71.2756
71.6066
71.5477
71.0805
69.8257
70.5058
69.9985
68.6594
68.233
68.153
69.505
70.1672
70.8869
71.1589
69.9242
70.1031
69.2351
69.2358
70.0898
70.4729
69.3198
69.3915
70.0819
70.8907
71.2204
70.9151
70.4728
69.6236
69.6251
69.2734
68.8439
69.0474
69.3834
69.7075
69.2844
68.7254
68.4207
68.5742
68.2695
67.4955
68.388
68.6729
68.6526
69.3343
69.3886
69.418
70.3301
69.8484
69.0333
69.7636
69.6997
68.9984
69.5763
69.5542
69.0355
69.8009
68.8094
67.9955
68.1336
67.9953
67.4482
66.8618
67.156
68.5518
68.6822
68.6756
68.4208
68.2546
68.308
68.7478
68.6899
68.1177
68.4798
69.6269
68.7709
69.7359
70.5986
70.08
69.921
71.1055
71.5983
71.3975
70.6873
69.0188
71.3316
71.3667
70.4431
71.0704
69.6494
69.9858
70.3798
70.254
70.5134
69.5804
68.4506
68.6158
68.8272
69.002
69.5422
69.9241
69.7106
70.3286
69.7719
69.8867
70.2645
70.9139
70.5087
69.6086
69.9125
70.3471
70.7203
69.761
70.3469
70.3903
69.5283
70.5999
71.4071
71.5031
71.2847
69.5697
69.9159
69.8276
69.6112
69.2742
69.6638
70.2128
70.559
71.9849
71.2759
69.5659
69.4329
70.0284
70.4136
71.8901
70.2617
68.9731
69.5772
69.3137
69.3353
70.4319
70.3433
70.6161
69.9889
69.4631
68.9047
68.8089
69.0369
70.8986
69.6806
70.6517
70.8773
70.706
71.6049
71.1307
70.4916
70.5468
70.7168
69.3298
69.1641
69.2213
69.5922
69.505
69.3251
71.008
69.7761
70.1961
69.1664
69.1313
68.9389
67.7668
68.2312
69.018
68.2186
68.5094
69.097
69.5864
69.6855
67.5075
68.4381
68.5299
69.2031
69.9439
69.5552
69.983
70.5193
69.8287
69.5937
69.5162
68.9385
68.5146
68.5791
69.1227
68.7344
68.842
69.3562
68.9326
68.922
68.0861
68.0503
67.9733
67.7385
67.9128
68.1499
69.0297
69.0619
69.735
70.53
70.1494
69.758
69.9545
69.9917
70.8176
70.6377
70.8963
70.3103
70.5443
71.7779
71.3713
70.2427
69.9247
69.2258
69.174
69.2512
69.884
70.4051
71.2464
71.4682
70.9366
70.4811
71.2672
71.0376
70.0377
70.9157
70.5566
71.2516
70.7905
71.4269
70.8218
69.5049
68.8781
70.0202
69.448
70.284
69.1638
70.1282
70.5684
69.4461
70.1907
69.9025
71.1265
70.7606
69.3313
68.3603
68.8642
67.4295
67.7981
68.2475
69.1209
70.0065
69.8296
70.9351
70.172
69.2774
69.1773
69.977
70.0378
70.3792
68.2667
68.3656
69.4356
70.0887
69.3406
68.8926
70.2276
70.0177
69.0484
70.2776
69.0502
69.0284
70.2612
69.9818
71.2294
70.2893
70.0671
70.7581
70.3552
69.4858
70.0039
69.1475
68.8881
69.4454
70.2953
70.5522
70.3219
69.8772
69.7291
70.2525
71.2173
70.5523
70.4002
70.133
69.5218
68.9731
69.1336
70.0798
70.3281
69.9339
69.5275
70.3026
69.7346
69.4281
68.9831
68.9586
68.7171
69.1935
70.4248
69.9327
69.1423
69.6569
70.5854
69.7755
69.9384
70.5059
70.1264
69.8774
69.2041
69.0921
69.9022
70.8835
70.9926
69.8691
69.4214
69.0724
70.551
69.4164
70.2138
70.9138
71.0428
69.8657
70.0371
70.6858
70.6543
70.1874
68.9812
69.1403
69.0996
69.4905
69.4863
69.7834
70.0778
70.0274
69.355
69.3383
69.3496
69.2731
68.9285
69.4512
69.3095
69.9618
70.2887
70.2391
69.978
69.3256
71.2961
70.2358
69.5706
69.5236
69.3651
68.8194
67.8944
67.4758
68.6812
68.4069
68.7806
70.0427
69.4318
69.846
70.2359
70.7254
70.6246
71.1966
70.6663
70.7297
71.8084
71.8354
69.9038
70.5992
71.1514
71.3005
72.0569
71.8025
71.9254
71.3079
71.7113
69.3788
69.82
69.9093
71.3066
71.5376
70.4105
71.3303
72.012
71.7157
72.4684
71.8723
71.6395
71.224
70.7296
70.8308
72.3181
71.5412
71.7796
71.6373
70.8473
70.9674
69.7895
68.8969
70.8004
71.3127
70.7067
72.0549
71.5479
71.1449
71.1774
71.851
71.2388
71.9116
71.8063
71.2447
70.6141
70.9316
71.1996
71.303
69.959
69.9969
69.1758
69.7856
70.0244
69.1057
69.2075
68.8274
69.5908
68.9942
69.7809
70.1943
70.155
70.099
69.5034
69.7945
71.191
69.7024
69.8436
70.2818
69.0725
69.6088
69.8986
69.6623
69.6791
69.0905
69.5713
69.0448
69.4701
70.0953
70.3559
69.787
69.5229
70.4747
70.1677
69.1755
68.8669
68.7176
69.0323
68.5866
69.6736
69.8072
71.0178
70.3204
70.5528
70.5261
69.8326
69.8391
70.0227
70.0023
71.3716
71.7866
71.1701
70.2332
70.2199
69.7338
69.7673
69.7709
69.9282
69.2361
70.6351
70.0978
69.8228
70.7217
70.8737
70.5367
71.2077
70.1908
69.3204
69.1808
70.0573
69.1335
70.0527
69.1982
69.7804
69.7301
69.0882
68.2627
68.9586
69.2211
71.2884
70.6489
70.4675
68.7819
68.8207
68.602
68.7556
68.8039
68.7891
69.738
69.9051
70.3712
70.4313
70.286
70.0559
69.9776
68.9277
69.8525
69.7826
69.3337
68.8895
69.4648
69.9405
69.5597
69.7143
69.7712
69.4777
70.0881
70.8602
71.6701
71.1975
71.1443
70.1325
68.6317
69.6571
69.4822
70.3446
70.1251
71.803
71.0954
71.1712
69.9313
68.8321
67.7537
68.2323
68.5258
68.7016
68.29
68.923
69.3714
70.1881
71.0349
71.6499
71.5289
70.9252
70.6899
70.4572
70.9535
70.5122
71.1863
70.3299
70.2175
68.4852
68.6805
68.9704
69.8905
70.106
69.2917
69.1725
69.2819
70.9456
70.4985
70.0762
70.2514
70.4737
70.7554
71.114
72.207
71.5651
70.8253
70.0618
70.5497
71.1526
70.4325
70.2602
70.524
70.0919
70.1492
69.5246
69.5451
69.2935
70.1924
69.3228
68.1425
68.9739
69.2012
69.9533
69.9219
71.5961
70.6258
70.4745
70.3514
70.1187
69.6298
68.7924
67.5054
68.2172
68.8548
68.9908
69.3811
68.1829
69.1516
70.3961
70.8819
70.0214
67.9926
69.2616
69.8632
70.0042
70.4758
70.3527
69.8989
69.8078
70
70.2236
71.2507
70.9534
71.9076
72.5775
71.9326
71.9816
71.3781
72.305
71.1407
71.0866
70.1395
70.158
70.2717
70.659
71.1989
70.8374
70.9366
69.5083
69.6733
70.0616
69.6163
69.231
70.0656
69.9709
69.477
69.242
68.9316
69.2547
70.3585
70.0092
69.984
69.3204
68.2154
68.2068
68.5248
68.6667
69.6428
69.8069
69.8235
70.2934
69.7033
69.4244
69.1639
69.0348
69.7175
69.3773
68.7409
69.2506
68.9527
69.2536
68.7078
69.368
70.268
70.0132
70.0988
70.5017
69.6709
70.6983
70.8578
70.6254
70.71
71.6944
70.3756
69.98
70.5066
70.8069
70.2901
70.9025
71.6539
71.6023
70.6459
70.3562
69.1344
69.2315
69.8851
70.661
69.6487
70.3324
70.4492
70.7702
70.8521
70.7186
69.4546
70.1134
69.3886
69.7615
69.1334
71.0245
71.2277
70.1193
69.9278
68.8527
70.2609
71.5577
71.3648
69.8839
70.3722
70.478
70.3784
69.4528
69.5312
68.7913
69.7094
70.8085
69.4115
70.1845
69.3137
70.5122
69.5542
70.3538
71.0581
70.2285
70.2797
69.7067
69.2563
68.8814
68.6619
68.7761
68.517
68.4983
68.1584
67.8206
68.0146
67.451
68.4115
67.8686
68.019
68.7025
68.9236
68.9694
70.8434
71.2849
71.0778
72.158
72.271
72.0692
71.783
71.2675
70.5376
69.837
69.7654
70.8429
70.2944
70.661
70.7034
70.0202
70.8073
70.9787
71.4164
71.4007
70.7036
70.3486
70.1749
69.2821
70.6408
69.7636
69.4626
69.5675
69.1016
69.0143
69.2031
69.7833
70.1212
70.999
71.243
70.8688
70.657
70.1339
68.829
68.8101
68.7964
69.3435
70.3808
69.2331
70.1079
70.3907
70.7371
70.4065
69.8472
68.9577
69.2305
69.456
70.1243
70.1747
69.1195
68.8749
70.9222
70.6853
70.5277
71.2192
69.2703
70.0883
69.785
70.3387
68.7826
69.6576
69.2494
68.5304
69.8808
69.8247
69.3618
69.8755
69.2217
70.255
70.4802
70.5489
70.9991
71.0525
72.0972
73.1064
71.5806
70.403
70.5141
71.3472
70.3053
70.4448
69.6598
69.56
69.9251
69.157
70.1598
71.0523
70.4573
71.0018
71.5927
71.9871
71.7147
71.444
71.6723
69.8328
68.361
68.0583
68.3633
68.9536
70.1857
69.4374
70.3777
70.7533
70.4641
71.2122
70.7981
70.8685
71.2347
70.4804
71.3741
71.6336
71.1407
70.6848
70.5512
71.0402
71.5617
71.9622
72.067
71.9897
71.6411
71.7681
71.9276
72.0259
71.0442
70.2743
70.6113
70.3216
70.619
70.5613
71.4655
71.2501
68.8644
70.0881
69.7911
70.6161
70.0439
71.0921
72.478
71.2853
70.433
69.805
70.6726
69.5382
69.446
68.9093
69.3443
69.7694
69.1558
69.0893
69.4365
68.8174
69.4262
69.3457
68.5432
70.0854
69.99
70.3392
70.6957
70.8204
70.0321
69.3155
68.2713
68.4644
68.8003
69.2397
69.6692
69.8179
69.4205
69.0707
69.8861
69.1511
69.1516
70.6188
71.0716
70.6172
70.4641
70.953
69.8965
68.2308
68.893
69.6607
68.8838
68.7253
69.1615
70.358
70.7225
71.096
69.4622
69.2761
70.5339
70.1723
70.2019
70.2294
69.865
69.5697
69.4694
69.4323
69.4888
69.2378
68.2519
68.6567
68.9937
68.7632
69.0964
70.87
71.8293
70.7683
69.0046
67.6873
68.455
68.6221
68.8762
68.9295
69.0829
69.4759
68.7623
69.0642
69.1231
69.9253
69.586
70.3532
69.1786
70.0609
70.2107
71.1474
70.9054
70.2456
70.3201
69.9569
69.3215
68.4446
69.6282
70.2412
70.7083
70.1496
70.7082
70.836
69.6714
69.7742
69.4197
70.4395
70.3771
70.1801
70.1269
70.0381
69.5624
72.6317
71.5959
71.7189
70.6209
70.1583
70.2393
69.5872
70.2016
70.4075
69.8078
69.9962
70.0519
70.162
70.0237
70.3056
68.4474
69.1145
70.0433
70.0934
70.106
70.4616
71.5099
69.9127
68.7918
70.1734
69.7666
70.2927
69.8712
68.9894
69.7181
69.3388
69.1789
69.1231
69.2475
70.9352
70.4397
69.4899
70.2304
70.6998
69.1334
69.9639
69.201
69.639
68.9954
70.3262
69.9546
68.6231
69.0974
70.1919
68.944
68.6725
67.8738
68.6707
69.7547
68.9295
69.0755
70.506
69.2778
68.532
67.9423
68.8865
68.9159
69.5345
69.7181
69.3452
69.6357
69.9235
69.5072
69.1505
69.6547
69.9439
70.3661
69.4315
70.5958
70.1277
69.608
69.2137
70.0113
71.0497
71.3791
70.6994
70.2418
70.0683
70.9844
70.1935
70.1878
69.573
69.7071
70.6146
70.2642
69.8439
69.6622
69.7543
68.9607
69.4265
67.8492
67.9309
68.8117
69.4462
69.1489
68.5999
68.6212
69.553
69.5497
69.3013
68.4463
68.9218
68.8266
68.3419
69.9124
70.0853
70.0568
69.8673
71.2537
72.4892
69.33
68.5138
68.1897
68.2821
69.333
69.1967
69.6419
70.1069
71.0678
71.612
70.3118
69.2549
69.9491
69.4256
69.933
69.2897
68.9625
69.2987
69.8749
69.4487
70.113
70.009
68.858
68.8358
68.2695
68.6697
68.3905
69.273
68.4114
70.0555
70.6814
69.8483
69.8627
69.5504
68.8182
68.8611
68.4532
70.2057
70.6776
70.5604
70.4071
70.745
70.4957
71.5689
71.6264
71.4768
70.6821
70.0063
69.6118
70.0373
69.907
69.8349
68.9672
70.0521
70.1681
69.2877
70.6508
70.456
69.7167
69.1131
69.0389
69.6673
70.9332
70.8299
71.3945
71.0239
69.7024
68.9148
67.9313
67.8615
67.8769
68.3216
69.0943
69.6292
70.1797
69.439
69.372
68.1016
68.5969
69.4074
70.3213
69.9756
68.9248
70.0309
69.8698
70.2562
69.5802
68.7859
68.8377
69.1723
69.9653
69.5123
69.626
70.502
69.0485
69.3786
70.9215
71.2111
70.6198
69.1319
69.009
69.3058
69.2821
69.8054
69.661
68.6419
67.6764
68.2826
68.6449
69.6103
69.8205
70.4038
70.7641
70.2174
70.2067
70.3221
68.9943
70.1493
68.8386
69.5814
68.9158
68.8103
68.4687
70.4339
69.732
70.9542
69.9184
70.3581
71.1042
70.4128
71.2698
70.985
70.499
70.3975
70.2691
70.2534
70.0706
70.4223
72.1191
71.6204
70.8318
71.3418
70.3777
69.0595
69.647
68.6783
68.3916
68.9615
69.2069
70.7959
71.2603
71.3242
70.8114
70.2222
70.5844
69.8156
70.041
70.5251
70.6676
69.1748
69.1444
70.438
70.1159
70.8052
70.4393
71.502
71.8374
71.2495
70.8416
70.0948
70.3433
70.597
71.4322
70.9871
71.0973
71.7106
72.0856
72.235
71.3688
69.934
70.4988
71.4321
73.109
71.5885
70.6876
70.1789
71.045
70.9926
71.8786
70.9912
70.8471
69.602
69.3709
69.4625
69.1246
69.9572
69.2005
69.6956
70.2681
69.7764
70.8156
70.4854
69.3463
69.1035
68.6512
69.0656
68.1527
68.2771
68.1169
68.314
68.9028
68.919
68.6207
67.8966
68.4258
69.0239
70.0044
70.0647
69.7363
70.0421
69.64
69.1398
69.2983
69.1425
69.4832
68.5362
68.4797
69.5658
68.4274
69.073
70.1272
70.1916
70.1137
69.9691
69.9847
70.6757
70.5639
70.6951
69.492
69.7747
68.5979
68.4347
68.7625
69.0654
68.8901
69.1436
69.7567
69.2831
69.1285
69.9157
69.3266
69.1305
69.3959
69.0944
69.6016
69.7851
70.4418
69.4872
68.885
69.2695
68.8741
69.4469
70.1608
70.2448
69.8409
70.4632
71.1692
70.4203
69.4198
69.0055
69.1852
69.7283
69.869
69.4062
69.6686
69.6605
69.196
69.7463
71.0349
69.9282
69.9765
69.5238
70.2001
70.7569
70.7503
70.0464
70.1532
70.0717
70.1423
68.8729
69.3255
69.2233
68.8394
68.8394
67.7654
69.4083
69.0107
69.141
70.1557
70.7427
69.9152
70.1322
70.3072
71.1943
70.8472
70.5686
70.4337
70.1575
70.4462
69.7176
70.9067
70.3525
68.7854
68.7678
69.5967
71.0252
69.9101
69.0455
70.165
69.9175
69.9053
68.4811
69.2092
68.6735
69.0473
70.0772
68.3823
69.6349
70.4451
69.392
69.2162
69.2123
70.0838
70.8732
70.3803
69.9397
71.1149
69.8539
69.3009
70.4628
70.2166
69.9662
70.0302
69.8354
70.0722
69.4935
68.9661
69.2595
70.425
69.5851
70.3078
69.8037
69.1275
69.1441
69.9548
70.5118
69.6374
69.562
69.5118
70.12
70.5829
70.3677
70.2286
70.3075
69.9031
69.7149
69.8486
70.1073
69.4193
70.2294
69.0804
70.6412
71.0788
70.1654
70.1994
70.2984
70.6651
70.2379
70.5398
70.6308
70.4613
69.8427
69.4457
70.0132
70.0663
70.8621
70.3701
71.1746
70.6231
70.2452
69.4174
69.1991
69.5093
69.5615
70.7523
70.6154
69.9035
69.6218
69.5656
70.0752
70.4059
70.2501
70.3801
70.2911
70.3476
69.3285
68.8137
68.796
69.9898
70.6245
69.7949
70.1477
69.9056
69.8362
69.9165
69.7916
70.1518
69.4963
68.923
69.9318
70.5718
70.4431
70.3542
68.7471
69.9287
70.0158
69.481
68.9372
69.7191
70.3987
69.491
69.0581
68.086
68.3015
68.5164
68.6126
68.5244
68.0836
68.5385
68.4553
69.4342
69.0899
69.4884
69.2111
69.949
69.5511
70.591
69.7815
69.8295
70.1974
68.9789
69.4958
68.4996
70.0156
70.0778
69.8911
70.1415
70.6391
68.8944
68.7
69.9825
70.6636
69.8085
69.6128
68.9553
68.9255
69.6741
70.0671
70.2456
70.0852
69.64
69.801
70.1537
69.7343
70.0212
68.5486
69.1086
69.7914
68.4834
70.1715
69.1813
68.7678
68.7212
69.8124
68.6899
69.7273
71.4693
70.9064
72.2805
71.5815
70.3347
70.5052
70.2913
70.2527
70.5498
69.7587
70.3427
70.2281
69.9106
71.0969
71.1167
70.5894
69.6075
