475.148
460.375
449.327
440.028
432.052
425.295
417.594
411.16
403.171
397.048
387.497
377.838
371.91
365.513
359.38
352.639
345.456
339.129
330.034
322.85
315.46
311.739
307.472
302.676
298.805
291.952
287.709
283.881
280.106
277.668
274.395
272.756
270.862
269.368
266.331
264.075
263.425
259.427
256.4
254.387
250.33
247.696
244.72
241.303
238.275
235.599
232.158
229.579
226.628
223.882
221.137
219.064
215.531
214.261
210.696
208.756
206.469
204.035
201.828
200.9
199.54
197.854
196.894
194.497
193.107
192.201
191.852
191.31
189.047
189.177
188.002
187.134
186.553
185.546
183.907
183.465
182.301
181.414
181.691
180.492
180.155
176.996
176.187
174.847
174.252
173.955
172.918
172.911
170.75
169.821
167.819
166.89
166.108
165.717
165.784
165.342
166.356
164.07
162.739
163.041
161.364
158.811
158.276
158.318
156.677
156.468
155.686
155.156
155.403
155.404
155.114
154.52
154.377
153.43
152.377
151.504
151.525
150.044
148.822
149.101
148.354
148.338
149.338
148.947
149.13
148.189
146.582
145.966
143.587
143.406
143.052
144.229
145.041
143.886
142.964
141.536
140.308
139.547
138.653
137.738
137.247
136.541
137.675
137.504
137.771
137.394
136.523
135.966
135.02
134.106
134.216
133.108
132.899
132.379
132.101
132.27
131.448
132.145
131.792
132.349
132.507
132.36
132.483
133.609
132.824
133.646
132.546
130.857
131.099
130.123
129.202
130.154
129.344
127.806
127.263
127.173
126.431
126.091
125.376
124.587
123.256
123.074
123.077
124.485
123.706
125.085
123.184
121.082
120.489
119.456
118.618
117.875
116.805
117.847
117.716
117.589
117.194
116.47
116.041
115.161
116.15
116.33
115.96
114.663
114.095
112.91
111.901
111.86
110.671
110.803
109.958
110.062
109.143
108.832
108.28
108.246
107.888
108.516
108.195
107.283
106.596
106.369
106.415
106.843
107.178
106.043
105.374
105.177
105.752
105.593
104.252
104.179
103.112
103.476
102.928
102.118
101.244
100.129
100.02
99.4205
99.5527
99.7908
98.9715
99.1359
98.4919
98.543
98.6626
99.0561
98.4925
97.2657
97.2473
97.4775
96.6808
97.0811
97.9421
97.6531
97.7961
96.5973
96.4426
96.9166
96.6249
95.977
96.3897
97.253
97.6398
98.5073
97.4781
97.3558
97.1997
96.6583
97.2697
95.459
96.1019
94.771
95.3171
93.9716
93.4599
93.6617
93.7673
93.6625
93.9366
93.6783
93.0108
93.9416
93.5705
93.4163
94.0396
94.3774
94.121
93.8655
93.0543
94.0813
94.4981
94.3961
93.4707
92.5222
93.2271
92.1315
92.7901
91.6122
93.5945
93.6416
92.9747
92.3201
92.7854
91.5943
91.9721
91.4178
91.988
91.109
90.9372
91.2352
92.3139
91.3487
91.093
90.1454
92.3811
92.8467
93.8276
94.8058
95.5381
97.0996
96.6949
96.2313
95.6059
95.6616
94.5639
93.5465
93.0875
92.5304
91.8299
91.6593
91.6213
91.7387
91.1822
91.051
91.3029
91.0817
90.0369
89.6258
89.0128
89.1357
88.5283
88.5468
90.1061
89.7484
89.6533
88.4262
88.2865
88.3603
87.2003
88.1711
88.5597
88.9446
88.0409
87.7981
87.1494
87.4264
88.8519
88.5455
88.8399
87.6813
88.2409
88.1819
89.496
89.8389
89.5198
89.4613
89.2975
87.4017
87.4914
87.2614
86.4869
87.3651
87.2954
85.7348
85.8007
85.3303
85.7116
85.5092
85.0374
84.2877
84.2276
84.0233
83.716
83.7735
84.3594
83.8968
84.0362
85.1936
86.0072
86.1251
85.4027
85.4024
85.0413
84.2165
83.472
82.7667
82.6337
83.123
83.2758
83.2365
83.6416
84.031
84.2404
82.7996
83.0849
84.8443
85.9836
86.326
85.7558
84.5099
86.1974
84.1331
83.8327
82.6287
82.7545
82.5501
82.754
82.2152
83.0173
82.9796
82.2425
81.1924
81.6903
84.1979
85.1978
86.7707
87.6623
88.5955
90.0708
89.8068
90.5274
91.1049
90.3734
89.4394
87.5756
87.1321
85.3986
83.8835
84.1633
83.8967
82.7847
83.8407
83.2274
83.4217
83.8398
82.4956
81.9
81.5517
81.2608
82.4025
81.7367
81.0282
82.1564
82.7871
81.6533
80.6608
80.2578
81.2118
80.4289
80.2994
81.8661
81.0189
81.2128
79.9889
79.7276
80.3904
79.4187
78.1343
79.1994
78.5307
79.3708
79.0028
78.8929
79.5251
79.7901
80.2368
78.9162
79.7916
80.1698
79.9248
79.3693
79.3705
79.5375
79.9097
79.5329
79.378
79.157
79.3457
79.2735
78.0644
77.8387
78.3559
77.626
78.572
78.1639
78.8923
79.084
79.1503
80.3387
79.7038
79.2932
79.8687
78.8386
79.012
78.78
78.2466
78.1902
78.9074
79.8669
79.5413
80.5103
79.3478
78.2151
78.4347
78.9712
79.7851
79.8717
79.5039
78.3817
78.9458
79.911
80.1697
79.3622
80.1709
80.1486
80.8265
81.4183
79.4765
78.0061
78.5104
78.6485
79.2358
78.0294
78.4956
77.7438
77.4172
77.8248
78.4255
77.8742
77.8289
77.864
78.1269
78.3383
78.7201
78.2817
78.212
77.3017
77.4914
77.3117
78.6024
78.7162
78.3164
77.1576
76.3973
77.3205
75.7759
75.5445
76.5211
75.9208
77.5208
77.3346
75.7605
76.1261
76.5011
76.3099
75.5425
77.1103
77.8126
77.9216
77.7916
78.0469
77.2398
78.1567
76.7817
76.7775
76.1235
76.4267
77.4931
77.7662
77.5174
78.3891
78.4535
78.4216
77.5752
76.9442
76.5437
77.1865
76.7912
78.2048
77.1066
78.2902
77.575
76.8282
77.2576
77.6347
78.2604
77.8
77.2243
76.7618
77.0818
77.5671
78.5389
78.5272
76.966
76.7347
77.64
78.5754
77.9684
77.8466
76.9649
77.5779
77.5803
76.2976
75.6718
77.0644
76.1809
76.9973
75.9655
77.1433
76.3131
77.0049
76.8347
77.0857
76.7664
76.6796
76.9155
77.2025
77.9425
77.6067
77.4378
77.8958
78.857
79.663
78.1876
79.2834
79.2745
77.7835
77.1269
76.5939
75.9418
75.9442
77.5482
79.1457
78.2759
77.6403
76.1646
77.5569
76.352
76.699
76.4679
76.3982
76.5004
75.3183
75.534
76.0075
75.744
76.4319
76.8613
76.1552
76.7002
76.2379
76.755
77.3651
77.3111
77.9365
78.7202
78.3161
78.8937
78.2549
78.3202
77.3921
77.0188
77.0681
77.0755
77.4173
77.6747
76.8875
76.8887
76.8941
77.2945
76.2891
76.1497
77.1062
75.618
76.4172
77.6985
77.7858
76.6358
76.8366
76.521
76.0356
76.9352
77.944
78.4275
78.6183
76.9923
77.6867
78.9578
78.7481
78.2621
77.4439
78.0463
78.0745
77.0422
76.6489
76.2638
76.6743
77.137
76.9117
76.2116
76.3427
76.3105
76.7565
76.7141
76.8035
76.3904
76.4329
76.6438
77.2388
77.7598
77.3882
76.8162
76.8295
76.7211
76.0029
76.4243
76.4184
76.9225
76.1235
77.4104
77.0471
77.0815
76.3966
75.6311
75.6307
73.9319
75.2784
76.6139
77.1252
76.2541
76.6442
76.2955
75.9624
75.4199
74.561
74.3362
74.6994
74.714
75.0636
75.114
75.0467
74.4573
74.7127
75.5082
75.921
74.6162
74.2379
74.0902
74.3412
75.075
76.2652
76.2252
75.3441
76.2479
76.184
75.1973
75.717
75.8725
76.4642
77.3958
77.778
77.3889
77.2624
77.1446
76.4041
76.0289
76.0315
76.2632
76.0629
77.0305
76.1195
77.1669
76.071
76.9891
76.7454
75.9501
76.2305
76.7383
75.6245
75.5679
76.4949
76.4399
75.8571
76.3407
75.4885
75.737
77.2183
76.174
76.3397
74.9586
75.7886
75.5973
75.3024
74.9114
75.7449
74.0696
74.6739
73.9378
75.2804
75.937
76.7902
75.8667
74.3234
74.5136
75.4332
75.0789
75.2851
75.7465
75.8355
75.0872
74.9103
74.0299
75.5591
75.8333
74.6705
74.9903
77.118
76.8919
76.6078
76.4613
76.6188
77.5438
77.2576
76.0198
76.2915
78.2859
79.1044
77.1175
76.7291
76.5611
75.3346
76.7547
76.0285
76.1989
76.3888
75.6606
76.2655
75.8109
76.5232
76.713
76.7024
76.2088
76.1081
76.7023
77.7345
77.5113
76.1662
75.3269
74.9977
75.8794
76.2771
76.2433
74.9107
74.8638
75.6448
75.3959
76.3712
75.6839
76.9987
75.4909
75.9736
75.9382
76.4597
75.594
76.6022
77.1063
77.4489
77.7327
76.4671
75.7119
74.8154
75.0946
74.5035
74.3413
75.0032
75.0699
75.0267
74.9628
75.4854
75.3061
75.1898
75.4361
74.3982
75.4774
75.638
76.2527
74.9791
75.458
75.8156
75.5536
75.9356
76.0335
75.6967
76.1734
75.7356
74.8236
74.3317
75.8067
75.0433
75.7026
75.8619
77.1265
76.9522
77.3753
76.3029
76.4421
76.52
75.943
75.3104
75.0401
74.541
74.9373
75.2225
74.9769
75.0392
76.8687
76.492
76.5619
76.3864
77.1061
76.3327
77.0402
76.6037
76.6485
76.3108
75.2906
75.6131
76.3422
75.7849
75.8697
74.9398
76.0638
76.5997
76.5106
76.7605
77.1728
75.3391
75.9016
75.5668
75.7583
75.1292
75.6133
74.806
74.5725
74.1729
75.1656
75.1624
74.2702
74.6158
74.6234
75.6655
75.7068
76.2915
74.8017
74.3777
74.5801
74.9152
74.625
74.6411
74.5262
76.2208
75.5081
75.1944
76.2177
76.435
76.3838
74.2395
74.3694
74.5097
75.6924
75.4735
75.366
74.8781
74.5372
75.4182
76.2998
75.0303
75.6766
74.9549
74.0989
75.2308
76.3733
76.579
77.0374
77.1288
76.8841
77.4379
78.729
79.0953
78.0215
78.6665
77.3083
78.2111
76.9579
76.3318
75.4026
76.0242
75.5045
76.7438
77.4924
76.5623
76.0104
74.0193
73.7838
74.1321
74.377
73.7941
73.7421
74.0912
74.2293
73.5372
73.7385
73.1701
73.1974
74.1584
73.7588
73.8527
73.0078
73.7924
73.6476
74.4478
75.4546
75.7777
74.748
73.8412
75.9858
75.4061
75.4595
74.795
74.6814
73.8378
73.5857
74.8151
73.1459
72.8556
73.1662
74.2373
74.2119
74.7882
74.6151
75.0708
74.6444
74.4248
74.4766
73.6714
73.5546
74.6111
74.5279
74.9305
74.4208
74.1949
74.6254
74.384
74.9214
74.5275
74.1659
74.9353
74.5469
74.9295
74.7495
74.8101
74.4272
74.266
73.0817
72.5041
72.0402
73.2196
73.2585
72.394
73.0527
71.7318
72.1946
72.6828
73.289
72.9349
74.329
73.441
73.2465
73.8951
73.693
73.4556
73.0845
73.0598
74.5784
74.9255
73.8525
74.0208
73.2551
73.9512
74.4669
73.7826
74.2744
74.3128
74.5917
73.6968
74.0928
74.8888
75.0132
73.8499
74.2871
73.1594
72.7381
73.1058
72.5732
72.348
72.6698
74.1298
76.5463
77.5899
78.5051
81.2098
81.7762
82.23
81.1487
80.1994
79.5323
78.8994
77.8686
76.2987
76.1883
74.7589
75.0031
74.8251
74.193
74.1943
73.4294
73.6354
74.3948
73.7145
74.5698
73.9608
74.2004
75.1516
74.6561
74.6695
75.3454
74.7626
74.4375
74.1447
74.4734
73.7274
72.2258
72.6143
72.6332
73.615
72.6121
71.792
71.1524
72.5883
72.729
72.6627
72.1221
73.4181
73.5236
73.433
72.9855
72.8489
73.5964
73.5596
72.4983
73.6193
73.4451
73.7381
74.2761
74.0441
73.7214
74.1092
74.672
74.4912
75.8109
74.7723
74.8596
74.1762
74.5934
75.4166
74.7804
75.1187
73.2514
71.926
71.7507
72.3494
73.7996
74.4663
73.7029
73.3967
73.0322
72.9599
73.1599
72.7326
73.3676
73.5357
74.1615
75.9659
75.2921
73.527
72.7508
72.848
72.6117
72.5961
72.5442
73.9704
73.8466
73.9507
74.8872
74.4819
73.9897
73.7154
73.6909
74.0582
74.5102
73.6313
73.1941
72.8191
72.844
73.0593
72.934
72.3873
73.2208
73.04
72.4871
72.8106
72.2244
74.0352
73.9518
73.7195
73.1919
72.3269
72.0458
72.3344
72.4576
73.0044
71.7731
73.1162
72.3929
73.6159
72.8344
72.4947
73.5939
74.1456
74.7838
74.2616
73.3875
73.0501
72.8689
71.2822
72.3983
72.3797
72.1915
73.1817
73.2976
73.2288
73.3884
73.8905
75.1864
73.0104
72.8087
73.3132
73.1119
72.8405
72.9875
73.5902
72.9901
74.0883
75.0691
74.7363
74.7498
74.4926
73.7682
73.4504
74.3571
74.3056
72.9174
74.2997
72.7679
73.4805
73.8786
73.1124
72.8465
73.1624
72.7681
73.9626
73.959
73.1699
71.5642
73.0614
73.1951
73.4384
73.6875
74.4177
74.5027
75.0064
73.4938
73.9135
73.8251
74.1528
73.4058
74.0945
73.1194
73.9956
72.6818
72.4422
73.0255
72.7522
72.9199
73.5903
72.438
73.1804
73.3472
72.016
73.0737
73.2472
72.1371
72.065
73.2774
73.5317
72.806
74.5475
73.7827
74.8775
73.6429
74.0277
73.624
74.4128
74.1084
73.2836
73.2733
72.7262
72.5786
72.9896
72.5356
72.1791
72.6691
73.3466
73.0361
73.1543
72.7849
72.0022
73.2329
72.8602
72.2381
73.2323
72.7024
71.9191
71.7103
71.7182
72.0196
72.6543
73.3426
72.7941
72.2287
74.0502
73.5828
73.8108
72.5663
74.204
73.2695
73.1548
74.0293
74.7339
74.5969
74.5616
74.152
74.2977
74.8005
74.5213
73.2152
73.9545
73.8722
74.4041
72.6323
72.3824
72.5287
72.3726
71.5974
72.0959
72.4089
72.3337
72.0569
71.964
72.8012
73.4191
73.2861
72.5477
72.8821
73.3355
74.6797
73.5484
73.8925
73.5109
72.9964
73.2398
73.8153
73.2662
74.5664
74.6419
74.1204
73.7924
73.4934
73.1713
73.4376
74.5449
73.9676
73.6106
73.1408
73.9205
73.2378
73.856
73.2442
72.6228
73.1106
73.4762
74.0236
73.4287
73.2208
72.7766
73.8989
72.985
72.4335
73.4454
73.1939
73.6725
73.2696
73.0972
73.4619
73.7246
73.5033
73.7001
72.7286
72.653
72.4908
72.3821
73.223
72.0355
72.0234
72.547
72.5216
72.082
71.8786
71.6559
71.9206
72.4655
72.1194
72.9374
73.0325
73.2912
73.755
73.0855
73.2721
72.4534
72.4863
71.3414
72.4045
72.9197
71.8675
72.6908
72.1971
72.3628
72.9287
73.529
72.9523
72.9232
72.7051
73.7085
73.7484
74.1263
73.7562
73.7677
73.0943
74.1413
74.3458
73.8631
74.2517
74.1774
74.4365
73.9776
72.4473
73.6171
73.2314
72.9898
73.053
74.0391
73.4274
73.2161
72.7356
72.8707
72.9989
73.6321
73.764
74.5473
73.8788
74.5324
73.9806
73.9169
74.0169
73.2859
72.5781
71.6335
72.6314
72.5139
71.8098
72.0954
72.668
73.0809
72.8458
71.6511
71.6428
71.5408
70.4947
70.9071
72.0238
71.867
71.7702
70.6701
70.9924
70.5785
70.8392
71.1273
70.3682
71.2532
70.3404
69.8642
70.0473
70.1459
69.7855
70.4925
70.7396
70.9151
71.0961
69.5567
69.933
69.836
71.1867
70.6574
70.8317
70.3631
70.446
71.0855
71.1253
70.3161
70.4787
71.2831
72.6548
73.2892
72.9322
72.3808
72.388
72.1333
71.9427
71.988
71.6123
70.4649
71.396
72.2665
71.7551
71.9403
71.5908
71.0795
71.2546
71.4326
71.31
71.8585
70.637
70.525
71.1727
71.0488
70.6448
71.4932
72.2914
73.1843
73.9678
72.4926
72.2294
71.4942
71.3233
71.0363
71.7141
72.0713
73.0149
73.4819
73.5815
71.4618
71.5728
72.9877
71.7582
70.8466
70.1629
70.2126
69.9852
71.1377
70.93
71.1959
71.7748
70.4867
71.4896
71.2393
70.6898
70.4498
71.4381
72.1804
71.9358
72.826
70.8656
71.1285
71.8607
70.7012
70.1183
70.5561
70.4123
71.2448
70.3634
70.9067
70.6627
70.6733
71.2574
71.752
72.5697
72.2144
72.6638
71.8346
71.6493
71.0693
71.3768
71.1713
71.0416
71.843
71.3892
71.4018
70.8185
71.1837
70.3119
71.2859
70.465
70.68
71.6642
70.7253
71.2724
71.4699
73.1316
73.1885
72.6409
71.9777
70.8528
69.1812
69.999
69.5955
70.6209
71.5052
73.201
72.7242
72.1411
73.1841
73.3017
74.6745
75.212
72.9244
72.6549
70.8236
71.1792
72.3965
71.9155
73.2474
73.3018
71.7169
70.5997
69.7552
70.8694
70.5455
71.6196
71.4384
70.4294
69.7028
71.6464
71.6782
73.008
71.6227
71.3535
72.082
71.7474
71.3621
70.8626
70.8572
71.4974
71.5918
71.7389
71.7036
71.6522
71.7803
71.3232
71.956
71.7346
71.1514
71.308
71.1012
70.1505
70.2817
71.5467
70.9346
70.5545
71.3378
71.1472
71.4864
71.3448
70.5338
70.7935
71.555
71.9176
70.7578
71.3804
70.8814
71.2395
70.8748
70.9487
70.8778
70.4901
71.3486
71.5124
72.9219
72.1938
72.1602
73.5723
73.3022
73.2468
73.1882
73.1067
72.7313
72.1208
73.0551
73.1286
73.0237
72.9126
71.8567
70.8032
70.3798
70.4177
69.5494
70.0571
71.1046
71.1907
71.3575
71.7206
71.5418
70.8096
71.0356
72.3928
71.5177
71.8531
70.8463
71.4
71.6072
71.7425
70.636
71.2913
69.7081
69.5511
70.7432
70.0558
70.2485
69.7407
69.8294
69.7847
69.9238
70.2882
68.6947
69.021
69.1235
69.8096
70.4712
71.8241
71.5465
70.4946
71.5769
71.8637
71.8642
72.4024
73.2232
72.7606
73.357
73.0797
72.6404
71.805
71.6269
71.099
71.4463
71.7142
72.3027
72.2354
70.5809
71.925
71.3219
72.6666
72.5488
72.7137
71.5848
71.4816
71.708
72.3266
72.9884
73.3483
73.4273
73.256
73.8039
73.9797
73.5252
73.3868
72.209
72.0136
72.4742
72.7176
71.0553
71.4512
71.3088
69.6857
70.7871
71.0399
70.1258
71.8277
71.494
73.0376
71.9579
71.8661
70.9096
70.3328
72.6331
71.1963
71.4779
70.6759
70.9269
70.8464
70.7954
72.2053
71.903
69.9544
71.5938
72.5914
71.3253
71.1151
72.5585
70.1004
70.6865
70.3782
70.4924
71.4003
72.4675
71.4212
71.2906
71.7542
71.888
71.1841
70.7353
70.79
71.6243
71.9184
72.7074
71.3783
71.9458
72.1025
71.3407
72.2646
71.9128
71.9481
72.2944
70.7647
71.0761
71.8454
71.6388
71.8301
71.5447
71.4828
70.7453
71.4583
71.4646
70.9917
71.1385
72.0202
72.3315
72.4898
71.8232
72.2043
71.77
71.415
71.9376
71.6452
71.4986
71.5647
72.4284
71.304
72.0447
71.6875
71.086
71.7589
71.3595
71.568
72.4035
72.2854
72.2568
72.7495
72.651
71.3915
71.2312
71.7805
72.7765
72.856
73.4952
71.9978
70.426
70.3779
70.3272
70.8739
70.259
70.1785
70.7001
70.206
69.7961
70.8844
72.5546
71.199
71.8994
72.2035
71.7991
72.0718
71.0985
71.1578
72.3374
72.7392
72.1908
72.3344
72.0245
70.6874
71.0896
70.3908
69.7758
70.6882
70.4494
71.105
71.143
70.5662
71.0201
71.1488
70.8498
70.8227
71.6279
71.803
71.6936
70.6697
71.0863
70.6535
70.5642
69.6093
69.8411
70.45
71.123
70.6271
70.7227
69.6895
69.031
69.8612
69.212
68.7167
70.3255
70.8046
71.4687
71.4434
71.175
70.4185
70.9775
70.6521
70.8299
69.8617
70.233
71.3101
72.0674
70.3399
70.5356
71.4563
72.2362
73.1155
72.6582
72.7905
72.3376
72.279
71.173
71.1349
69.7834
69.5742
70.6035
70.5305
70.9997
71.6485
71.6493
70.4791
69.5568
69.0973
69.0088
70.2942
71.2464
72.4807
72.4017
72.1165
71.755
72.0104
72.2175
72.211
70.9573
71.7373
71.0291
71.1178
70.887
70.9378
71.8292
70.0442
70.8356
70.9786
70.642
71.1604
70.4051
70.6574
71.3483
71.2503
70.5003
70.3688
70.452
70.6506
70.667
70.7282
71.1286
71.2385
71.7941
72.6455
72.3864
71.457
70.2715
70.657
71.1197
70.5553
69.644
70.0129
70.1053
69.6052
71.2359
70.7737
70.5884
71.6327
71.7146
71.2111
71.253
71.6202
71.9214
72.8432
72.256
71.9955
73.5738
73.9414
72.5092
71.4966
71.3742
70.1857
70.6661
70.501
70.6267
70.9671
69.7912
70.2906
71.4398
71.3879
70.5839
69.9327
70.5575
70.9433
70.0404
70.0065
69.9306
70.3247
69.0861
71.2306
70.8274
70.3243
69.3475
68.5666
69.144
70.0141
69.7194
70.2637
69.9806
70.1677
71.1061
71.3801
69.7301
69.9573
70.9678
70.89
69.9314
70.8951
71.6163
71.6613
73.0491
71.8153
72.411
71.2568
71.1258
71.9735
71.6523
72.2223
70.8847
71.4282
72.0985
71.163
71.9112
71.4358
71.5499
71.5918
71.626
71.4686
72.9796
71.5799
71.0874
70.2718
69.6744
70.1062
70.9345
70.424
70.3705
70.1615
69.9418
69.9808
70.8999
71.0865
71.4515
70.9279
71.3058
70.0366
70.3277
70.0253
70.8009
71.1112
71.3624
70.0157
71.2054
71.1563
69.757
70.7401
71.5408
71.1188
70.3863
71.0299
71.1231
69.5861
70.1484
71.5253
70.7075
71.1568
71.6026
70.8057
70.255
69.4183
68.8814
69.492
70.1929
69.5284
71.0495
70.4448
71.6741
71.1295
70.3381
70.9619
71.5178
70.8305
71.5467
70.6706
71.1896
70.9294
70.7596
69.6985
69.8892
70.4023
71.5235
71.585
70.8303
70.4625
70.033
70.2999
69.4205
70.8792
70.6455
70.7486
69.8853
69.4821
70.1069
72.5422
71.8581
71.2066
70.4737
70.1482
69.8464
70.2074
71.2407
71.1218
70.8824
70.0608
70.8346
70.8451
70.4582
69.7525
70.6644
70.6866
71.4358
72.7873
72.3472
71.3585
71.5981
71.9309
71.5266
71.2353
72.0156
71.5782
71.757
70.1321
72.1632
72.0003
72.0563
71.6313
70.1188
70.2609
69.531
70.2275
70.3212
70.221
70.6162
71.5197
71.736
71.0751
72.1635
70.6802
71.0581
70.9379
70.9279
70.3339
70.303
70.2201
69.3063
70.331
69.655
70.9093
70.8328
71.2862
70.5333
70.6499
69.7717
69.7201
69.3476
69.8239
68.7055
70.3317
69.8776
69.6346
70.7112
70.7063
71.2377
71.1124
70.6912
70.6964
70.2145
71.3034
71.1062
71.3792
71.2673
71.2764
72.9651
73.3838
72.6267
70.2241
69.9924
71.1967
70.634
70.5865
70.1334
69.9702
69.5462
69.548
68.7457
69.9535
70.7903
71.089
70.6086
70.1647
71.0401
71.1419
70.7013
71.6936
72.1113
71.2254
71.2725
71.3588
71.4133
71.1424
71.7294
70.7664
71.7866
72.057
72.0159
72.1512
71.3021
70.4942
69.9152
70.4975
71.2923
72.1353
71.3947
71.3646
70.7448
71.3622
71.4858
71.6957
70.2333
71.075
70.7492
70.4444
70.7954
70.366
70.2127
69.118
68.8156
69.8653
70.7954
70.3831
69.907
69.1418
68.9201
69.5619
70.2534
69.1709
68.9032
68.4635
69.2308
70.0102
70.9181
70.6276
70.0588
69.7108
70.245
70.6807
70.8207
70.7317
70.4759
70.3467
71.3056
70.1659
70.0066
69.8271
69.7987
69.7206
69.9564
70.5474
71.6974
71.943
71.5074
71.9656
71.8047
71.1439
70.5746
70.7065
71.0124
71.1096
70.0671
70.747
70.1696
70.3894
71.2551
71.0359
70.3487
71.3687
71.379
71.843
71.2752
70.9479
71.9563
72.5171
71.1667
72.3753
72.0511
72.1394
71.5305
71.7393
70.9362
71.9811
71.8598
72.5151
71.9741
71.4982
71.3967
70.43
70.3824
69.9939
70.3947
70.5544
70.8027
70.6188
71.6149
70.9182
71.8458
70.2411
70.2852
70.1531
70.3501
71.1353
70.6675
70.5173
71.2813
71.4043
71.0573
70.7039
70.7057
71.7568
71.8686
72.8607
73.1321
73.2157
73.3713
73.2285
73.3098
73.0177
71.9224
70.8302
70.404
71.1037
71.8202
72.8044
71.6418
71.7967
70.3799
70.7699
70.6516
70.7802
70.4923
69.8263
69.3913
70.6222
71.03
71.3314
70.3434
69.9456
70.4415
70.8918
70.4387
70.9017
70.3889
70.7742
71.0606
70.6876
71.2306
70.2832
69.6245
69.0595
70.2588
69.6281
70.1698
69.3819
69.1296
69.5572
70.8559
71.2801
70.7711
71.3312
71.6756
70.9145
70.9212
70.0251
69.5528
69.9738
70.018
69.6124
69.9579
70.8303
70.5308
71.4607
72.371
72.021
73.152
71.4842
71.5645
71.1807
71.9674
72.567
72.6185
71.0263
70.7859
70.1139
69.5177
69.4335
69.7562
71.1691
73.7229
74.3613
77.3823
78.3889
79.4581
78.6937
79.3162
78.3446
78.5472
78.7128
79.1717
78.3858
77.4073
76.8548
77.4377
75.7376
74.43
75.4598
73.3236
71.5908
70.7601
70.1972
70.6677
69.9786
69.3823
70.7023
70.117
69.4157
69.4223
69.7033
69.9336
70.3
69.54
69.0258
69.7042
70.8519
71.6931
70.8896
70.3299
71.4562
70.7033
70.8613
71.1679
69.7819
69.8047
69.9695
70.0327
70.3315
71.1634
71.214
71.1516
70.8746
72.3834
71.6063
71.9304
72.6346
72.1574
71.8095
71.9018
71.9182
71.7676
72.1676
71.1404
71.8162
71.1192
71.5141
70.5059
71.0571
71.6488
72.0062
72.5387
71.5377
71.0122
71.3935
71.6662
70.1273
69.5218
68.9295
70.3445
70.5358
70.7316
70.7721
71.0989
71.5976
71.4226
70.9565
69.3505
69.9872
70.1939
70.2284
70.7289
70.4739
70.2086
69.9168
70.0818
71.2438
71.9159
71.5145
71.5758
71.3717
72.0014
71.5878
70.844
70.267
71.4762
71.6924
71.2399
71.112
71.5436
71.326
71.5732
70.6364
70.5021
71.0263
70.219
69.8657
71.2687
71.327
69.9555
69.504
69.2351
68.8762
69.8199
70.7611
70.751
70.492
70.4352
71.9562
71.1406
71.5584
70.4916
69.8849
69.3887
70.9266
71.8486
71.0051
70.5628
71.7731
71.8507
71.789
71.7278
71.579
71.6525
71.4693
71.136
71.006
70.7171
69.6524
70.2629
70.8834
71.2829
70.67
69.5687
70.1351
70.8534
70.8651
71.2857
70.7302
71.4379
71.3317
71.3755
71.8377
71.2059
72.8797
73.06
72.7892
72.7998
72.8029
71.7173
71.6043
69.5667
70.8247
71.8707
72.3854
72.2736
71.0883
70.2139
70.5615
71.3518
71.7045
72.3376
72.3281
70.7008
70.5535
70.8269
70.9256
69.9269
69.2346
69.6962
70.4048
70.9241
70.8456
70.816
70.0491
70.0835
69.7056
69.6025
69.0037
68.4826
70.2615
70.0226
70.8691
69.8695
69.2605
70.1415
71.4673
71.1039
72.8443
72.8399
72.6286
72.8478
73.1701
71.6892
72.5173
71.4856
73.0555
72.4606
72.1137
71.9263
71.5299
70.8736
70.2492
70.4183
70.1713
69.8692
70.1713
70.7496
71.4559
71.3398
72.0489
71.9181
71.6936
72.7687
72.906
71.4943
73.0642
72.7758
73.0127
71.7134
70.8718
70.3967
71.9551
72.5261
71.7743
71.2712
71.5429
72.7393
73.0451
73.2572
71.6895
72.4501
71.3659
71.8285
71.0947
69.5205
69.4701
69.5555
69.9431
70.2803
71.4007
70.5099
69.3633
69.5254
68.9823
69.4397
70.1003
69.6364
70.6408
70.05
70.6243
70.4925
69.8788
69.6667
71.0971
71.1529
70.8801
71.3952
71.376
71.5053
71.9983
72.1407
72.2571
71.4957
72.4876
72.5182
73.5995
72.4676
72.6071
72.5359
71.9147
70.7807
70.9586
70.7834
71.5388
72.1108
72.1149
71.6236
72.0987
72.7075
71.9281
71.3122
71.4986
70.0578
69.8444
70.2389
69.701
70.4154
70.9525
70.89
71.1192
69.7238
69.8938
71.4673
72.4108
71.8653
71.6002
71.6199
70.3266
70.3225
71.7975
70.4349
70.3529
70.4056
71.1426
71.039
71.4838
71.1475
70.228
70.5137
70.8416
71.4532
71.3143
70.1782
70.48
70.862
70.1849
69.7147
69.9751
71.1951
70.8552
70.6066
70.0242
69.4381
70.3634
69.875
69.4286
69.3643
70.3526
70.173
70.987
70.61
70.9871
71.4051
70.7034
70.9595
70.3037
70.2679
69.868
69.767
71.311
72.846
71.1983
70.9398
70.0869
70.3304
70.1309
70.8296
69.9884
70.2585
70.2222
69.9868
69.6089
69.9913
70.9496
71.0778
71.3919
70.456
70.0892
69.9889
69.6571
70.6116
70.2698
70.8619
70.0877
70.2589
69.9942
70.6884
70.9809
71.0743
70.2292
70.2242
71.0818
70.4823
70.4275
70.3055
70.3571
70.7087
71.664
71.8315
71.3377
71.6712
70.8195
71.0422
70.9754
70.7239
71.5356
72.0582
72.6246
71.8758
72.1976
71.2388
71.3323
70.8934
70.9996
72.2001
70.9932
70.8156
71.0787
72.1669
72.5987
72.2406
71.9566
71.9531
72.2214
72.3875
72.3703
72.607
73.1095
71.0353
71.2656
70.8537
70.6217
70.0769
70.8132
71.0312
70.9365
69.9533
70.0085
69.474
70.104
69.9237
69.1866
70.2401
70.1093
70.3592
71.572
71.2081
72.239
72.0314
71.3475
71.2837
70.0334
70.2624
71.1108
70.4436
70.7704
70.7856
70.2525
70.0009
70.4841
71.7247
71.1448
70.6181
70.0111
69.7171
70.7788
71.261
71.4826
72.8421
72.212
72.1901
71.1095
72.053
71.5514
72.1996
71.4379
70.9138
71.7347
71.6387
70.9016
69.9801
70.1052
70.9657
71.2613
70.28
70.3279
70.2139
69.3846
70.0916
69.6358
69.8304
70.4091
70.6294
69.5106
70.0387
69.0724
70.2338
69.4311
71.5864
70.8383
71.2884
72.5306
72.4882
73.4292
72.3365
70.9148
71.1109
71.0555
70.1628
69.9979
69.9619
69.8213
70.1236
69.6044
68.8724
68.951
69.4588
69.0434
68.4737
67.8848
68.2778
68.3764
68.2306
68.9083
69.2821
70.1517
70.6194
70.2484
69.0092
69.4578
70.3302
70.5157
71.0191
70.5364
71.0801
71.8076
71.0861
71.7586
71.841
72.1416
72.2684
71.5
71.3262
70.9061
71.0708
70.8518
70.6743
70.8529
71.5549
70.8077
72.0431
70.5214
71.6125
71.2493
71.3188
71.9868
70.7596
71.2474
70.4332
70.7303
70.8626
70.7804
70.9502
70.394
69.5658
70.9463
70.2733
70.5272
70.8546
70.7124
70.6475
70.8783
70.8396
69.8506
70.5896
71.0001
70.8465
70.6187
70.5565
69.5128
69.2855
69.3865
70.9878
70.5679
69.9539
70.2048
71.1802
70.9039
70.0727
70.7308
70.6016
71.1898
70.9794
71.3843
71.8119
72.0048
71.5671
71.1728
71.6508
71.7652
71.823
71.7728
72.9792
72.7102
73.7675
71.8943
71.7062
70.3788
70.2254
70.2419
70.0411
70.0376
70.6079
70.762
69.6931
69.391
68.7971
69.8989
70.1215
69.7291
70.3191
69.887
69.6791
69.3576
69.8053
68.9529
68.6553
68.6295
69.0947
69.845
69.6354
69.2887
70.0251
70.6361
71.3216
71.0739
71.5171
72.1313
72.7947
72.3895
71.5533
70.4965
70.5912
69.9458
69.8145
70.0171
70.0139
70.3588
70.3151
69.524
69.995
70.4155
69.9047
71.2644
71.861
71.7741
71.9419
70.8508
70.9475
71.911
71.7979
69.9566
69.3613
70.1962
70.5118
71.2341
71.4048
70.588
71.5651
71.1548
70.723
71.0748
71.5132
72.3823
72.1354
70.5024
70.4275
70.5648
70.5403
70.2507
69.9871
70.3317
70.8496
70.193
70.8999
70.1438
70.651
69.9184
70.6475
70.6656
69.3679
70.1038
70.9634
72.014
72.1736
71.0678
71.5244
70.9862
70.9851
71.1663
71.4761
70.745
70.5735
70.0104
71.3515
71.8556
71.9136
71.9817
70.8488
71.0457
70.2823
71.0919
70.8621
70.6793
68.7482
69.646
69.9654
70.8738
69.7167
69.5656
70.1066
68.7363
69.4323
70.657
71.57
70.6493
70.4065
70.4989
69.94
71.5112
72.1885
72.0117
72.3048
70.7696
72.0863
70.7557
70.0161
70.9908
70.8034
69.8266
69.6434
70.0365
69.9866
69.3819
70.9997
72.4821
71.965
71.2227
71.337
72.0628
71.3277
71.0888
71.4796
70.863
69.3199
69.954
70.0799
70.4875
70.5128
70.7998
70.5801
70.6418
70.09
70.8125
70.2257
71.0196
70.8836
71.3383
71.2635
70.356
70.2453
69.4417
69.9232
69.9588
70.8988
70.6659
70.1391
70.8054
70.5691
70.8847
70.7905
70.707
70.1304
70.8058
70.8857
70.9456
70.6869
71.6806
71.988
70.6052
71.005
69.7365
69.8969
70.0164
70.206
69.6007
69.5343
70.1212
71.3732
70.473
69.6067
69.1731
69.0338
70.484
69.8206
70.2993
70.4719
70.3231
69.9962
69.3088
70.8369
70.4275
69.5014
69.2392
70.1441
70.5687
70.3945
70.4984
70.0755
70.9736
70.5337
71.5898
71.8285
70.6251
69.8088
68.8475
70.3804
69.6454
69.8175
69.8131
70.3518
69.3553
69.6153
70.4318
70.7556
71.7671
71.0773
71.2127
71.1445
71.2628
70.5331
71.0057
70.7959
71.4746
71.7126
71.5318
72.2918
72.0937
71.4244
70.8167
70.2866
70.1765
70.2394
69.8049
69.7174
70.4672
71.3908
70.5043
70.768
71.2244
70.9728
72.2639
71.2299
71.9012
71.6086
72.2674
71.0414
71.262
72.134
72.2416
70.7662
71.6828
72.0007
72.3323
71.8139
71.907
70.3297
69.8659
70.4986
71.3122
70.9971
70.9205
70.5009
70.2983
70.3552
70.6849
69.3766
71.182
71.0379
70.2322
70.3881
69.7883
70.1715
69.8669
68.7994
69.2553
68.7256
68.9639
69.2799
70.0538
70.6434
71.3577
71.2651
70.1964
69.6788
69.7881
71.034
71.067
70.611
71.1509
71.0178
71.1023
71.1019
70.7878
71.3097
71.4311
72.005
71.9349
73.0139
71.4898
71.513
71.3958
71.7182
71.6454
70.8629
70.347
71.1932
70.5086
70.0682
70.1544
71.0622
71.628
71.4914
70.9116
70.8324
70.3401
70.998
70.2544
71.8501
71.7514
72.5402
72.2123
70.7875
71.0198
71.0334
71.6744
70.7509
70.9327
70.5857
70.5751
70.6543
70.7974
71.3883
72.2444
72.3474
72.353
70.7834
70.442
70.2164
71.1316
70.4721
70.257
71.2886
71.5162
69.898
69.1827
69.0426
69.9344
70.1075
70.2269
71.4098
71.3194
71.3779
70.839
70.8806
70.7823
70.2198
69.8956
69.6758
70.7778
69.2575
69.8994
69.4339
70.8717
70.5546
70.8797
71.1923
72.3864
71.5526
71.2754
71.6055
70.7144
70.2249
69.8506
70.5521
70.8041
70.1149
69.9541
70.0497
70.5403
70.7447
71.7624
71.3491
70.6425
70.7002
71.1911
71.0417
69.7961
69.8465
71.8762
72.3343
72.1093
71.6714
71.1056
71.4171
70.8684
71.5728
71.3473
72.1274
71.8034
71.1947
70.3866
70.8862
69.2849
69.5457
70.3528
69.7471
70.5097
70.4366
71.0626
70.3925
69.4952
69.6299
69.8
71.1716
71.028
70.3463
70.1012
70.5779
71.1939
71.5118
70.6656
71.6867
71.9294
71.1399
70.9458
71.2298
71.2447
70.582
70.7699
70.2832
70.0164
70.114
70.4936
70.007
71.0991
69.8997
71.2642
71.3758
70.8888
71.4645
72.5318
73.2757
72.776
72.6319
73.1644
72.2318
71.9947
71.8262
70.6335
70.889
70.2371
70.8216
70.9994
70.7017
69.9315
69.2067
69.6548
70.3212
70.924
71.6429
70.5184
70.4738
69.8752
69.2692
69.6245
69.4749
70.3694
69.9315
69.0765
68.6521
68.9153
69.8227
71.5206
70.9474
70.2334
70.3548
70.8294
69.4261
70.234
70.2284
69.8415
69.624
69.9029
71.3173
71.4536
71.7824
71.4896
72.0134
71.5046
72.7868
71.152
71.6426
71.0107
71.5894
70.8559
70.1525
70.0053
70.2662
72.0475
71.289
70.4405
69.786
70.83
70.3305
69.7481
69.9151
69.9242
71.469
71.8983
71.792
71.6008
70.6534
71.2567
70.5274
70.9584
71.9097
70.9167
70.0837
69.9221
70.8089
71.1929
70.2705
71.3338
70.3332
70.9403
69.8187
69.9453
69.3545
70.1701
71.9216
71.7126
71.6001
70.8414
71.1495
71.04
70.6566
70.354
68.8554
68.6386
68.7751
69.2082
70.047
69.387
70.8121
71.2406
72.2618
71.4222
71.4633
71.7442
73.5698
73.1946
72.7566
71.5399
70.9465
69.8641
69.754
70.4656
70.1901
69.5707
68.6251
68.9031
69.1181
69.134
69.9667
70.8375
71.3176
70.3444
70.0673
70.3148
69.9589
70.7624
70.9481
71.6214
71.4968
70.8224
70.1242
70.1699
69.9758
70.6843
70.1611
70.5421
69.8021
69.8638
70.6658
69.9635
70.0832
70.1018
69.3537
69.1871
70.1684
70.738
70.9301
71.1824
70.4111
70.2804
70.8454
70.7149
71.6963
70.3848
69.7825
70.1085
72.164
72.6067
71.5479
71.5026
71.2136
70.3578
70.1573
69.8288
68.3807
68.3585
68.9252
70.6236
70.3457
69.9732
70.8896
70.8968
71.1358
71.4668
70.8788
70.6616
71.2813
71.1571
70.6455
71.369
70.0499
71.3732
69.9291
70.9548
70.7292
70.0008
70.058
72.1646
71.1781
71.0411
71.111
69.5582
69.8126
70.2836
69.8876
71.1556
71.8335
72.1647
72.3298
70.808
70.0851
70.22
70.6234
70.4429
69.9912
70.0124
70.7601
71.3732
70.7483
70.1404
70.3675
71.4852
71.9042
71.6286
70.8346
70.459
71.2368
69.749
71.0102
70.1452
70.8931
70.453
70.4036
70.2806
71.0568
71.4862
70.8358
70.5702
71.0063
70.3572
70.6538
72.0867
71.3468
71.0669
70.5243
70.4216
71.4937
71.3017
71.5251
71.452
70.3586
70.3994
69.2867
69.5589
70.3952
70.0863
69.0025
70.3845
70.0704
69.5797
70.4852
70.4737
70.5201
71.2775
71.8257
71.4597
70.5811
71.8644
72.1669
71.1704
70.0636
70.2789
69.6956
70.3507
70.1177
69.9332
70.6957
70.4479
69.9671
68.8735
68.9516
69.5685
70.0153
70.1445
70.5677
70.3016
70.4139
70.2796
70.1805
70.2268
70.6202
71.515
72.2845
71.46
71.9451
71.794
71.5168
71.6472
70.8538
70.1701
70.4204
70.4389
70.9957
71.1719
71.6253
71.7153
71.2828
70.4566
69.3477
70.5998
70.9702
69.8357
69.7873
69.5187
69.8228
70.522
71.9251
71.7374
73.6378
71.3136
70.5704
70.1991
69.9306
70.7633
70.6766
71.9109
72.0227
71.0791
70.512
70.2198
70.8843
70.3189
69.7621
70.0722
70.0255
69.714
70.8993
70.5968
70.3148
70.5058
70.2823
69.5665
69.4664
69.5301
70.1924
69.8795
69.7065
71.4851
71.5318
71.4387
70.9941
70.1605
70.7886
70.2405
70.33
70.1778
69.6523
69.7744
70.2009
70.7297
69.9593
70.1122
70.6742
69.8133
70.6596
71.2075
71.32
71.8211
70.9462
70.4872
71.0458
70.7823
71.3114
71.058
70.9177
70.5144
70.2374
70.8149
70.7006
70.8898
72.1855
71.3002
69.8085
69.6696
70.1745
69.7617
68.6405
69.3173
69.3891
69.1105
70.5776
71.2405
72.4758
73.0544
71.7588
72.515
71.5957
72.125
71.3902
71.7373
71.1609
70.0269
71.0734
70.0122
69.6312
70.0003
70.7416
70.2927
70.7797
71.1222
71.1408
71.0181
71.2076
72.0785
71.6142
70.5338
69.7745
69.6628
69.9017
69.2603
69.6891
70.2028
70.7972
70.7507
70.806
71.1348
70.6541
69.4683
70.0101
70.6093
71.014
71.0632
70.9473
71.5236
70.7177
70.237
71.2531
70.331
70.2612
70.1871
70.7011
69.7399
70.6898
73.7614
74.9009
75.8598
77.162
78.168
77.9619
76.1498
76.3591
75.8523
74.2107
73.9798
73.5044
73.0009
72.0979
71.3296
70.698
70.3117
70.6152
70.2798
70.5181
70.7561
72.0517
71.5365
69.8902
70.4611
71.6626
70.8227
71.0457
70.5434
69.5709
70.0369
70.5045
69.5735
69.6443
69.0473
69.0423
69.5642
70.2417
69.8631
70.1336
70.7485
70.8886
70.8401
71.5075
71.3594
70.9573
70.8042
71.8758
72.1623
70.9534
71.1834
70.5625
69.1778
70.7481
69.9716
69.563
68.939
68.9044
68.5052
68.3526
68.9517
69.5631
70.3908
69.8185
69.6981
70.5679
70.9264
70.1713
70.018
70.134
69.9422
69.3577
69.648
68.9683
69.0904
70.2615
70.4052
70.4958
70.4801
71.3916
69.7249
70.2221
70.5895
71.7111
71.2831
71.5199
71.2434
70.4021
68.8756
69.747
69.798
70.1039
70.1838
70.9626
70.0542
71.2061
70.6266
70.6698
70.6708
70.6211
70.6197
69.7028
70.6008
69.9181
69.5807
69.4831
69.3609
68.8427
69.2618
69.9396
70.4866
69.5178
69.4945
70.6662
71.1491
71.4533
71.6194
71.4372
71.1437
70.2144
70.2143
69.553
69.75
69.5825
69.7585
70.158
69.9628
70.0041
70.3371
70.4266
70.8096
71.2939
70.1475
69.6627
70.8761
69.8729
69.6498
69.4913
69.6997
68.6712
68.9002
69.9643
70.6342
71.8037
71.1131
71.2394
70.4387
70.225
70.5636
71.9366
70.45
71.0161
71.3911
72.1144
71.0074
70.4995
69.6456
70.3112
69.5915
69.8713
70.333
70.5503
70.1144
69.6148
69.2582
69.1923
69.7076
70.383
69.2589
69.0345
69.1344
69.7637
70.2071
69.4112
69.3028
70.1055
70.4279
70.304
69.78
70.1138
69.456
69.8751
70.0768
70.3633
70.6718
70.767
72.1492
71.6119
71.7778
70.0858
70.4327
70.2295
71.6466
70.8664
70.974
70.8065
70.6727
71.9144
72.1901
71.5623
71.0913
70.6439
70.7147
70.3005
69.4908
69.9947
69.754
70.1023
69.4542
69.5656
71.119
71.6701
70.7905
69.8753
70.8262
71.0189
69.8219
70.3211
70.1535
70.1469
70.0841
70.2902
69.9072
70.7125
70.7241
70.6379
71.4766
72.0614
71.0038
71.5879
71.4004
70.5186
71.7237
71.5699
71.2882
70.522
70.4912
71.1691
70.3503
69.6261
69.2485
69.079
69.0945
70.0849
71.995
73.3735
72.5764
71.7074
70.5442
71.3146
70.5567
70.2614
69.4342
68.7091
70.1453
70.0522
70.2142
70.2726
70.0788
70.39
70.0976
69.6928
70.0749
70.4405
69.3525
69.1717
69.044
69.3962
70.5447
70.6769
70.6173
70.1448
71.0332
70.5877
71.3247
71.4329
70.5364
71.4983
71.6955
71.2596
71.7572
71.6916
71.7194
72.0067
71.4835
71.8921
70.9975
69.755
69.313
70.1699
68.9292
69.5483
69.7825
70.8569
71.0548
70.7389
70.3737
71.2073
71.0407
70.465
70.2827
70.1412
70.2429
71.2957
70.7778
69.5773
70.4336
70.0176
69.8984
69.6914
69.7612
70.3175
69.6327
69.0215
68.691
69.117
70.6929
70.5923
69.7742
69.3016
70.3151
69.9252
69.9081
69.4397
69.3388
69.0252
68.6411
68.8391
68.1021
68.9532
69.1944
69.1323
68.3785
69.1715
68.1618
68.918
69.9205
69.9711
70.2695
71.1595
71.3021
70.8068
69.4425
69.3283
70.2751
71.379
72.0853
72.2559
72.3397
72.3037
71.5416
71.7531
70.0392
69.4233
70.4788
69.7528
69.9197
70.6028
70.217
69.3053
70.2488
70.993
69.982
70.2853
69.8322
70.0907
70.0532
70.2259
70.2168
70.2094
69.9475
70.0776
69.2839
68.7428
69.3121
68.8598
69.4592
69.477
69.2498
69.0654
68.5743
69.0897
69.5133
69.8902
71.0328
70.6999
71.5679
72.0286
70.5717
70.5221
69.5108
70.2802
70.3405
70.928
71.9473
70.558
70.0115
69.3655
69.1578
69.826
69.8249
69.9912
71.2465
70.1899
70.719
70.9298
71.9158
71.22
70.5882
69.7882
69.6289
69.0103
68.6379
69.4875
69.7498
68.8523
68.9333
69.1994
69.9562
69.4328
69.9985
68.8495
69.0341
69.0781
68.9199
70.0471
70.2148
69.8866
70.3043
71.0808
70.1088
70.625
71.1622
72.463
71.6447
70.7942
71.3188
70.7272
70.9322
71.4269
71.3228
71.1418
71.9664
71.7349
71.6092
71.2492
71.4185
71.7823
69.6842
70.4594
71.0847
70.3455
71.6699
72.7369
71.1961
72.0509
71.0728
71.2842
70.7969
69.604
70.272
70.5397
70.1013
70.5174
70.793
70.7106
70.8282
69.1953
70.7689
70.5599
70.2823
70.1071
70.1316
70.8374
70.1646
70.1672
69.3388
70.0445
69.9449
71.0172
71.5115
73.1865
72.516
71.6839
71.4825
70.8177
70.2764
70.671
70.5465
70.0649
69.4186
71.1894
70.3939
70.368
70.655
71.6291
70.5941
69.64
70.1881
69.7289
70.1578
70.9007
70.0008
70.2535
69.7339
69.8813
69.2883
69.5741
68.3638
68.4335
68.7278
68.3616
69.3559
69.3806
69.6155
69.4407
68.7031
68.4268
68.4895
69.3153
69.2332
70.0421
70.2197
69.5984
70.0097
70.2035
68.9788
69.9996
70.3831
69.636
70.2742
69.1361
69.3343
69.9902
69.7692
70.5681
71.3895
71.4682
70.9427
71.4235
70.265
69.943
70.2737
71.2011
71.0902
70.9374
69.6608
70.593
71.0266
70.2548
69.7808
70.1553
70.6272
71.1379
70.2557
70.0265
70.235
70.5998
70.3941
71.0604
71.904
71.464
71.1718
71.6412
70.6364
69.7837
70.5052
70.4594
70.5191
69.3242
70.214
70.0903
70.2713
70.5988
70.8506
70.5059
70.5783
71.5149
71.9071
71.2185
70.9761
70.7416
70.209
69.8594
69.6857
70.4558
71.0232
70.5651
72.1912
70.8252
70.6204
70.4098
70.691
70.5624
70.6082
69.6605
69.2296
69.0501
69.2971
69.9415
69.3487
68.9233
69.0176
69.2165
69.6968
70.9954
70.4671
70.8938
70.8695
70.6284
70.0097
69.6363
70.2255
70.0002
70.2396
70.4189
70.5868
71.1694
70.3315
71.117
70.6457
71.1805
70.375
70.9655
71.2971
71.2175
70.7162
70.6854
70.1879
71.3788
69.822
71.0776
71.6893
72.6802
72.0551
71.8179
72.0375
71.6246
71.0276
71.6259
71.3923
70.7261
71.5608
71.7619
72.886
71.5896
71.3236
70.8964
70.5342
69.8564
70.1689
69.1157
69.1379
69.406
70.8279
70.5431
69.5395
69.1742
68.7715
69.4754
71.1712
70.0597
71.009
71.4975
72.0637
72.5151
71.9959
71.5711
71.3542
70.4361
70.6743
70.2612
69.3878
68.7398
69.2066
69.978
69.7927
69.6252
70.2583
70.5593
70.3723
70.3318
70.2162
69.6899
69.0765
69.3517
70.3299
71.3677
71.354
70.0333
69.9755
70.1225
70.0457
68.9709
68.874
69.1057
68.9966
69.262
69.9727
70.4165
70.1923
70.9853
69.8806
69.2649
69.1177
70.9048
70.3437
71.0406
70.931
70.0061
71.1091
71.8399
71.3108
71.8332
70.7273
70.5169
71.2931
71.3189
71.7779
71.8211
70.8307
71.322
73.2952
72.9605
72.3192
72.6932
72.0723
70.7429
71.8821
72.4673
72.1573
71.9266
71.9996
71.6856
70.7216
70.5148
69.7389
68.9275
68.7276
69.281
69.53
70.2657
70.1555
70.432
71.2433
71.7267
71.371
71.3319
71.1164
69.7743
69.5557
70.1053
69.7486
69.685
69.2955
69.9414
69.7926
69.9555
70.0501
69.9398
69.7901
70.5942
70.2791
70.4634
70.7266
71.0839
71.187
72.3726
71.1412
70.4451
70.7178
70.3779
69.91
69.9185
69.5438
69.7411
69.4794
70.394
70.6709
70.2049
69.7334
70.4669
70.4373
70.504
70.0726
70.2553
69.5637
70.1476
70.6111
70.8351
69.4647
69.6711
69.6587
69.6829
69.6388
69.8844
69.9644
70.1396
70.4873
70.3165
70.1025
71.0803
70.6726
70.752
70.979
70.8503
70.4557
71.1666
71.6354
70.934
70.8353
70.6066
71.3841
72.0014
71.5189
70.9083
70.8009
71.0011
70.9391
70.2842
69.8139
69.1158
70.4762
70.9003
69.9591
69.7657
70.2544
70.874
70.7507
70.611
69.6879
68.351
68.7688
69.0494
69.5754
70.1012
70.76
69.6549
69.855
69.3474
69.9201
70.2772
71.18
69.9859
69.8407
69.6148
70.0608
69.1798
68.2021
68.5519
69.3479
69.1294
69.5587
69.8373
70.0059
69.4484
69.8928
70.3118
71.1111
71.6499
71.4527
70.9014
71.5578
70.2847
69.9071
69.0711
69.1661
68.6817
69.1757
69.3092
70.3038
71.6688
71.7254
72.4143
71.1621
70.3333
70.0484
69.8806
69.6094
69.5331
70.1268
69.7394
69.8629
70.0876
70.4042
69.811
69.4994
71.3614
71.3765
71.3158
70.3152
70.757
70.522
70.1606
69.5109
69.0464
67.946
68.4619
68.3762
69.4344
69.4916
69.4412
70.6516
70.1284
70.5991
69.6089
69.6035
69.4759
70.4045
70.5823
69.5263
70.3145
69.9901
70.3815
70.112
70.0731
70.5588
70.2168
70.552
70.4609
71.4493
70.9874
71.189
71.3323
72.1268
71.7033
71.1798
70.9778
71.0911
70.2762
69.9267
69.16
70.4476
70.4558
70.5822
69.7873
69.8354
71.9816
70.6639
69.9724
70.2716
69.1037
69.4303
69.1616
69.7219
69.8044
70.6067
69.7792
70.6431
70.1377
69.0455
69.3651
69.5903
71.1355
70.3002
70.3111
69.6492
69.2537
68.5668
68.9073
69.1016
69.5561
69.4119
70.2816
70.0595
70.0317
71.2151
71.4875
72.2006
70.45
70.1619
70.1657
70.865
69.2553
68.5545
69.5082
69.4573
69.4304
69.8888
70.3142
70.1511
69.8649
70.0892
69.0725
68.6508
68.5292
69.1496
69.5574
70.0564
70.4287
70.3405
72.2912
72.27
71.2213
71.1797
70.6774
70.164
70.5195
69.4655
69.8607
69.4144
70.2479
70.1456
69.912
70.0312
69.107
69.9992
68.9537
69.2186
70.1023
70.8758
71.4972
71.0645
72.5024
70.9209
70.5647
70.6075
69.3161
69.6235
69.7549
70.3124
70.1641
70.4871
70.6169
70.5759
70.5464
70.2288
71.1737
69.7594
69.5509
69.3323
70.0076
70.1949
70.8867
71.4344
70.8006
70.1917
70.3682
70.2363
70.3727
70.3637
70.2599
70.0842
69.5053
70.4083
70.3287
71.0157
70.6442
69.5212
69.695
69.5132
69.5319
68.4855
68.8909
68.7379
68.4138
67.6556
67.8512
67.9748
68.6425
69.5535
70.0674
70.3267
70.9351
70.4584
71.4273
71.319
71.2855
71.5607
70.3689
70.1284
69.2118
68.8559
69.3445
70.2366
69.2661
69.9043
69.111
69.9465
69.7905
70.373
71.6164
69.774
69.0431
68.9471
68.816
68.9266
68.6331
68.4848
69.648
69.6215
71.3163
70.2751
69.4137
70.536
70.6842
69.3052
68.3137
69.4728
68.2348
69.7815
69.3656
70.5756
69.6114
70.78
70.4663
70.9407
70.8256
71.6664
71.3776
70.3501
68.9007
69.4278
69.0919
69.7935
69.8314
70.0802
69.7599
68.5355
67.7929
68.0952
68.7454
68.9121
69.0638
69.8998
70.4644
69.429
69.2809
69.2734
70.0986
69.4216
68.5824
69.5462
70.148
69.2155
69.5791
69.4728
70.7332
70.0892
70.2256
70.6197
70.1283
69.5106
69.9581
70.1494
69.8134
70.2177
68.73
69.1693
69.0104
68.7462
68.2293
69.0141
69.2597
69.8583
72.3861
72.1321
71.6001
70.4883
70.5518
70.2941
70.2629
70.4534
70.7511
70.7805
70.0037
69.8409
69.7478
69.6816
69.6145
69.0802
68.8099
69.4135
70.3304
69.5801
69.6771
69.3214
69.7326
69.3465
69.2834
69.7163
70.0004
70.4932
69.7715
70.0355
69.4989
69.667
68.2351
68.723
68.8656
68.7511
68.88
69.586
69.9394
70.8101
69.9475
68.9112
68.4083
68.1813
68.8209
68.8549
68.8891
69.2268
70.3713
69.6207
70.3357
71.7677
70.5964
69.7469
69.4679
69.7935
70.0104
68.9739
69.7193
70.8366
71.1873
70.9032
70.3244
70.7961
70.1906
69.5608
69.2266
68.8759
68.7996
69.3891
70.7574
71.0874
70.9099
70.2129
72.0228
70.6319
69.3434
70.0778
70.9372
69.9772
69.5896
69.3109
69.6764
68.9711
68.9684
69.1874
68.9233
68.6261
68.5755
68.9232
69.8431
69.9044
70.4951
70.6257
69.6322
70.1764
70.1034
70.91
69.3214
69.8375
68.7486
68.8055
69.351
69.7959
69.4181
69.7763
68.7116
69.9802
69.8282
69.8298
69.1658
69.5533
70.087
71.6949
70.268
70.9744
71.0244
71.7776
72.9667
72.7713
71.0391
70.1771
70.7399
70.3339
71.6619
70.539
69.2642
68.2949
68.5209
68.5499
68.2388
68.5742
69.4782
68.573
68.8774
69.6325
70.0865
70.6886
70.4615
70.5195
71.197
71.1128
70.4665
70.423
70.0481
70.1425
69.7358
70.1393
69.3962
69.5931
69.4781
69.6131
69.5211
70.1965
70.1189
69.1535
69.3604
68.6375
69.5027
69.4432
69.1166
68.278
69.1363
68.9892
69.8219
68.9877
70.0423
69.8379
69.68
69.7775
69.4244
70.069
69.3124
68.9002
68.6475
68.324
68.1229
68.4118
68.62
69.4478
71.0219
71.7828
71.9775
70.2233
69.9668
69.9824
70.0839
69.2421
69.4112
70.2128
70.005
69.7329
69.8112
69.3934
68.4963
68.5242
69.2974
68.8368
68.0521
67.9041
68.7925
70.0139
70.3576
69.8512
69.708
70.2147
70.2244
70.2915
69.9768
70.3944
71.0151
71.1913
71.9055
71.2542
71.7423
71.5488
70.2767
70.3798
68.2243
68.5809
68.7904
68.7472
68.9599
70.0354
70.1557
70.2503
70.0997
70.1849
69.6425
70.2235
69.9688
69.9892
69.6019
71.1157
71.7505
72.0274
72.5334
71.1306
70.951
70.9643
71.0275
71.1584
70.6532
69.6868
69.0839
69.0606
69.678
70.5198
70.7972
70.1493
69.6384
68.3854
68.412
69.4773
69.7074
70.3894
69.8285
70.1864
70.0868
70.1101
71.1463
70.4639
70.3212
69.8145
70.5299
70.1184
69.7916
69.4726
68.8925
68.5335
69.2443
69.6906
70.3394
69.9046
69.4083
70.4057
71.1143
70.349
70.5325
70.4858
70.7831
70.5315
70.1585
70.4438
71.2768
71.3938
71.7137
71.5947
70.9959
70.5381
69.3013
70.1765
69.3766
69.5266
68.5141
68.2126
68.6026
69.5901
68.1676
68.7392
68.495
67.8834
68.1427
68.4087
67.9341
68.9078
69.8873
70.0505
71.1148
70.6486
70.8604
71.5929
72.5898
71.5755
72.2752
71.3306
69.9521
70.7779
71.2573
70.721
70.6947
69.8871
69.4372
69.374
69.2559
70.037
69.2023
69.7285
70.5433
70.4706
70.5065
70.561
69.9679
70.2338
70.2729
69.3665
68.6225
68.2767
67.5587
67.7055
68.5993
68.2993
67.583
67.9963
68.1171
68.1837
68.0762
68.7536
69.2833
69.4411
69.9944
70.944
71.5922
70.7906
70.5545
71.2518
71.4273
70.5954
70.0708
70.3468
69.9235
70.047
69.3369
69.1962
69.4344
69.5954
69.3341
70.4382
69.8223
69.6565
68.8395
69.1208
68.76
67.9205
68.8226
69.3846
69.5651
69.0281
68.9831
70.6156
71.5471
70.0844
69.5531
70.0636
68.3935
69.2299
69.8831
69.5322
69.4989
69.8196
69.6291
69.5477
70.1422
70.7291
68.811
69.3065
70.5711
70.3721
70.5582
69.0492
70.6203
70.1071
70.0258
69.8822
70.3367
69.8862
70.0881
69.4262
69.7815
70.1653
70.4944
71.136
71.0456
70.4364
71.1367
71.3535
71.1042
69.6633
71.2108
70.1562
69.0569
69.5156
70.0959
69.5662
69.0364
68.8072
69.8562
69.4963
68.6623
69.2894
68.5461
68.8858
70.2079
70.9332
71.323
70.9089
70.063
69.9809
69.8864
69.5826
70.5496
69.5189
69.1629
69.3975
69.5378
68.72
69.6829
69.4354
69.5198
70.0496
70.3751
70.4716
69.9991
70.5198
69.3821
69.6465
69.6375
70.2607
69.3851
69.2819
70.4483
70.6883
69.6111
69.2979
69.8329
70.0634
70.8289
71.0657
71.0738
71.057
70.9939
70.0214
70.2917
69.2385
67.3177
68.4117
68.4685
68.752
69.0168
68.7315
69.6565
69.7469
70.0535
70.3535
70.1263
70.2424
70.2752
71.1244
70.4164
69.7755
70.218
70.6063
69.6886
70.9577
70.6919
69.7832
70.5077
69.8529
68.6472
69.4093
68.8706
68.8207
68.965
69.3524
70.0224
70.0582
69.8874
71.2993
71.3974
70.5964
70.799
70.1554
70.2255
69.1554
69.055
70.2456
69.5978
70.0045
69.4909
69.5353
69.7817
69.8559
68.933
69.7616
69.3058
68.4842
68.8232
69.1392
68.8937
68.8367
69.1359
69.2835
70.0911
68.9169
68.8111
69.8195
68.9347
69.4361
69.8275
69.5931
69.1369
70.7266
71.6454
70.1332
70.2965
70.6077
70.1479
68.4304
67.9762
67.9303
68.7333
68.058
69.8783
70.084
70.5753
71.385
71.697
71.2981
70.7969
70.9455
70.9235
69.9558
70.27
70.8785
71.105
70.9678
71.7948
71.1786
70.5645
69.9874
69.7975
69.9553
69.7392
69.4298
69.7274
69.6266
70.1913
70.7484
70.5657
69.886
69.7388
69.3932
70.1966
69.03
70.1045
69.9219
69.547
69.4333
70.8829
69.5603
69.7656
69.2789
69.7521
70.2494
70.6812
70.6564
70.1632
69.594
69.266
69.4345
69.0228
69.3255
68.7946
68.6031
69.4442
69.3108
69.0355
68.2079
68.1838
68.3309
69.3324
70.2003
70.1031
69.3638
69.5907
68.5716
68.6577
68.2411
70.1351
69.0665
68.9582
69.8801
70.7052
70.3252
69.5365
68.8853
68.0089
68.5073
68.5492
68.4359
68.9264
69.4164
70.0937
69.6223
68.9402
69.0353
70.141
70.2698
70.0615
70.3017
69.6678
68.735
69.3354
69.0904
68.3096
67.8474
68.9796
69.2004
69.6524
69.6222
69.9188
69.7759
69.3615
70.4363
71.6477
71.2195
70.0749
70.2824
71.3967
69.0722
68.3518
68.2632
69.0698
69.7664
69.6289
70.46
69.8638
70.0254
70.0466
69.4919
70.0153
69.8564
69.1253
68.4362
68.995
70.3738
69.1892
69.7454
71.2221
71.3194
71.0553
71.2236
70.9245
70.6396
70.9553
70.8902
71.3867
70.5929
70.7545
71.1773
70.035
70.3386
69.5048
69.8088
69.9024
70.3283
70.3983
70.124
70.0891
69.7458
70.3394
69.7769
69.5975
69.2361
70.1645
70.5103
69.423
69.435
69.8309
70.8828
69.8472
70.8237
70.7048
69.9667
70.5955
70.8172
71.0886
71.1254
71.6952
70.5611
69.8737
69.7155
68.5347
68.3104
68.7605
68.6334
69.8275
70.2309
70.3115
69.9511
69.8838
69.6514
69.3999
68.6448
68.7857
70.0683
71.4162
70.636
70.2924
69.3206
70.1745
70.3173
70.1431
71.3377
69.1826
69.6886
69.3535
69.8194
69.503
69.1333
69.4434
69.5646
68.5766
69.1807
70.0193
70.2502
70.0546
70.2664
68.5258
68.5344
68.5947
68.4713
68.191
67.354
68.2667
68.4073
69.4297
70.0678
69.8668
68.6851
69.242
70.7531
70.6069
71.3691
70.2213
70.0351
69.7102
68.8333
69.875
70.0239
69.4292
70.3901
70.0021
70.5744
70.3081
70.9174
69.9023
69.2646
70.624
70.9025
70.2512
70.0149
69.728
69.3972
68.9355
67.7745
67.7593
67.6008
67.2057
68.1714
69.3525
70.21
72.0891
72.3499
72.5553
72.1195
71.4264
71.0631
70.6276
71.2321
70.8697
70.3606
70.464
69.6617
69.0976
69.6475
69.1508
69.2168
69.3432
69.1057
69.9713
69.1479
68.9442
69.9378
69.3093
68.7764
69.0962
70.1597
70.0204
69.6559
69.5245
68.7803
69.0548
69.4073
70.0401
71.4898
70.1849
70.4909
71.3965
71.0044
71.0585
71.6188
70.4789
69.7565
70.0218
70.8097
70.175
69.2381
69.5945
69.5573
68.8166
69.6422
69.9473
69.9318
71.45
72.3822
70.4567
71.2067
71.6628
70.1892
70.6031
70.8467
71.3113
71.1499
69.8675
69.7598
68.7229
69.5101
69.6205
70.545
70.4635
71.2569
70.5931
69.9445
70.0302
69.8392
70.022
70.4156
70.1117
69.0835
69.5508
69.3376
68.613
68.3174
67.9028
68.6628
69.6503
70.3724
71.5773
70.2557
70.4885
69.8661
71.0874
71.0922
70.4401
69.9875
70.6666
71.0686
69.5961
69.8204
69.9285
69.9533
69.9469
69.3742
70.3523
69.5416
69.5331
69.7426
69.5428
68.678
69.3017
69.3605
70.4121
70.3879
69.6005
69.6958
68.9664
69.7512
69.0044
69.281
69.6873
69.7082
69.1757
68.4757
68.86
69.5398
71.7639
71.3246
70.5613
69.6796
69.7149
70.0626
71.3112
70.6106
70.5546
69.4498
69.9386
71.0646
71.0357
71.0936
71.3158
70.9226
71.0391
70.9661
69.6299
70.0531
70.2202
69.7523
69.5151
69.1747
68.8081
69.5807
69.6056
68.8566
70.014
69.3843
69.9965
69.2517
70.0469
70.7359
70.2471
70.2493
69.0981
69.729
69.9401
70.1538
70.387
70.9419
69.8539
71.0842
70.7446
70.6349
69.8014
69.31
68.3238
68.8377
68.9465
70.1689
69.7731
70.0769
70.2912
70.478
69.7808
70.3013
70.612
71.0499
70.811
71.1883
71.2034
70.4221
70.7109
69.5975
70.6332
70.5658
70.8039
69.9833
70.6566
71.093
70.8566
69.7885
70.377
69.4691
69.0285
69.2071
69.4982
68.7135
69.0122
68.611
69.0206
69.5011
67.7875
67.9571
68.4762
68.709
68.7933
69.5085
69.2707
69.2375
69.9522
69.6669
70.1109
69.8121
69.2624
69.7473
70.3065
70.2748
70.2277
69.8098
70.2687
68.9348
68.6063
68.4571
69.6165
69.4225
68.8792
68.9878
70.0676
69.1906
69.2195
69.3307
68.9671
69.1749
68.8766
69.2565
69.7093
69.0491
69.8401
71.0612
69.3992
69.9421
70.8874
70.6982
70.672
69.6886
70.4872
71.0356
70.408
70.1314
69.2955
69.5777
69.1771
69.109
69.079
69.2399
68.4462
69.1899
70.2358
70.994
70.1112
71.0193
70.7107
70.8645
71.1857
69.9434
70.8881
69.4744
68.3846
69.5268
70.6562
70.7914
70.2458
70.4915
69.5385
70.2946
68.8339
69.459
69.2156
69.6545
70.0113
71.567
71.632
70.2916
70.4863
70.5638
70.6253
71.4202
71.0441
70.7677
70.0296
70.0187
69.5274
69.6336
70.1981
70.1707
69.9318
70.4136
69.8486
70.0627
69.4971
70.3292
70.5138
69.3125
69.5674
70.2887
69.9948
70.5876
69.8991
70.2424
69.961
68.915
68.4871
68.3353
69.5831
69.0397
70.3065
70.2718
69.2121
69.011
68.64
69.1176
69.9855
69.9775
69.5792
69.6258
69.019
69.0832
69.4625
68.6883
68.1584
68.4677
69.6003
69.3456
69.7093
69.7344
69.9633
69.9592
70.6517
71.4208
71.017
70.6608
71.0954
70.0276
70.5612
69.5702
69.8915
69.9981
69.5469
69.1328
68.7268
68.882
70.8926
71.4115
69.8481
70.3398
70.0868
70.5957
70.264
70.4836
69.9943
69.0267
68.8548
70.6385
70.4689
70.4679
70.2888
71.1413
70.0529
69.6779
69.0907
68.3765
68.7236
68.8483
68.4922
68.8455
68.9874
68.9939
70.2079
69.1366
69.3374
69.4716
69.597
69.8227
69.8269
69.562
70.5352
69.6497
69.8605
69.2947
68.8779
69.5282
69.6019
70.6674
70.1613
69.2267
69.708
69.8861
70.0451
69.8161
69.3142
70.4317
69.3204
69.7887
70.1617
69.6389
70.8793
69.4027
69.7018
70.2994
70.5093
70.3482
67.5495
68.25
68.2924
68.0271
69.1797
69.9981
69.9746
69.9024
69.7453
70.1322
70.1304
70.7104
70.1041
71.3203
70.961
69.9913
69.7779
69.8684
70.5678
70.4205
71.3616
71.5622
70.7597
69.2896
70.1275
69.1442
69.8058
71.2352
71.2426
71.1623
71.612
71.5087
72.0464
72.524
72.0565
70.1395
69.6635
69.8659
69.7897
70.8493
71.1989
70.8614
70.3568
69.8643
69.1992
70.32
70.1904
68.889
70.3902
70.0965
72.0489
70.6348
70.7933
70.0109
70.5105
69.6248
71.2548
71.2594
70.6827
70.0843
70.3597
70.0839
69.3656
69.6449
68.9111
68.9583
69.0289
68.8942
69.65
69.5656
70.3664
69.713
70.8978
71.1145
71.2469
69.9864
68.7054
68.3454
69.0011
68.9563
69.0966
69.0974
69.464
70.7607
69.9132
70.0417
69.6559
68.7076
68.4523
69.7678
70.4488
71.0974
70.133
71.2144
70.8352
70.2814
70.1672
70.9976
71.3555
69.7264
70.1127
70.2574
70.4169
70.8216
69.4467
69.6679
69.9027
69.6563
70.6213
70.4199
69.6012
69.0591
69.1939
69.1124
68.8349
70.0471
72.5676
71.4854
72.042
71.505
71.0234
70.9501
71.099
70.2332
70.5962
69.5198
70.27
69.1439
70.1349
70.0791
70.4234
69.7001
69.6385
69.9124
70.5139
69.5921
69.6345
69.452
69.9883
69.6706
69.3345
68.9306
69.1828
68.3814
69.6344
68.9552
68.1393
69.3864
69.917
70.6997
69.85
68.6105
69.6277
69.8652
70.1353
70.0926
69.4538
70.3419
70.612
70.6986
70.0637
69.5107
69.2178
69.38
69.5141
69.5875
69.0523
69.346
69.7144
70.1071
70.37
69.6511
68.5779
68.3023
68.4212
67.9041
70.3027
69.739
69.9451
68.8006
69.2715
68.984
69.7521
71.1038
71.1359
70.3691
70.3139
70.186
69.3557
68.8137
68.9898
70.5449
70.4264
69.4251
68.57
69.0584
70.2703
70.6046
70.2914
69.7274
71.2104
70.8152
70.5214
69.9036
69.4173
69.3482
69.5674
69.54
68.8661
68.9943
70.0308
70.1165
70.8167
71.9282
71.3911
70.3136
70.5446
70.2472
70.0475
69.3871
69.3591
69.36
69.4629
70.6187
71.2522
71.0847
71.2907
70.2822
70.0716
69.3034
69.8232
70.476
69.7399
69.2055
69.56
69.8471
69.2619
69.5874
71.1605
69.9454
70.8882
70.5028
70.4719
69.4864
69.4725
69.7338
70.2274
70.5558
70.5071
71.5475
71.7066
72.4233
71.3958
70.8581
69.7266
69.8391
70.9691
70.0845
69.1918
70.0058
70.0942
69.8517
69.6938
69.8623
69.9197
69.0783
69.5986
69.2818
69.3474
69.6653
69.3208
69.8059
69.6887
70.2312
70.0671
70.2783
69.4377
69.1294
70.0668
68.6008
69.2005
69.7194
70.2954
71.4482
71.2372
69.9981
69.088
70.6586
71.2085
71.9776
72.6773
73.0686
72.1039
71.3738
71.3796
70.8619
69.4467
70.2075
71.0041
70.7144
71.4625
71.0052
70.8738
69.9745
70.4641
68.9933
69.8608
69.454
69.1847
69.3738
69.8407
70.1323
69.2163
69.9649
70.3802
70.2019
70.1076
70.5198
69.0336
69.1816
69.1768
70.8737
70.8275
71.3154
70.8647
71.0838
70.531
69.6124
70.0941
69.5477
70.1201
70.6417
70.8027
70.2666
71.1111
70.104
71.1021
70.4031
69.9523
69.9777
69.8911
69.0803
69.6628
69.8616
69.4988
70.3178
70.5782
69.6997
68.8799
68.228
68.5276
69.693
69.6018
70.2836
69.907
70.298
71.2455
71.1545
70.915
69.7397
69.5586
68.2924
68.8546
68.8874
69.6268
70.9096
71.2219
71.4514
70.7904
69.7779
68.2391
67.9719
68.3482
68.3419
68.0866
68.5782
69.3694
69.9448
69.4291
70.019
69.6609
69.8919
69.5394
69.6749
69.5393
70.7568
70.2269
71.4861
70.4298
69.6454
70.5985
70.3683
69.9806
70.0382
70.1788
70.3229
70.6456
69.7329
71.4558
71.2665
70.9802
70.5649
70.0391
70.0831
69.4392
69.1507
69.4369
69.8362
69.5544
69.0499
69.7961
68.7471
69.4202
69.4138
69.1741
69.7602
70.1197
69.7678
68.9038
69.2101
68.6424
68.6609
69.8355
70.3547
70.1195
68.9397
68.9345
68.0633
68.2509
70.2563
70.8155
69.7745
69.2188
69.5465
69.2335
68.9264
69.1916
69.2446
70.5849
70.8862
69.8929
69.6961
69.0481
69.6804
69.9633
70.195
70.0783
69.6512
69.8995
69.7991
70.6169
70.7087
70.142
69.3938
70.297
70.7834
71.2324
70.5609
70.1973
71.4038
70.873
71.851
70.7941
70.3842
70.0097
70.5064
70.3135
69.7766
68.6262
68.6636
70.1097
69.7165
69.4772
68.9899
69.4164
69.5962
69.3482
69.4042
69.0591
69.0935
68.0453
68.8591
69.3139
70.1278
69.6478
69.33
69.1841
69.7358
69.7021
70.4489
70.8646
71.0173
70.2233
70.7195
70.7422
70.9479
70.7451
70.2942
69.6329
69.9224
69.1001
69.672
69.5723
69.1902
70.5298
69.7594
69.6594
69.4017
69.3822
69.4564
70.1149
69.4615
70.154
71.1241
69.7439
69.7188
70.2758
70.5017
71.1075
70.2572
68.9056
70.2967
69.8925
69.4396
69.7846
69.5799
70.1326
69.704
70.9063
71.3712
71.1793
70.7881
71.2002
69.9807
69.4726
71.0362
70.3668
69.3735
70.4736
70.5237
70.0377
69.5782
72.1902
70.2619
69.3673
71.3081
70.2099
70.486
70.5441
71.062
71.4956
71.6242
70.3201
70.1338
71.6379
71.4955
71.3135
71.0038
71.0896
70.643
71.2764
70.1822
69.403
69.5498
71.0469
71.0069
69.9834
70.2964
69.0284
69.5224
70.0312
70.6276
69.8344
71.2927
71.6106
70.7288
71.0114
71.814
70.477
70.6048
71.6989
70.8132
69.2503
69.6421
68.6555
68.4747
68.3846
68.8712
69.1078
69.1769
69.4058
69.569
69.0297
68.791
69.3736
68.9406
69.0945
69.0938
69.8879
70.3708
70.3105
69.0482
69.1224
69.183
69.8687
70.1649
70.0406
69.8
69.3849
68.9526
69.3466
69.277
69.675
69.8665
69.8982
69.6191
69.8444
70.8382
69.3654
69.9689
70.7299
71.5679
70.4652
70.1129
69.2783
69.7669
69.9285
70.0096
70.0605
70.1232
69.4393
68.6512
69.0764
68.8037
68.9317
69.0704
70.6999
71.0589
72.1488
70.4108
69.9505
70.0857
69.4422
69.2984
69.9956
70.4247
70.0245
68.8546
69.4605
69.3507
68.6902
69.2466
70.135
70.4372
70.0354
70.0433
70.5169
69.5428
70.1613
69.0408
68.4507
69.3186
68.6514
68.5039
69.7882
69.4936
70.3142
69.3238
68.9014
70.1819
69.5903
70.0297
69.4397
69.9043
70.793
69.887
69.4734
69.0231
69.7529
69.8748
69.208
68.4293
68.924
69.6516
69.3005
68.7894
68.8105
69.565
70.0336
70.2998
69.0074
69.7489
69.7579
69.4843
70.097
70.5099
68.7062
68.9797
68.2331
67.5338
67.247
67.3624
68.7769
68.3796
69.203
69.7016
70.0793
69.5045
70.6209
70.3099
69.0295
68.5786
68.5882
68.7404
68.2652
68.4991
69.9666
70.3287
69.8145
68.6876
68.3711
68.9982
68.7633
69.5203
69.101
69.2407
70.7363
70.6809
72.0195
71.3567
71.3706
70.2756
70.9863
70.2891
71.0047
70.2937
69.8551
70.4162
70.2284
70.9496
70.7315
71.4455
70.3218
69.9363
70.4985
70.0196
70.1028
70.6631
71.251
71.6678
73.6891
70.9229
71.0161
71.2929
71.3131
69.8198
69.6297
70.5161
70.7937
71.613
71.4672
70.3494
70.0681
70.2939
71.0127
71.3304
70.4362
70.1809
70.0828
70.325
70.3251
71.0373
70.8959
70.973
71.3557
71.6796
71.4762
71.9084
71.6097
71.0797
69.274
68.8862
68.3203
68.9074
68.3484
69.1968
69.754
70.2331
69.9844
69.8395
70.0561
70.1085
69.2136
69.5004
69.4098
70.6717
69.6794
69.5924
69.1013
69.6516
69.6084
68.6509
68.065
70.9459
70.0732
69.8253
69.0667
68.891
69.2702
69.8924
68.6191
67.9515
68.2191
68.7672
68.3922
69.3219
70.2575
70.057
69.6682
68.6997
68.7926
69.1691
69.6723
70.6161
69.7466
68.9363
69.001
69.9636
70.1935
69.3546
68.7559
68.8422
67.9209
69.4024
68.5057
69.5383
69.8515
69.3659
69.4936
69.5475
69.8587
69.2547
70.2902
70.2952
71.1329
70.1607
69.8036
69.953
70.264
69.9963
69.6524
69.5244
69.8351
70.3559
69.7306
69.5244
70.0291
70.2967
69.7015
69.027
70.067
70.7188
70.7789
70.311
69.2981
70.0241
69.9323
70.1074
70.0016
70.0916
69.8649
69.8112
69.8598
69.8666
70.5416
70.045
69.9496
69.7886
70.0667
70.0762
70.9442
71.2764
70.0628
70.351
70.8278
70.1902
69.3942
68.8848
69.3334
70.6711
70.3913
71.4685
70.7604
70.9673
69.9396
70.347
69.9015
70.5436
69.4395
70.6929
69.6939
69.1696
68.7428
69.386
69.337
70.0099
70.6369
70.2733
70.3061
71.0063
70.9877
71.22
71.3846
69.9342
69.8802
70.2678
70.948
71.1702
70.4263
70.3102
68.8097
69.3133
69.4659
70.7678
70.6784
70.6315
71.848
71.5317
70.9256
70.6193
69.0562
69.0269
68.497
68.96
69.3471
69.7515
71.1942
71.4301
71.2515
70.5288
70.8649
71.1179
69.529
69.1374
69.5533
69.4956
69.8145
69.9794
71.0223
69.8596
70.7654
70.2538
70.3912
70.6801
70.4651
70.0205
69.1238
70.3727
70.9619
70.0517
70.6747
69.8282
69.6325
69.7241
70.2049
69.3375
70.9529
70.801
70.5546
71.106
69.7798
69.6907
68.5097
68.9027
69.0362
68.9338
68.9588
69.9654
69.7175
70.23
70.0021
70.2849
70.8508
71.2971
70.4852
70.4224
70.5751
70.109
69.4528
69.9784
69.5729
70.0905
69.3386
69.7841
69.2594
68.4981
68.3141
69.4639
69.55
69.0287
68.8163
70.9951
71.0172
71.5847
72.166
70.9825
71.1168
70.2371
71.0381
71.5393
71.7212
71.8352
71.0327
69.6912
69.6096
69.4924
70.1202
69.9991
69.7043
69.6242
69.4376
68.874
69.2526
68.6282
68.5371
69.5301
69.0736
69.4421
69.0368
68.7226
67.9271
68.597
68.7274
68.6538
69.8128
69.2646
69.6868
70.3641
71.1114
71.3661
71.7197
71.3709
71.0262
71.2871
70.5649
70.1988
70.5283
70.9582
70.0562
68.9044
68.8612
69.1718
69.3852
69.8164
69.2221
70.1029
70.0218
70.4609
70.0253
69.406
70.7111
70.3297
71.1409
69.8078
69.6704
71.1967
71.492
70.7771
70.6059
70.6911
70.3871
69.6263
68.7328
69.0882
68.4615
69.3432
69.4604
70.0411
70.006
70.2596
68.9001
69.5225
69.0858
69.4662
69.8204
69.7447
70.0538
69.934
70.5785
70.7638
71.0686
69.9472
69.4995
69.5989
69.5999
69.338
70.0931
71.0098
72.2145
72.5385
71.5164
69.8254
70.0081
70.7854
70.8675
71.0834
71.0599
71.9866
71.7146
70.63
68.8263
69.1467
69.7642
69.8068
68.9467
69.9121
69.9175
70.9424
70.7643
71.3262
69.7788
70.4293
70.5409
70.5495
70.2008
70.1774
69.78
70.1148
69.3733
69.2983
69.8508
69.5785
68.9409
68.8118
69.9916
70.0684
71.0343
70.4034
70.101
70.5768
69.5314
69.9337
70.2516
70.4719
69.6501
69.2923
69.2526
69.7461
69.7356
69.9272
69.6384
69.8883
70.2913
69.5373
68.5931
68.1991
69.392
69.5159
68.784
68.3597
68.9737
68.3432
68.7373
68.8461
68.1545
68.9134
68.303
68.3698
69.5292
69.6463
69.5503
69.0639
68.9788
68.263
69.2404
70.0452
70.8163
71.3438
71.4559
70.1125
70.0501
69.2324
69.0698
69.2247
69.3183
68.968
69.1807
69.4493
70.2753
70.4376
70.0555
70.3475
71.4152
70.5194
70.5554
70.8449
70.0031
69.387
68.7512
69.169
69.1112
69.3381
68.443
69.1626
68.5093
69.2714
70.6732
70.6562
70.4648
70.7961
71.0546
71.1382
70.3853
70.9052
71.0568
70.4079
69.8159
70.8925
70.5386
68.9515
69.8988
69.318
69.1239
69.2998
69.4014
69.7616
71.3853
70.6993
69.6444
69.5364
69.5207
70.3675
70.6674
70.1556
70.6374
70.5243
70.2175
69.6524
68.8971
68.1889
69.0482
68.6941
68.9923
68.7338
68.8211
69.0954
68.8925
69.2
69.0083
69.9923
70.3737
69.5597
69.3961
69.8532
69.8294
70.1567
70.2685
70.2298
70.3423
69.2997
69.5125
70.3199
69.9487
69.1126
70.6449
71.1292
70.566
70.2656
69.5099
68.9283
69.6688
70.221
69.5446
69.6591
70.0348
70.0237
68.9744
70.0529
69.9068
68.9493
68.7444
69.6627
68.619
68.0382
68.0421
68.0325
68.1794
68.8167
69.0176
68.5077
69.4086
69.4579
69.936
70.0839
70.1736
70.4442
70.5835
71.082
71.207
71.4252
70.0369
70.919
70.6917
70.8151
69.9661
71.0133
69.9232
70.067
69.5886
69.7478
70.5194
68.8478
68.4287
68.9556
69.2165
69.2776
69.9989
68.7183
68.7132
68.8433
69.8039
70.2395
70.5438
71.0565
70.4405
69.8731
71.1895
69.8079
69.5101
69.9877
69.8653
71.394
70.278
70.1961
70.3778
69.6527
68.5466
69.2695
69.2946
69.8394
68.7279
68.8652
69.2867
69.4749
70.3146
70.425
69.4045
69.1892
69.967
68.6613
69.3445
70.9611
71.4619
71.9725
70.8682
70.6845
69.6752
71.3448
71.6359
71.9089
71.7785
71.54
70.4245
69.533
68.7555
69.129
69.9718
69.0457
70.8914
69.3819
69.3699
69.0086
69.5886
68.8972
69.1771
69.6297
69.9458
68.9447
68.1573
68.5657
68.7938
69.5649
70.1068
70.7637
70.5647
71.3688
70.6506
70.4421
69.1031
70.1534
69.4752
69.2258
69.301
68.9183
69.3831
70.3688
68.9965
68.071
68.4932
70.2506
69.807
70.2053
69.8573
69.2505
69.3768
68.7513
68.9587
68.3321
68.9208
71.1074
70.0712
70.8867
71.771
71.9326
70.4437
70.1671
69.8505
70.6556
70.2118
70.2002
69.3518
68.6369
67.7728
69.368
69.7329
70.6222
71.1603
71.2292
71.1589
70.9688
71.5815
70.9183
71.2836
70.9749
69.9999
70.1767
69.585
69.7851
71.5448
71.0603
69.363
69.3094
70.211
70.0888
70.0131
69.5009
70.104
69.8631
70.969
70.024
69.2004
69.6445
71.078
71.0719
71.7789
70.8394
71.333
71.9246
71.2365
70.2336
70.118
69.8146
69.3048
69.408
71.6463
71.4133
70.5633
69.5144
69.7653
69.3162
68.7843
68.3285
68.002
69.5159
70.2651
70.642
68.9869
70.4499
71.6486
70.5833
70.6338
69.9846
69.7772
71.1885
71.6086
72.5917
72.6456
72.3327
72.1267
69.8445
69.6904
69.0704
69.4328
69.6537
69.7321
70.1302
70.7861
70.13
71.1561
70.7974
69.8801
70.5749
70.6096
71.2933
70.8403
70.0452
70.8246
69.8892
69.9805
69.6319
70.3978
69.9222
68.8142
69.8109
70.5723
70.7224
70.6996
70.5941
70.7523
70.1265
69.343
69.1187
69.4555
69.9621
70.226
70.4001
70.1307
69.8492
68.901
69.5104
69.3782
69.8013
68.517
68.8825
69.0169
68.9233
68.6171
69.3681
69.4718
69.2653
69.4335
70.0163
69.7713
69.5346
68.8775
69.2544
69.941
70.424
72.1867
72.2668
71.5969
70.2432
69.6961
69.749
69.1866
69.5016
69.1827
67.7477
69.0093
69.9849
70.142
70.2289
69.3512
69.5678
69.4267
70.5407
69.0851
69.2423
68.932
69.9936
69.1913
69.7606
69.9854
68.4665
68.4914
67.9622
69.0413
69.0872
69.3954
69.6584
69.8965
70.2996
70.9549
70.9136
71.4582
71.2744
71.4412
70.5193
70.155
70.3375
69.9738
70.2672
70.9442
71.5667
70.876
71.7896
71.8935
71.5984
71.4505
70.8379
71.4443
70.123
68.5098
69.2977
69.2188
68.9204
69.2783
69.7282
69.209
68.7249
69.6539
69.1365
69.1445
68.954
69.6255
70.0416
69.4655
70.0846
69.1104
69.796
69.8218
70.2041
70.0636
69.2341
69.0486
70.2217
70.0081
70.2897
69.6735
69.3171
69.1122
68.8802
69.8782
68.8891
68.1369
68.0024
67.2545
67.8631
67.9838
68.4892
68.5554
69.94
70.4438
70.8908
69.3318
70.5531
70.974
71.2311
70.0362
69.909
69.2878
69.8702
69.596
69.8233
70.3489
71.0706
70.6183
70.2165
72.0531
71.134
69.8294
69.9887
70.0495
69.735
69.85
69.1438
69.8175
68.9316
69.5009
69.2491
70.8494
70.4758
69.802
71.1262
71.817
71.49
70.3245
70.1605
70.0537
69.9411
68.4919
67.705
68.0836
68.808
70.3872
70.1903
70.9608
70.1646
70.78
70.1716
68.9534
68.429
68.4598
68.9372
68.5822
68.7486
69.2477
69.1536
69.2085
70.1132
70.4615
70.9461
70.614
71.1288
71.6952
71.0156
71.0751
70.4408
70.7979
70.774
71.3525
70.702
70.6197
70.2375
70.34
70.3734
71.3764
70.5809
70.0344
70.4349
68.7704
68.7793
69.3021
69.2843
69.5118
70.5992
69.6922
69.297
69.6293
69.915
69.8469
70.1375
70.2373
69.8684
70.1257
70.7347
71.0779
71.0374
70.057
69.7852
71.3047
70.6411
70.1773
70.8129
69.2782
68.7394
67.9187
69.5031
70.359
70.1641
68.4912
68.9865
69.6247
69.7847
69.5134
70.0347
70.0632
71.1463
70.8041
71.5842
71.3661
71.6569
71.8959
70.3154
70.1441
69.1249
69.6813
69.8784
70.01
69.2403
68.0312
68.1715
69.8783
70.6088
68.8013
69.1786
70.5539
69.7536
69.4212
70.455
70.531
71.4924
71.3927
70.686
70.5023
69.3447
69.2388
68.6383
68.0629
68.0189
68.9036
68.4535
67.2255
68.471
69.7586
69.7725
69.596
69.3503
68.451
69.1864
70.5444
69.215
68.9459
69.3992
70.386
69.4421
69.8755
70.0841
70.0736
70.5482
69.8537
70.5086
70.5484
69.2649
69.8115
69.6612
69.8493
70.1871
71.1249
70.1745
68.6002
68.6399
69.6436
69.5959
68.8648
69.1898
70.7568
71.4464
71.6834
71.4897
71.0516
70.7317
68.8878
68.8888
69.6489
69.4905
69.4609
68.7877
69.5777
69.0413
69.0366
69.7474
70.3766
69.8894
70.3514
71.586
71.9022
72.5946
71.9998
71.8743
70.5469
71.1962
70.974
70.8158
71.4731
69.1391
69.0054
68.6222
69.0069
70.0938
69.363
69.3816
70.1498
69.816
68.9259
69.1775
69.2229
68.5603
68.0216
68.8437
69.229
68.8136
69.5885
71.3472
71.8577
71.7051
71.3019
72.0169
72.4196
70.8876
71.0932
71.6035
71.316
70.7537
70.5451
69.8445
69.6724
69.0999
68.9551
69.3454
68.4385
69.6525
69.9476
70.6543
69.6188
69.4951
70.3735
69.5529
69.5432
70.1054
70.7412
70.5148
69.2534
69.3309
70.4269
70.511
71.0676
71.0709
69.8378
69.4841
69.7335
69.4089
69.0907
69.7727
69.5518
69.8251
71.4965
73.1105
72.9824
72.1101
70.5752
69.1593
69.7994
70.545
69.072
68.6421
67.959
68.6768
68.8919
68.5749
69.7798
69.5935
69.8609
69.3596
70.245
70.9776
70.5302
69.4329
68.773
68.1949
69.2851
69.7085
69.7357
70.1173
69.5132
69.9757
69.1152
70.1925
70.3782
70.4352
69.8068
69.2616
68.9562
68.8435
68.2003
69.4535
68.054
68.9088
69.0968
69.2685
69.6349
67.9777
67.937
68.9829
69.6921
68.2155
68.9115
69.6536
69.9209
69.7055
70.114
70.4472
70.2828
70.3153
70.7006
70.0203
71.2747
71.6912
71.3851
70.5668
69.5926
69.5495
70.1278
69.6141
69.4912
69.8609
70.5842
70.2572
70.2265
69.1516
68.4339
69.4704
69.0659
68.981
69.5414
69.0405
69.315
69.3464
68.6249
68.7615
67.8013
68.9535
68.1502
68.7638
68.0158
68.5284
68.7844
69.3398
69.7735
70.0505
70.2049
70.3718
69.5862
69.4226
69.0406
68.4091
69.29
68.8985
69.5276
69.3215
69.2166
69.7447
69.259
69.4968
68.6756
69.3025
69.8868
70.5178
70.0771
70.2269
70.1104
69.4554
69.6629
69.4357
69.8327
69.691
70.425
70.2847
69.323
69.5949
69.8605
70.4723
70.616
69.865
69.5865
69.4463
70.2493
69.6916
68.8159
69.9791
71.0587
70.9565
71.0546
71.5658
71.4491
71.7494
70.5621
69.5898
69.3775
70.1756
70.1924
70.879
70.0863
69.096
70.2342
69.7449
69.9276
70.7058
69.4104
70.083
69.7296
69.5035
68.3609
69.6912
69.6639
69.7797
70.5519
69.9824
69.4971
70.0065
71.2811
71.0251
71.157
72.0052
70.4919
70.7611
70.6619
70.9064
70.7246
70.1119
69.1871
68.656
68.6994
68.0895
67.9524
68.5559
69.8289
69.4239
70.5999
71.0711
70.2684
70.1575
69.4232
69.8561
69.7711
70.2701
70.641
69.8574
69.1743
70.5916
70.679
71.2157
71.1941
70.6854
70.9695
71.0673
71.3188
71.0086
71.8992
69.9912
68.2031
68.5006
68.9986
68.7694
69.4365
69.062
68.7574
67.8581
68.2429
68.4374
68.4518
68.9108
69.9199
70.3794
69.5278
70.6957
71.8806
72.6572
73.7895
72.6897
72.6112
70.9617
70.6865
70.6564
71.0441
69.7348
69.7918
70.8868
69.8788
71.1479
69.5388
70.5231
70.514
71.2692
70.4462
70.134
68.8728
68.4424
69.0379
68.2374
68.3081
68.5241
68.6431
68.8533
69.2665
69.3138
69.4877
69.952
70.2737
70.961
70.431
70.4882
71.1525
71.6571
70.6942
69.5935
68.8935
69.1599
68.524
70.0044
69.1627
69.6236
68.8926
69.3054
69.45
69.5081
69.2042
69.7001
70.1658
70.2474
69.7408
70.3353
70.7234
70.9386
70.487
69.9795
70.1379
70.2493
70.9429
70.0947
70.5963
69.6685
70.1613
70.9577
69.7999
68.1029
67.6678
68.088
68.4859
68.9341
69.3332
69.492
70.7269
69.8663
69.4341
68.7052
68.8319
69.4885
69.5499
69.2772
69.8037
70.4529
70.4371
70.3416
70.5738
69.1164
69.8531
69.4413
70.0822
70.203
72.3844
72.4423
71.6394
70.9388
69.6094
69.4414
70.3262
70.3487
71.056
69.8669
69.9497
69.9014
69.0498
70.1251
70.1419
71.1321
70.9509
70.2017
70.6431
70.4715
70.4094
70.2518
69.7041
69.9443
71.3797
71.1968
70.5624
70.3705
70.1561
70.2156
69.8886
68.6513
70.0029
69.3769
69.9593
69.1402
69.6707
69.7504
69.6159
69.3189
68.8765
69.4847
69.7616
70.2396
70.1879
69.581
69.6166
70.128
68.7794
69.547
68.9048
69.6999
68.562
68.0906
67.6845
68.1333
68.5884
69.3765
69.6977
70.1306
69.6406
70.0561
69.492
70.9665
71.3359
71.3337
70.7088
69.8797
70.5396
70.0533
69.6143
70.4363
70.2799
70.1807
69.7866
70.6835
71.0493
71.4234
70.8014
71.7714
71.7293
71.7159
71.6104
72.6595
70.9376
71.2761
71.121
70.8155
70.4091
71.1391
71.0118
69.5553
68.2003
68.7236
69.7305
69.5735
69.9953
70.6578
69.9535
70.1702
70.2888
69.4998
69.0992
69.0589
68.9346
69.8051
70.388
70.6039
69.7112
69.0169
70.2634
69.9696
69.6889
69.2678
69.3715
69.1637
68.7722
69.0742
68.992
68.9705
68.6351
69.0876
68.1908
69.0428
69.1369
68.6194
68.9107
70.3146
70.3997
69.3113
69.864
68.5487
69.7728
70.0296
70.5596
70.5709
70.9141
71.6087
70.5347
70.5258
70.5712
71.1428
69.6627
68.5338
69.1821
70.0288
70.4825
71.2036
71.9741
70.9425
70.7853
70.7631
68.7731
69.6359
69.5088
69.9026
69.5134
70.299
70.6395
70.0759
70.2217
70.1538
70.2333
70.4436
71.1119
70.8996
69.9938
69.6788
69.552
69.1481
69.1645
69.468
68.4324
68.9559
69.1115
70.5686
70.2303
70.0829
70.4142
69.8799
69.9955
69.2564
69.9748
69.6291
69.5124
68.7997
68.985
69.3849
69.0052
69.4828
70.1354
69.0322
68.8222
69.1606
69.0504
68.5676
68.6919
68.6201
69.5985
70.103
70.3446
69.2286
69.5552
70.2666
69.841
69.8143
69.5295
69.4139
69.8849
69.4866
69.6712
69.6043
69.4369
69.3672
68.2396
69.2317
68.4436
68.1336
68.8061
70.1021
70.522
70.282
71.0829
69.425
69.3654
68.397
68.5501
68.5257
69.5089
70.2488
70.5648
68.7359
69.0206
69.7944
70.5327
69.3039
69.5064
69.8432
70.1124
69.5968
69.1731
70.3941
70.6255
70.1146
69.5228
69.9547
69.6696
70.3046
70.1477
70.3962
69.4678
69.6546
69.7694
69.4294
69.9515
70.3063
70.5803
71.1273
70.6159
70.3271
69.5951
69.9116
69.233
70.0409
69.9907
69.5307
70.6239
69.8204
69.3252
69.0275
69.4521
69.73
69.4932
68.7505
68.9707
69.5313
69.514
70.9292
70.1128
69.618
69.7751
69.6394
69.6399
69.6961
68.8632
68.9744
70.2443
70.7497
71.8093
70.6914
69.9675
70.0421
70.0509
69.6317
70.266
70.0319
70.8291
70.0508
69.2391
69.1882
69.5338
68.5717
69.2652
68.4687
68.6469
69.1975
69.8137
69.391
69.6582
68.5164
68.3095
69.1441
69.0428
69.1516
70.7411
71.0761
69.9956
69.7602
69.2913
69.4241
70.5735
70.6617
70.6423
70.508
70.8726
71.0187
70.8094
71.776
71.2751
70.4241
68.8367
68.5625
68.4259
69.0922
68.2655
67.7966
68.5044
68.6345
68.6351
69.2123
69.4135
69.9243
70.3339
71.2122
71.319
71.1099
71.2668
69.7377
71.0164
69.9298
70.5206
69.8587
68.9526
69.9335
68.5035
68.6535
69.2341
70.5107
70.658
70.6681
71.2362
70.1967
68.844
69.2507
68.0305
69.4429
70.2448
68.7482
70.0036
69.3714
69.3019
69.8577
71.497
70.2764
69.1893
69.4848
69.3308
69.8307
69.169
69.241
68.6675
68.0403
68.1504
67.6757
68.4407
68.8717
69.0639
69.3346
69.2716
69.3058
70.9083
71.2004
70.152
71.192
71.6065
72.2063
71.5435
71.1925
69.9182
69.8136
69.7547
70.6213
70.9533
70.8251
69.5774
69.1521
68.5559
68.5378
69.4988
70.1803
70.3309
70.0393
69.8233
69.9921
69.9272
69.9645
70.5156
71.1107
71.1491
72.1949
71.049
70.3445
70.3944
69.5094
69.6453
68.3617
68.7939
68.9405
69.2317
68.8836
69.2839
68.9015
69.7225
69.4991
70.2065
69.2102
69.026
69.6195
70.122
70.6621
69.0415
68.7926
69.7211
70.2224
69.6967
69.2722
69.6145
70.9535
70.5309
69.8174
70.1747
70.2098
70.912
70.8727
70.3917
71.4781
71.0071
70.5204
70.8517
71.5387
71.8124
71.4386
70.186
69.2225
68.5468
68.328
68.1897
68.3892
69.174
68.814
68.7123
68.7278
68.824
69.5568
69.8097
70.4428
69.4792
68.0006
68.9736
69.3543
69.2101
68.9133
69.243
68.7507
69.9039
69.0618
71.2425
69.9424
69.6035
69.8163
70.0176
69.1087
68.6858
69.1658
69.8704
70.4081
70.1659
69.4952
69.2222
70.086
70.4346
69.1576
68.9099
69.5929
70.7758
71.9687
72.0921
71.264
71.5741
71.2253
70.6129
70.0592
69.5428
69.125
71.067
70.7314
69.228
69.5649
69.6934
68.7693
68.2914
69.9899
68.5401
68.1547
70.1812
69.2067
69.8831
70.0191
69.5169
70.0873
69.0691
70.1572
70.7043
71.7251
71.4475
70.5596
68.4887
68.0164
68.426
68.8293
68.1864
68.2379
68.3698
67.7832
68.4194
69.3829
68.5973
69.0046
68.802
68.5258
68.3711
69.626
70.4621
69.3804
68.8344
69.2371
70.7391
70.172
69.6505
69.4924
70.2932
69.5594
70.7219
71.9971
72.3092
71.2235
70.2148
69.9268
70.0287
69.8631
69.4226
69.4171
70.1029
70.4766
70.1404
71.8775
70.5404
71.3598
70.2005
69.2939
69.4314
69.8387
69.92
70.4226
71.4247
71.7038
71.0487
69.4179
68.9945
69.0881
69.2514
70.078
69.5344
69.9603
69.7845
69.3222
70.3802
69.9877
70.2207
69.4282
69.5295
69.5826
69.3815
69.2602
68.8933
67.9738
68.7134
67.9614
67.8633
69.2881
69.0799
69.1703
69.8208
69.7405
68.8888
69.9024
70.7768
70.6717
70.4667
69.7246
69.6202
69.4085
69.3523
68.9368
69.3801
69.428
70.4497
69.7993
70.7574
71.0495
70.6936
71.0902
72.0028
70.9912
70.1898
71.1875
70.4372
69.5316
69.1307
68.7513
69.3464
69.7089
69.9451
68.9809
68.8905
69.3987
69.7992
71.0302
70.5932
70.0574
70.6499
69.9447
70.9999
71.0567
70.3376
69.083
69.0363
69.4128
69.2159
68.1451
68.5134
68.3013
69.764
71.0131
70.3591
70.9769
70.5451
71.1287
70.9982
71.1582
70.6471
70.6206
71.5435
70.1269
69.3359
68.7104
68.8881
69.4336
68.3786
68.8291
68.7261
69.5159
67.7358
69.085
69.9706
71.3332
71.0246
69.701
69.5282
69.5078
69.134
68.7858
68.9251
69.5079
69.3477
69.219
69.7768
69.1631
67.8934
69.5939
70.5126
69.5163
70.1321
71.4349
72.1085
71.2919
70.9686
70.5702
70.5469
70.3691
69.1295
70.1095
69.6042
69.5975
69.715
70.0766
69.9695
70.7915
70.9818
70.7005
70.448
69.2903
70.5726
69.5986
70.2804
71.5391
70.957
69.8491
69.7626
70.0145
68.9738
70.1565
69.5888
69.7826
68.9342
69.077
69.0761
70.4267
70.8989
70.8883
70.407
70.7016
70.4318
69.5343
69.76
70.6202
70.7364
70.4002
69.3324
70.1178
70.0331
70.1295
70.1536
69.6468
71.8053
71.9748
70.8223
72.42
72.2173
71.7805
70.8358
72.1784
71.2082
70.08
69.556
68.6453
69.0178
68.8194
70.0078
70.2711
69.7749
69.0762
68.6514
69.9197
71.178
70.2078
70.1012
69.6668
70.2934
70.2507
70.3367
69.662
68.7621
68.6602
69.024
68.3567
68.883
68.9528
68.4026
69.115
70.0115
69.3241
70.5071
71.3434
71.1108
70.7668
70.7107
70.2715
70.5986
70.638
70.1893
70.1137
70.22
71.2996
70.797
68.9809
70.7442
70.1575
69.4624
69.3742
69.4908
69.5138
69.9568
70.4811
69.481
69.1689
69.4186
70.0152
69.4273
69.8516
70.5281
70.9201
71.1253
70.6158
70.52
69.0176
68.6726
68.6023
69.1064
70.1542
70.8405
70.3657
70.2338
70.2537
69.6313
69.8838
69.2335
69.3177
68.512
70.2352
70.208
69.6064
70.1577
70.0115
69.6284
69.1583
69.5932
70.0637
70.7554
70.6731
70.2968
70.5818
68.9819
69.8866
70.0559
70.4671
69.8938
70.741
71.5958
71.5048
72.6911
72.6117
72.1067
72.2626
70.1317
69.029
69.8503
69.3699
70.6442
71.1649
70.1249
69.7191
69.4601
70.2822
71.104
69.8334
69.8418
69.8654
69.6623
69.5723
71.1407
70.9384
70.3839
70.4945
72.143
72.076
71.1327
71.5437
72.8976
72.582
73.1978
70.6406
69.6467
69.6601
69.6722
70.2412
71.0785
69.8559
69.8689
69.9279
68.7639
68.8232
69.7627
69.5711
69.3048
68.9446
69.015
68.8342
68.53
68.6945
69.1974
69.4289
69.1972
68.4374
68.6777
68.5106
68.397
68.3589
70.1966
70.1515
69.8842
68.7256
68.1213
66.8577
66.763
68.4509
68.8191
69.3055
68.3679
69.0796
69.424
70.2269
70.5259
71.2924
71.0261
70.5494
69.7006
70.7566
70.5041
69.9833
70.0886
70.8161
69.7226
71.922
70.3911
71.0493
71.0903
70.8713
72.397
70.8043
70.6209
69.5581
69.8139
70.397
70.466
70.7199
70.0449
70.0884
70.2603
70.6057
70.4246
70.486
71.526
72.1818
69.8822
69.5824
69.9641
69.5409
70.2168
69.4422
69.8714
69.5573
70.1671
70.6917
70.186
70.4974
70.9908
70.807
71.3046
70.3562
70.9515
70.1827
69.2322
70.9125
70.4953
71.9599
72.2913
71.9266
71.1467
70.8665
70.7303
69.2612
69.4764
69.9076
70.1434
69.8717
70.4826
70.6738
70.5392
71.021
71.4714
72.2202
72.8236
71.7262
71.3083
71.7105
70.4647
71.0356
71.1922
70.5675
70.1134
70.4427
70.6658
69.842
70.917
70.4708
71.7607
70.4936
70.4187
70.1496
69.3618
69.9918
71.3024
71.4754
71.2303
70.047
69.7985
69.4365
70.8561
70.3314
70.2
70.1039
70.9859
70.6397
70.1784
68.9468
68.9126
69.0752
68.2306
68.9262
68.8034
68.9948
69.5352
70.1078
69.8918
68.6427
68.6264
69.0805
68.1377
69.1776
70.0456
70.3171
70.9398
70.9664
69.4848
69.2098
69.1164
69.4738
70.5622
70.5124
69.275
70.252
69.6717
70.3406
70.2396
69.5393
68.5131
69.58
69.7779
70.4504
70.1868
70.5009
69.6894
68.0399
68.8493
68.3087
68.7461
70.6218
70.0113
71.0219
70.8612
70.1133
70.0924
71.1616
71.5376
70.3991
71.0573
71.2692
70.0733
70.0561
70.0794
69.5986
68.3958
68.6917
69.91
69.9842
70.5934
71.1298
70.1061
69.239
69.73
69.4764
70.122
70.5348
70.8383
69.3132
68.6415
68.9949
69.499
69.5348
69.4912
70.8839
69.9465
70.0505
69.6272
70.4059
70.3782
70.1288
70.6738
70.2151
70.2616
70.8234
70.6365
71.3789
72.54
71.9503
72.5372
71.4948
72.5915
71.0946
70.1458
69.6968
70.1089
70.6132
70.0393
69.7561
70.5598
70.3847
69.6694
68.4258
67.9644
68.2891
67.9848
68.9433
68.2726
68.1617
69.8099
70.537
71.672
70.0107
69.3757
69.7179
69.8135
69.8509
70.7571
70.5337
70.1997
68.7494
69.051
68.8526
68.0641
68.9641
68.2128
68.56
69.8394
69.587
69.3047
69.5081
68.5589
69.4682
70.9644
70.9475
69.8469
69.2253
69.0607
69.7479
68.9388
69.3414
69.149
69.4141
70.2587
69.5026
69.5488
71.0109
70.734
70.2234
70.3385
70.3026
70.6624
70.5244
70.9067
71.6716
70.8432
71.182
70.7953
71.495
71.5268
70.3222
70.5817
70.1364
69.5637
68.8089
68.3979
69.1862
69.6925
70.2866
70.4566
69.4275
69.0745
69.7021
69.91
70.6704
69.7276
69.2492
68.5903
68.5656
69.6047
68.9976
69.0286
69.4062
68.7699
69.1005
69.0564
69.3186
69.5709
69.3449
68.677
70.2025
70.2754
69.1038
69.5418
69.9187
70.689
69.6419
69.0752
68.9154
69.1702
68.3722
68.6361
68.1245
67.8788
69.0372
68.578
69.649
69.086
68.44
69.2429
68.6141
68.9464
70.3965
70.5827
71.6236
72.3977
73.3426
71.8145
70.547
70.7846
71.1005
71.1644
70.4259
69.6783
68.9951
70.1322
68.6781
69.3444
70.2668
70.7536
69.3157
69.4005
70.0625
71.2473
71.7822
71.8435
70.808
70.6213
70.4121
70.6856
70.0142
69.629
69.6822
69.7917
71.2309
71.1096
70.709
70.0554
69.44
68.9672
68.9997
69.393
69.5923
69.6439
70.3704
69.7877
70.9326
69.3479
68.8898
68.9449
70.3811
70.0809
70.3894
69.3614
68.7941
68.2995
69.0182
69.2623
68.6841
68.0717
69.0953
70.1443
69.6143
69.2285
68.8171
68.8439
68.6899
69.1513
69.0689
68.2925
68.4742
69.7249
69.0407
69.5556
68.8795
68.3208
69.1062
68.9029
70.6312
71.2758
70.5957
69.8147
69.9773
70.306
70.9074
71.4631
70.833
70.74
70.2645
69.2987
69.1235
69.0192
69.0334
68.9456
68.9178
69.9694
70.0348
69.4408
69.9134
69.9623
69.6599
69.8037
69.642
69.5173
69.7979
68.9214
69.5786
69.7321
70.462
69.7208
70.4017
71.0671
70.4844
69.562
70.1746
69.6233
68.7486
69.8405
69.9816
70.76
70.6933
71.0372
71.9257
71.1779
71.1685
70.5756
69.6842
69.7609
69.228
69.5098
70.0949
69.1245
69.5727
69.4632
69.173
68.8783
68.7472
69.7284
69.5479
69.7006
68.6899
68.574
69.1966
69.2779
70.4807
69.184
68.6111
