431.221
424.447
411.462
400.253
386.467
376.906
365.115
364.663
347.175
346.423
334.961
327.306
319.758
309.647
308.825
302.812
290.446
290.142
286.746
286.514
283.372
282.76
278.275
277.141
275.795
268.881
267.365
262.855
261.925
260.203
259.203
256.132
255.9
250.341
249.203
247.472
238.303
236.048
233.017
230.634
225.349
224.999
224.005
222.263
218.682
216.939
216.56
213.261
213.007
210.858
209.512
207.015
203.733
201.28
200.652
197.644
195.598
195.598
194.8
194.103
193.13
193.13
191.636
187.241
187.241
187.241
186.882
185.465
182.708
182.445
181.821
179.334
179.334
176.556
176.556
176.556
174.932
174.932
169.598
167.31
167.31
167.31
167.31
166.401
164.477
162.865
162.011
162.011
161.059
160.943
157.761
157.205
156.616
156.616
153.876
153.81
152.018
152.018
151.421
151.047
148.292
146.815
146.815
146.142
146.128
146.128
144.676
144.676
144.402
143.486
142.813
141.797
141.124
141.124
140.757
140.084
140.084
137.774
137.774
137.774
136.029
135.557
134.901
134.901
134.572
132.348
132.348
132.135
131.393
130.99
130.248
128.875
126.851
126.851
125.477
125.477
125.477
125.477
125.453
124.807
124.491
124.466
124.448
124.448
124.424
123.71
123.686
123.686
123.686
123.686
122.742
122.742
122.742
122.187
121.243
120.331
120.331
119.797
119.454
119.454
118.597
118.229
117.02
117.02
117.02
117.02
117.02
117.02
117.02
117.02
116.532
116.127
116.127
115.795
115.795
115.73
115.73
114.927
113.701
113.701
113.636
113.636
113.472
112.597
112.597
112.597
111.594
111.594
110.855
110.855
110.27
110.27
110.27
109.393
109.328
109.045
109.045
108.597
108.249
108.249
107.674
107.325
107.325
106.413
106.413
106.413
106.404
106.404
105.898
105.898
105.72
104.199
104.199
104.199
104.199
104.199
104.199
104.199
104.199
102.379
102.379
102.379
102.379
102.379
102.379
102.379
102.379
101.528
101.209
101.209
101.209
100.077
100.077
100.077
100.077
100.077
99.6934
99.6934
99.4241
99.4241
98.0602
97.9649
97.9649
97.5814
97.5814
97.5814
97.5814
97.5814
97.5814
97.2175
97.0155
96.8333
96.8333
96.8333
96.1721
96.1721
96.0726
96.0726
96.0726
95.3656
95.3656
95.3656
95.3533
95.3093
95.3093
95.2971
94.7493
94.4189
94.4189
94.3627
94.3504
94.3504
92.8986
92.8424
92.7161
92.3857
92.0931
92.0931
91.6936
90.4002
90.4002
90.4002
90.1519
90.1519
90.1519
90.05
90.05
89.8161
89.6757
89.6757
89.6757
89.6757
89.6757
89.6285
89.0939
88.7196
88.7196
88.324
88.324
88.324
88.2288
88.2288
88.2288
88.2288
88.2288
88.2288
87.7286
87.7286
87.7286
87.7286
87.6735
87.6735
87.3526
87.3526
87.3526
87.3526
87.0783
86.9648
86.9648
86.9648
86.9648
86.8627
86.4438
86.4198
86.0124
85.8989
85.8989
85.7339
85.7339
85.6204
85.563
85.5331
85.4758
85.4758
85.4758
85.4618
85.4618
85.4553
85.412
85.398
85.398
85.398
85.398
85.398
85.398
85.3702
85.3033
85.3033
85.1529
85.0582
85.0582
85.0582
85.0582
85.0582
85.0527
85.0527
85.0527
84.9359
84.9359
84.2696
84.2696
83.7145
82.9314
82.9314
82.9314
82.9314
82.9314
82.9314
82.9314
82.3113
81.844
81.844
81.844
81.6072
81.1825
80.9457
80.9457
80.8921
80.8921
80.4221
80.1198
80.1198
80.0734
79.4267
79.3804
79.3804
79.3804
79.3804
79.3804
79.0547
79.0084
79.0084
79.0084
79.0084
79.0084
79.0084
79.0084
79.0084
79.0084
78.0076
78.0076
78.0076
78.0076
78.0076
78.0076
77.557
77.557
77.557
77.557
77.557
77.557
77.557
77.557
77.557
77.557
77.557
77.557
77.557
77.557
77.557
77.557
77.557
77.557
77.557
77.4897
77.4897
77.225
77.225
77.1578
77.1578
77.1578
77.1578
77.1578
77.1578
77.1578
77.1578
77.1578
77.1578
77.1578
77.1578
77.1578
77.1578
77.1578
77.1578
77.1578
77.1578
77.1009
77.1009
77.1009
77.1009
77.1009
77.1009
77.1009
77.1009
77.1009
76.8412
76.8412
76.2811
76.2811
76.0608
76.0608
76.0608
75.3029
75.3029
75.3029
75.3029
75.3029
75.3029
75.3029
75.3029
75.3029
75.3029
75.3029
75.3029
75.3029
75.3029
75.3029
75.3029
75.3029
75.3029
75.3029
75.3029
75.3029
75.3029
75.3029
75.3029
75.3029
75.3029
75.3029
75.3029
75.2169
75.2169
75.2169
75.2169
75.2169
75.2169
75.2169
75.2169
75.2169
75.2169
75.2169
75.2169
75.2169
75.2169
75.2169
75.2169
75.1065
75.1065
75.1065
75.1065
74.941
74.941
74.941
74.941
74.941
74.941
74.941
74.9087
74.5892
74.5892
74.5892
74.5892
74.5892
74.5892
74.5892
74.5892
74.5892
74.5892
74.5892
74.5892
74.5892
74.5892
74.5892
74.5892
74.5892
74.5892
74.5892
74.5892
74.5892
74.5892
74.5892
74.5892
74.5892
74.5892
74.4567
74.4567
74.4567
74.4567
74.4567
74.4567
74.4567
74.4567
74.4567
74.4567
74.4567
74.4567
73.8775
73.8775
73.8775
73.8775
73.8775
73.8775
73.8775
73.8775
73.8775
73.8775
73.8775
73.8775
73.8775
73.8775
73.8775
73.8775
73.8775
73.8775
73.8775
73.8775
73.8775
73.8775
73.8775
73.8775
73.8775
73.8775
73.8775
73.607
73.607
73.607
73.607
73.607
73.607
73.607
73.607
73.4491
73.4491
73.4491
73.4491
73.4491
73.4491
73.3928
73.3928
73.0405
73.0405
73.0405
73.0405
73.0405
73.0405
73.0405
73.0405
73.0405
73.0405
73.0405
73.0405
73.0405
73.0405
73.0405
73.0405
73.0405
73.0405
73.0405
73.0405
73.0405
73.0405
73.0405
73.0405
73.0405
73.0405
73.0405
73.0405
73.0405
73.0405
73.0405
73.0405
73.0405
73.0405
73.0405
73.0405
73.0405
73.0405
73.0405
73.0405
73.0405
73.0405
73.0405
73.0405
73.0405
73.0405
73.0405
73.0405
73.0405
73.0158
73.0158
73.0158
73.0158
73.0158
73.0158
73.0158
73.0158
73.0158
73.0158
73.0158
73.0158
73.0158
73.0158
73.0158
72.2302
72.2302
72.2302
72.2302
72.2302
72.2302
72.2302
72.2302
72.2302
72.2302
72.2302
72.2302
72.2302
72.2302
72.2302
72.2302
72.2302
72.2302
72.2302
72.2302
72.2302
72.2302
72.2302
72.2302
72.2302
72.2302
72.2302
72.2302
72.2302
72.2302
72.1897
72.1897
72.1897
72.1897
72.1897
72.1897
72.1897
72.1897
72.1897
72.1897
72.1897
72.1897
72.1897
72.1897
72.1897
72.1897
72.1897
72.1897
72.1897
72.1897
72.1897
72.1897
72.1897
72.1897
72.1897
72.1897
72.1897
72.1897
72.1897
72.1897
72.1897
72.1897
72.1897
72.1897
72.1897
72.1897
72.1897
72.1897
72.1897
72.1897
72.1897
72.1897
72.1897
72.1897
72.1897
72.1897
72.1897
72.1897
72.1897
72.1897
72.1897
72.1897
72.1897
72.1897
72.1897
72.1897
72.1897
72.1897
72.1897
72.0211
72.0211
72.0211
72.0211
72.0211
72.0211
72.0211
72.0211
72.0211
72.0211
72.0211
72.0211
72.0211
72.0211
72.0211
72.0211
72.0211
72.0211
72.0211
72.0211
72.0211
72.0211
72.0211
72.0211
72.0211
72.0211
72.0211
72.0211
72.0211
72.0211
72.0211
72.0211
72.0211
72.0211
72.0211
72.0211
72.0211
72.0211
72.0211
72.0211
72.0211
72.0211
72.0211
72.0211
72.0211
72.0211
72.0211
72.0211
72.0211
72.0211
72.0211
72.0211
72.0211
72.0211
72.0211
72.0211
72.0211
72.0211
72.0211
72.0211
72.0211
72.0211
72.0211
72.0211
72.0211
72.0211
72.0211
72.0211
72.0211
72.0211
72.0211
72.0211
72.0211
72.0211
72.0211
72.0211
72.0211
72.0211
72.0211
72.0211
72.0211
72.0211
72.0211
72.0211
72.0211
72.0211
72.0211
72.0211
72.0211
72.0211
72.0211
72.0211
72.0211
72.0211
72.0211
72.0211
72.0211
72.0211
72.0211
72.0211
72.0211
72.0211
72.0211
72.0211
72.0211
72.0211
72.0211
72.0211
72.0211
72.0211
72.0211
72.0211
72.0211
71.6423
71.6423
71.6423
71.6423
71.6423
71.6423
71.6423
71.6423
71.6423
71.6423
71.6423
71.6423
71.6423
71.6423
71.6423
71.6423
71.6423
71.6423
71.6423
71.6423
71.6423
71.6423
71.6423
71.6423
71.6423
71.6423
71.6423
71.6423
71.6423
71.6423
71.6423
71.6423
71.6423
71.6423
71.6423
71.6423
71.6423
71.6423
71.6423
71.6423
71.6423
71.6423
71.6423
71.6423
71.6423
71.6423
71.6423
71.6423
71.6423
71.6423
71.6423
71.6423
71.6423
71.6423
71.6423
71.6423
71.6423
71.6423
71.6423
71.6423
71.6423
71.6423
71.6423
71.6423
71.6423
71.6423
71.6423
71.6423
71.6423
71.6423
71.6423
71.6423
71.6423
71.6423
71.6423
71.6423
71.6423
71.6423
71.6423
71.6423
71.6423
71.6423
71.6423
71.6423
71.6423
71.6423
71.6423
71.6423
71.6423
71.6423
71.6423
71.6423
71.6423
71.6423
71.6423
71.6423
71.6423
71.6423
71.6423
71.6423
71.6423
71.6423
71.6423
71.6423
71.6423
71.6423
71.6423
71.6423
71.6423
71.6423
71.6423
71.6423
71.6423
71.6423
71.6423
71.6423
71.6423
71.6423
71.6423
71.6423
71.6423
71.6423
71.6423
71.6423
71.6423
71.6423
71.6423
71.6423
71.6423
71.6423
71.6423
71.6423
71.6423
71.6423
71.6423
71.6423
71.6423
71.6423
71.6423
71.6423
71.6423
71.6423
71.6423
71.6423
71.6423
71.6423
71.6423
71.6423
71.6423
71.6423
71.6423
71.6423
71.6423
71.6423
71.6423
71.6423
71.6423
71.6423
71.6423
71.6423
71.6423
71.6423
71.6423
71.6423
71.6423
71.6423
71.6423
71.6423
71.6423
71.6423
71.6423
71.6423
71.6423
71.6423
71.6423
71.6423
71.6423
71.6423
71.6423
71.6423
71.6423
71.6423
71.6423
71.6423
71.6423
71.6423
71.6423
71.6423
71.6423
71.6423
71.6423
71.6423
71.6423
71.6423
71.6423
71.6423
71.6423
71.6423
71.6423
71.6423
71.6423
71.6423
71.6423
71.6423
71.6423
71.6423
71.6423
71.6423
71.6423
71.6423
71.6423
71.6423
71.6423
71.6423
71.6423
71.6423
71.6423
71.6423
71.6423
71.6423
71.6423
71.6423
71.6423
71.6423
71.6423
71.6423
71.6423
71.6423
71.6423
71.6423
71.6423
71.6423
71.6423
71.6423
71.6423
71.6423
71.6423
71.6423
71.6423
71.6423
71.6423
71.6423
71.6423
71.6423
71.6423
71.6423
71.6423
71.6423
71.6423
71.6423
71.6423
71.6423
71.6423
71.6423
71.6423
71.6423
71.6423
71.6423
71.6423
71.6423
71.6423
71.6423
71.6423
71.6423
71.6423
71.6423
71.6423
71.6423
71.6423
71.6423
71.6423
71.6423
71.6423
71.6423
71.6423
71.6423
71.6423
71.6423
71.6423
71.6423
71.6423
71.6423
71.6423
71.6423
71.6423
71.6423
71.6423
71.6423
71.6423
71.6423
71.6423
71.6423
71.6423
71.6423
71.6423
71.6423
71.6423
71.6423
71.6423
71.6423
71.6423
71.6423
71.6423
71.6423
71.6423
71.6423
71.6423
71.6423
71.6423
71.6423
71.6423
71.6423
71.6423
71.6423
71.6423
71.6423
71.6423
71.6423
71.6423
71.6423
71.6423
71.6423
71.6423
71.6423
71.6423
71.6423
71.3154
71.3154
71.3154
71.3154
71.3154
71.3154
71.3154
71.3154
71.3154
71.3154
71.3154
71.3154
71.3154
71.3154
71.3154
71.3154
71.3154
71.3154
71.3154
71.3154
71.3154
71.3154
71.3154
71.3154
71.3154
71.3154
71.3154
71.3154
71.3154
71.3154
71.3154
71.3154
71.3154
71.3154
71.3154
71.3154
71.3154
71.3154
71.3154
71.3154
71.3154
71.3154
71.3154
71.3154
71.3154
71.3154
71.3154
71.3154
71.3154
71.3154
71.3154
71.3154
71.3154
71.3154
71.3154
71.3154
71.3154
71.3154
71.3154
71.3154
71.3154
71.3154
71.3154
71.3154
71.3154
71.3154
71.3154
71.3154
71.3154
71.3154
71.3154
71.3154
71.3154
71.3154
71.3154
71.3154
71.3154
71.3154
71.3154
71.3154
71.3154
71.3154
71.3154
71.3154
71.3154
71.3154
71.3154
71.3154
71.3154
71.3154
71.3154
71.3154
71.3154
71.3154
71.3154
71.3154
71.3154
71.3154
71.3154
71.3154
71.3154
71.3154
71.3154
71.3154
71.3154
71.3154
71.3154
71.3154
71.3154
71.3154
71.3154
71.3154
71.3154
71.3154
71.3154
71.3154
71.3154
71.3154
71.3154
71.3154
71.3154
71.3154
71.3154
71.3154
71.3154
71.3154
71.3154
71.3154
71.3154
71.3154
71.3154
71.3154
71.3154
71.3154
71.3154
71.3154
71.3154
71.3154
71.3154
71.3154
71.3154
71.3154
71.3154
71.3154
71.3154
71.3154
71.3154
71.3154
71.3154
71.3154
71.3154
71.3154
71.3154
71.3154
71.3154
71.3154
71.3154
71.3154
71.3154
71.3154
71.3154
71.3154
71.3154
71.3154
71.3154
71.3154
71.3154
71.3154
71.3154
71.3154
71.3154
71.3154
71.3154
71.2151
71.2151
71.2151
71.2151
71.2151
71.2151
71.2151
71.2151
71.2151
71.2151
71.2151
71.2151
71.2151
71.2151
71.2151
71.2151
71.2151
71.2151
71.2151
71.2151
71.2151
71.2151
71.2151
71.2151
71.2151
71.2151
71.2151
71.2151
71.2151
71.2151
71.2151
71.2151
71.2151
71.2151
71.2151
71.2151
71.2151
71.2151
71.2151
71.2151
71.2151
71.2151
71.2151
71.2151
71.2151
71.2151
71.2151
71.2151
71.2151
71.2151
71.2151
71.2151
71.2151
71.2151
71.2151
71.2151
71.2151
71.2151
71.2151
71.2151
71.2151
71.2151
71.2151
71.2151
71.2151
71.2151
71.2151
71.2151
71.2151
71.2151
71.2151
71.2151
71.2151
71.2151
71.2151
71.2151
71.2151
71.2151
71.2151
71.2151
71.2151
71.2151
71.2151
71.2151
71.2151
71.2151
71.2151
71.2151
71.2151
71.2151
71.2151
71.2151
71.2151
71.2151
71.2151
71.2151
71.0063
71.0063
71.0063
71.0063
71.0063
71.0063
71.0063
71.0063
71.0063
71.0063
71.0063
71.0063
71.0063
71.0063
71.0063
71.0063
71.0063
71.0063
71.0063
71.0063
71.0063
71.0063
71.0063
71.0063
71.0063
71.0063
71.0063
71.0063
71.0063
71.0063
71.0063
71.0063
71.0063
71.0063
71.0063
71.0063
71.0063
71.0063
71.0063
71.0063
71.0063
71.0063
71.0063
71.0063
71.0063
71.0063
71.0063
71.0063
71.0063
71.0063
71.0063
71.0063
71.0063
71.0063
71.0063
71.0063
71.0063
71.0063
71.0063
71.0063
71.0063
71.0063
71.0063
71.0063
71.0063
71.0063
71.0063
71.0063
71.0063
71.0063
71.0063
71.0063
71.0063
71.0063
71.0063
71.0063
71.0063
71.0063
71.0063
71.0063
71.0063
71.0063
71.0063
71.0063
71.0063
71.0063
71.0063
71.0063
71.0063
71.0063
71.0063
71.0063
71.0063
71.0063
71.0063
71.0063
71.0063
71.0063
71.0063
71.0063
71.0063
71.0063
71.0063
70.8024
70.8024
70.8024
70.8024
70.8024
70.8024
70.8024
70.8024
70.8024
70.8024
70.8024
70.8024
70.8024
70.8024
70.8024
70.8024
70.8024
70.8024
70.8024
70.8024
70.8024
70.8024
70.8024
70.8024
70.8024
70.8024
70.8024
70.8024
70.8024
70.8024
70.8024
70.8024
70.8024
70.8024
70.8024
70.8024
70.8024
70.8024
70.8024
70.8024
70.8024
70.8024
70.8024
70.8024
70.8024
70.8024
70.8024
70.8024
70.8024
70.8024
70.8024
70.8024
70.8024
70.8024
70.8024
70.8024
70.8024
70.8024
70.8024
70.8024
70.8024
70.8024
70.8024
70.8024
70.8024
70.8024
70.8024
70.8024
70.8024
70.8024
70.8024
70.8024
70.8024
70.8024
70.8024
70.8024
70.8024
70.8024
70.8024
70.8024
70.8024
70.8024
70.8024
70.8024
70.8024
70.8024
70.8024
70.8024
70.8024
70.8024
70.8024
70.8024
70.8024
70.8024
70.8024
70.8024
70.8024
70.8024
70.8024
70.8024
70.8024
70.8024
70.7791
70.7791
70.7791
70.7791
70.7791
70.7791
70.7791
70.7791
70.7791
70.7791
70.7791
70.7791
70.7791
70.7782
70.7782
70.7782
70.7782
70.7782
70.7782
70.4605
70.4605
70.4605
70.4605
70.4605
70.4605
70.4605
70.4605
70.4605
70.4605
70.4605
70.4605
70.2362
70.2362
70.2362
70.2362
70.2362
70.2362
70.2362
70.2362
70.2362
70.2362
70.2362
70.2362
70.2362
70.2362
70.2362
70.2362
70.2362
70.2362
70.2362
70.2362
70.2362
70.2362
70.2362
70.2362
70.2362
70.2362
70.2362
70.2362
70.2362
70.2362
70.2362
70.2362
70.2362
70.2362
70.2362
70.2362
70.2362
70.2362
70.2362
70.2362
70.2362
70.2362
70.2362
70.2362
70.2362
70.2362
70.2362
70.2362
70.2362
70.2362
70.2362
70.2362
70.2362
70.2362
70.2362
70.2362
70.2362
70.2362
70.2362
70.2362
70.2362
70.2362
70.2362
70.2362
70.2362
70.2362
70.2362
70.2362
70.2362
70.2362
70.2362
70.2362
70.2362
70.2362
70.2362
70.2362
70.2362
70.2362
70.2362
70.2362
70.2362
70.2362
70.2362
70.2362
70.2362
70.2362
70.2362
70.2362
70.2362
70.2362
70.2362
70.2362
70.2362
70.2362
70.2362
70.2362
70.2362
70.2362
70.2362
70.2362
70.2362
70.2362
70.2362
70.2362
70.2362
70.2362
70.2362
70.2362
70.2362
70.2362
70.2362
70.2362
70.2362
70.2362
70.2362
70.2362
70.2362
70.2362
70.2362
70.2362
70.2362
70.2362
70.2362
70.2362
70.2362
70.2362
70.2362
70.2362
70.2362
70.2362
70.2362
70.2362
70.2362
70.2362
70.2362
70.2362
70.2362
70.2362
70.2362
70.2362
70.2362
70.2362
70.2362
70.2362
70.2362
70.2362
70.2362
70.2362
70.2362
70.2362
70.2362
70.2362
70.2362
70.2362
70.2362
70.2362
70.2362
70.2362
70.2362
70.2362
70.2362
70.2362
70.2362
70.2362
70.2362
70.2362
70.2362
70.2362
70.2362
70.2362
70.2362
70.2362
70.2362
70.2362
70.2362
70.2362
70.2362
70.2362
70.2362
70.2362
70.2362
70.2362
70.2362
70.2362
70.2362
70.2362
70.2362
70.2362
70.2362
70.2362
70.2362
70.2362
70.2362
70.2362
70.2362
70.2362
70.2362
70.2362
70.2362
70.2362
70.2362
70.2362
70.2362
70.2362
70.2362
70.2362
70.2362
70.2362
70.2362
70.2362
70.2362
70.2362
70.2362
70.2362
70.2362
70.2362
70.2362
70.2362
70.2362
70.2362
70.2362
69.9363
69.9363
69.9363
69.9363
69.9363
69.9363
69.9363
69.9363
69.9363
69.9363
69.9363
69.9363
69.9363
69.9363
69.9363
69.8612
69.8612
69.8612
69.8612
69.8612
69.8612
69.8612
69.8612
69.8612
69.8612
69.8612
69.8612
69.8612
69.8612
69.8612
69.8612
69.8612
69.8612
69.8612
69.8612
69.8612
69.8612
69.8612
69.8612
69.8612
69.8612
69.8612
69.8612
69.8612
69.8612
69.8612
69.8612
69.8612
69.8612
69.8612
69.8612
69.8612
69.8612
69.8612
69.8612
69.8612
69.8612
69.8612
69.8612
69.8612
69.8612
69.8612
69.8612
69.8612
69.8612
69.8612
69.8612
69.8612
69.8612
69.8612
69.8612
69.8612
69.8612
69.8612
69.8612
69.8612
69.8612
69.8612
69.8612
69.8612
69.8612
69.8612
69.8612
69.8612
69.8612
69.8612
69.8612
69.8612
69.8612
69.8612
69.8612
69.8612
69.8612
69.8612
69.8612
69.8612
69.8612
69.8612
69.8612
69.8612
69.8612
69.8612
69.8612
69.8612
69.8612
69.8612
69.8612
69.8612
69.8612
69.8612
69.8612
69.8612
69.8612
69.8612
69.8612
69.8612
69.8612
69.8612
69.8612
69.8612
69.8612
69.8612
69.8612
69.8612
69.8612
69.8612
69.8612
69.8612
69.8612
69.8612
69.8612
69.8612
69.8612
69.8612
69.8612
69.8612
69.8612
69.8612
69.8612
69.8612
69.8612
69.8612
69.8612
69.8612
69.8612
69.8612
69.8612
69.8612
69.8238
69.8238
69.8238
69.8238
69.8238
69.701
69.701
69.701
69.701
69.701
69.701
69.701
69.701
69.701
69.701
69.701
69.701
69.701
69.701
69.701
69.701
69.701
69.701
69.4881
69.4881
69.4881
69.4881
69.4881
69.4881
69.4881
69.4881
69.4881
69.4881
69.4412
69.4412
69.4412
69.4412
69.3861
69.3861
69.3861
69.3861
69.3861
69.3861
69.3861
69.3861
69.3861
69.3861
69.3861
68.9354
68.9354
68.9354
68.9354
68.9354
68.9354
68.9354
68.9354
68.9354
68.9354
68.9354
68.9354
68.9354
68.9354
68.9354
68.9354
68.9354
68.9354
68.9354
68.9354
68.9354
68.9354
68.9354
68.9354
68.9354
68.9354
68.9354
68.9354
68.9354
68.9354
68.9354
68.9354
68.9354
68.9354
68.9354
68.9354
68.9354
68.9354
68.9354
68.9354
68.9354
68.9354
68.9354
68.9354
68.9354
68.9354
68.9354
68.9354
68.9354
68.9354
68.9354
68.9354
68.9354
68.9354
68.9354
68.9354
68.9354
68.9354
68.9354
68.9354
68.9354
68.9354
68.9354
68.9354
68.9354
68.9354
68.9354
68.9354
68.9354
68.9354
68.9354
68.9354
68.9354
68.9354
68.9354
68.9354
68.9354
68.9354
68.9354
68.9354
68.9354
68.9354
68.9354
68.9354
68.9354
68.9354
68.9354
68.9354
68.9354
68.9354
68.9354
68.9354
68.9354
68.9354
68.9354
68.9354
68.9354
68.9354
68.9354
68.9354
68.9354
68.9354
68.9354
68.9354
68.9354
68.9354
68.9354
68.9354
68.9354
68.9354
68.9354
68.9354
68.9354
68.9354
68.9354
68.9354
68.9354
68.9354
68.9354
68.9354
68.9354
68.9354
68.9354
68.9354
68.9354
68.9354
68.9354
68.9354
68.9354
68.9354
68.9354
68.9354
68.9354
68.9354
68.9354
68.9354
68.9354
68.9354
68.9354
68.9354
68.9354
68.9354
68.9354
68.9354
68.9354
68.9354
68.9354
68.9354
68.9354
68.9354
68.9354
68.9354
68.9354
68.9354
68.9354
68.9354
68.9354
68.9354
68.9354
68.9354
68.9354
68.9354
68.9354
68.9354
68.9354
68.9354
68.9354
68.9354
68.9354
68.9354
68.9354
68.9354
68.9354
68.9354
68.9354
68.9354
68.9354
68.9354
68.9354
68.9354
68.9354
68.9354
68.9354
68.9354
68.9354
68.9354
68.9354
68.9354
68.9354
68.9354
68.9354
68.9354
68.9354
68.9354
68.9354
68.9354
68.9354
68.9354
68.9354
68.9354
68.9354
68.9354
68.9354
68.9354
68.9354
68.9354
68.9354
68.9354
68.9354
68.9354
68.9354
68.9354
68.9354
68.9354
68.9354
68.9354
68.9354
68.9354
68.9354
68.9354
68.9354
68.9354
68.9354
68.9354
68.9354
68.9354
68.9354
68.9354
68.9354
68.9354
68.9354
68.9354
68.9354
68.9354
68.9354
68.9354
68.9354
68.9354
68.9354
68.9354
68.9354
68.9354
68.9354
68.9354
68.9354
68.9354
68.9354
68.9354
68.9354
68.9354
68.9354
68.9354
68.9354
68.9354
68.9354
68.9354
68.9354
68.9354
68.9354
68.9354
68.9354
68.9354
68.9354
68.9354
68.9354
68.9354
68.9354
68.9354
68.9354
68.9354
68.9354
68.9354
68.9354
68.9354
68.9354
68.9354
68.9354
68.9354
68.9354
68.9354
68.9354
68.9354
68.9354
68.9354
68.9354
68.9354
68.9354
68.9354
68.9354
68.9354
68.9354
68.9354
68.9354
68.9354
68.9354
68.9354
68.9354
68.9354
68.9354
68.9354
68.9354
68.9354
68.9354
68.9354
68.9354
68.9354
68.9354
68.9354
68.9354
68.9354
68.9354
68.9354
68.9354
68.9354
68.9354
68.9354
68.9354
68.9354
68.9354
68.9354
68.9354
68.9354
68.9354
68.9354
68.9354
68.9354
68.9354
68.9354
68.9354
68.9354
68.9354
68.9354
68.9354
68.9354
68.9354
68.9354
68.9354
68.9354
68.9354
68.9354
68.9354
68.9354
68.9354
68.9354
68.9354
68.9354
68.9354
68.9354
68.9354
68.9354
68.9354
68.9354
68.9354
68.9354
68.9354
68.9354
68.9354
68.9354
68.9354
68.9354
68.9354
68.9354
68.9354
68.9354
68.9354
68.9354
68.9354
68.9354
68.9354
68.9354
68.9354
68.9354
68.9354
68.9354
68.9354
68.9354
68.9354
68.9354
68.9354
68.9354
68.9354
68.9354
68.9354
68.9354
68.9354
68.9354
68.9354
68.9354
68.9354
68.9354
68.9354
68.9354
68.9354
68.9354
68.9354
68.9354
68.9354
68.9354
68.9354
68.9354
68.9354
68.9354
68.9354
68.9354
68.9354
68.9354
68.9354
68.9354
68.9354
68.9354
68.9354
68.9354
68.9354
68.9354
68.9354
68.9354
68.9354
68.9354
68.9354
68.9354
68.9354
68.9354
68.9354
68.9354
68.9354
68.9354
68.9354
68.9354
68.9354
68.9354
68.9354
68.9354
68.9354
68.9354
68.9354
68.9354
68.9354
68.9354
68.9354
68.9354
68.9354
68.9354
68.9354
68.9354
68.9354
68.9354
68.9354
68.9354
68.9354
68.9354
68.9354
68.9354
68.9354
68.9354
68.9354
68.9354
68.9354
68.9354
68.9354
68.9354
68.9354
68.9354
68.9354
68.9354
68.9354
68.9354
68.9354
68.9354
68.9354
68.9354
68.9354
68.9354
68.9354
68.9354
68.9354
68.9354
68.9354
68.9354
68.9354
68.9354
68.9354
68.9354
68.9354
68.9354
68.9354
68.9354
68.9354
68.9354
68.9354
68.9354
68.9354
68.9354
68.9354
68.9354
68.9354
68.9354
68.9354
68.9354
68.9354
68.9354
68.9354
68.9354
68.9354
68.9354
68.9354
68.9354
68.9354
68.9354
68.9354
68.9354
68.9354
68.9354
68.9354
68.9354
68.9354
68.9354
68.9354
68.9354
68.9354
68.9354
68.9354
68.9354
68.9354
68.9354
68.9354
68.9354
68.9354
68.9354
68.9354
68.9354
68.9354
68.9354
68.9354
68.9354
68.9354
68.9354
68.9354
68.9354
68.9354
68.9354
68.9354
68.9354
68.9354
68.9354
68.9354
68.9354
68.9354
68.9354
68.9354
68.9354
68.9354
68.9354
68.9354
68.9354
68.9354
68.9354
68.9354
68.9354
68.9354
68.9354
68.9354
68.9354
68.9354
68.9354
68.9354
68.9354
68.9354
68.9354
68.9354
68.9354
68.9354
68.9354
68.9354
68.9354
68.9354
68.9354
68.9354
68.9354
68.9354
68.9354
68.9354
68.9354
68.9354
68.9354
68.9354
68.9354
68.9354
68.9354
68.9354
68.9354
68.9354
68.9354
68.9354
68.9354
68.9354
68.9354
68.9354
68.9354
68.9354
68.9354
68.9354
68.9354
68.9354
68.9354
68.9354
68.9354
68.9354
68.9354
68.9354
68.9354
68.9354
68.9354
68.9354
68.9354
68.9354
68.9354
68.9354
68.9354
68.9354
68.9354
68.9354
68.9354
68.9354
68.9354
68.9354
68.9354
68.9354
68.9354
68.9354
68.9354
68.9354
68.9354
68.9354
68.9354
68.9354
68.9354
68.9354
68.9354
68.9354
68.9354
68.9354
68.9354
68.9354
68.9354
68.9354
68.9354
68.9354
68.9354
68.9354
68.9354
68.9354
68.9354
68.9354
68.9354
68.9354
68.9354
68.9354
68.9354
68.9354
68.9354
68.9354
68.9354
68.9354
68.9354
68.9354
68.9354
68.9354
68.9354
68.9354
68.9354
68.9354
68.9354
68.9354
68.9354
68.9354
68.9354
68.9354
68.9354
68.9354
68.9354
68.9354
68.9354
68.9354
68.9354
68.9354
68.9354
68.9354
68.9354
68.9354
68.9354
68.9354
68.9354
68.9354
68.9354
68.9354
68.9354
68.9354
68.9354
68.9354
68.9354
68.9354
68.9354
68.9354
68.9354
68.9354
68.9354
68.9354
68.9354
68.9354
68.9354
68.9354
68.9354
68.9354
68.9354
68.9354
68.9354
68.9354
68.9354
68.9354
68.9354
68.9354
68.9354
68.9354
68.9354
68.9354
68.9354
68.9354
68.9354
68.9354
68.9354
68.9354
68.9354
68.9354
68.9354
68.9354
68.9354
68.9354
68.9354
68.9354
68.9354
68.9354
68.9354
68.9354
68.9354
68.9354
68.9354
68.9354
68.9354
68.9354
68.9354
68.9354
68.9354
68.9354
68.9354
68.9354
68.9354
68.9354
68.9354
68.9354
68.9354
68.9354
68.9354
68.9354
68.9354
68.9354
68.9354
68.9354
68.9354
68.9354
68.9354
68.9354
68.9354
68.9354
68.9354
68.9354
68.9354
68.9354
68.9354
68.9354
68.9354
68.9354
68.9354
68.9354
68.9354
68.9354
68.9354
68.9354
68.9354
68.9354
68.9354
68.9354
68.9354
68.9354
68.9354
68.9354
68.9354
68.9354
68.9354
68.9354
68.9354
68.9354
68.9354
68.9354
68.9354
68.9354
68.9354
68.9354
68.9354
68.9354
68.9354
68.9354
68.9354
68.9354
68.9354
68.9354
68.9354
68.9354
68.9354
68.9354
68.9354
68.9354
68.9354
68.9354
68.9354
68.9354
68.9354
68.9354
68.9354
68.9354
68.9354
68.9354
68.9354
68.9354
68.9354
68.9354
68.9354
68.9354
68.9354
68.9354
68.9354
68.9354
68.9354
68.9354
68.9354
68.9354
68.9354
68.9354
68.9354
68.9354
68.9354
68.9354
68.9354
68.9354
68.9354
68.9354
68.9354
68.9354
68.9354
68.9354
68.9354
68.9354
68.9354
68.9354
68.9354
68.9354
68.9354
68.9354
68.9354
68.9354
68.9354
68.9354
68.9354
68.9354
68.9354
68.9354
68.9354
68.9354
68.9354
68.9354
68.9354
68.9354
68.9354
68.9354
68.9354
68.9354
68.9354
68.9354
68.9354
68.9354
68.9354
68.9354
68.9354
68.9354
68.9354
68.9354
68.9354
68.9354
68.9354
68.9354
68.9354
68.9354
68.9354
68.9354
68.9354
68.9354
68.9354
68.9354
68.9354
68.9354
68.9354
68.9354
68.9354
68.9354
68.9354
68.9354
68.9354
68.9354
68.9354
68.9354
68.9354
68.9354
68.9354
68.9354
68.9354
68.9354
68.9354
68.9354
68.9354
68.9354
68.9354
68.9354
68.9354
68.9354
68.9354
68.9354
68.9354
68.9354
68.9354
68.9354
68.9354
68.9354
68.9354
68.9354
68.9354
68.9354
68.9354
68.9354
68.9354
68.9354
68.9354
68.9354
68.9354
68.9354
68.9354
68.9354
68.9354
68.9354
68.9354
68.9354
68.9354
68.9354
68.9354
68.9354
68.9354
68.9354
68.9354
68.9354
68.9354
68.9354
68.9354
68.9354
68.9354
68.9354
68.9354
68.9354
68.9354
68.9354
68.9354
68.9354
68.9354
68.9354
68.9354
68.9354
68.9354
68.9354
68.9354
68.9354
68.9354
68.9354
68.9354
68.9354
68.9354
68.9354
68.9354
68.9354
68.9354
68.9354
68.9354
68.9354
68.9354
68.9354
68.9354
68.9354
68.9354
68.9354
68.9354
68.9354
68.9354
68.9354
68.9354
68.9354
68.9354
68.9354
68.9354
68.9354
68.9354
68.9354
68.9354
68.9354
68.9354
68.9354
68.9354
68.9354
68.9354
68.9354
68.9354
68.9354
68.9354
68.9354
68.9354
68.9354
68.9354
68.9354
68.9354
68.9354
68.9354
68.9354
68.9354
68.9354
68.9354
68.9354
68.9354
68.9354
68.9354
68.9354
68.9354
68.9354
68.9354
68.9354
68.9354
68.9354
68.9354
68.9354
68.9354
68.9354
68.9354
68.9354
68.9354
68.9354
68.9354
68.9354
68.9354
68.9354
68.9354
68.9354
68.9354
68.9354
68.9354
68.9354
68.9354
68.9354
68.9354
68.9354
68.9354
68.9354
68.9354
68.9354
68.9354
68.9354
68.9354
68.9354
68.9354
68.9354
68.9354
68.9354
68.9354
68.9354
68.9354
68.9354
68.9354
68.9354
68.9354
68.9354
68.9354
68.9354
68.9354
68.9354
68.9354
68.9354
68.9354
68.9354
68.9354
68.9354
68.9354
68.9354
68.9354
68.9354
68.9354
68.9354
68.9354
68.9354
68.9354
68.9354
68.9354
68.9354
68.9354
68.9354
68.9354
68.9354
68.9354
68.9354
68.9354
68.9354
68.9354
68.9354
68.9354
68.9354
68.9354
68.9354
68.9354
68.9354
68.9354
68.9354
68.9354
68.9354
68.9354
68.9354
68.9354
68.9354
68.9354
68.9354
68.9354
68.9354
68.9354
68.9354
68.9354
68.9354
68.9354
68.9354
68.9354
68.9354
68.9354
68.9354
68.9354
68.9354
68.9354
68.9354
68.9354
68.9354
68.9354
68.9354
68.9354
68.9354
68.9354
68.9354
68.9354
68.9354
68.9354
68.9354
68.9354
68.9354
68.9354
68.9354
68.9354
68.9354
68.9354
68.9354
68.9354
68.9354
68.9354
68.9354
68.9354
68.9354
68.9354
68.9354
68.9354
68.9354
68.9354
68.9354
68.9354
68.9354
68.9354
68.9354
68.9354
68.9354
68.9354
68.9354
68.9354
68.9354
68.9354
68.9354
68.9354
68.9354
68.9354
68.9354
68.9354
68.9354
68.9354
68.9354
68.9354
68.9354
68.9354
68.9354
68.9354
68.9354
68.9354
68.9354
68.9354
68.9354
68.9354
68.9354
68.9354
68.9354
68.9354
68.9354
68.9354
68.9354
68.9354
68.9354
68.9354
68.9354
68.9354
68.9354
68.9354
68.9354
68.9354
68.9354
68.9354
68.9354
68.9354
68.9354
68.9354
68.9354
68.9354
68.9354
68.9354
68.9354
68.9354
68.9354
68.9354
68.9354
68.9354
68.9354
68.9354
68.9354
68.9354
68.9354
68.9354
68.9354
68.9354
68.9354
68.9354
68.9354
68.9354
68.9354
68.9354
68.9354
68.9354
68.9354
68.9354
68.9354
68.9354
68.9354
68.9354
68.9354
68.9354
68.9354
68.9354
68.9354
68.9354
68.9354
68.9354
68.9354
68.9354
68.9354
68.9354
68.9354
68.9354
68.9354
68.9354
68.9354
68.9354
68.9354
68.9354
68.9354
68.9354
68.9354
68.9354
68.9354
68.9354
68.9354
68.9354
68.9354
68.9354
68.9354
68.9354
68.9354
68.9354
68.9354
68.9354
68.9354
68.9354
68.9354
68.9354
68.9354
68.9354
68.9354
68.9354
68.9354
68.9354
68.9354
68.9354
68.9354
68.9354
68.9354
68.9354
68.9354
68.9354
68.9354
68.9354
68.9354
68.9354
68.9354
68.9354
68.9354
68.9354
68.9354
68.9354
68.9354
68.9354
68.9354
68.9354
68.9354
68.9354
68.9354
68.9354
68.9354
68.9354
68.9354
68.9354
68.9354
68.9354
68.9354
68.9354
68.9354
68.9354
68.9354
68.9354
68.9354
68.9354
68.9354
68.9354
68.9354
68.9354
68.9354
68.9354
68.9354
68.9354
68.9354
68.9354
68.9354
68.9354
68.9354
68.9354
68.9354
68.9354
68.9354
68.9354
68.9354
68.9354
68.9354
68.9354
68.9354
68.9354
68.9354
68.9354
68.9354
68.9354
68.9354
68.9354
68.9354
68.9354
68.9354
68.9354
68.9354
68.9354
68.9354
68.9354
68.9354
68.9354
68.9354
68.9354
68.9354
68.9354
68.9354
68.9354
68.9354
68.9354
68.9354
68.9354
68.9354
68.9354
68.9354
68.9354
68.9354
68.9354
68.9354
68.9354
68.9354
68.9354
68.9354
68.9354
68.9354
68.9354
68.9354
68.9354
68.9354
68.9354
68.9354
68.9354
68.9354
68.9354
68.9354
68.9354
68.9354
68.9354
68.9354
68.9354
68.9354
68.9354
68.9354
68.9354
68.9354
68.9354
68.9354
68.9354
68.9354
68.9354
68.9354
68.9354
68.9354
68.9354
68.9354
68.9354
68.9354
68.9354
68.9354
68.9354
68.9354
68.9354
68.9354
68.9354
68.9354
68.9354
68.9354
68.9354
68.9354
68.9354
68.9354
68.9354
68.9354
68.9354
68.9354
68.9354
68.9354
68.9354
68.9354
68.9354
68.9354
68.9354
68.9354
68.9354
68.9354
68.9354
68.9354
68.9354
68.9354
68.9354
68.9354
68.9354
68.9354
68.9354
68.9354
68.9354
68.9354
68.9354
68.9354
68.9354
68.9354
68.9354
68.9354
68.9354
68.9354
68.9354
68.9354
68.9354
68.9354
68.9354
68.9354
68.9354
68.9354
68.9354
68.9354
68.9354
68.9354
68.9354
68.9354
68.9354
68.9354
68.9354
68.9354
68.9354
68.9354
68.9354
68.9354
68.9354
68.9354
68.9354
68.9354
68.9354
68.9354
68.9354
68.9354
68.9354
68.9354
68.9354
68.9354
68.9354
68.9354
68.9354
68.9354
68.9354
68.9354
68.9354
68.9354
68.9354
68.9354
68.9354
68.9354
68.9354
68.9354
68.9354
68.9354
68.9354
68.9354
68.9354
68.9354
68.9354
68.9354
68.9354
68.9354
68.9354
68.9354
68.9354
68.9354
68.9354
68.9354
68.9354
68.9354
68.9354
68.9354
68.9354
68.9354
68.9354
68.9354
68.9354
68.9354
68.9354
68.9354
68.9354
68.9354
68.9354
68.9354
68.9354
68.9354
68.9354
68.9354
68.9354
68.9354
68.9354
68.9354
68.9354
68.9354
68.9354
68.9354
68.9354
68.9354
68.9354
68.9354
68.9354
68.9354
68.9354
68.9354
68.9354
68.9354
68.9354
68.9354
68.9354
68.9354
68.8424
68.8424
68.8424
68.8424
68.8424
68.8424
68.8424
68.8424
68.8424
68.8424
68.8424
68.8424
68.8424
68.8424
68.8424
68.8424
68.8424
68.8424
68.8424
68.8424
68.8424
68.8424
68.8424
68.8424
68.8424
68.8424
68.8424
68.8424
68.8424
68.8424
68.8424
68.8424
68.8424
68.8424
68.8424
68.8424
68.8424
68.8424
68.8424
68.8424
68.8424
68.8424
68.8424
68.8424
68.8424
68.8424
68.8424
68.8424
68.8424
68.8424
68.6232
68.6232
68.6232
68.5431
68.5431
68.5431
68.5431
68.5431
68.4687
68.4687
68.4687
68.4687
68.4687
68.4687
68.4687
68.4687
68.4687
68.4687
68.4687
68.4687
68.4687
68.4687
68.4687
68.4687
68.4687
68.4687
68.4687
68.4687
68.4687
68.4687
68.4687
68.4687
68.4687
68.4687
68.4687
68.4687
68.4687
68.4687
68.4687
68.4687
68.4687
68.4687
68.4687
68.4687
68.4687
68.4687
68.4687
68.4687
68.4687
68.4687
68.4687
68.4687
68.4687
68.4687
68.4687
68.4687
68.4687
68.4687
68.4687
68.4687
68.4687
68.4687
68.4687
68.4687
68.4687
68.4687
68.4687
68.4687
68.4687
68.4687
68.4687
68.4687
68.4687
68.4687
68.4687
68.4687
68.4687
68.4687
68.4687
68.4687
68.4687
68.4687
68.4687
68.4687
68.4687
68.4687
68.4687
68.4687
68.4687
68.4687
68.4687
68.4687
68.4687
68.4687
68.4687
68.4687
68.4687
68.4687
68.4687
68.4687
68.4687
68.4687
68.4687
68.4687
68.4687
68.4687
68.4687
68.4687
68.4687
68.4687
68.4687
68.4687
68.4687
68.4687
68.4687
68.4687
68.4687
68.4687
68.4687
68.4687
68.4687
68.4687
68.4687
68.4687
68.4687
68.4687
68.4687
68.4687
68.4687
68.4687
68.4687
68.4687
68.4687
68.4687
68.4687
68.4687
68.4687
68.4687
68.4687
68.4687
68.4687
68.4687
68.4687
68.4687
68.4687
68.4687
68.4687
68.4687
68.4687
68.4687
68.4687
68.4687
68.4687
68.4687
68.4687
68.4687
68.4687
68.4687
68.4687
68.4687
68.4687
68.4687
68.4687
68.4687
68.4687
68.4687
68.4687
68.4687
68.4687
68.4687
68.4687
68.4687
68.4687
68.4687
68.4687
68.4687
68.4687
68.4687
68.4687
68.4687
68.4687
68.4687
68.4687
68.4687
68.4687
68.4687
68.4687
68.4687
68.4687
68.4687
68.4687
68.4687
68.4687
68.4687
68.4687
68.4687
68.4687
68.4687
68.4687
68.4687
68.4687
68.4687
68.4687
68.4687
68.4687
68.4687
68.4687
68.4687
68.4687
68.4687
68.4687
68.4687
68.4687
68.4687
68.4687
68.4687
68.4687
68.4687
68.4687
68.4687
68.4687
68.4687
68.4687
68.4687
68.4687
68.4687
68.4687
68.4687
68.4687
68.4687
68.4687
68.4687
68.4687
68.4687
68.4687
68.4687
68.4687
68.4687
68.4687
68.4687
68.4687
68.4687
68.4687
68.4687
68.4687
68.4687
68.4687
68.4687
68.4687
68.4687
68.4687
68.4687
68.4687
68.4687
68.4687
68.4687
68.4687
68.4687
68.4687
68.4687
68.4687
68.4687
68.4687
68.4687
68.4687
68.4687
68.4687
68.4687
68.4687
68.4687
68.4687
68.4687
68.4687
68.4687
68.4687
68.4687
68.4687
68.4687
68.4687
68.4687
68.4687
68.4687
68.4687
68.4687
68.4687
68.4687
68.4687
68.4687
68.4687
68.4687
68.4687
68.4687
68.4687
68.4687
68.4687
68.386
68.386
68.386
68.386
68.386
68.386
68.386
68.386
68.386
68.386
68.386
68.386
68.386
68.386
68.386
68.386
68.386
68.386
68.386
68.386
68.386
68.386
68.386
68.386
68.386
68.386
68.386
68.386
68.386
68.386
68.386
68.386
68.386
68.386
68.386
68.386
68.386
68.386
68.386
68.386
68.386
68.386
68.386
68.386
68.386
68.386
68.386
68.386
68.386
68.386
68.386
68.386
68.386
68.386
68.386
68.386
68.386
68.386
68.386
68.386
68.386
68.386
68.386
68.386
68.386
68.386
68.386
68.386
68.386
68.386
68.386
68.386
68.386
68.386
68.386
68.386
68.386
68.386
68.386
68.386
68.386
68.386
68.386
68.386
68.386
68.386
68.386
68.386
68.386
68.386
68.386
68.386
68.386
68.386
68.386
68.386
68.386
68.386
68.386
68.386
68.386
68.386
68.386
68.386
68.386
68.386
68.386
68.386
68.386
68.386
68.386
68.386
68.386
68.386
68.386
68.386
68.386
68.386
68.386
68.386
68.386
68.386
68.386
68.386
68.386
68.386
68.386
68.386
68.386
68.386
68.386
68.386
68.386
68.386
68.386
68.386
68.386
68.386
68.386
68.386
68.386
68.386
68.386
68.386
68.386
68.386
68.386
68.386
68.386
68.386
68.386
68.386
68.386
68.386
68.386
68.386
68.386
68.386
68.386
68.386
68.386
68.386
68.386
68.386
68.386
68.386
68.386
68.386
68.386
68.386
68.386
68.386
68.386
68.386
68.386
68.386
68.386
68.386
68.386
68.386
68.386
68.386
68.386
68.386
68.386
68.386
68.386
68.386
68.386
68.386
68.386
68.386
68.386
68.386
68.386
68.386
68.386
68.386
68.386
68.386
68.386
68.386
68.386
68.386
68.386
68.386
68.386
68.386
68.386
68.386
68.386
68.386
68.386
68.386
68.386
68.386
68.386
68.386
68.386
68.386
68.386
68.386
68.386
68.386
68.386
68.386
68.386
68.386
68.386
68.386
68.386
68.386
68.386
68.386
68.386
68.386
68.386
68.386
68.386
68.386
68.386
68.386
68.386
68.386
68.386
68.386
68.386
68.386
68.386
68.386
68.386
68.386
68.386
68.386
68.386
68.386
68.386
68.386
68.386
68.386
68.386
68.386
68.386
68.386
68.386
68.386
68.386
68.386
68.386
68.386
68.386
68.386
68.386
68.386
68.386
68.386
68.386
68.386
68.386
68.386
68.386
68.386
68.386
68.386
68.386
68.386
68.386
68.386
68.386
68.386
68.386
68.386
68.386
68.386
68.386
68.386
68.386
68.386
68.386
68.386
68.386
68.386
68.386
68.386
68.386
68.386
68.386
68.386
68.386
68.386
68.386
68.386
68.386
68.386
68.386
68.386
68.386
68.386
68.386
68.386
68.386
68.386
68.386
68.386
68.386
68.386
68.386
68.386
68.386
68.386
68.386
68.386
68.386
68.386
68.386
68.386
68.386
68.386
68.386
68.386
68.386
68.386
68.386
68.386
68.386
68.386
68.386
68.386
68.386
68.386
68.386
68.386
68.386
68.386
68.386
68.386
68.386
68.386
68.386
68.386
68.386
68.386
68.386
68.386
68.386
68.386
68.386
68.386
68.386
68.386
68.386
68.386
68.386
68.386
68.386
68.386
68.386
68.386
68.386
68.386
68.386
68.386
68.386
68.386
68.386
68.386
68.386
68.386
68.386
68.386
68.386
68.386
68.386
68.386
68.386
68.386
68.386
68.386
68.386
68.386
68.386
68.386
68.386
68.386
68.386
68.386
68.386
68.386
68.386
68.386
68.386
68.386
68.386
68.386
68.386
68.386
68.386
68.386
68.386
68.386
68.386
68.386
68.386
68.386
68.386
68.386
68.386
68.386
68.386
68.386
68.386
68.386
68.386
68.386
68.386
68.386
68.386
68.386
68.386
68.386
68.386
68.386
68.386
68.386
68.386
68.386
68.386
68.386
68.386
68.386
68.386
68.386
68.386
68.386
68.386
68.386
68.386
68.386
68.386
68.386
68.386
68.386
68.386
68.386
68.386
68.386
68.386
68.386
68.386
68.386
68.386
68.386
68.386
68.386
68.386
68.386
68.386
68.386
68.386
68.386
68.386
68.386
68.386
68.386
68.386
68.386
68.386
68.386
68.386
68.386
68.386
68.386
68.386
68.386
68.386
68.386
68.386
68.386
68.386
68.386
68.386
68.386
68.386
68.386
68.386
68.386
68.386
68.386
68.386
68.386
68.386
68.386
68.386
68.386
68.386
68.386
68.386
68.386
68.386
68.386
68.386
68.386
68.386
68.386
68.386
68.386
68.386
68.386
68.386
68.386
68.386
68.386
68.386
68.386
68.386
68.386
68.386
68.386
68.386
68.386
68.386
68.386
68.386
68.386
68.386
68.386
68.386
68.386
68.386
68.386
68.386
68.386
68.386
68.386
68.386
68.386
68.386
68.386
68.386
68.386
68.386
68.386
68.386
68.386
68.386
68.386
68.386
68.386
68.386
68.386
68.386
68.386
68.386
68.386
68.386
68.386
68.386
68.386
68.386
68.386
68.386
68.386
68.386
68.386
68.386
68.386
68.386
68.386
68.386
68.386
68.386
68.386
68.386
68.386
68.386
68.386
68.386
68.386
68.386
68.386
68.386
68.386
68.386
68.386
68.386
68.386
68.386
68.386
68.386
68.386
68.386
68.386
68.386
68.386
68.386
68.386
68.386
68.386
68.386
68.386
68.386
68.386
68.386
68.386
68.386
68.386
68.386
68.386
68.386
68.386
68.386
68.386
68.386
68.386
68.386
68.386
68.386
68.386
68.386
68.386
68.386
68.386
68.386
68.386
68.386
68.386
68.386
68.386
68.386
68.386
68.386
68.386
68.386
68.386
68.386
68.386
68.386
68.386
68.386
68.386
68.386
68.386
68.386
68.386
68.386
68.386
68.386
68.386
68.386
68.386
68.386
68.386
68.386
68.386
68.386
68.386
68.386
68.386
68.386
68.386
68.386
68.386
68.386
68.386
68.386
68.386
68.386
68.386
68.386
68.386
68.386
68.386
68.386
68.386
68.386
68.386
68.386
68.386
68.386
68.386
68.386
68.386
68.386
68.386
68.386
68.386
68.386
68.386
68.386
68.386
68.386
68.386
68.386
68.386
68.386
68.386
68.386
68.386
68.386
68.386
68.386
68.386
68.386
68.386
68.386
68.386
68.386
68.386
68.386
68.386
68.386
68.386
68.386
68.386
68.386
68.386
68.386
68.386
68.386
68.386
68.386
68.386
68.386
68.386
68.386
68.386
68.386
68.386
68.386
68.386
68.386
68.386
68.386
68.386
68.386
68.386
68.386
68.386
68.386
68.386
68.386
68.386
68.386
68.386
68.386
68.386
68.386
68.386
68.386
68.386
68.386
68.386
68.386
68.386
68.386
68.386
68.386
68.386
68.386
68.386
68.386
68.386
68.386
68.386
68.386
68.386
68.386
68.386
68.386
68.386
68.386
68.386
68.386
68.386
68.386
68.386
68.386
68.386
68.386
68.386
68.386
68.386
68.386
68.386
68.386
68.386
68.386
68.386
68.386
68.386
68.386
68.386
68.386
68.386
68.386
68.386
68.386
68.386
68.386
68.386
68.386
68.386
68.386
68.386
68.386
68.386
68.386
68.386
68.386
68.386
68.386
68.386
68.386
68.386
68.386
68.386
68.386
68.386
68.386
68.386
68.386
68.386
68.386
68.386
68.386
68.386
68.386
68.386
68.386
68.386
68.386
68.386
68.386
68.386
68.386
68.386
68.386
68.386
68.386
68.386
68.386
68.386
68.386
68.386
68.386
68.386
68.386
68.386
68.386
68.386
68.386
68.386
68.386
68.386
68.386
68.386
68.386
68.386
68.386
68.386
68.386
68.386
68.386
68.386
68.386
68.386
68.386
68.386
68.386
68.386
68.386
68.386
68.386
68.386
68.386
68.386
68.386
68.386
68.386
68.386
68.386
68.386
68.386
68.386
68.386
68.386
68.386
68.386
68.386
68.386
68.386
68.386
68.386
68.386
68.386
68.386
68.386
68.386
68.386
68.386
68.386
68.386
68.386
68.386
68.386
68.386
68.386
68.386
68.386
68.386
68.386
68.386
68.386
68.386
68.386
68.386
68.386
68.386
68.386
68.386
68.386
68.386
68.386
68.386
68.386
68.386
68.386
68.386
68.386
68.386
68.386
68.386
68.386
68.386
68.386
68.386
68.386
68.386
68.386
68.386
68.386
68.386
68.386
68.386
68.386
68.386
68.386
68.386
68.386
68.386
68.386
68.386
68.386
68.386
68.386
68.386
68.386
68.386
68.386
68.386
68.386
68.386
68.386
68.386
68.386
68.386
68.386
68.386
68.386
68.386
68.386
68.386
68.386
68.386
68.386
68.386
68.386
68.386
68.386
68.386
68.386
68.386
68.386
68.386
68.386
68.386
68.386
68.386
68.386
68.386
68.386
68.386
68.386
68.386
68.386
68.386
68.386
68.386
68.386
68.386
68.386
68.386
68.386
68.386
68.386
68.386
68.386
68.386
68.386
68.386
68.386
68.386
68.386
68.386
68.386
68.386
68.386
68.386
68.386
68.386
68.386
68.386
68.386
68.386
68.386
68.386
68.386
68.386
68.386
68.386
68.386
68.386
68.386
68.386
68.386
68.386
68.386
68.386
68.386
68.386
68.386
68.386
68.386
68.386
68.386
68.386
68.386
68.386
68.386
68.386
68.386
68.386
68.386
68.386
68.386
68.386
68.386
68.386
68.386
68.386
68.386
68.386
68.386
68.386
68.386
68.386
68.386
68.386
68.386
68.386
68.386
68.386
68.386
68.386
68.386
68.386
68.386
68.386
68.386
68.386
68.386
68.386
68.386
68.386
68.386
68.386
68.386
68.386
68.386
68.386
68.386
68.386
68.386
68.386
68.386
68.386
68.386
68.386
68.386
68.386
68.386
68.386
68.386
68.386
68.386
68.386
68.386
68.386
68.386
68.386
68.386
68.386
68.386
68.386
68.386
68.386
68.386
68.386
68.386
68.386
68.386
68.386
68.386
68.386
68.386
68.386
68.386
68.386
68.386
68.386
68.386
68.386
68.386
68.386
68.386
68.386
68.386
68.386
68.386
68.386
68.386
68.386
68.386
68.386
68.386
68.386
68.386
68.386
68.386
68.386
68.386
68.386
68.386
68.386
68.386
68.386
68.386
68.386
68.386
68.386
68.386
68.386
68.386
68.386
68.386
68.386
68.386
68.386
68.386
68.386
68.386
68.386
68.386
68.386
68.386
68.386
68.386
68.386
68.386
68.386
68.386
68.386
68.386
68.386
68.386
68.386
68.386
68.386
68.386
68.386
68.386
68.386
68.386
68.386
68.386
68.386
68.386
68.386
68.386
68.386
68.386
68.386
68.386
68.386
68.386
68.386
68.386
68.386
68.386
68.386
68.386
68.386
68.386
68.386
68.386
68.386
68.386
68.386
68.386
68.386
68.386
68.386
68.386
68.386
68.386
68.386
68.386
68.386
68.386
68.386
68.386
68.386
68.386
68.386
68.386
68.386
68.386
68.386
68.386
68.386
68.386
68.386
68.386
68.386
68.386
68.386
68.386
68.386
68.386
68.386
68.386
68.386
68.386
68.386
68.386
68.386
68.386
68.386
68.386
68.386
68.386
68.386
68.386
68.386
68.386
68.386
68.386
68.386
68.386
68.386
68.386
68.386
68.386
68.386
68.386
68.386
68.386
68.386
68.386
68.386
68.386
68.386
68.386
68.386
68.386
68.386
68.386
68.386
68.386
68.386
68.386
68.386
68.386
68.386
68.386
68.386
68.386
68.386
68.386
68.386
68.386
68.386
68.386
68.386
68.386
68.386
68.386
68.386
68.386
68.386
68.386
68.386
68.386
68.386
68.386
68.386
68.386
68.386
68.386
68.386
68.386
68.386
68.386
68.386
68.386
68.386
68.386
68.386
68.386
68.386
68.386
68.386
68.386
68.386
68.386
68.386
68.386
68.386
68.386
68.386
68.386
68.386
68.386
68.386
68.386
68.386
68.386
68.386
68.386
68.386
68.386
68.386
68.386
68.386
68.386
68.386
68.386
68.386
68.386
68.386
68.386
68.386
68.386
68.386
68.386
68.386
68.386
68.386
68.386
68.386
68.386
68.386
68.386
68.386
68.386
68.386
68.386
68.386
68.386
68.386
68.386
68.386
68.386
68.386
68.386
68.386
68.386
68.386
68.386
68.386
68.386
68.386
68.386
68.386
68.386
68.386
68.386
68.386
68.386
68.386
68.386
68.386
68.386
68.386
68.386
68.386
68.386
68.386
68.386
68.386
68.386
68.386
68.386
68.386
68.386
68.386
68.386
68.386
68.386
68.386
68.386
68.386
68.386
68.386
68.386
68.386
68.386
68.386
68.386
68.386
68.386
68.386
68.386
68.386
68.386
68.386
68.386
68.386
68.386
68.386
68.386
68.386
68.386
68.386
68.386
68.386
68.386
68.386
68.386
68.386
68.386
68.386
68.386
68.386
68.386
68.386
68.386
68.386
68.386
68.386
68.386
68.386
68.386
68.386
68.386
68.386
68.386
68.386
68.386
68.386
68.386
68.386
68.386
68.386
68.386
68.386
68.386
68.386
68.386
68.386
68.386
68.386
68.386
68.386
68.386
68.386
68.386
68.386
68.386
68.386
68.386
68.386
68.386
68.386
68.386
68.386
68.386
68.386
68.386
68.386
68.386
68.386
68.386
68.386
68.386
68.386
68.386
68.386
68.386
68.386
68.386
68.386
68.386
68.386
68.386
68.386
68.386
68.386
68.386
68.386
68.386
68.386
68.386
68.386
68.386
68.386
68.386
68.386
68.386
68.386
68.386
68.386
68.386
68.386
68.386
68.386
68.386
68.386
68.386
68.386
68.386
68.386
68.386
68.386
68.386
68.386
68.386
68.386
68.386
68.386
68.386
68.386
68.386
68.386
68.386
68.386
68.386
68.386
68.386
68.386
68.386
68.386
68.386
68.386
68.386
68.386
68.386
68.386
68.386
68.386
68.386
68.386
68.386
68.386
68.386
68.386
68.386
68.386
68.386
68.386
68.386
68.386
68.386
68.386
68.386
68.386
68.386
68.386
68.386
68.386
68.386
68.386
68.386
68.386
68.386
68.386
68.386
68.386
68.386
68.386
68.386
68.386
68.386
68.386
68.386
68.386
68.386
68.386
68.386
68.386
68.386
68.386
68.386
68.386
68.386
68.386
68.386
68.386
68.386
68.386
68.386
68.386
68.386
68.386
68.386
68.386
68.386
68.386
68.386
68.386
68.386
68.386
68.386
68.386
68.386
68.386
68.386
68.386
68.386
68.386
68.386
68.386
68.386
68.386
68.386
68.386
68.386
68.386
68.386
68.386
68.386
68.386
68.386
68.386
68.386
68.386
68.386
68.386
68.386
68.386
68.386
68.386
68.386
68.386
68.386
68.386
68.386
68.386
68.386
68.386
68.386
68.386
68.386
68.386
68.386
68.386
68.386
68.386
68.386
68.386
68.386
68.386
68.386
68.386
68.386
68.386
68.386
68.386
68.386
68.386
68.386
68.386
68.386
68.386
68.386
68.386
68.386
68.386
68.386
68.386
68.386
68.386
68.386
68.386
68.386
68.386
68.386
68.386
68.386
68.386
68.386
68.386
68.386
68.386
68.386
68.386
68.386
68.386
68.386
68.386
68.386
68.386
68.386
68.386
68.386
68.386
68.386
68.386
68.386
68.386
68.386
68.386
68.386
68.386
68.386
68.386
68.386
68.386
68.386
68.386
68.386
68.386
68.386
68.386
68.386
68.386
68.386
68.386
68.386
68.386
68.386
68.386
68.386
68.386
68.386
68.386
68.386
68.386
68.386
68.386
68.386
68.386
68.386
68.386
68.386
68.386
68.386
68.386
68.386
68.386
68.386
68.386
68.386
68.386
68.386
68.386
68.386
68.386
68.386
68.386
68.386
68.386
68.386
68.386
68.386
68.386
68.386
68.386
68.386
68.386
68.386
68.386
68.386
68.386
68.386
68.386
68.386
68.386
68.386
68.386
68.386
68.386
68.386
68.386
68.386
68.386
68.386
68.386
68.386
68.386
68.386
68.386
68.386
68.386
68.386
68.386
68.386
68.386
68.386
68.386
68.386
68.386
68.386
68.386
68.386
68.386
68.386
68.386
68.386
68.386
68.386
68.386
68.386
68.386
68.386
68.386
68.386
68.386
68.386
68.386
68.386
68.386
68.386
68.386
68.386
68.386
68.386
68.386
68.386
68.386
68.386
68.386
68.386
68.386
68.386
68.386
68.386
68.386
68.386
68.386
68.386
68.386
68.386
68.386
68.386
68.386
68.386
68.386
68.386
68.386
68.386
68.386
68.386
68.386
68.386
68.386
68.386
68.386
68.386
68.386
68.386
68.386
68.386
68.386
68.386
68.386
68.386
68.386
68.386
68.386
68.386
68.386
68.386
68.386
68.386
68.386
68.386
68.386
68.386
68.386
68.386
68.386
68.386
68.386
68.386
68.386
68.386
68.386
68.386
68.386
68.386
68.386
68.386
68.386
68.386
68.386
68.386
68.386
68.386
68.386
68.386
68.386
68.386
68.386
68.386
68.386
68.386
68.386
68.386
68.386
68.386
68.386
68.386
68.386
68.386
68.386
68.386
68.386
68.386
68.386
68.386
68.386
68.386
68.386
68.386
68.386
68.386
68.386
68.386
68.386
68.386
68.386
68.386
68.386
68.386
68.386
68.386
68.386
68.386
68.386
68.386
68.386
68.386
68.386
68.386
68.386
68.386
68.386
68.386
68.386
68.386
68.386
68.386
68.386
68.386
68.386
68.386
68.386
68.386
68.386
68.386
68.386
68.386
68.386
68.386
68.386
68.386
68.386
68.386
68.386
68.386
68.386
68.386
68.386
68.386
68.386
68.386
68.386
68.386
68.386
68.386
68.386
68.386
68.386
68.386
68.386
68.386
68.386
68.386
68.386
68.386
68.386
68.386
68.386
68.386
68.386
68.386
68.386
68.386
68.386
68.386
68.386
68.386
68.386
68.386
68.386
68.386
68.386
68.386
68.386
68.386
68.386
68.386
68.386
68.386
68.386
68.386
68.386
68.386
68.386
68.386
68.386
68.386
68.386
68.386
68.386
68.386
68.386
68.386
68.386
68.386
68.386
68.386
68.386
68.386
68.386
68.386
68.386
68.386
68.386
68.386
68.386
68.386
68.386
68.386
68.386
68.386
68.386
68.386
68.386
68.386
68.386
68.386
68.386
68.386
68.386
68.386
68.386
68.386
68.386
68.386
68.386
68.386
68.386
68.386
68.386
68.386
68.386
68.386
68.386
68.386
68.386
68.386
68.386
68.386
68.386
68.386
68.386
68.386
68.386
68.386
68.386
68.386
68.386
68.386
68.386
68.386
68.386
68.386
68.386
68.386
68.386
68.386
68.386
68.386
68.386
68.386
68.386
68.386
68.386
68.386
68.386
68.386
68.386
68.386
68.386
68.386
68.386
68.386
68.386
68.386
68.386
68.386
68.386
68.386
68.386
68.386
68.386
68.386
68.386
68.386
68.386
68.386
68.386
68.386
68.386
68.386
68.386
68.386
68.386
68.386
68.386
68.386
68.386
68.386
68.386
68.386
68.386
68.386
68.386
68.386
68.386
68.386
68.386
68.386
68.386
68.386
68.386
68.386
68.386
68.386
68.386
68.386
68.386
68.386
68.386
68.386
68.386
68.386
68.386
68.386
68.386
68.386
68.386
68.386
68.386
68.386
68.386
68.386
68.386
68.386
68.386
68.386
68.386
68.386
68.386
68.386
68.386
68.386
68.386
68.386
68.386
68.386
68.386
68.386
68.386
68.386
68.386
68.386
68.386
68.386
68.386
68.386
68.386
68.386
68.386
68.386
68.386
68.386
68.386
68.386
68.386
68.386
68.386
68.386
68.386
68.386
68.386
68.386
68.386
68.386
68.386
68.386
68.386
68.386
68.386
68.386
68.386
68.386
68.386
68.386
68.386
68.386
68.386
68.386
68.386
68.386
68.386
68.386
68.386
68.386
68.386
68.386
68.386
68.386
68.386
68.386
68.386
68.386
68.386
68.386
68.386
68.386
68.386
68.386
68.386
68.386
68.386
68.386
68.386
68.386
68.386
68.386
68.386
68.386
68.386
68.386
68.386
68.386
68.386
68.386
68.386
68.386
68.386
68.386
68.386
68.386
68.386
68.386
68.386
68.386
68.386
68.386
68.386
68.386
68.386
68.386
68.386
68.386
68.386
68.386
68.386
68.386
68.386
68.386
68.386
68.386
68.386
68.386
68.386
68.386
68.386
68.386
68.386
68.386
68.386
68.386
68.386
68.386
68.386
68.386
68.386
68.386
68.386
68.386
68.386
68.386
68.386
68.386
68.386
68.386
68.386
68.386
68.386
68.386
68.386
68.386
68.386
68.386
68.386
68.386
68.386
68.386
68.386
68.386
68.386
68.386
68.386
68.386
68.386
68.386
68.386
68.386
68.386
68.386
68.386
68.386
68.386
68.386
68.386
68.386
68.386
68.386
68.386
68.386
68.386
68.386
68.386
68.386
68.386
68.386
68.386
68.386
68.386
68.386
68.386
68.386
68.386
68.386
68.386
68.386
68.386
68.386
68.386
68.386
68.386
68.386
68.386
68.386
68.386
68.386
68.386
68.386
68.386
68.386
68.386
68.386
68.386
68.386
68.386
68.386
68.386
68.386
68.386
68.386
68.386
68.386
68.386
68.386
68.386
68.386
68.386
68.386
68.386
68.386
68.386
68.386
68.386
68.386
68.386
68.386
68.386
68.386
68.386
68.386
68.386
68.386
68.386
68.386
68.386
68.386
68.386
68.386
68.386
68.386
68.386
68.386
68.386
68.386
68.386
68.386
68.386
68.386
68.386
68.386
68.386
68.386
68.386
68.386
68.386
68.386
68.386
68.386
68.386
68.386
68.386
68.386
68.386
68.386
68.386
68.386
68.386
68.386
68.386
68.386
68.386
68.386
68.386
68.386
68.386
68.386
68.386
68.386
68.386
68.386
68.386
68.386
68.386
68.386
68.386
68.386
68.386
68.386
68.386
68.386
68.386
68.386
68.386
68.386
68.386
68.386
68.386
68.386
68.386
68.386
68.386
68.386
68.386
68.386
68.386
68.386
68.386
68.386
68.386
68.386
68.386
68.386
68.386
68.386
68.386
68.386
68.386
68.386
68.386
68.386
68.386
68.386
68.386
68.386
68.386
68.386
68.386
68.386
68.386
68.386
68.386
68.386
68.386
68.386
68.386
68.386
68.386
68.386
68.386
68.386
68.386
68.386
68.386
68.386
68.386
68.386
68.386
68.386
68.386
68.386
68.386
68.386
68.386
68.386
68.386
68.386
68.386
68.386
68.386
68.386
68.386
68.386
68.386
68.386
68.386
68.386
68.386
68.386
68.386
68.386
68.386
68.386
68.386
68.386
68.386
68.386
68.386
68.386
68.386
68.386
68.386
68.386
68.386
68.386
68.386
68.386
68.386
68.386
68.386
68.386
68.386
68.386
68.386
68.386
68.386
68.386
68.386
68.386
68.386
68.386
68.386
68.386
68.386
68.386
68.386
68.386
68.386
68.386
68.386
68.386
68.386
68.386
68.386
68.386
68.386
68.386
68.386
68.386
68.386
68.386
68.386
68.386
68.386
68.386
68.386
68.386
68.386
68.386
68.386
68.386
68.386
68.386
68.386
68.386
68.386
68.386
68.386
68.386
68.386
68.386
68.386
68.386
68.386
68.386
68.386
68.386
68.386
68.386
68.386
68.386
68.386
68.386
68.386
68.386
68.386
68.386
68.386
68.386
68.386
68.386
68.386
68.386
68.386
68.386
68.386
68.386
68.386
68.386
68.386
68.386
68.386
68.386
68.386
68.386
68.386
68.386
68.386
68.386
68.386
68.386
68.386
68.386
68.386
68.386
68.386
68.386
68.386
68.386
68.386
68.386
68.386
68.386
68.386
68.386
68.386
68.386
68.386
68.386
68.386
68.386
68.386
68.386
68.386
68.386
68.386
68.386
68.386
68.386
68.386
68.386
68.386
68.386
68.386
68.386
68.386
68.386
68.386
68.386
68.386
68.386
68.386
68.386
68.386
68.386
68.386
68.386
68.386
68.386
68.386
68.386
68.386
68.386
68.386
68.386
68.386
68.386
68.386
68.386
68.386
68.386
68.386
68.386
68.386
68.386
68.386
68.386
68.386
68.386
68.386
68.386
68.386
68.386
68.386
68.386
68.386
68.386
68.386
68.386
68.386
68.386
68.386
68.386
68.386
68.386
68.386
68.386
68.386
68.386
68.386
68.386
68.386
68.386
68.386
68.386
68.386
68.386
68.386
68.386
68.386
68.386
68.386
68.386
68.386
68.386
68.386
68.386
68.386
68.386
68.386
68.386
68.386
68.386
68.386
68.386
68.386
68.386
68.386
68.386
68.386
68.386
68.386
68.386
68.386
68.386
68.386
68.386
68.386
68.386
68.386
68.386
68.386
68.386
68.386
68.386
68.386
68.386
68.386
68.386
68.386
68.386
68.386
68.386
68.386
68.386
68.386
68.386
68.386
68.386
68.386
68.386
68.386
68.386
68.386
68.386
68.386
68.386
68.386
68.386
68.386
68.386
68.386
68.386
68.386
68.386
68.386
68.386
68.386
68.386
68.386
68.386
68.386
68.386
68.386
68.386
68.386
68.386
68.386
68.386
68.386
68.386
68.386
68.386
68.386
68.386
68.386
68.386
68.386
68.386
68.386
68.386
68.386
68.386
68.386
68.386
68.386
68.386
68.386
68.386
68.386
68.386
68.386
68.386
68.386
68.386
68.386
68.386
68.386
68.386
68.386
68.386
68.386
68.386
68.386
68.386
68.386
68.386
68.386
68.386
68.386
68.386
68.386
68.386
68.386
68.386
68.386
68.386
68.386
68.386
68.386
68.386
68.386
68.386
68.386
68.386
68.386
68.386
68.386
68.386
68.386
68.386
68.386
68.386
68.386
68.386
68.386
68.386
68.386
68.386
68.386
68.386
68.386
68.386
68.386
68.386
68.386
68.386
68.386
68.386
68.386
68.386
68.386
68.386
68.386
68.386
68.386
68.386
68.386
68.386
68.386
68.386
68.386
68.386
68.386
68.386
68.386
68.386
68.386
68.386
68.386
68.386
68.386
68.386
68.386
68.386
68.386
68.386
68.386
68.386
68.386
68.386
68.386
68.386
68.386
68.386
68.386
68.386
68.386
68.386
68.386
68.386
68.386
68.386
68.386
68.386
68.386
68.386
68.386
68.386
68.386
68.386
68.386
68.386
68.386
68.386
68.386
68.386
68.386
68.386
68.386
68.386
68.386
68.386
68.386
68.386
68.386
68.386
68.386
68.386
68.386
68.386
68.386
68.386
68.386
68.386
68.386
68.386
68.386
68.386
68.386
68.386
68.386
68.386
68.386
68.386
68.386
68.386
68.386
68.386
68.386
68.386
68.386
68.386
68.386
68.386
68.386
68.386
68.386
68.386
68.386
68.386
68.386
68.386
68.386
68.386
68.386
68.386
68.386
68.386
68.386
68.386
68.386
68.386
68.386
68.386
68.386
68.386
68.386
68.386
68.386
68.386
68.386
68.386
68.386
68.386
68.386
68.386
68.386
68.386
68.386
68.386
68.386
68.386
68.386
68.386
68.386
68.386
68.386
68.386
68.386
68.386
68.386
68.386
68.386
68.386
68.386
68.386
68.386
68.386
68.386
68.386
68.386
68.386
68.386
68.386
68.386
68.386
68.386
68.386
68.386
68.386
68.386
68.386
68.386
68.386
68.386
68.386
68.386
68.386
68.386
68.386
68.386
68.386
68.386
68.386
68.386
68.386
68.386
68.386
68.386
68.386
68.386
68.386
68.386
68.386
68.386
68.386
68.386
68.386
68.386
68.386
68.386
68.386
68.386
68.386
68.386
68.386
68.386
68.386
68.386
68.386
68.386
68.386
68.386
68.386
68.386
68.386
68.386
68.386
68.386
68.386
68.386
68.386
68.386
68.386
68.386
68.386
68.386
68.386
68.386
68.386
68.386
68.386
68.386
68.386
68.386
68.386
68.386
68.386
68.386
68.386
68.386
68.386
68.386
68.386
68.386
68.386
68.386
68.386
68.386
68.386
68.386
68.386
68.386
68.386
68.386
68.386
68.386
68.386
68.386
68.386
68.386
68.386
68.386
68.386
68.386
68.386
68.386
68.386
68.386
68.386
68.386
68.386
68.386
68.386
68.386
68.386
68.386
68.386
68.386
68.386
68.386
68.386
68.386
68.386
68.386
68.386
68.386
68.386
68.386
68.386
68.386
68.386
68.386
68.386
68.386
68.386
68.386
68.386
68.386
68.386
68.386
68.386
68.386
68.386
68.386
68.386
68.386
68.386
68.386
68.386
68.386
68.386
68.386
68.386
68.386
68.386
68.386
68.386
68.386
68.386
68.386
68.386
68.386
68.386
68.386
68.386
68.386
68.386
68.386
68.386
68.386
68.386
68.386
68.386
68.386
68.386
68.386
68.386
68.386
68.386
68.386
68.386
68.386
68.386
68.386
68.386
68.386
68.386
68.386
68.386
68.386
68.386
68.386
68.386
68.386
68.386
68.386
68.386
68.386
68.386
68.386
68.386
68.386
68.386
68.386
68.386
68.386
68.386
68.386
68.386
68.386
68.386
68.386
68.386
68.386
68.386
68.386
68.386
68.386
68.386
68.386
68.386
68.386
68.386
68.386
68.386
68.386
68.386
68.386
68.386
68.386
68.386
68.386
68.386
68.386
68.386
68.386
68.386
68.386
68.386
68.386
68.386
68.386
68.386
68.386
68.386
68.386
68.386
68.386
68.386
68.386
68.386
68.386
68.386
68.386
68.386
68.386
68.386
68.386
68.386
68.386
68.386
68.386
68.386
68.386
68.386
68.386
68.386
68.386
68.386
68.386
68.386
68.386
68.386
68.386
68.386
68.386
68.386
68.386
68.386
68.386
68.386
68.386
68.386
68.386
68.386
68.386
68.386
68.386
68.386
68.386
68.386
68.386
68.386
68.386
68.386
68.386
68.386
68.386
68.386
68.386
68.386
68.386
68.386
68.386
68.386
68.386
68.386
68.386
68.386
68.386
68.386
68.386
68.386
68.386
68.386
68.386
68.386
68.386
68.386
68.386
68.386
68.386
68.386
68.386
68.386
68.386
68.386
68.386
68.386
68.386
68.386
68.386
68.386
68.386
68.386
68.386
68.386
68.386
68.386
68.386
68.386
68.386
68.386
68.386
68.386
68.386
68.386
68.386
68.386
68.386
68.386
68.386
68.386
68.386
68.386
68.386
68.386
68.386
68.386
68.386
68.386
68.386
68.386
68.386
68.386
68.386
68.386
68.386
68.386
68.386
68.386
68.386
68.386
68.386
68.386
68.386
68.386
68.386
68.386
68.386
68.386
68.386
68.386
68.386
68.386
68.386
68.386
68.386
68.386
68.386
68.386
68.386
68.386
68.386
68.386
68.386
68.386
68.386
68.386
68.386
68.386
68.386
68.386
68.386
68.386
68.386
68.386
68.386
68.386
68.386
68.386
68.386
68.386
68.386
68.386
68.386
68.386
68.386
68.386
68.386
68.386
68.386
68.386
68.386
68.386
68.386
68.386
68.386
68.386
68.386
68.386
68.386
68.386
68.386
68.386
68.386
68.386
68.386
68.386
68.386
68.386
68.386
68.386
68.386
68.386
68.386
68.386
68.386
68.386
68.386
68.386
68.386
68.386
68.386
68.386
68.386
68.386
68.386
68.386
68.386
68.386
68.386
68.386
68.386
68.386
68.386
68.386
68.386
68.386
68.386
68.386
68.386
68.386
68.386
68.386
68.386
68.386
68.386
68.386
68.386
68.386
68.386
68.386
68.386
68.386
68.386
68.386
68.386
68.386
68.386
68.386
68.386
68.386
68.386
68.386
68.386
68.386
68.386
68.386
68.386
68.386
68.386
68.386
68.386
68.386
68.386
68.386
68.386
68.386
68.386
68.386
68.386
68.386
68.386
68.386
68.386
68.386
68.386
68.386
68.386
68.386
68.386
68.386
68.386
68.386
68.386
68.386
68.386
68.386
68.386
68.386
68.386
68.386
68.386
68.386
68.386
68.386
68.386
68.386
68.386
68.386
68.386
68.386
68.386
68.386
68.386
68.386
68.386
68.386
68.386
68.386
68.386
68.386
68.386
68.386
68.386
68.386
68.386
68.386
68.386
68.386
68.386
68.386
68.386
68.386
68.386
68.386
68.386
68.386
68.386
68.386
68.386
68.386
68.386
68.386
68.386
68.386
68.386
68.386
68.386
68.386
68.386
68.386
68.386
68.386
68.386
68.386
68.386
68.386
68.386
68.386
68.386
68.386
68.386
68.386
68.386
68.386
68.386
68.386
68.386
68.386
68.386
68.386
68.386
68.386
68.386
68.386
68.386
68.386
68.386
68.386
68.386
68.386
68.386
68.386
68.386
68.386
68.386
68.386
68.386
68.386
68.386
68.386
68.386
68.386
68.386
68.386
68.386
68.386
68.386
68.386
68.386
68.386
68.386
68.386
68.386
68.386
68.386
68.386
68.386
68.386
68.386
68.386
68.386
68.386
68.386
68.386
68.386
68.386
68.386
68.386
68.386
68.386
68.386
68.386
68.386
68.386
68.386
68.386
68.386
68.386
68.386
68.386
68.386
68.386
68.386
68.386
68.386
68.386
68.386
68.386
68.386
68.386
68.386
68.386
68.386
68.386
68.386
68.386
68.386
68.386
68.386
68.386
68.386
68.386
68.386
68.386
68.386
68.386
68.386
68.386
68.386
68.386
68.386
68.386
68.386
68.386
68.386
68.386
68.386
68.386
68.386
68.386
68.386
68.386
68.386
68.386
68.386
68.386
68.386
68.386
68.386
68.386
68.386
68.386
68.386
68.386
68.386
68.386
68.386
68.386
68.386
68.386
68.386
68.386
68.386
68.386
68.386
68.386
68.386
68.386
68.386
68.386
68.386
68.386
68.386
68.386
68.386
68.386
68.386
68.386
68.386
68.386
68.386
68.386
68.386
68.386
68.386
68.386
68.386
68.386
68.386
68.386
68.386
68.386
68.386
68.386
68.386
68.386
68.386
68.386
68.386
68.386
68.386
68.386
68.386
68.386
68.386
68.386
68.386
68.386
68.386
68.386
68.386
68.386
68.386
68.386
68.386
68.386
68.386
68.386
68.386
68.386
68.386
68.386
68.386
68.386
68.386
68.386
68.386
68.386
68.386
68.386
68.386
68.386
68.386
68.386
68.386
68.386
68.386
68.386
68.386
68.386
68.386
68.386
68.386
68.386
68.386
68.386
68.386
68.386
68.386
68.386
68.386
68.386
68.386
68.386
68.386
68.386
68.386
68.386
68.386
68.386
68.386
68.386
68.386
68.386
68.386
68.386
68.386
68.386
68.386
68.386
68.386
68.386
68.386
68.386
68.386
68.386
68.386
68.386
68.386
68.386
68.386
68.386
68.386
68.386
68.386
68.386
68.386
68.386
68.386
68.386
68.386
68.386
68.386
68.386
68.386
68.386
68.386
68.386
68.386
68.386
68.386
68.386
68.386
68.386
68.386
68.386
68.386
68.386
68.386
68.386
68.386
68.386
68.386
68.386
68.386
68.386
68.386
68.386
68.386
68.386
68.386
68.386
68.386
68.386
68.386
68.386
68.386
68.386
68.386
68.386
68.386
68.386
68.386
68.386
68.386
68.386
68.386
68.386
68.386
68.386
68.386
68.386
68.386
68.386
68.386
68.386
68.386
68.386
68.386
68.386
68.386
68.386
68.386
68.386
68.386
68.386
68.386
68.386
68.386
68.386
68.386
68.386
68.386
68.386
68.386
68.386
68.386
68.386
68.386
68.386
68.386
68.386
68.386
68.386
68.386
68.386
68.386
68.386
68.386
68.386
68.386
68.386
68.386
68.386
68.386
68.386
68.386
68.386
68.386
68.386
68.386
68.386
68.386
68.386
68.386
68.386
68.386
68.386
68.386
68.386
68.386
68.386
68.386
68.386
68.386
68.386
68.386
68.386
68.386
68.386
68.386
68.386
68.386
68.386
68.386
68.386
68.386
68.386
68.386
68.386
68.386
68.386
68.386
68.386
68.386
68.386
68.386
68.386
68.386
68.386
68.386
68.386
68.386
68.386
68.386
68.386
68.386
68.386
68.386
68.386
68.386
68.386
68.386
68.386
68.386
68.386
68.386
68.386
68.386
68.386
68.386
68.386
68.386
68.386
68.386
68.386
68.386
68.386
68.386
68.386
68.386
68.386
68.386
68.386
68.386
68.386
68.386
68.386
68.386
68.386
68.386
68.386
68.386
68.386
68.386
68.386
68.386
68.386
68.386
68.386
68.386
68.386
68.386
68.386
68.386
68.386
68.386
68.386
68.386
68.386
68.386
68.386
68.386
68.386
68.386
68.386
68.386
68.386
68.386
68.386
68.386
68.386
68.386
68.386
68.386
68.386
68.386
68.386
68.386
68.386
68.386
68.386
68.386
68.386
68.386
68.386
68.386
68.386
68.386
68.386
68.386
68.386
68.386
68.386
68.386
68.386
68.386
68.386
68.386
68.386
68.386
68.386
68.386
68.386
68.386
68.386
68.386
68.386
68.386
68.386
68.386
68.386
68.386
68.386
68.386
68.386
68.386
68.386
68.386
68.386
68.386
68.386
68.386
68.386
68.386
68.386
68.386
68.386
68.386
68.386
68.386
68.386
68.386
68.386
68.386
68.386
68.386
68.386
68.386
68.386
68.386
68.386
68.386
68.386
68.386
68.386
68.386
68.386
68.386
68.386
68.386
68.386
68.386
68.386
68.386
68.386
68.386
68.386
68.386
68.386
68.386
68.386
68.386
68.386
68.386
68.386
68.386
68.386
68.386
68.386
68.386
68.386
68.386
68.386
68.386
68.386
68.386
68.386
68.386
68.386
68.386
68.386
68.386
68.386
68.386
68.386
68.386
68.386
68.386
68.386
68.386
68.386
68.386
68.386
68.386
68.386
68.386
68.386
68.386
68.386
68.386
68.386
68.386
68.386
68.386
68.386
68.386
68.386
68.386
68.386
68.386
68.386
68.386
68.386
68.386
68.386
68.386
68.386
68.386
68.386
68.386
68.386
68.386
68.386
68.386
68.386
68.386
68.386
68.386
68.386
68.386
68.386
68.386
68.386
68.386
68.386
68.386
68.386
68.386
68.386
68.386
68.386
68.386
68.386
68.386
68.386
68.386
68.386
68.386
68.386
68.386
68.386
68.386
68.386
68.386
68.386
68.386
68.386
68.386
68.386
68.386
68.386
68.386
68.386
68.386
68.386
68.386
68.386
68.386
68.386
68.386
68.386
68.386
68.386
68.386
68.386
68.386
68.386
68.386
68.386
68.386
68.386
68.386
68.386
68.386
68.386
68.386
68.386
68.386
68.386
68.386
68.386
68.386
68.386
68.386
68.386
68.386
68.386
68.386
68.386
68.386
68.386
68.386
68.386
68.386
68.386
68.386
68.386
68.386
68.386
68.386
68.386
68.386
68.386
68.386
68.386
68.386
68.386
68.386
68.386
68.386
68.386
68.386
68.386
68.386
68.386
68.386
68.386
68.386
68.386
68.386
68.386
68.386
68.386
68.386
68.386
68.386
68.386
68.386
68.386
68.386
68.386
68.386
68.386
68.386
68.386
68.386
68.386
68.386
68.386
68.386
68.386
68.386
68.386
68.386
68.386
68.386
68.386
68.386
68.386
68.386
68.386
68.386
68.386
68.386
68.386
68.386
68.386
68.386
68.386
68.386
68.386
68.386
68.386
68.386
68.386
68.386
68.386
68.386
68.386
68.386
68.386
68.386
68.386
68.386
68.386
68.386
68.386
68.386
68.386
68.386
68.386
68.386
68.386
68.386
68.386
68.386
68.386
68.386
68.386
68.386
68.386
68.386
68.386
68.386
68.386
68.386
68.386
68.386
68.386
68.386
68.386
68.386
68.386
68.386
68.386
68.386
68.386
68.386
68.386
68.386
68.386
68.386
68.386
68.386
68.386
68.386
68.386
68.386
68.386
68.386
68.386
68.386
68.386
68.386
68.386
68.386
68.386
68.386
68.386
68.386
68.386
68.386
68.386
68.386
68.386
68.386
68.386
68.386
68.386
68.386
68.386
68.386
68.386
68.386
68.386
68.386
68.386
68.386
68.386
68.386
68.386
68.386
68.386
68.386
68.386
68.386
68.386
68.386
68.386
68.386
68.386
68.386
68.386
68.386
68.386
68.386
68.386
68.386
68.386
68.386
68.386
68.386
68.386
68.386
68.386
68.386
68.386
68.386
68.386
68.386
68.386
68.386
68.386
68.386
68.386
68.386
68.386
68.386
68.386
68.386
68.386
68.386
68.386
68.386
68.386
68.386
68.386
68.386
68.386
68.386
68.386
68.386
68.386
68.386
68.386
68.386
68.386
68.386
68.386
68.386
68.386
68.386
68.386
68.386
68.386
68.386
68.386
68.386
68.386
68.386
68.386
68.386
68.386
68.386
68.386
68.386
68.386
68.386
68.386
68.386
68.386
68.386
68.386
68.386
68.386
68.386
68.386
68.386
68.386
68.386
68.386
68.386
68.386
68.386
68.386
68.386
68.386
68.386
68.386
68.386
68.386
68.386
68.386
68.386
68.386
68.386
68.386
68.386
68.386
68.386
68.386
68.386
68.386
68.386
68.386
68.386
68.386
68.386
68.386
68.386
68.386
68.386
68.386
68.386
68.386
68.386
68.386
68.386
68.386
68.386
68.386
68.386
68.386
68.386
68.386
68.386
68.386
68.386
68.386
68.386
68.386
68.386
68.386
68.386
68.386
68.386
68.386
68.386
68.386
68.386
68.386
68.386
68.386
68.386
68.386
68.386
68.386
68.386
68.386
68.386
68.386
68.386
68.386
68.386
68.386
68.386
68.386
68.386
68.386
68.386
68.386
68.386
68.386
68.386
68.386
68.386
68.386
68.386
68.386
68.386
68.386
68.386
68.386
68.386
68.386
68.386
68.386
68.386
68.386
68.386
68.386
68.386
68.386
68.386
68.386
68.386
68.386
68.386
68.386
68.386
68.386
68.386
68.386
68.386
68.386
68.386
68.386
68.386
68.386
68.386
68.386
68.386
68.386
68.386
68.386
68.386
68.386
68.386
68.386
68.386
68.386
68.386
68.386
68.386
68.386
68.386
68.386
68.386
68.386
68.386
68.386
68.386
68.386
68.386
68.386
68.386
68.386
68.386
68.386
68.386
68.386
68.386
68.386
68.386
68.386
68.386
68.386
68.386
68.386
68.386
68.386
68.386
68.386
68.386
68.386
68.386
68.386
68.386
68.386
68.386
68.386
68.386
68.386
68.386
68.386
68.386
68.386
68.386
68.386
68.386
68.386
68.386
68.386
68.386
68.386
68.386
68.386
68.386
68.386
68.386
68.386
68.386
68.386
68.386
68.386
68.386
68.386
68.386
68.386
68.386
68.386
68.386
68.386
68.386
68.386
68.386
68.386
68.386
68.386
68.386
68.386
68.386
68.386
68.386
68.386
68.386
68.386
68.386
68.386
68.386
68.386
68.386
68.386
68.386
68.386
68.386
68.386
68.386
68.386
68.386
68.386
68.386
68.386
68.386
68.386
68.386
68.386
68.386
68.386
68.386
68.386
68.386
68.386
68.386
68.386
68.386
68.386
68.386
68.386
68.386
68.386
68.386
68.386
68.386
68.386
68.386
68.386
68.386
68.386
68.386
68.386
68.386
68.386
68.386
68.386
68.386
68.386
68.386
68.386
68.386
68.386
68.386
68.386
68.386
68.386
68.386
68.386
68.386
68.386
68.386
68.386
68.386
68.386
68.386
68.386
68.386
68.386
68.386
68.386
68.386
68.386
68.386
68.386
68.386
68.386
68.386
68.386
68.386
68.386
68.386
68.386
68.386
68.386
68.386
68.386
68.386
68.386
68.386
68.386
68.386
68.386
68.386
68.386
68.386
68.386
68.386
68.386
68.386
68.386
68.386
68.386
68.386
68.386
68.386
68.386
68.386
68.386
68.386
68.386
68.386
68.386
68.386
68.386
68.386
68.386
68.386
68.386
68.386
68.386
68.386
68.386
68.386
68.386
68.386
68.386
68.386
68.386
68.386
68.386
68.386
68.386
68.386
68.386
68.386
68.386
68.386
68.386
68.386
68.386
68.386
68.386
68.386
68.386
68.386
68.386
68.386
68.386
68.386
68.386
68.386
68.386
68.386
68.386
68.386
68.386
68.386
68.386
68.386
68.386
68.386
68.386
68.386
68.386
68.386
68.386
68.386
68.386
68.386
68.386
68.386
68.386
68.386
68.386
68.386
68.386
68.386
68.386
68.386
68.386
68.386
68.386
68.386
68.386
68.386
68.386
68.386
68.386
68.386
68.386
68.386
68.386
68.386
68.386
68.386
68.386
68.386
68.386
68.386
68.386
68.386
68.386
68.386
68.386
68.386
68.386
68.386
68.386
68.386
68.386
68.386
68.386
68.386
68.386
68.386
68.386
68.386
68.386
68.386
68.386
68.386
68.386
68.386
68.386
68.386
68.386
68.386
68.386
68.386
68.386
68.386
68.386
68.386
68.386
68.386
68.386
68.386
68.386
68.386
68.386
68.386
68.386
68.386
68.386
68.386
68.386
68.386
68.386
68.386
68.386
68.386
68.386
68.386
68.386
68.386
68.386
68.386
68.386
68.386
68.386
68.386
68.386
68.386
68.386
68.386
68.386
68.386
68.386
68.386
68.386
68.386
68.386
68.386
68.386
68.386
68.386
68.386
68.386
68.386
68.386
68.386
68.386
68.386
68.386
68.386
68.386
68.386
68.386
68.386
68.386
68.386
68.386
68.386
68.386
68.386
68.386
68.386
68.386
68.386
68.386
68.386
68.386
68.386
68.386
68.386
68.386
68.386
68.386
68.386
68.386
68.386
68.386
68.386
68.386
68.386
68.386
68.386
68.386
68.386
68.386
68.386
68.386
68.386
68.386
68.386
68.386
68.386
68.386
68.386
68.386
68.386
68.386
68.386
68.386
68.386
68.386
68.386
68.386
68.386
68.386
68.386
68.386
68.386
68.386
68.386
68.386
68.386
68.386
68.386
68.386
68.386
68.386
68.386
68.386
68.386
68.386
68.386
68.386
68.386
68.386
68.386
68.386
68.386
68.386
68.386
68.386
68.386
68.386
68.386
68.386
68.386
68.386
68.386
68.386
68.386
68.386
68.386
68.386
68.386
68.386
68.386
68.386
68.386
68.386
68.386
68.386
68.386
68.386
68.386
68.386
68.386
68.386
68.386
68.386
68.386
68.386
68.386
68.386
68.386
68.386
68.386
68.386
68.386
68.386
68.386
68.386
68.386
68.386
68.386
68.386
68.386
68.386
68.386
68.386
68.386
68.386
68.386
68.386
68.386
68.386
68.386
68.386
68.386
68.386
68.386
68.386
68.386
68.386
68.386
68.386
68.386
68.386
68.386
68.386
68.386
68.386
68.386
68.386
68.386
68.386
68.386
68.386
68.386
68.386
68.386
68.386
68.386
68.386
68.386
68.386
68.386
68.386
68.386
68.386
68.386
68.386
68.386
68.386
68.386
68.386
68.386
68.386
68.386
68.386
68.386
68.386
68.386
68.386
68.386
68.386
68.386
68.386
68.386
68.386
68.386
68.386
68.386
68.386
68.386
68.386
68.386
68.386
68.386
68.386
68.386
68.386
68.386
68.386
68.386
68.386
68.386
68.386
68.386
68.386
68.386
68.386
68.386
68.386
68.386
68.386
68.386
68.386
68.386
68.386
68.386
68.386
68.386
68.386
68.386
68.386
68.386
68.386
68.386
68.386
68.386
68.386
68.386
68.386
68.386
68.386
68.386
68.386
68.386
68.386
68.386
68.386
68.386
68.386
68.386
68.386
68.386
68.386
68.386
68.386
68.386
68.386
68.386
68.386
68.386
68.386
68.386
68.386
68.386
68.386
68.386
68.386
68.386
68.386
68.386
68.386
68.386
68.386
68.386
68.386
68.386
68.386
68.386
68.386
68.386
68.386
68.386
68.386
68.386
68.386
68.386
68.386
68.386
68.386
68.386
68.386
68.386
68.386
68.386
68.386
68.386
68.386
68.386
68.386
68.386
68.386
68.386
68.386
68.386
68.386
68.386
68.386
68.386
68.386
68.386
68.386
68.386
68.386
68.386
68.386
68.386
68.386
68.386
68.386
68.386
68.386
68.386
68.386
68.386
68.386
68.386
68.386
68.386
68.386
68.386
68.386
68.386
68.386
68.386
68.386
68.386
68.386
68.386
68.386
68.386
68.386
68.386
68.386
68.386
68.386
68.386
68.386
68.386
68.386
68.386
68.386
68.386
68.386
68.386
68.386
68.386
68.386
68.386
68.386
68.386
68.386
68.386
68.386
68.386
68.386
68.386
68.386
68.386
68.386
68.386
68.386
68.386
68.386
68.386
68.386
68.386
68.386
68.386
68.386
68.386
68.386
68.386
68.386
68.386
68.386
68.386
68.386
68.386
68.386
68.386
68.386
68.386
68.386
68.386
68.386
68.386
68.386
68.386
68.386
68.386
68.386
68.386
68.386
68.386
68.386
68.386
68.386
68.386
68.386
68.386
68.386
68.386
68.386
68.386
68.386
68.386
68.386
68.386
68.386
68.386
68.386
68.386
68.386
68.386
68.386
68.386
68.386
68.386
68.386
68.386
68.386
68.386
68.386
68.386
68.386
68.386
68.386
68.386
68.386
68.386
68.386
68.386
68.386
68.386
68.386
68.386
68.386
68.386
68.386
68.386
68.386
68.386
68.386
68.386
68.386
68.386
68.386
68.386
68.386
68.386
68.386
68.386
68.386
68.386
68.386
68.386
68.386
68.386
68.386
68.386
68.386
68.386
68.386
68.386
68.386
68.386
68.386
68.386
68.386
68.386
68.386
68.386
68.386
68.386
68.386
68.386
68.386
68.386
68.386
68.386
68.386
68.386
68.386
68.386
68.386
68.386
68.386
68.386
68.386
68.386
68.386
68.386
68.386
68.386
68.386
68.386
68.386
68.386
68.386
68.386
68.386
68.386
68.386
68.386
68.386
68.386
68.386
68.386
68.386
68.386
68.386
68.386
68.386
68.386
68.386
68.386
68.386
68.386
68.386
68.386
68.386
68.386
68.386
68.386
68.386
68.386
68.386
68.386
68.386
68.386
68.386
68.386
68.386
68.386
68.386
68.386
68.386
68.386
68.386
68.386
68.386
68.386
68.386
68.386
68.386
68.386
68.386
68.386
68.386
68.386
68.386
68.386
68.386
68.386
68.386
68.386
68.386
68.386
68.386
68.386
68.386
68.386
68.386
68.386
68.386
68.386
68.386
68.386
68.386
68.386
68.386
68.386
68.386
68.386
68.386
68.386
68.386
68.386
68.386
68.386
68.386
68.386
68.386
68.386
68.386
68.386
68.386
68.386
68.386
68.386
68.386
68.386
68.386
68.386
68.386
68.386
68.386
68.386
68.386
68.386
68.386
68.386
68.386
68.386
68.386
68.386
68.386
68.386
68.386
68.386
68.386
68.386
68.386
68.386
68.386
68.386
68.386
68.386
68.386
68.386
68.386
68.386
68.386
68.386
68.386
68.386
68.386
68.386
68.386
68.386
68.386
68.386
68.386
68.386
68.386
68.386
68.386
68.386
68.386
68.386
68.386
68.386
68.386
68.386
68.386
68.386
68.386
68.386
68.386
68.386
68.386
68.386
68.386
68.386
68.386
68.386
68.386
68.386
68.386
68.386
68.386
68.386
68.386
68.386
68.386
68.386
68.386
68.386
68.386
68.386
68.386
68.386
68.386
68.386
68.386
68.386
68.386
68.386
68.386
68.386
68.386
68.386
68.386
68.386
68.386
68.386
68.386
68.386
68.386
68.386
68.386
68.386
68.386
68.386
68.386
68.386
68.386
68.386
68.386
68.386
68.386
68.386
68.386
68.386
68.386
68.386
68.386
68.386
68.386
68.386
68.386
68.386
68.386
68.386
68.386
68.386
68.386
68.386
68.386
68.386
68.386
68.386
68.386
68.386
68.386
68.386
68.386
68.386
68.386
68.386
68.386
68.386
68.386
68.386
68.386
68.386
68.386
68.386
68.386
68.386
68.386
68.386
68.386
68.386
68.386
68.386
68.386
68.386
68.386
68.386
68.386
68.386
68.386
68.386
68.386
68.386
68.386
68.386
68.386
68.386
68.386
68.386
68.386
68.386
68.386
68.386
68.386
68.386
68.386
68.386
68.386
68.386
68.386
68.386
68.386
