401.046
398.529
391.306
374.883
366.299
363.771
354.547
347.833
338.883
338.092
332.505
320.944
314.147
310.736
303.009
298.995
296.415
294.95
293.617
283.179
281.842
278.758
277.231
271.29
268.652
265.769
259.505
258.646
255.098
251.125
250.111
249.497
246.869
246.105
242.864
240.076
238.328
236.04
236.04
234.493
227.466
227.462
225.6
221.805
221.539
220
217.661
217.123
215.117
211.599
211.599
211.599
210.948
208.75
206.507
201.417
201.417
198.181
193.889
192.431
189.631
189.631
187.117
187.117
185.929
184.68
184.464
180.283
180.283
177.704
176.305
174.474
173.311
170.047
170.047
170.047
169.983
169.885
167.361
167.361
167.201
166.76
166.433
164.59
163.646
161.097
161.097
160.593
155.88
153.505
153.505
151.448
150.923
150.194
150.181
149.569
149.198
148.71
146.626
146.626
144.236
144.164
143.24
143.169
143.169
141.692
141.692
140.629
140.315
140.315
136.164
135.813
134.259
134.259
134.259
134.259
133.421
132.622
131.283
131.283
131.145
130.157
130.157
130.097
130.097
129.994
129.539
129.433
129.282
129.272
126.801
126.246
126.246
125.988
125.034
125.034
125.034
124.379
122.211
121.24
121.24
119.86
119.86
119.86
119.847
119.299
119.286
119.266
119.254
119.254
119.254
119.254
118.797
118.797
118.382
118.369
117.525
117.525
117.525
117.525
117.525
117.315
117.315
117.315
117.098
117.036
117.021
117.021
116.536
116.536
116.303
116.303
114.212
114.212
114.212
112.849
112.849
112.849
111.573
111.573
111.532
111.532
111.532
111.148
110.62
110.62
109.524
109.386
109.386
109.386
109.386
109.386
108.989
108.989
108.989
108.534
106.857
106.857
106.401
106.004
106.004
105.915
105.67
105.245
104.911
104.7
104.646
104.461
104.461
103.811
103.627
103.527
103.527
103.527
103.527
103.439
103.054
103.054
102.77
102.681
102.622
102.431
102.431
102.401
102.268
101.585
101.437
101.383
101.383
101.347
101.151
101.019
100.36
100.306
100.074
99.9416
99.859
99.859
99.859
99.859
99.859
99.859
99.859
99.859
99.8058
97.5393
97.5393
97.0315
97.0315
96.379
96.379
96.1207
95.7903
95.0072
94.749
94.749
94.1451
94.1451
94.1451
94.1451
94.1451
94.1451
94.1451
94.0913
93.918
93.8642
93.3533
93.205
91.9844
91.8361
91.8361
91.8361
91.801
91.801
91.801
91.801
91.801
91.5256
91.5256
91.5256
91.4905
91.1501
89.7456
89.7456
89.2102
89.2102
88.4674
87.9319
87.9319
87.7686
87.7686
87.7686
87.7686
87.2975
87.2975
87.2975
87.2975
87.2596
86.8838
86.8459
86.8459
86.4874
86.3408
86.3408
85.9823
85.9823
85.9823
85.9823
85.9823
85.9823
85.9823
85.7743
85.7743
85.7743
85.7743
85.7743
85.7743
85.7743
85.7743
85.7743
85.7743
85.7743
85.7743
85.3603
85.3603
85.3603
85.3603
85.3603
85.3603
84.9225
84.2388
84.2388
84.2388
84.0524
84.0524
84.0524
84.0524
84.0524
83.9539
83.9539
83.7676
83.7676
83.7676
83.7676
83.3687
83.3687
83.3687
83.3687
83.3687
83.3687
83.3687
83.3687
83.3687
83.3687
83.3687
83.3687
83.3687
83.2686
83.2686
83.2686
83.2686
83.2686
82.6603
82.5602
82.5602
82.5602
82.3584
82.3258
82.1055
82.1055
82.1055
82.1055
82.1055
82.1055
82.0914
82.0914
82.0914
81.7566
81.7566
81.7566
81.7566
81.5412
81.2448
81.2448
80.8785
80.8785
80.8785
80.8785
80.8785
80.8785
80.8785
80.8785
80.6933
80.6933
80.6933
80.6933
80.6933
80.6933
80.5702
80.5702
80.5702
80.4286
80.381
80.381
80.381
80.381
80.381
80.381
80.381
80.1633
80.1633
80.1633
80.1261
80.1261
80.1261
80.1261
80.1261
79.9741
79.9741
79.9741
79.9741
79.9741
79.9741
79.9741
79.9741
79.9741
79.6702
79.6702
79.6129
79.6129
79.2257
79.2257
78.9219
78.4384
78.4384
78.3811
77.6483
77.591
77.591
77.591
77.591
77.591
77.591
77.591
77.1581
77.1581
77.1581
77.1581
76.7593
76.7593
76.7593
76.7593
76.7593
76.6016
76.6016
76.6016
76.6016
76.6016
76.6016
76.6016
76.6016
76.6016
76.6016
76.6016
76.6016
76.6016
76.6016
76.6016
76.2982
76.2982
76.2982
76.2982
76.2982
76.2982
76.2982
76.2982
76.2982
76.2982
76.2982
76.2982
76.2982
76.2982
76.2982
76.2982
76.2982
76.2982
76.2982
76.2982
76.2982
76.2982
76.1511
76.1511
76.0176
76.0176
76.0176
76.0176
76.0176
76.0176
76.0176
76.0176
76.0176
76.0176
76.0176
76.0176
76.0176
76.0176
76.0176
76.0176
75.9689
75.9689
75.9689
75.9689
75.9689
75.9689
75.9689
75.9689
75.9689
75.9689
75.9689
75.9689
75.9689
75.9689
75.9689
75.9689
75.9689
75.9689
75.9689
75.9689
75.9689
75.9689
75.9689
75.9689
75.9689
75.9689
75.9689
75.9689
75.9689
75.9689
75.9689
75.9689
75.9689
75.9689
75.9689
75.9689
75.9689
75.9689
75.9689
75.9689
75.9689
75.9689
75.9689
75.9689
75.7658
75.7658
75.7658
75.7658
75.7658
75.7658
75.7658
75.7658
75.7658
75.7658
75.7658
75.7658
75.7658
75.7658
75.7658
75.7658
75.7658
75.7658
75.7658
75.7658
75.7658
75.7658
75.7658
75.7658
75.7658
75.7658
75.5319
75.5319
75.5319
75.5319
75.4581
75.4581
75.4581
75.2241
75.2241
75.2241
75.2241
75.2241
75.2241
75.2241
75.2241
75.2241
75.2241
75.2241
75.2241
75.2241
75.2241
75.2241
75.2241
75.2241
75.2241
75.2241
75.2241
75.2241
75.2241
75.2241
75.2241
75.2241
75.2241
75.2241
75.2241
75.2241
75.1653
75.1653
75.1653
75.1653
74.7317
74.7317
74.7317
74.7317
74.7317
74.7317
74.7317
74.7317
74.7317
74.7317
74.3659
74.3659
74.3659
73.9766
73.9766
73.9766
73.9766
73.9766
73.9766
73.9766
73.9766
73.9766
73.9766
73.9766
73.9766
73.9766
73.9766
73.9766
73.9766
73.9766
73.9766
73.9766
73.9766
73.9766
73.9766
73.9766
73.9766
73.9766
73.9766
73.9766
73.9766
73.6743
73.6743
73.6743
73.6743
73.6743
73.6743
73.6743
73.6743
73.6743
73.6743
73.6743
73.6743
73.6743
73.6743
73.6743
73.6743
73.6743
73.6743
73.6743
73.6743
73.6743
73.6743
73.6743
73.6743
73.6743
73.6743
73.6743
73.6743
73.6743
73.6743
73.6743
73.6743
73.6743
73.6743
73.6743
73.6743
73.6743
73.6743
73.6743
73.6743
73.6743
73.6743
73.6743
73.6743
73.6743
73.6743
73.6743
73.6743
73.6743
73.6743
73.6743
73.6743
73.6743
73.6743
73.6743
73.4239
73.4239
73.4239
73.4239
73.4239
73.4239
73.4239
73.4239
73.4239
73.4239
73.4239
73.4239
73.4239
73.4239
73.4239
73.4239
73.4239
73.4239
73.4239
73.4239
73.4239
73.4239
73.4239
73.4239
73.4239
73.4239
73.4239
73.4239
73.4239
73.4239
73.4239
73.4239
73.4239
73.4239
73.4239
73.4239
73.4239
73.4239
73.4239
73.4239
73.4239
73.4239
73.4239
73.4239
73.4239
73.4239
73.4239
73.4239
73.0887
73.0887
73.0887
73.0887
73.0887
73.0586
73.0586
72.7233
72.7233
72.5791
72.5791
72.5791
72.5791
72.5791
72.5791
72.5791
72.5791
72.5791
72.5791
72.2844
72.2844
72.2844
72.2844
72.2844
72.2844
72.2844
72.2844
72.2844
72.2844
72.2844
72.2844
72.2844
72.2844
72.2844
72.2844
72.2844
72.2844
72.2844
72.2844
72.2844
72.2844
72.2844
72.2844
72.2844
72.2844
72.2844
72.2844
72.2844
72.2844
72.2844
72.1049
72.1049
72.1049
72.1049
72.1049
72.1049
72.1049
72.1049
72.1049
72.1049
72.1049
72.1049
72.1049
72.1049
72.1049
72.1049
72.1049
72.1049
72.1049
72.1049
72.1049
72.1049
72.1049
71.6976
71.6976
71.6976
71.6976
71.6976
71.6976
71.6976
71.6976
71.5275
71.5275
71.5275
71.5275
71.5275
71.5275
71.5275
71.5275
71.5275
71.5275
71.4092
71.4092
71.4092
71.4092
71.4092
71.4092
71.4092
71.4092
71.4092
71.4092
71.2948
71.2948
71.2948
71.2948
71.2948
71.2948
71.2948
71.2948
71.2948
71.2948
71.2948
71.2948
71.2948
71.2948
71.2702
71.2702
71.2702
71.2702
71.2509
71.2509
71.2509
71.2509
71.2509
71.2509
71.2509
71.2509
71.2509
71.2509
71.2509
71.2509
71.2509
71.2509
71.2509
71.2509
71.2509
71.2509
71.2509
71.2509
71.2509
71.2509
71.2509
71.2509
71.2509
71.2509
71.2509
71.2509
71.2509
71.2509
71.2509
71.2509
71.2509
71.2509
71.2509
71.2509
71.2509
71.2509
71.2509
71.2509
71.2509
71.2509
71.2509
71.2509
71.2509
71.2509
71.2509
71.2509
71.2509
71.2509
71.2509
71.2509
71.2509
71.2509
71.2509
71.2509
71.2509
71.2509
71.2509
71.2509
71.2509
71.2509
71.2509
71.2509
71.2509
71.2509
71.2509
71.2509
71.2509
71.2509
71.2509
71.2509
71.2509
71.2509
71.2509
71.2509
71.2509
71.2509
71.2509
71.2509
71.2509
71.2509
71.2509
71.2509
71.2509
71.2509
71.2509
71.2509
71.2509
71.2509
71.2509
71.2509
71.2509
71.2509
71.2509
71.2509
71.2509
71.2509
71.2509
71.2509
71.2509
71.2509
71.2509
71.2509
71.2509
71.2509
71.2509
71.2509
71.2509
71.2509
71.2509
71.2509
71.2509
71.2509
71.2509
71.2509
71.2509
71.2509
71.2509
71.2509
71.2509
71.2509
71.2509
71.2509
71.2509
71.2509
71.2509
71.2509
71.2509
71.2509
71.2509
71.2509
71.2509
71.2509
71.2509
71.2509
71.2509
71.2509
71.2509
71.2509
71.2509
71.2509
71.2509
71.2509
71.2509
71.2509
71.2509
71.2509
71.2509
71.2509
71.2509
71.2509
71.2509
71.2509
71.2509
71.2509
71.2509
71.2509
71.2509
71.2509
71.2509
71.2509
71.2509
71.2509
71.2509
71.2509
71.2509
71.2509
71.2509
71.2509
71.2509
71.2509
71.2509
71.2509
71.2509
71.2509
71.2509
71.2509
71.2509
71.2509
71.2509
71.2509
71.2509
71.2509
71.2509
71.2509
71.2509
71.2509
71.2509
71.2509
71.2509
71.2509
71.2509
71.2509
71.2509
71.2509
71.2509
71.2509
71.2509
71.2509
71.2509
71.2509
71.2509
71.2509
71.2509
71.2509
71.2509
71.2509
71.2509
71.2509
71.2509
71.2509
71.2509
71.2509
71.2509
71.2509
71.2509
71.2509
71.2509
71.2509
71.2509
71.2509
71.2509
71.2509
71.2509
71.2509
71.2509
71.2509
71.2509
71.2509
71.2509
71.2509
71.2509
71.2509
71.2509
71.2509
71.2509
71.2509
71.2509
71.2509
71.2509
71.2509
71.2509
71.2509
71.2509
71.2509
71.2509
71.2509
71.2509
71.2509
71.2509
71.2509
71.2509
71.2509
71.2509
71.2509
71.2509
71.2509
71.2509
71.2509
71.2509
71.2509
71.2509
71.2509
71.2509
71.2509
71.2509
71.2509
71.2509
71.2509
71.2509
71.2509
71.2509
71.2509
71.2509
71.2509
71.2509
71.2509
71.2509
71.2509
71.2509
71.2509
71.2509
71.2509
71.2509
71.2509
71.2509
71.2509
71.2509
71.2509
71.2509
71.2509
71.2509
71.2509
71.2509
71.2509
71.2509
71.2509
71.2509
71.2509
71.2509
71.2509
71.2509
71.2509
71.2509
71.2509
71.2509
71.2509
71.2509
71.2509
71.2509
71.2509
71.2509
71.2509
71.2509
71.2509
71.2509
71.2509
71.2509
71.2509
71.2509
71.2509
71.2509
71.2509
71.2509
71.2509
71.2509
71.2509
71.2509
71.2509
71.2509
71.2509
71.2509
71.2509
71.2509
71.2509
71.2509
71.2509
71.2509
71.2509
71.2509
71.2509
71.2509
71.2509
71.2509
71.2509
71.2509
71.2509
71.2509
71.2509
71.2509
71.2509
71.2509
71.2509
71.2509
71.2509
71.2509
71.2509
71.2509
71.2509
71.2509
71.2509
71.2509
71.2509
71.2509
71.2509
71.2509
71.2509
71.2509
71.2509
71.2509
71.2509
71.2509
71.2509
71.2509
71.2509
71.2509
71.2509
71.2509
71.2509
71.2509
71.2509
71.2509
71.2509
71.2509
71.2509
71.2509
71.2509
71.2509
71.2509
71.2509
71.2509
71.2509
71.2509
71.2509
71.2509
71.2509
71.2509
71.2509
71.2509
71.2509
71.2509
71.2509
71.2509
71.2509
71.2509
71.2509
71.2509
71.2509
71.2509
71.2509
71.2509
71.2509
71.2509
71.2509
71.2509
71.2509
71.2509
71.2509
71.2509
71.2509
71.2509
71.2509
71.2509
71.2509
71.2509
71.2509
71.2509
71.2509
71.2509
71.2509
71.2509
71.2509
71.2509
71.2509
71.2509
71.2509
71.2509
71.2509
71.2509
71.2509
71.2509
71.2509
71.2509
71.2509
71.2509
71.2509
71.2509
70.9828
70.9828
70.9828
70.9828
70.9828
70.9828
70.9828
70.9828
70.9828
70.9828
70.9828
70.9828
70.9828
70.9828
70.9828
70.9828
70.9828
70.9828
70.9828
70.9828
70.9828
70.9828
70.9828
70.9828
70.9828
70.9828
70.9828
70.9828
70.9828
70.9828
70.9828
70.9828
70.9828
70.9828
70.9828
70.9828
70.9828
70.9828
70.9828
70.9828
70.9828
70.9828
70.9828
70.9828
70.9828
70.9828
70.9828
70.9828
70.9828
70.9828
70.9828
70.9828
70.9828
70.9828
70.9828
70.9828
70.9828
70.9828
70.9828
70.9828
70.9828
70.9828
70.9828
70.9828
70.9828
70.9828
70.9828
70.9828
70.9828
70.4458
70.4458
70.4458
70.4458
70.4458
70.4458
70.4458
70.4458
70.4458
70.4458
70.4458
70.4458
70.4458
70.4458
70.4458
70.4458
70.4458
70.4458
70.4458
70.4458
70.4458
70.4458
70.4458
70.4458
70.4458
70.4458
70.4458
70.4458
70.4458
70.4458
70.4458
70.4458
70.4458
70.4458
70.4458
70.4458
70.4458
70.4458
70.4458
70.4458
70.4458
70.4458
70.4458
70.4458
70.4458
70.4458
70.4458
70.4458
70.4458
70.4458
70.4458
70.4458
70.4458
70.4458
70.4458
70.4458
70.4458
70.4458
70.4458
70.4458
70.4458
70.4458
70.4458
70.4458
70.4458
70.4458
70.4458
70.4458
70.4458
70.4458
70.4458
70.4458
70.4458
70.4458
70.4458
70.4458
70.4458
70.4458
70.4458
70.4458
70.4458
70.4458
70.4458
70.4458
70.4458
70.4458
70.4458
70.4458
70.4458
70.4458
70.4458
70.4458
70.4458
70.4458
70.4458
70.4458
70.4458
70.4458
70.4458
70.4458
70.4458
70.4458
70.4458
70.4458
70.4458
70.4458
70.4458
70.4458
70.4458
70.4458
70.4458
70.4458
70.4458
70.4458
70.4458
70.4458
70.4458
70.4458
70.4458
70.4458
70.4458
70.4458
70.4458
70.4458
70.4458
70.4458
70.4458
70.4458
70.4458
70.4458
70.4458
70.4458
70.4458
70.4458
70.4458
70.4458
70.4458
70.4458
70.4458
70.4458
70.4458
70.4458
70.4458
70.4458
70.4458
70.4458
70.4458
70.4458
70.4458
70.4458
70.4458
70.4458
70.4458
70.4458
70.4458
70.4458
70.4458
70.4458
70.4458
70.4458
70.4458
70.4458
70.4458
70.4458
70.4458
70.4458
70.4458
70.4458
70.4458
70.4458
70.4458
70.4458
70.4458
70.4458
70.4458
70.4458
70.4458
70.4458
70.4458
70.4458
70.4458
70.4458
70.4458
70.4458
70.4458
70.4458
70.4458
70.4458
70.4458
70.4458
70.4458
70.4458
70.4458
70.4458
70.4458
70.4458
70.4458
70.4458
70.4458
70.4458
70.4458
70.4458
70.4458
70.4458
70.4458
70.4458
70.4458
70.4458
70.4458
70.4458
70.4458
70.4458
70.4458
70.4458
70.4458
70.4458
70.4458
70.4458
70.4458
70.4458
70.4458
70.4458
70.4458
70.4458
70.4458
70.4458
70.4458
70.4458
70.4458
70.4458
70.4458
70.4458
70.4458
70.4458
70.4458
70.4458
70.4458
70.4458
70.4458
70.4458
70.4458
70.4458
70.4458
70.4458
70.4458
70.4458
70.4458
70.4458
70.4458
70.4458
70.4458
70.4458
70.4458
70.4458
70.4458
70.4458
70.4458
70.4458
70.4458
70.4458
70.4458
70.4458
70.4458
70.4458
70.4458
70.4458
70.4458
70.4458
70.4458
70.4458
70.4458
70.4458
70.4458
70.4458
70.4458
70.4458
70.4458
70.4458
70.4458
70.4458
70.4458
70.4458
70.4458
70.4458
70.4458
70.4458
70.4458
70.4458
70.4458
70.4458
70.4458
70.4458
70.4458
70.4458
70.4458
70.4458
70.4458
70.4458
70.4458
70.4458
70.4458
70.4458
70.4458
70.4458
70.4458
70.4458
70.4458
70.4458
70.4458
70.4458
70.4458
70.4458
70.4458
70.4458
70.4458
70.4458
70.4458
70.4458
70.4458
70.4458
70.4458
70.4458
70.4458
70.4458
70.4458
70.4458
70.4458
70.4458
70.4458
70.4458
70.4458
70.4458
70.4458
70.4458
70.4458
70.4458
70.4458
70.4458
70.4458
70.4458
70.4458
70.4458
70.4458
70.4458
70.4458
70.4458
70.4458
70.4458
70.4458
70.4458
70.4458
70.4458
70.4458
70.4458
70.4458
70.4458
70.4458
70.4458
70.4458
70.4458
70.4458
70.4458
70.4458
70.4458
70.4458
70.4458
70.4458
70.4458
70.4458
70.4458
70.4458
70.4458
70.4458
70.4458
70.4458
70.4458
70.4458
70.4458
70.4458
70.4458
70.4458
70.4458
70.4458
70.4458
70.4458
70.4458
70.4458
70.4458
70.4458
70.4458
70.4458
70.4458
70.4458
70.4458
70.4458
70.4458
70.4458
70.4458
70.4458
70.4458
70.4458
70.4458
70.4458
70.4458
70.4458
70.4458
70.4458
70.4458
70.4458
70.4458
70.4458
70.4458
70.4458
70.4458
70.4458
70.4458
70.4458
70.4458
70.4458
70.4458
70.4458
70.4458
70.4458
70.4458
70.4458
70.4458
70.4458
70.4458
70.4386
70.4386
70.4386
70.2218
70.0148
70.0075
70.0075
70.0075
70.0075
70.0075
70.0075
70.0075
70.0075
70.0075
70.0075
70.0075
70.0075
70.0075
70.0075
70.0075
70.0075
70.0075
70.0075
70.0075
70.0075
70.0075
70.0075
70.0075
70.0075
70.0075
70.0075
70.0075
70.0075
70.0075
70.0075
70.0075
70.0075
70.0075
70.0075
70.0075
70.0075
70.0075
70.0075
70.0075
70.0075
70.0075
70.0075
70.0075
70.0075
70.0075
70.0075
70.0075
70.0075
70.0075
70.0075
70.0075
70.0075
70.0075
70.0075
70.0075
70.0075
70.0075
70.0075
70.0075
70.0075
70.0075
70.0075
70.0075
70.0075
70.0075
70.0075
70.0075
70.0075
70.0075
70.0075
70.0075
70.0075
70.0075
70.0075
70.0075
70.0075
70.0075
70.0075
70.0075
70.0075
70.0075
70.0075
70.0075
70.0075
70.0075
70.0075
70.0075
70.0075
70.0075
70.0075
70.0075
70.0075
70.0075
70.0075
70.0075
70.0075
70.0075
70.0075
70.0075
70.0075
70.0075
70.0075
70.0075
70.0075
70.0075
70.0075
70.0075
70.0075
70.0075
70.0075
70.0075
70.0075
70.0075
70.0075
70.0075
70.0075
70.0075
70.0075
70.0075
70.0075
70.0075
70.0075
70.0075
70.0075
70.0075
70.0075
70.0075
70.0075
70.0075
70.0075
70.0075
70.0075
70.0075
70.0075
70.0075
70.0075
70.0075
70.0075
70.0075
70.0075
70.0075
70.0075
70.0075
70.0075
70.0075
70.0075
70.0075
70.0075
70.0075
70.0075
70.0075
70.0075
70.0075
70.0075
70.0075
70.0075
70.0075
70.0075
70.0075
70.0075
70.0075
70.0075
70.0075
70.0075
70.0075
70.0075
70.0075
70.0075
70.0075
70.0075
70.0075
70.0075
70.0075
70.0075
70.0075
70.0075
70.0075
70.0075
70.0075
70.0075
70.0075
70.0075
70.0075
70.0075
70.0075
70.0075
70.0075
70.0075
70.0075
70.0075
70.0075
70.0075
70.0075
70.0075
70.0075
70.0075
70.0075
70.0075
70.0075
70.0075
70.0075
70.0075
70.0075
70.0075
70.0075
70.0075
70.0075
70.0075
70.0075
70.0075
70.0075
70.0075
70.0075
70.0075
70.0075
70.0075
70.0075
70.0075
70.0075
70.0075
70.0075
70.0075
70.0075
70.0075
70.0075
70.0075
70.0075
70.0075
70.0075
70.0075
70.0075
70.0075
70.0075
70.0075
70.0075
70.0075
70.0075
70.0075
70.0075
70.0075
70.0075
70.0075
70.0075
70.0075
70.0075
70.0075
70.0075
70.0075
70.0075
70.0075
70.0075
70.0075
70.0075
70.0075
70.0075
70.0075
70.0075
70.0075
70.0075
70.0075
70.0075
70.0075
70.0075
70.0075
70.0075
70.0075
70.0075
70.0075
70.0075
70.0075
70.0075
70.0075
70.0075
70.0075
70.0075
70.0075
70.0075
70.0075
70.0075
70.0075
70.0075
70.0075
70.0075
70.0075
70.0075
70.0075
70.0075
70.0075
70.0075
70.0075
70.0075
70.0075
70.0075
70.0075
70.0075
70.0075
70.0075
70.0075
70.0075
70.0075
70.0075
70.0075
70.0075
70.0075
70.0075
70.0075
70.0075
70.0075
70.0075
70.0075
70.0075
70.0075
70.0075
70.0075
70.0075
70.0075
70.0075
70.0075
70.0075
70.0075
70.0075
70.0075
70.0075
70.0075
70.0075
70.0075
70.0075
70.0075
70.0075
70.0075
70.0075
70.0075
70.0075
70.0075
70.0075
70.0075
70.0075
70.0075
70.0075
70.0075
70.0075
70.0075
70.0075
70.0075
70.0075
70.0075
70.0075
70.0075
70.0075
70.0075
70.0075
70.0075
70.0075
70.0075
70.0075
70.0075
70.0075
70.0075
70.0075
70.0075
70.0075
70.0075
70.0075
70.0075
70.0075
70.0075
70.0075
70.0075
70.0075
70.0075
70.0075
70.0075
70.0075
70.0075
70.0075
70.0075
70.0075
70.0075
70.0075
70.0075
70.0075
70.0075
70.0075
70.0075
70.0075
70.0075
70.0075
70.0075
70.0075
70.0075
70.0075
70.0075
70.0075
70.0075
70.0075
70.0075
70.0075
70.0075
70.0075
70.0075
70.0075
70.0075
70.0075
70.0075
70.0075
70.0075
70.0075
70.0075
70.0075
70.0075
70.0075
70.0075
70.0075
70.0075
70.0075
70.0075
70.0075
70.0075
70.0075
70.0075
70.0075
70.0075
70.0075
70.0075
70.0075
70.0075
70.0075
70.0075
70.0075
70.0075
70.0075
70.0075
70.0075
70.0075
70.0075
70.0075
70.0075
70.0075
70.0075
69.875
69.875
69.875
69.875
69.875
69.875
69.875
69.875
69.875
69.875
69.875
69.875
69.875
69.875
69.875
69.875
69.875
69.875
69.875
69.875
69.875
69.875
69.875
69.875
69.875
69.875
69.875
69.875
69.875
69.875
69.875
69.875
69.875
69.875
69.875
69.875
69.875
69.875
69.875
69.875
69.875
69.875
69.875
69.875
69.875
69.875
69.875
69.875
69.875
69.875
69.875
69.875
69.875
69.875
69.875
69.875
69.875
69.875
69.875
69.875
69.875
69.875
69.875
69.875
69.875
69.875
69.875
69.875
69.875
69.875
69.875
69.875
69.875
69.875
69.875
69.875
69.875
69.875
69.875
69.875
69.875
69.875
69.875
69.875
69.875
69.875
69.875
69.875
69.875
69.875
69.875
69.875
69.875
69.875
69.875
69.875
69.875
69.875
69.875
69.875
69.875
69.875
69.875
69.875
69.875
69.875
69.875
69.875
69.875
69.875
69.875
69.875
69.875
69.875
69.875
69.875
69.875
69.875
69.875
69.875
69.875
69.875
69.875
69.875
69.875
69.875
69.875
69.875
69.875
69.875
69.875
69.875
69.875
69.875
69.875
69.875
69.875
69.875
69.875
69.875
69.875
69.875
69.875
69.875
69.875
69.875
69.875
69.875
69.875
69.875
69.875
69.875
69.875
69.875
69.875
69.875
69.875
69.875
69.875
69.875
69.875
69.875
69.875
69.875
69.875
69.7127
69.7127
69.7127
69.7127
69.7127
69.7127
69.7127
69.7127
69.7127
69.7127
69.7127
69.7127
69.7127
69.7127
69.7127
69.7127
69.7127
69.7127
69.7127
69.7127
69.7127
69.7127
69.7127
69.7127
69.7127
69.7127
69.7127
69.7127
69.7127
69.7127
69.7127
69.7127
69.7127
69.7127
69.7127
69.7127
69.7127
69.7127
69.7127
69.7127
69.7127
69.7127
69.7127
69.7127
69.7127
69.7127
69.7127
69.7127
69.7127
69.7127
69.7127
69.7127
69.7127
69.7127
69.7127
69.7127
69.7127
69.7127
69.7127
69.7127
69.7127
69.7127
69.7127
69.7127
69.7127
69.7127
69.7127
69.7127
69.7127
69.7127
69.7127
69.7127
69.7127
69.7127
69.7127
69.7127
69.7127
69.7127
69.7127
69.7127
69.7127
69.7127
69.7127
69.7127
69.7127
69.7127
69.7127
69.7127
69.7127
69.7127
69.7127
69.7127
69.7127
69.7127
69.7127
69.7127
69.7127
69.7127
69.7127
69.7127
69.7127
69.7127
69.7127
69.7127
69.7127
69.7127
69.7127
69.7127
69.7127
69.7127
69.7127
69.7127
69.7127
69.7127
69.7127
69.7127
69.7127
69.7127
69.7127
69.7127
69.7127
69.7127
69.7127
69.7127
69.7127
69.7127
69.7127
69.7127
69.7127
69.7127
69.7127
69.7127
69.7127
69.7127
69.7127
69.7127
69.7127
69.7127
69.7127
69.7127
69.7127
69.7127
69.7127
69.7127
69.7127
69.7127
69.7127
69.7127
69.7127
69.7127
69.7127
69.7127
69.7127
69.7127
69.7127
69.7127
69.7127
69.7127
69.7127
69.7127
69.7127
69.7127
69.7127
69.7127
69.7127
69.7127
69.7127
69.7127
69.7127
69.7127
69.7127
69.7127
69.7127
69.7127
69.7127
69.7127
69.7127
69.7127
69.7127
69.7127
69.7127
69.7127
69.7127
69.7127
69.7127
69.7127
69.7127
69.7127
69.7127
69.7127
69.7127
69.7127
69.7127
69.7127
69.7127
69.7127
69.7127
69.7127
69.7127
69.7127
69.7127
69.7127
69.7127
69.7127
69.7127
69.7127
69.7127
69.7127
69.7127
69.7127
69.7127
69.7127
69.7127
69.7127
69.7127
69.7127
69.7127
69.7127
69.7127
69.7127
69.7127
69.7127
69.7127
69.7127
69.7127
69.7127
69.7127
69.7127
69.7127
69.7127
69.7127
69.7127
69.7127
69.7127
69.7127
69.7127
69.7127
69.7127
69.7127
69.7127
69.7127
69.7127
69.7127
69.7127
69.7127
69.7127
69.7127
69.7127
69.7127
69.7127
69.7127
69.7127
69.7127
69.7127
69.7127
69.7127
69.7127
69.7127
69.7127
69.7127
69.7127
69.7127
69.7127
69.7127
69.7127
69.7127
69.7127
69.7127
69.7127
69.7127
69.7127
69.7127
69.7127
69.7127
69.7127
69.7127
69.7127
69.7127
69.7127
69.7127
69.7127
69.7127
69.7127
69.7127
69.7127
69.7127
69.7127
69.7127
69.7127
69.7127
69.7127
69.7127
69.7127
69.7127
69.7127
69.7127
69.7127
69.7127
69.7127
69.7127
69.7127
69.7127
69.7127
69.7127
69.7127
69.7127
69.7127
69.7127
69.7127
69.7127
69.7127
69.7127
69.7127
69.7127
69.7127
69.7127
69.7127
69.7127
69.7127
69.7127
69.7127
69.7127
69.7127
69.7127
69.7127
69.7127
69.7127
69.7127
69.7127
69.7127
69.7127
69.7127
69.7127
69.7127
69.7127
69.7127
69.7127
69.7127
69.7127
69.7127
69.7127
69.7127
69.7127
69.7127
69.7127
69.7127
69.7127
69.7127
69.7127
69.7127
69.7127
69.7127
69.7127
69.7127
69.7127
69.7127
69.7127
69.7127
69.7127
69.7127
69.7127
69.7127
69.7127
69.7127
69.7127
69.7127
69.7127
69.7127
69.7127
69.7127
69.7127
69.7127
69.7127
69.7127
69.7127
69.7127
69.7127
69.7127
69.7127
69.7127
69.7127
69.7127
69.7127
69.7127
69.7127
69.7127
69.7127
69.7127
69.7127
69.7127
69.7127
69.7127
69.7127
69.7127
69.7127
69.7127
69.7127
69.7127
69.7127
69.7127
69.7127
69.7127
69.7127
69.7127
69.7127
69.7127
69.7127
69.7127
69.7127
69.7127
69.7127
69.7127
69.7127
69.7127
69.7127
69.7127
69.7127
69.7127
69.7127
69.7127
69.7127
69.7127
69.7127
69.7127
69.7127
69.7127
69.7127
69.7127
69.7127
69.7127
69.7127
69.7127
69.7127
69.7127
69.7127
69.7127
69.7127
69.7127
69.7127
69.7127
69.7127
69.7127
69.7127
69.7127
69.7127
69.7127
69.7127
69.7127
69.7127
69.7127
69.7127
69.7127
69.7127
69.7127
69.7127
69.7127
69.7127
69.7127
69.7127
69.7127
69.7127
69.7127
69.7127
69.7127
69.7127
69.7127
69.7127
69.7127
69.7127
69.7127
69.7127
69.7127
69.7127
69.7127
69.7127
69.7127
69.7127
69.7127
69.7127
69.7127
69.7127
69.7127
69.7127
69.7127
69.7127
69.7127
69.7127
69.7127
69.7127
69.7127
69.7127
69.7127
69.7127
69.7127
69.7127
69.7127
69.7127
69.7127
69.7127
69.7127
69.7127
69.7127
69.7127
69.7127
69.7127
69.7127
69.7127
69.7127
69.7127
69.7127
69.7127
69.7127
69.7127
69.7127
69.7127
69.7127
69.7127
69.7127
69.7127
69.7127
69.7127
69.7127
69.7127
69.7127
69.7127
69.7127
69.7127
69.7127
69.7127
69.7127
69.7127
69.7127
69.7127
69.7127
69.7127
69.7127
69.7127
69.7127
69.7127
69.7127
69.7127
69.7127
69.7127
69.7127
69.7127
69.7127
69.7127
69.7127
69.7127
69.7127
69.7127
69.7127
69.7127
69.7127
69.7127
69.7127
69.7127
69.7127
69.7127
69.7127
69.7127
69.7127
69.7127
69.7127
69.7127
69.7127
69.7127
69.7127
69.7127
69.7127
69.7127
69.7127
69.7127
69.7127
69.7127
69.7127
69.7127
69.7127
69.7127
69.7127
69.7127
69.7127
69.7127
69.7127
69.7127
69.7127
69.7127
69.7127
69.7127
69.7127
69.7127
69.7127
69.7127
69.7127
69.7127
69.7127
69.7127
69.7127
69.7127
69.7127
69.7127
69.7127
69.7127
69.7127
69.7127
69.7127
69.7127
69.7127
69.7127
69.7127
69.7127
69.7127
69.7127
69.7127
69.7127
69.7127
69.7127
69.7127
69.7127
69.7127
69.7127
69.7127
69.7127
69.7127
69.7127
69.7127
69.7127
69.7127
69.7127
69.7127
69.7127
69.7127
69.7127
69.7127
69.7127
69.7127
69.7127
69.7127
69.7127
69.7127
69.7127
69.7127
69.7127
69.7127
69.7127
69.7127
69.7127
69.7127
69.7127
69.7127
69.7127
69.7127
69.7127
69.7127
69.7127
69.7127
69.7127
69.7127
69.7127
69.7127
69.7127
69.7127
69.7127
69.7127
69.7127
69.7127
69.7127
69.7127
69.7127
69.7127
69.7127
69.7127
69.7127
69.7127
69.7127
69.7127
69.7127
69.7127
69.7127
69.7127
69.7127
69.7127
69.7127
69.7127
69.7127
69.7127
69.7127
69.7127
69.7127
69.7127
69.7127
69.7127
69.7127
69.7127
69.7127
69.7127
69.7127
69.7127
69.7127
69.7127
69.7127
69.7127
69.7127
69.7127
69.7127
69.7127
69.7127
69.7127
69.7127
69.7127
69.7127
69.7127
69.7127
69.7127
69.7127
69.7127
69.7127
69.7127
69.7127
69.7127
69.7127
69.7127
69.7127
69.7127
69.7127
69.7127
69.7127
69.7127
69.7127
69.7127
69.7127
69.7127
69.7127
69.7127
69.7127
69.7127
69.7127
69.7127
69.7127
69.7127
69.7127
69.7127
69.7127
69.7127
69.7127
69.7127
69.7127
69.7127
69.7127
69.7127
69.7127
69.7127
69.7127
69.7127
69.7127
69.7127
69.7127
69.7127
69.7127
69.7127
69.7127
69.7127
69.7127
69.7127
69.7127
69.7127
69.7127
69.7127
69.7127
69.7127
69.7127
69.7127
69.7127
69.7127
69.7127
69.7127
69.7127
69.7127
69.7127
69.7127
69.7127
69.7127
69.7127
69.7127
69.7127
69.7127
69.7127
69.7127
69.7127
69.7127
69.7127
69.7127
69.7127
69.7127
69.7127
69.7127
69.7127
69.7127
69.7127
69.7127
69.7127
69.7127
69.7127
69.7127
69.7127
69.7127
69.7127
69.7127
69.7127
69.7127
69.7127
69.7127
69.7127
69.7127
69.7127
69.7127
69.7127
69.7127
69.7127
69.7127
69.7127
69.7127
69.7127
69.7127
69.7127
69.7127
69.7127
69.7127
69.7127
69.7127
69.7127
69.7127
69.7127
69.7127
69.7127
69.7127
69.7127
69.7127
69.7127
69.7127
69.7127
69.7127
69.7127
69.7127
69.7127
69.7127
69.7127
69.7127
69.7127
69.7127
69.7127
69.7127
69.7127
69.7127
69.7127
69.7127
69.7127
69.7127
69.7127
69.7127
69.7127
69.7127
69.7127
69.7127
69.7127
69.7127
69.7127
69.7127
69.7127
69.7127
69.7127
69.7127
69.7127
69.7127
69.7127
69.7127
69.7127
69.7127
69.7127
69.7127
69.7127
69.7127
69.7127
69.7127
69.7127
69.7127
69.7127
69.7127
69.7127
69.7127
69.7127
69.7127
69.7127
69.7127
69.7127
69.7127
69.7127
69.7127
69.7127
69.7127
69.7127
69.7127
69.7127
69.7127
69.7127
69.7127
69.7127
69.7127
69.7127
69.7127
69.7127
69.7127
69.7127
69.7127
69.7127
69.7127
69.7127
69.7127
69.7127
69.7127
69.7127
69.7127
69.7127
69.7127
69.7127
69.7127
69.7127
69.7127
69.7127
69.7127
69.7127
69.7127
69.7127
69.7127
69.7127
69.7127
69.7127
69.7127
69.7127
69.7127
69.7127
69.7127
69.7127
69.7127
69.7127
69.7127
69.7127
69.7127
69.7127
69.7127
69.7127
69.7127
69.7127
69.7127
69.7127
69.7127
69.7127
69.7127
69.7127
69.7127
69.7127
69.7127
69.7127
69.7127
69.7127
69.7127
69.7127
69.7127
69.7127
69.7127
69.7127
69.7127
69.7127
69.7127
69.7127
69.7127
69.7127
69.7127
69.7127
69.7127
69.7127
69.7127
69.7127
69.7127
69.7127
69.7127
69.7127
69.7127
69.7127
69.7127
69.7127
69.7127
69.7127
69.7127
69.7127
69.7127
69.7127
69.7127
69.7127
69.7127
69.7127
69.7127
69.7127
69.7127
69.7127
69.7127
69.7127
69.7127
69.7127
69.7127
69.7127
69.7127
69.7127
69.7127
69.7127
69.7127
69.7127
69.7127
69.7127
69.7127
69.7127
69.7127
69.7127
69.7127
69.7127
69.7127
69.7127
69.7127
69.7127
69.7127
69.7127
69.7127
69.7127
69.7127
69.7127
69.7127
69.7127
69.7127
69.7127
69.7127
69.7127
69.7127
69.7127
69.7127
69.7127
69.7127
69.7127
69.7127
69.7127
69.7127
69.7127
69.7127
69.7127
69.7127
69.7127
69.7127
69.7127
69.7127
69.7127
69.7127
69.7127
69.7127
69.7127
69.7127
69.7127
69.7127
69.7127
69.7127
69.7127
69.7127
69.7127
69.7127
69.7127
69.7127
69.7127
69.7127
69.7127
69.7127
69.7127
69.7127
69.7127
69.7127
69.7127
69.7127
69.7127
69.7127
69.7127
69.7127
69.7127
69.7127
69.7127
69.7127
69.7127
69.7127
69.7127
69.7127
69.7127
69.7127
69.7127
69.7127
69.7127
69.7127
69.7127
69.7127
69.7127
69.7127
69.7127
69.7127
69.7127
69.7127
69.7127
69.7127
69.7127
69.7127
69.7127
69.7127
69.7127
69.7127
69.7127
69.7127
69.7127
69.7127
69.7127
69.7127
69.7127
69.7127
69.7127
69.7127
69.7127
69.7127
69.7127
69.7127
69.7127
69.7127
69.7127
69.7127
69.7127
69.7127
69.7127
69.7127
69.7127
69.7127
69.7127
69.7127
69.7127
69.7127
69.7127
69.7127
69.7127
69.7127
69.7127
69.7127
69.7127
69.7127
69.7127
69.7127
69.7127
69.7127
69.7127
69.7127
69.7127
69.7127
69.7127
69.7127
69.7127
69.7127
69.7127
69.7127
69.7127
69.7127
69.7127
69.7127
69.7127
69.7127
69.7127
69.7127
69.7127
69.7127
69.7127
69.7127
69.7127
69.7127
69.7127
69.7127
69.7127
69.7127
69.7127
69.7127
69.7127
69.7127
69.7127
69.7127
69.7127
69.7127
69.7127
69.7127
69.7127
69.7127
69.7127
69.7127
69.7127
69.7127
69.7127
69.7127
69.7127
69.7127
69.7127
69.7127
69.7127
69.7127
69.7127
69.7127
69.7127
69.7127
69.7127
69.7127
69.7127
69.7127
69.7127
69.7127
69.7127
69.7127
69.7127
69.7127
69.7127
69.7127
69.7127
69.7127
69.7127
69.7127
69.7127
69.7127
69.7127
69.7127
69.7127
69.7127
69.7127
69.7127
69.7127
69.7127
69.7127
69.7127
69.7127
69.7127
69.7127
69.7127
69.7127
69.7127
69.7127
69.7127
69.7127
69.7127
69.7127
69.7127
69.7127
69.7127
69.7127
69.7127
69.7127
69.7127
69.7127
69.7127
69.7127
69.7127
69.7127
69.7127
69.7127
69.7127
69.7127
69.7127
69.7127
69.7127
69.7127
69.7127
69.7127
69.7127
69.7127
69.7127
69.7127
69.7127
69.7127
69.7127
69.7127
69.7127
69.7127
69.7127
69.7127
69.7127
69.7127
69.7127
69.7127
69.7127
69.7127
69.7127
69.7127
69.7127
69.7127
69.7127
69.7127
69.7127
69.7127
69.7127
69.7127
69.7127
69.7127
69.7127
69.7127
69.7127
69.7127
69.7127
69.7127
69.7127
69.7127
69.7127
69.7127
69.7127
69.7127
69.7127
69.7127
69.7127
69.7127
69.7127
69.7127
69.7127
69.7127
69.7127
69.7127
69.7127
69.7127
69.7127
69.7127
69.7127
69.7127
69.7127
69.7127
69.7127
69.7127
69.7127
69.7127
69.7127
69.7127
69.7127
69.7127
69.7127
69.7127
69.7127
69.7127
69.7127
69.7127
69.7127
69.7127
69.7127
69.7127
69.7127
69.7127
69.7127
69.7127
69.7127
69.7127
69.7127
69.7127
69.7127
69.7127
69.7127
69.7127
69.7127
69.7127
69.7127
69.7127
69.7127
69.7127
69.7127
69.7127
69.7127
69.7127
69.7127
69.7127
69.7127
69.7127
69.7127
69.7127
69.7127
69.7127
69.7127
69.7127
69.7127
69.7127
69.7127
69.7127
69.7127
69.7127
69.7127
69.7127
69.7127
69.7127
69.7127
69.7127
69.7127
69.7127
69.7127
69.7127
69.7127
69.7127
69.7127
69.7127
69.7127
69.7127
69.7127
69.7127
69.7127
69.7127
69.7127
69.7127
69.7127
69.7127
69.7127
69.7127
69.7127
69.7127
69.7127
69.7127
69.7127
69.7127
69.7127
69.7127
69.7127
69.7127
69.7127
69.7127
69.7127
69.7127
69.7127
69.7127
69.7127
69.7127
69.7127
69.7127
69.7127
69.7127
69.7127
69.7127
69.7127
69.7127
69.7127
69.7127
69.7127
69.7127
69.7127
69.7127
69.7127
69.7127
69.7127
69.7127
69.7127
69.7127
69.7127
69.7127
69.7127
69.7127
69.7127
69.7127
69.7127
69.7127
69.7127
69.7127
69.7127
69.7127
69.7127
69.7127
69.7127
69.7127
69.7127
69.7127
69.7127
69.7127
69.7127
69.7127
69.7127
69.7127
69.7127
69.7127
69.7127
69.7127
69.7127
69.7127
69.7127
69.7127
69.7127
69.7127
69.7127
69.7127
69.7127
69.7127
69.7127
69.7127
69.7127
69.7127
69.7127
69.7127
69.7127
69.7127
69.7127
69.7127
69.7127
69.7127
69.7127
69.7127
69.7127
69.7127
69.7127
69.7127
69.7127
69.7127
69.7127
69.7127
69.7127
69.7127
69.7127
69.7127
69.7127
69.7127
69.7127
69.7127
69.7127
69.7127
69.7127
69.7127
69.7127
69.7127
69.7127
69.7127
69.7127
69.7127
69.7127
69.7127
69.7127
69.7127
69.7127
69.7127
69.7127
69.7127
69.7127
69.7127
69.7127
69.7127
69.7127
69.7127
69.7127
69.7127
69.7127
69.7127
69.7127
69.7127
69.7127
69.7127
69.7127
69.7127
69.7127
69.7127
69.7127
69.7127
69.7127
69.7127
69.7127
69.7127
69.7127
69.7127
69.7127
69.7127
69.7127
69.7127
69.7127
69.7127
69.7127
69.7127
69.7127
69.7127
69.7127
69.7127
69.7127
69.7127
69.7127
69.7127
69.7127
69.7127
69.7127
69.7127
69.7127
69.7127
69.7127
69.7127
69.7127
69.7127
69.7127
69.7127
69.7127
69.7127
69.7127
69.7127
69.7127
69.7127
69.7127
69.7127
69.7127
69.7127
69.7127
69.7127
69.7127
69.7127
69.7127
69.7127
69.7127
69.7127
69.7127
69.7127
69.7127
69.7127
69.7127
69.7127
69.7127
69.7127
69.7127
69.7127
69.7127
69.7127
69.7127
69.7127
69.7127
69.7127
69.7127
69.7127
69.7127
69.7127
69.7127
69.7127
69.7127
69.7127
69.7127
69.7127
69.7127
69.7127
69.7127
69.7127
69.7127
69.7127
69.7127
69.7127
69.7127
69.7127
69.7127
69.7127
69.7127
69.7127
69.7127
69.7127
69.7127
69.7127
69.7127
69.7127
69.7127
69.7127
69.7127
69.7127
69.7127
69.7127
69.7127
69.7127
69.7127
69.7127
69.7127
69.7127
69.7127
69.7127
69.7127
69.7127
69.7127
69.7127
69.7127
69.7127
69.7127
69.7127
69.7127
69.7127
69.7127
69.7127
69.7127
69.7127
69.7127
69.7127
69.7127
69.7127
69.7127
69.7127
69.7127
69.7127
69.7127
69.7127
69.7127
69.7127
69.7127
69.7127
69.7127
69.7127
69.7127
69.7127
69.7127
69.7127
69.7127
69.7127
69.7127
69.7127
69.7127
69.7127
69.7127
69.7127
69.7127
69.7127
69.7127
69.7127
69.7127
69.7127
69.7127
69.7127
69.7127
69.7127
69.7127
69.7127
69.7127
69.7127
69.7127
69.7127
69.7127
69.7127
69.7127
69.7127
69.7127
69.7127
69.7127
69.7127
69.7127
69.7127
69.7127
69.7127
69.7127
69.7127
69.7127
69.7127
69.7127
69.7127
69.7127
69.7127
69.7127
69.7127
69.7127
69.7127
69.7127
69.7127
69.7127
69.7127
69.7127
69.7127
69.7127
69.7127
69.7127
69.7127
69.7127
69.7127
69.7127
69.7127
69.7127
69.7127
69.7127
69.7127
69.7127
69.7127
69.7127
69.7127
69.7127
69.7127
69.7127
69.7127
69.7127
69.7127
69.7127
69.7127
69.7127
69.7127
69.7127
69.7127
69.7127
69.7127
69.7127
69.7127
69.7127
69.7127
69.7127
69.7127
69.7127
69.7127
69.7127
69.7127
69.7127
69.7127
69.7127
69.7127
69.7127
69.7127
69.7127
69.7127
69.7127
69.7127
69.7127
69.7127
69.7127
69.7127
69.7127
69.7127
69.7127
69.7127
69.7127
69.7127
69.7127
69.7127
69.7127
69.7127
69.7127
69.7127
69.7127
69.7127
69.7127
69.7127
69.7127
69.7127
69.7127
69.7127
69.7127
69.7127
69.7127
69.7127
69.7127
69.7127
69.7127
69.7127
69.7127
69.7127
69.7127
69.7127
69.7127
69.7127
69.7127
69.7127
69.7127
69.7127
69.7127
69.7127
69.7127
69.7127
69.7127
69.7127
69.7127
69.7127
69.7127
69.7127
69.7127
69.7127
69.7127
69.7127
69.7127
69.7127
69.7127
69.7127
69.7127
69.7127
69.7127
69.7127
69.7127
69.7127
69.7127
69.7127
69.7127
69.7127
69.7127
69.7127
69.7127
69.7127
69.7127
69.7127
69.7127
69.7127
69.7127
69.7127
69.7127
69.7127
69.7127
69.7127
69.7127
69.7127
69.7127
69.7127
69.7127
69.7127
69.7127
69.7127
69.7127
69.7127
69.7127
69.7127
69.7127
69.7127
69.7127
69.7127
69.7127
69.7127
69.7127
69.7127
69.7127
69.7127
69.7127
69.7127
69.7127
69.7127
69.7127
69.7127
69.7127
69.7127
69.7127
69.7127
69.7127
69.7127
69.7127
69.7127
69.7127
69.7127
69.7127
69.7127
69.7127
69.7127
69.7127
69.7127
69.7127
69.7127
69.7127
69.7127
69.7127
69.7127
69.7127
69.7127
69.7127
69.7127
69.7127
69.7127
69.7127
69.7127
69.7127
69.7127
69.7127
69.7127
69.7127
69.7127
69.7127
69.7127
69.7127
69.7127
69.7127
69.7127
69.7127
69.7127
69.7127
69.7127
69.7127
69.7127
69.7127
69.7127
69.7127
69.7127
69.7127
69.7127
69.7127
69.7127
69.7127
69.7127
69.7127
69.7127
69.7127
69.7127
69.7127
69.7127
69.7127
69.7127
69.7127
69.7127
69.7127
69.7127
69.7127
69.7127
69.7127
69.7127
69.7127
69.7127
69.7127
69.7127
69.7127
69.7127
69.7127
69.7127
69.7127
69.7127
69.7127
69.7127
69.7127
69.7127
69.7127
69.7127
69.7127
69.7127
69.7127
69.7127
69.7127
69.7127
69.7127
69.7127
69.7127
69.7127
69.7127
69.7127
69.7127
69.7127
69.7127
69.7127
69.7127
69.7127
69.7127
69.7127
69.7127
69.7127
69.7127
69.7127
69.7127
69.7127
69.7127
69.7127
69.7127
69.7127
69.7127
69.7127
69.7127
69.7127
69.7127
69.7127
69.7127
69.7127
69.7127
69.7127
69.7127
69.7127
69.7127
69.7127
69.7127
69.7127
69.7127
69.7127
69.7127
69.7127
69.7127
69.7127
69.7127
69.7127
69.7127
69.7127
69.7127
69.7127
69.7127
69.7127
69.7127
69.7127
69.7127
69.7127
69.7127
69.7127
69.7127
69.7127
69.7127
69.7127
69.7127
69.7127
69.7127
69.7127
69.7127
69.7127
69.7127
69.7127
69.7127
69.7127
69.7127
69.7127
69.7127
69.7127
69.7127
69.7127
69.7127
69.7127
69.7127
69.7127
69.7127
69.7127
69.7127
69.7127
69.7127
69.7127
69.7127
69.7127
69.7127
69.7127
69.7127
69.7127
69.7127
69.7127
69.7127
69.7127
69.7127
69.7127
69.7127
69.7127
69.7127
69.7127
69.7127
69.7127
69.7127
69.7127
69.7127
69.7127
69.7127
69.7127
69.7127
69.7127
69.7127
69.7127
69.7127
69.7127
69.7127
69.7127
69.7127
69.7127
69.7127
69.7127
69.7127
69.7127
69.7127
69.7127
69.7127
69.7127
69.7127
69.7127
69.7127
69.7127
69.7127
69.7127
69.7127
69.7127
69.7127
69.7127
69.7127
69.7127
69.7127
69.7127
69.7127
69.7127
69.7127
69.7127
69.7127
69.7127
69.7127
69.7127
69.7127
69.7127
69.7127
69.7127
69.7127
69.7127
69.7127
69.7127
69.7127
69.7127
69.7127
69.7127
69.7127
69.7127
69.7127
69.7127
69.7127
69.7127
69.7127
69.7127
69.7127
69.7127
69.7127
69.7127
69.7127
69.7127
69.7127
69.7127
69.7127
69.7127
69.7127
69.7127
69.7127
69.7127
69.7127
69.7127
69.7127
69.7127
69.7127
69.7127
69.7127
69.7127
69.7127
69.7127
69.7127
69.7127
69.7127
69.7127
69.7127
69.7127
69.7127
69.7127
69.7127
69.7127
69.7127
69.7127
69.7127
69.7127
69.7127
69.7127
69.7127
69.7127
69.7127
69.7127
69.7127
69.7127
69.7127
69.7127
69.7127
69.7127
69.7127
69.7127
69.7127
69.7127
69.7127
69.7127
69.7127
69.7127
69.7127
69.7127
69.7127
69.7127
69.7127
69.7127
69.7127
69.7127
69.7127
69.7127
69.7127
69.7127
69.7127
69.7127
69.7127
69.7127
69.7127
69.7127
69.7127
69.7127
69.7127
69.7127
69.7127
69.7127
69.7127
69.7127
69.7127
69.7127
69.7127
69.7127
69.7127
69.7127
69.7127
69.7127
69.7127
69.7127
69.7127
69.7127
69.7127
69.7127
69.7127
69.7127
69.7127
69.7127
69.7127
69.7127
69.7127
69.7127
69.7127
69.7127
69.7127
69.7127
69.7127
69.7127
69.7127
69.7127
69.7127
69.7127
69.7127
69.7127
69.7127
69.7127
69.7127
69.7127
69.7127
69.7127
69.7127
69.7127
69.7127
69.7127
69.7127
69.7127
69.7127
69.7127
69.7127
69.7127
69.7127
69.7127
69.7127
69.7127
69.7127
69.7127
69.7127
69.7127
69.7127
69.7127
69.7127
69.7127
69.7127
69.7127
69.7127
69.7127
69.7127
69.7127
69.7127
69.7127
69.7127
69.7127
69.7127
69.7127
69.7127
69.7127
69.7127
69.7127
69.7127
69.7127
69.7127
69.7127
69.7127
69.7127
69.7127
69.7127
69.7127
69.7127
69.7127
69.7127
69.7127
69.7127
69.7127
69.7127
69.7127
69.7127
69.7127
69.7127
69.7127
69.7127
69.7127
69.7127
69.7127
69.7127
69.7127
69.7127
69.7127
69.7127
69.7127
69.7127
69.7127
69.7127
69.7127
69.7127
69.7127
69.7127
69.7127
69.7127
69.7127
69.7127
69.7127
69.7127
69.7127
69.7127
69.7127
69.7127
69.7127
69.7127
69.7127
69.7127
69.7127
69.7127
69.7127
69.7127
69.7127
69.7127
69.7127
69.7127
69.7127
69.7127
69.7127
69.7127
69.7127
69.7127
69.7127
69.7127
69.7127
69.7127
69.7127
69.7127
69.7127
69.7127
69.7127
69.7127
69.7127
69.7127
69.7127
69.7127
69.7127
69.7127
69.7127
69.7127
69.7127
69.7127
69.7127
69.7127
69.7127
69.7127
69.7127
69.7127
69.7127
69.7127
69.7127
69.7127
69.7127
69.7127
69.7127
69.7127
69.7127
69.7127
69.7127
69.7127
69.7127
69.7127
69.7127
69.7127
69.7127
69.7127
69.7127
69.7127
69.7127
69.7127
69.7127
69.7127
69.7127
69.7127
69.7127
69.7127
69.7127
69.7127
69.7127
69.7127
69.7127
69.7127
69.7127
69.7127
69.7127
69.7127
69.7127
69.7127
69.7127
69.7127
69.7127
69.7127
69.7127
69.7127
69.7127
69.7127
69.7127
69.7127
69.7127
69.7127
69.7127
69.7127
69.7127
69.7127
69.7127
69.7127
69.7127
69.7127
69.7127
69.7127
69.7127
69.7127
69.7127
69.7127
69.7127
69.7127
69.7127
69.7127
69.7127
69.7127
69.7127
69.7127
69.7127
69.7127
69.7127
69.7127
69.7127
69.7127
69.7127
69.7127
69.7127
69.7127
69.7127
69.7127
69.7127
69.7127
69.7127
69.7127
69.7127
69.7127
69.7127
69.7127
69.7127
69.7127
69.7127
69.7127
69.7127
69.7127
69.7127
69.7127
69.7127
69.7127
69.7127
69.7127
69.7127
69.7127
69.7127
69.7127
69.7127
69.7127
69.7127
69.7127
69.7127
69.7127
69.7127
69.7127
69.7127
69.7127
69.7127
69.7127
69.7127
69.7127
69.7127
69.7127
69.7127
69.7127
69.7127
69.7127
69.7127
69.7127
69.7127
69.7127
69.7127
69.7127
69.7127
69.7127
69.7127
69.7127
69.7127
69.7127
69.7127
69.7127
69.7127
69.7127
69.7127
69.7127
69.7127
69.7127
69.7127
69.7127
69.7127
69.7127
69.7127
69.7127
69.7127
69.7127
69.7127
69.7127
69.7127
69.7127
69.7127
69.7127
69.7127
69.7127
69.7127
69.7127
69.7127
69.7127
69.7127
69.7127
69.7127
69.7127
69.7127
69.7127
69.7127
69.7127
69.7127
69.7127
69.7127
69.7127
69.7127
69.7127
69.7127
69.7127
69.7127
69.7127
69.7127
69.7127
69.7127
69.7127
69.7127
69.7127
69.7127
69.7127
69.7127
69.7127
69.7127
69.7127
69.7127
69.7127
69.7127
69.7127
69.7127
69.7127
69.7127
69.7127
69.7127
69.7127
69.7127
69.7127
69.7127
69.7127
69.7127
69.7127
69.7127
69.7127
69.7127
69.7127
69.7127
69.7127
69.7127
69.7127
69.7127
69.7127
69.7127
69.7127
69.7127
69.7127
69.7127
69.7127
69.7127
69.7127
69.7127
69.7127
69.7127
69.7127
69.7127
69.7127
69.7127
69.7127
69.7127
69.7127
69.7127
69.7127
69.7127
69.7127
69.7127
69.7127
69.7127
69.7127
69.7127
69.7127
69.7127
69.7127
69.7127
69.7127
69.7127
69.7127
69.7127
69.7127
69.7127
69.7127
69.7127
69.7127
69.7127
69.7127
69.7127
69.7127
69.7127
69.7127
69.7127
69.7127
69.7127
69.7127
69.7127
69.7127
69.7127
69.7127
69.7127
69.7127
69.7127
69.7127
69.7127
69.7127
69.7127
69.7127
69.7127
69.7127
69.7127
69.7127
69.7127
69.7127
69.7127
69.7127
69.7127
69.7127
69.7127
69.7127
69.7127
69.7127
69.7127
69.7127
69.7127
69.7127
69.7127
69.7127
69.7127
69.7127
69.7127
69.7127
69.7127
69.7127
69.7127
69.7127
69.7127
69.7127
69.7127
69.7127
69.7127
69.7127
69.7127
69.7127
69.7127
69.7127
69.7127
69.7127
69.7127
69.7127
69.7127
69.7127
69.7127
69.7127
69.7127
69.7127
69.7127
69.7127
69.7127
69.7127
69.7127
69.7127
69.7127
69.7127
69.7127
69.7127
69.7127
69.7127
69.7127
69.7127
69.7127
69.7127
69.7127
69.7127
69.7127
69.7127
69.7127
69.7127
69.7127
69.7127
69.7127
69.7127
69.7127
69.7127
69.7127
69.7127
69.7127
69.7127
69.7127
69.7127
69.7127
69.7127
69.7127
69.7127
69.7127
69.7127
69.7127
69.7127
69.7127
69.7127
69.7127
69.7127
69.7127
69.7127
69.7127
69.7127
69.7127
69.7127
69.7127
69.7127
69.7127
69.7127
69.7127
69.7127
69.7127
69.7127
69.7127
69.7127
69.7127
69.7127
69.7127
69.7127
69.7127
69.7127
69.7127
69.7127
69.7127
69.7127
69.7127
69.7127
69.7127
69.7127
69.7127
69.7127
69.7127
69.7127
69.7127
69.7127
69.7127
69.7127
69.7127
69.7127
69.7127
69.7127
69.7127
69.7127
69.7127
69.7127
69.7127
69.7127
69.7127
69.7127
69.7127
69.7127
69.7127
69.7127
69.7127
69.7127
69.7127
69.7127
69.7127
69.7127
69.7127
69.7127
69.7127
69.7127
69.7127
69.7127
69.7127
69.7127
69.7127
69.7127
69.7127
69.7127
69.7127
69.7127
69.7127
69.7127
69.7127
69.7127
69.7127
69.7127
69.7127
69.7127
69.7127
69.7127
69.7127
69.7127
69.7127
69.7127
69.7127
69.7127
69.7127
69.7127
69.7127
69.7127
69.7127
69.7127
69.7127
69.7127
69.7127
69.7127
69.7127
69.7127
69.7127
69.7127
69.7127
69.7127
69.7127
69.7127
69.7127
69.7127
69.7127
69.7127
69.7127
69.7127
69.7127
69.7127
69.7127
69.7127
69.7127
69.7127
69.7127
69.7127
69.7127
69.7127
69.7127
69.7127
69.7127
69.7127
69.7127
69.7127
69.7127
69.7127
69.7127
69.7127
69.7127
69.7127
69.7127
69.7127
69.7127
69.7127
69.7127
69.7127
69.7127
69.7127
69.7127
69.7127
69.7127
69.7127
69.7127
69.7127
69.7127
69.7127
69.7127
69.7127
69.7127
69.7127
69.7127
69.7127
69.7127
69.7127
69.7127
69.7127
69.7127
69.7127
69.7127
69.7127
69.7127
69.7127
69.7127
69.7127
69.7127
69.7127
69.7127
69.7127
69.7127
69.7127
69.7127
69.7127
69.7127
69.7127
69.7127
69.7127
69.7127
69.7127
69.7127
69.7127
69.7127
69.7127
69.7127
69.7127
69.7127
69.7127
69.7127
69.7127
69.7127
69.7127
69.7127
69.7127
69.7127
69.7127
69.7127
69.7127
69.7127
69.7127
69.7127
69.7127
69.7127
69.7127
69.7127
69.7127
69.7127
69.7127
69.7127
69.7127
69.7127
69.7127
69.7127
69.7127
69.7127
69.7127
69.7127
69.7127
69.7127
69.7127
69.7127
69.7127
69.7127
69.7127
69.7127
69.7127
69.7127
69.7127
69.7127
69.7127
69.7127
69.7127
69.7127
69.7127
69.7127
69.7127
69.7127
69.7127
69.7127
69.7127
69.7127
69.7127
69.6451
69.6451
69.6451
69.6451
69.6451
69.6451
69.6451
69.6451
69.6451
69.6451
69.6451
69.6451
69.6451
69.6451
69.6451
69.6451
69.6451
69.6451
69.6451
69.6451
69.6451
69.6451
69.6451
69.6451
69.6451
69.6451
69.6451
69.6451
69.6451
69.6451
69.6451
69.6451
69.6451
69.6451
69.6451
69.6451
69.6451
69.6451
69.6451
69.6451
69.6451
69.6451
69.6451
69.6451
69.6451
69.6451
69.6451
69.6451
69.6451
69.6451
69.6451
69.6451
69.6451
69.6451
69.6451
69.6451
69.6451
69.6451
69.6451
69.6451
69.6451
69.6451
69.6451
69.6451
69.6451
69.6451
69.6451
69.6451
69.6451
69.5035
69.5035
69.5035
69.5035
69.5035
69.5035
69.5035
69.5035
69.5035
69.5035
69.5035
69.5035
69.5035
69.5035
69.5035
69.5035
69.5035
69.5035
69.5035
69.5035
69.5035
69.5035
69.5035
69.5035
69.5035
69.5035
69.5035
69.5035
69.5035
69.5035
69.5035
69.5035
69.5035
69.5035
69.5035
69.5035
69.5035
69.5035
69.5035
69.5035
69.5035
69.5035
69.5035
69.5035
69.5035
69.5035
69.5035
69.5035
69.5035
69.5035
69.5035
69.5035
69.5035
69.5035
69.5035
69.5035
69.5035
69.5035
69.5035
69.5035
69.5035
69.5035
69.5035
69.5035
69.5035
69.5035
69.5035
69.5035
69.5035
69.5035
69.5035
69.5035
69.5035
69.5035
69.5035
69.5035
69.5035
69.5035
69.5035
69.5035
69.5035
69.5035
69.5035
69.5035
69.5035
69.5035
69.5035
69.5035
69.5035
69.5035
69.5035
69.5035
69.5035
69.5035
69.5035
69.5035
69.5035
69.5035
69.5035
69.5035
69.5035
69.5035
69.5035
69.5035
69.5035
69.5035
69.5035
69.5035
69.5035
69.5035
69.5035
69.5035
69.5035
69.5035
69.5035
69.5035
69.5035
69.5035
69.5035
69.5035
69.5035
69.5035
69.5035
69.5035
69.5035
69.5035
69.5035
69.5035
69.5035
69.5035
69.5035
69.5035
69.5035
69.5035
69.5035
69.5035
69.5035
69.5035
69.5035
69.5035
69.5035
69.5035
69.5035
69.5035
69.5035
69.5035
69.5035
69.5035
69.5035
69.5035
69.5035
69.5035
69.5035
69.5035
69.5035
69.5035
69.5035
69.5035
69.5035
69.5035
69.5035
69.5035
69.5035
69.5035
69.5035
69.5035
69.5035
69.5035
69.5035
69.5035
69.5035
69.5035
69.5035
69.5035
69.5035
69.5035
69.5035
69.5035
69.5035
69.5035
69.5035
69.5035
69.5035
69.5035
69.5035
69.5035
69.5035
69.5035
69.5035
69.5035
69.5035
69.5035
69.5035
69.5035
69.5035
69.5035
69.5035
69.5035
69.5035
69.5035
69.5035
69.5035
69.5035
69.5035
69.5035
69.5035
69.5035
69.5035
69.5035
69.5035
69.5035
69.5035
69.5035
69.5035
69.5035
69.5035
69.5035
69.5035
69.5035
69.5035
69.5035
69.5035
69.5035
69.5035
69.5035
69.5035
69.5035
69.5035
69.5035
69.5035
69.5035
69.5035
69.5035
69.5035
69.5035
69.5035
69.5035
69.5035
69.5035
69.5035
69.5035
69.5035
69.5035
69.5035
69.5035
69.5035
69.5035
69.5035
69.5035
69.5035
69.5035
69.5035
69.5035
69.5035
69.5035
69.5035
69.5035
69.5035
69.5035
69.5035
69.5035
69.5035
69.5035
69.5035
69.5035
69.5035
69.5035
69.5035
69.5035
69.5035
69.5035
69.5035
69.5035
69.5035
69.5035
69.5035
69.5035
69.5035
69.5035
69.5035
69.5035
69.5035
69.5035
69.5035
69.5035
69.5035
69.5035
69.5035
69.5035
69.5035
69.5035
69.5035
69.5035
69.5035
69.5035
69.5035
69.5035
69.5035
69.5035
69.5035
69.5035
69.5035
69.5035
69.5035
69.5035
69.5035
69.5035
69.5035
69.5035
69.5035
69.5035
69.5035
69.5035
69.5035
69.5035
69.5035
69.5035
69.5035
69.5035
69.5035
69.5035
69.5035
69.5035
69.5035
69.5035
69.5035
69.5035
69.5035
69.5035
69.5035
69.5035
69.5035
69.5035
69.5035
69.5035
69.5035
69.5035
69.5035
69.5035
69.5035
69.5035
69.5035
69.3787
69.3787
69.3787
69.3787
69.3787
69.3787
69.3787
69.3787
69.3787
69.3787
69.3787
69.3787
69.3787
69.3787
69.3787
69.3787
69.3787
69.3787
69.3787
69.3787
69.3787
69.3787
69.3787
69.3787
69.3787
69.3787
69.3787
69.3787
69.3787
69.3787
69.3787
69.3787
69.3787
69.3787
69.3787
69.3787
69.3787
69.3787
69.3787
69.3787
69.3787
69.3787
69.3787
69.3787
69.3787
69.3787
69.3787
69.3787
69.3787
69.3787
69.3787
69.3787
69.3787
69.3787
69.3787
69.3787
69.3787
69.3787
69.3787
69.3787
69.3787
69.3787
69.3787
69.3787
69.3787
69.3787
69.3787
69.3787
69.3787
69.3787
69.3787
69.3787
69.3787
69.3787
69.3787
69.3787
69.3787
69.3787
69.3787
69.3787
69.3787
69.3787
69.3787
69.3787
69.3787
69.3787
69.3787
69.3787
69.3787
69.3787
69.3787
69.3787
69.3787
69.3787
69.3787
69.3787
69.3787
69.3787
69.3787
69.3787
69.3787
69.3787
69.3787
69.3787
69.3787
69.3787
69.3787
69.3787
69.3787
69.3787
69.3787
69.3787
69.3787
69.3787
69.3787
69.3787
69.3787
69.3787
69.3787
69.3787
69.3787
69.3787
69.3787
69.3787
69.3787
69.3787
69.3787
69.3787
69.3787
69.3787
69.3787
69.3787
69.3787
69.3787
69.3787
69.3787
69.3787
69.3787
69.3787
69.3787
69.3787
69.3787
69.3787
69.3787
69.3787
69.3787
69.3787
69.3787
69.3787
69.3787
69.3787
69.3787
69.3787
69.3787
69.3787
69.3787
69.3787
69.3787
69.3787
69.3787
69.3787
69.3787
69.3787
69.3787
69.3787
69.3787
69.3787
69.3787
69.3787
69.3787
69.3787
69.3787
69.3787
69.3787
69.3787
69.3787
69.3787
69.3787
69.3787
69.3787
69.3787
69.3787
69.3787
69.3787
69.3787
69.3787
69.3787
69.3787
69.3787
69.3787
69.3787
69.3787
69.3787
69.3787
69.3787
69.3787
69.3787
69.3787
69.3787
69.3787
69.3787
69.3787
69.3787
69.3787
69.3787
69.3787
69.3787
69.3787
69.3787
69.3787
69.3787
69.3787
69.3787
69.3787
69.3787
69.3787
69.3787
69.3787
69.3787
69.3787
69.3787
69.3787
69.3787
69.3787
69.3787
69.3787
69.3787
69.3787
69.3787
69.3787
69.3787
69.3787
69.3787
69.3787
69.3787
69.3787
69.3787
69.3787
69.3787
69.3787
69.3787
69.3787
69.3787
69.3787
69.3787
69.3787
69.3787
69.3787
69.3787
69.3787
69.3787
69.3787
69.3787
69.3787
69.3787
69.3787
69.3787
69.3787
69.3787
69.3787
69.3787
69.3787
69.3787
69.3787
69.3787
69.3787
69.3787
69.3787
69.3787
69.3787
69.3787
69.3787
69.3787
69.3787
69.3787
69.3787
69.3787
69.3787
69.3787
69.3787
69.3787
69.3787
69.3787
69.3787
69.3787
69.3787
69.3787
69.3787
69.3787
69.3787
69.3787
69.3787
69.3787
69.3787
69.3787
69.3787
69.3787
69.3787
69.3787
69.3787
69.3787
69.3787
69.3787
69.3787
69.3787
69.3787
69.3787
69.3787
69.3787
69.3787
69.3787
69.3787
69.3787
69.3787
69.3787
69.3787
69.3787
69.3787
69.3787
69.3787
69.3787
69.3787
69.3787
69.3787
69.3787
69.3787
69.3787
69.3787
69.3787
69.3787
69.3787
69.3787
69.3787
69.3787
69.3787
69.3787
69.3787
69.3787
69.3787
69.3787
69.3787
69.3787
69.3787
69.3787
69.3787
69.3787
69.3787
69.3787
69.3787
69.3787
69.3787
69.3787
69.3787
69.3787
69.3787
69.3787
69.3787
69.3787
69.3787
69.3787
69.3787
69.3787
69.3787
69.3787
69.3787
69.3787
69.3787
69.3787
69.3787
69.3787
69.3787
69.3787
69.3787
69.3787
69.3787
69.3787
69.3787
69.3787
69.3787
69.3787
69.3787
69.3787
69.3787
69.3787
69.3787
69.3787
69.3787
69.3787
69.3787
69.3787
69.3787
69.3787
69.3787
69.3787
69.3787
69.3787
69.3787
69.3787
69.3787
69.3787
69.3787
69.3787
69.3787
69.3787
69.3787
69.3787
69.3787
69.3787
69.3787
69.3787
69.3787
69.3787
69.3787
69.3787
69.3787
69.3787
69.3787
69.3787
69.3787
69.3787
69.3787
69.3787
69.3787
69.3787
69.3787
69.3787
69.3787
69.3787
69.3787
69.3787
69.3787
69.3787
69.3787
69.3787
69.3787
69.3787
69.3787
69.3787
69.3787
69.3787
69.3787
69.3787
69.3787
69.3787
69.3787
69.3787
69.3787
69.3787
69.3787
69.3787
69.3787
69.3787
69.3787
69.3787
69.3787
69.3787
69.3787
69.3787
69.3787
69.3787
69.3787
69.3787
69.3787
69.3787
69.3787
69.3787
69.3787
69.3787
69.3787
69.3787
69.3787
69.3787
69.3787
69.3787
69.3787
69.3787
69.3787
69.3787
69.3787
69.3787
69.3787
69.3787
69.3787
69.3787
69.3787
69.3787
69.3787
69.3787
69.3787
69.3787
69.3787
69.3787
69.3787
69.3787
69.3787
69.3787
69.3787
69.3787
69.3787
69.3787
69.3787
69.3787
69.3787
69.3787
69.3787
69.3787
69.3787
69.3787
69.3787
69.3787
69.3787
69.3787
69.3787
69.3787
69.3787
69.3787
69.3787
69.3787
69.3787
69.3787
69.3787
69.3787
69.3787
69.3787
69.3787
69.3787
69.3787
69.3787
69.3787
69.3787
69.3787
69.3787
69.3787
69.3787
69.3787
69.3787
69.3787
69.3787
69.3787
69.3787
69.3787
69.3787
69.3787
69.3787
69.3787
69.3787
69.3787
69.3787
69.3787
69.3787
69.3787
69.3787
69.3787
69.3787
69.3787
69.3787
69.3787
69.3787
69.3787
69.3787
69.3787
69.3787
69.3787
69.3787
69.3787
69.3787
69.3787
69.3787
69.3787
69.3787
69.3787
69.3787
69.3787
69.3787
69.3787
69.3787
69.3787
69.3787
69.3787
69.3787
69.3787
69.3787
69.3787
69.3787
69.3787
69.3787
69.3787
69.3787
69.3787
69.3787
69.3787
69.3787
69.3787
69.3787
69.3787
69.3787
69.3787
69.3787
69.3787
69.3787
69.3787
69.3787
69.3787
69.3787
69.3787
69.3787
69.3787
69.3787
69.3787
69.3787
69.3787
69.3787
69.3787
69.3787
69.3787
69.3787
69.3787
69.3787
69.3787
69.3787
69.3787
69.3787
69.3787
69.3787
69.3787
69.3787
69.3787
69.3787
69.3787
69.3787
69.3787
69.3787
69.3787
69.3787
69.3787
69.3787
69.3787
69.3787
69.3787
69.3787
69.3787
69.3787
69.3787
69.3787
69.3787
69.3787
69.3787
69.3787
69.3787
69.3787
69.3787
69.3787
69.3787
69.3787
69.3787
69.3787
69.3787
69.3787
69.3787
69.3787
69.3787
69.3787
69.3787
69.3787
69.3787
69.3787
69.3787
69.3787
69.3787
69.3787
69.3787
69.3787
69.3787
69.3787
69.3787
69.3787
69.3787
69.3787
69.3787
69.3787
69.3787
69.3787
69.3787
69.3787
69.3787
69.3787
69.3787
69.3787
69.3787
69.3787
69.3787
69.3787
69.3787
69.3787
69.3787
69.3787
69.3787
69.3787
69.3787
69.3787
69.3787
69.3787
69.3787
69.3787
69.3787
69.3787
69.3787
69.3787
69.3787
69.3787
69.3787
69.3787
69.3787
69.3787
69.3787
69.3787
69.3787
69.3787
69.3787
69.3787
69.3787
69.3787
69.3787
69.3787
69.3787
69.3787
69.3787
69.3787
69.3787
69.3787
69.3787
69.3787
69.3787
69.3787
69.3787
69.3787
69.3787
69.3787
69.3787
69.3787
69.3787
69.3787
69.3787
69.3787
69.3787
69.3787
69.3787
69.3787
69.3787
69.3787
69.3787
69.3787
69.3787
69.3787
69.3787
69.3787
69.3787
69.3787
69.3787
69.3787
69.3787
69.3787
69.3787
69.3787
69.3787
69.3787
69.3787
69.3787
69.3787
69.3787
69.3787
69.3787
69.3787
69.3787
69.3787
69.3787
69.3787
69.3787
69.3787
69.3787
69.3787
69.3787
69.3787
69.3787
69.3787
69.3787
69.3787
69.3787
69.3787
69.3787
69.3787
69.3787
69.3787
69.3787
69.3787
69.3787
69.3787
69.3787
69.3787
69.3787
69.3787
69.3787
69.3787
69.3787
69.3787
69.3787
69.3787
69.3787
69.3787
69.3787
69.3787
69.3787
69.3787
69.3787
69.3787
69.3787
69.3787
69.3787
69.3787
69.3787
69.3787
69.3787
69.3787
69.3787
69.3787
69.3787
69.3787
69.3787
69.3787
69.3787
69.3787
69.3787
69.3787
69.3787
69.3787
69.3787
69.3787
69.3787
69.3787
69.3787
69.3787
69.3787
69.3787
69.3787
69.3787
69.3787
69.3787
69.3787
69.3787
69.3787
69.3787
69.3787
69.3787
69.3787
69.3787
69.3787
69.3787
69.3787
69.3787
69.3787
69.3787
69.3787
69.3787
69.3787
69.3787
69.3787
69.3787
69.3787
69.3787
69.3787
69.3787
69.3787
69.3787
69.3787
69.3787
69.3787
69.3787
69.3787
69.3787
69.3787
69.3787
69.3787
69.3787
69.3787
69.3787
69.3787
69.3787
69.3787
69.3787
69.3787
69.3787
69.3787
69.3787
69.3787
69.3787
69.3787
69.3787
69.3787
69.3787
69.3787
69.3787
69.3787
69.3787
69.3787
69.3787
69.3787
69.3787
69.3787
69.3787
69.3787
69.3787
69.3787
69.3787
69.3787
69.3787
69.3787
69.3787
69.3787
69.3787
69.3787
69.3787
69.3787
69.3787
69.3787
69.3787
69.3787
69.3787
69.3787
69.3787
69.3787
69.3787
69.3787
69.3787
69.3787
69.3787
69.3787
69.3787
69.3787
69.3787
69.3787
69.3787
69.3787
69.3787
69.3787
69.3787
69.3787
69.3787
69.3787
69.3787
69.3787
69.3787
69.3787
69.3787
69.3787
69.3787
69.3787
69.3787
69.3787
69.3787
69.3787
69.3787
69.3787
69.3787
69.3787
69.3787
69.3787
69.3787
69.3787
69.3787
69.3787
69.3787
69.3787
69.3787
69.3787
69.3787
69.3787
69.3787
69.3787
69.3787
69.3787
69.3787
69.3787
69.3787
69.3787
69.3787
69.3787
69.3787
69.3787
69.3787
69.3787
69.3787
69.3787
69.3787
69.3787
69.3787
69.3787
69.3787
69.3787
69.3787
69.3787
69.3787
69.3787
69.3787
69.3787
69.3787
69.3787
69.3787
69.3787
69.3787
69.3787
69.3787
69.3787
69.3787
69.3787
69.3787
69.3787
69.3787
69.3787
69.3787
69.3787
69.3787
69.3787
69.3787
69.3787
69.3787
69.3787
69.3787
69.3787
69.3787
69.3787
69.3787
69.3787
69.3787
69.3787
69.3787
69.3787
69.3787
69.3787
69.3787
69.3787
69.3787
69.3787
69.3787
69.3787
69.3787
69.3787
69.3787
69.3787
69.3787
69.3787
69.3787
69.3787
69.3787
69.3787
69.3787
69.3787
69.3787
69.3787
69.3787
69.3787
69.3787
69.3787
69.3787
69.3787
69.3787
69.3787
69.3787
69.3787
69.3787
69.3787
69.3787
69.3787
69.3787
69.3787
69.3787
69.3787
69.3787
69.3787
69.3787
69.3787
69.3787
69.3787
69.3787
69.3787
69.3787
69.3787
69.3787
69.3787
69.3787
69.3787
69.3787
69.3787
69.3787
69.3787
69.3787
69.3787
69.3787
69.3787
69.3787
69.3787
69.3787
69.3787
69.3787
69.3787
69.3787
69.3787
69.3787
69.3787
69.3787
69.3787
69.3787
69.3787
69.3787
69.3787
69.3787
69.3787
69.3787
69.3787
69.3787
69.3787
69.3787
69.3787
69.3787
69.3787
69.3787
69.3787
69.3787
69.3787
69.3787
69.3787
69.3787
69.3787
69.3787
69.3787
69.3787
69.3787
69.3787
69.3787
69.3787
69.3787
69.3787
69.3787
69.3787
69.3787
69.3787
69.3787
69.3787
69.3787
69.3787
69.3787
69.3787
69.3787
69.3787
69.3787
69.3787
69.3787
69.3787
69.3787
69.3787
69.3787
69.3787
69.3787
69.3787
69.3787
69.3787
69.3787
69.3787
69.3787
69.3787
69.3787
69.3787
69.3787
69.3787
69.3787
69.3787
69.3787
69.3787
69.3787
69.3787
69.3787
69.3787
69.3787
69.3787
69.3787
69.3787
69.3787
69.3787
69.3787
69.3787
69.3787
69.3787
69.3787
69.3787
69.3787
69.3787
69.3787
69.3787
69.3787
69.3787
69.3787
69.3787
69.3787
69.3787
69.3787
69.3787
69.3787
69.3787
69.3787
69.3787
69.3787
69.3787
69.3787
69.3787
69.3787
69.3787
69.3787
69.3787
69.3787
69.3787
69.3787
69.3787
69.3787
69.3787
69.3787
69.3787
69.3787
69.3787
69.3787
69.3787
69.3787
69.3787
69.3787
69.3787
69.3787
69.3787
69.3787
69.3787
69.3787
69.3787
69.3787
69.3787
69.3787
69.3787
69.3787
69.3787
69.3787
69.3787
69.3787
69.3787
69.3787
69.3787
69.3787
69.3787
69.3787
69.3787
69.3787
69.3787
69.3787
69.3787
69.3787
69.3787
69.3787
69.3787
69.3787
69.3787
69.3787
69.3787
69.3787
69.3787
69.3787
69.3787
69.3787
69.3787
69.3787
69.3787
69.3787
69.3787
69.3787
69.3787
69.3787
69.3787
69.3787
69.3787
69.3787
69.3787
69.3787
69.3787
69.3787
69.3787
69.3787
69.3787
69.3787
69.3787
69.3787
69.3787
69.3787
69.3787
69.3787
69.3787
69.3787
69.3787
69.3787
69.3787
69.3787
69.3787
69.3787
69.3787
69.3787
69.3787
69.3787
69.3787
69.3787
69.3787
69.3787
69.3787
69.3787
69.3787
69.3787
69.3787
69.3787
69.3787
69.3787
69.3787
69.3787
69.3787
69.3787
69.3787
69.3787
69.3787
69.3787
69.3787
69.3787
69.3787
69.3787
69.3787
69.3787
69.3787
69.3787
69.3787
69.3787
69.3787
69.3787
69.3787
69.3787
69.3787
69.3787
69.3787
69.3787
69.3787
69.3787
69.3787
69.3787
69.3787
69.3787
69.3787
69.3787
69.3787
69.3787
69.3787
69.3787
69.3787
69.3787
69.3787
69.3787
69.3787
69.3787
69.3787
69.3787
69.3787
69.3787
69.3787
69.3787
69.3787
69.3787
69.3787
69.3787
69.3787
69.3787
69.3787
69.3787
69.3787
69.3787
69.3787
69.3787
69.3787
69.3787
69.3787
69.3787
69.3787
69.3787
69.3787
69.3787
69.3787
69.3787
69.3787
69.3787
69.3787
69.3787
69.3787
69.3787
69.3787
69.3787
69.3787
69.3787
69.3787
69.3787
69.3787
69.3787
69.3787
69.3787
69.3787
69.3787
69.3787
69.3787
69.3787
69.3787
69.3787
69.3787
69.3787
69.3787
69.3787
69.3787
69.3787
69.3787
69.3787
69.3787
69.3787
69.3787
69.3787
69.3787
69.3787
69.3787
69.3787
69.3787
69.3787
69.3787
69.3787
69.3787
69.3787
69.3787
69.3787
69.3787
69.3787
69.3787
69.3787
69.3787
69.3787
69.3787
69.3787
69.3787
69.3787
69.3787
69.3787
69.3787
69.3787
69.3787
69.3787
69.3787
69.3787
69.3787
69.3787
69.3787
69.3787
69.3787
69.3787
69.3787
69.3787
69.3787
69.3787
69.3787
69.3787
69.3787
69.3787
69.3787
69.3787
69.3787
69.3787
69.3787
69.3787
69.3787
69.3787
69.3787
69.3787
69.3787
69.3787
69.3787
69.3787
69.3787
69.3787
69.3787
69.3787
69.3787
69.3787
69.3787
69.3787
69.3787
69.3787
69.3787
69.3787
69.3787
69.3787
69.3787
69.3787
69.3787
69.3787
69.3787
69.3787
69.3787
69.3787
69.3787
69.3787
69.3787
69.3787
69.3787
69.3787
69.3787
69.3787
69.3787
69.3787
69.3787
69.3787
69.3787
69.3787
69.3787
69.3787
69.3787
69.3787
69.3787
69.3787
69.3787
69.3787
69.3787
69.3787
69.3787
69.3787
69.3787
69.3787
69.3787
69.3787
69.3787
69.3787
69.3787
69.3787
69.3787
69.3787
69.3787
69.3787
69.3787
69.3787
69.3787
69.3787
69.3787
69.3787
69.3787
69.3787
69.3787
69.3787
69.3787
69.3787
69.3787
69.3787
69.3787
69.3787
69.3787
69.3787
69.3787
69.3787
69.3787
69.3787
69.3787
69.3787
69.3787
69.3787
69.3787
69.3787
69.3787
69.3787
69.3787
69.3787
69.3787
69.3787
69.3787
69.3787
69.3787
69.3787
69.3787
69.3787
69.3787
69.3787
69.3787
69.3787
69.3787
69.3787
69.3787
69.3787
69.3787
69.3787
69.3787
69.3787
69.3787
69.3787
69.3787
69.3787
69.3787
69.3787
69.3787
69.3787
69.3787
69.3787
69.3787
69.3787
69.3787
69.3787
69.3787
69.3787
69.3787
69.3787
69.3787
69.3787
69.3787
69.3787
69.3787
69.3787
69.3787
69.3787
69.3787
69.3787
69.3787
69.3787
69.3787
69.3787
69.3787
69.3787
69.3787
69.3787
69.3787
69.3787
69.3787
69.3787
69.3787
69.3787
69.3787
69.3787
69.3787
69.3787
69.3787
69.3787
69.3787
69.3787
69.3787
69.3787
69.3787
69.3787
69.3787
69.3787
69.3787
69.3787
69.3787
69.3787
69.3787
69.3787
69.3787
69.3787
69.3787
69.3787
69.3787
69.3787
69.3787
69.3787
69.3787
69.3787
69.3787
69.3787
69.3787
69.3787
69.3787
69.3787
69.3787
69.3787
69.3787
69.3787
69.3787
69.3787
69.3787
69.3787
69.3787
69.3787
69.3787
69.3787
69.3787
69.3787
69.3787
69.3787
69.3787
69.3787
69.3787
69.3787
69.3787
69.3787
69.3787
69.3787
69.3787
69.3787
69.3787
69.3787
69.3787
69.3787
69.3787
69.3787
69.3787
69.3787
69.3787
69.3787
69.3787
69.3787
69.3787
69.3787
69.3787
69.3787
69.3787
69.3787
69.3787
69.3787
69.3787
69.3787
69.3787
69.3787
69.3787
69.3787
69.3787
69.3787
69.3787
69.3787
69.3787
69.3787
69.3787
69.3787
69.3787
69.3787
69.3787
69.3787
69.3787
69.3787
69.3787
69.3787
69.3787
69.3787
69.3787
69.3787
69.3787
69.3787
69.3787
69.3787
69.3787
69.3787
69.3787
69.3787
69.3787
69.3787
69.3787
69.3787
69.3787
69.3787
69.3787
69.3787
69.3787
69.3787
69.3787
69.3787
69.3787
69.3787
69.3787
69.3787
69.3787
69.3787
69.3787
69.3787
69.3787
69.3787
69.3787
69.3787
69.3787
69.3787
69.3787
69.3787
69.3787
69.3787
69.3787
69.3787
69.3787
69.3787
69.3787
69.3787
69.3787
69.3787
69.3787
69.3787
69.3787
69.3787
69.3787
69.3787
69.3787
69.3787
69.3787
69.3787
69.3787
69.3787
69.3787
69.3787
69.3787
69.3787
69.3787
69.3787
69.3787
69.3787
69.3787
69.3787
69.3787
69.3787
69.3787
69.3787
69.3787
69.3787
69.3787
69.3787
69.3787
69.3787
69.3787
69.3787
69.3787
69.3787
69.3787
69.3787
69.3787
69.3787
69.3787
69.3787
69.3787
69.3787
69.3787
69.3787
69.3787
69.3787
69.3787
69.3787
69.3787
69.3787
69.3787
69.3787
69.3787
69.3787
69.3787
69.3787
69.3787
69.3787
69.3787
69.3787
69.3787
69.3787
69.3787
69.3787
69.3787
69.3787
69.3787
69.3787
69.3787
69.3787
69.3787
69.3787
69.3787
69.3787
69.3787
69.3787
69.3787
69.3787
69.3787
69.3787
69.3787
69.3787
69.3787
69.3787
69.3787
69.3787
69.3787
69.3787
69.3787
69.3787
69.3787
69.3787
69.3787
69.3787
69.3787
69.3787
69.3787
69.3787
69.3787
69.3787
69.3787
69.3787
69.3787
69.3787
69.3787
69.3787
69.3787
69.3787
69.3787
69.3787
69.3787
69.3787
69.3787
69.3787
69.3787
69.3787
69.3787
69.3787
69.3787
69.3787
69.3787
69.3787
69.3787
69.3787
69.3787
69.3787
69.3787
69.3787
69.3787
69.3787
69.3787
69.3787
69.3787
69.3787
69.3787
69.3787
69.3787
69.3787
69.3787
69.3787
69.3787
69.3787
69.3787
69.3787
69.3787
69.3787
69.3787
69.3787
69.3787
69.3787
69.3787
69.3787
69.3787
69.3787
69.3787
69.3787
69.3787
69.3787
69.3787
69.3787
69.3787
69.3787
69.3787
69.3787
69.3787
69.3787
69.3787
69.3787
69.3787
69.3787
69.3787
69.3787
69.3787
69.3787
69.3787
69.3787
69.3787
69.3787
69.3787
69.3787
69.3787
69.3787
69.3787
69.3787
69.3787
69.3787
69.3787
69.3787
69.3787
69.3787
69.3787
69.3787
69.3787
69.3787
69.3787
69.3787
69.3787
69.3787
69.3787
69.3787
69.3787
69.3787
69.3787
69.3787
69.3787
69.3787
69.3787
69.3787
69.3787
69.3787
69.3787
69.3787
69.3787
69.3787
69.3787
69.3787
69.3787
69.3787
69.3787
69.3787
69.3787
69.3787
69.3787
69.3787
69.3787
69.3787
69.3787
69.3787
69.3787
69.3787
69.3787
69.3787
69.3787
69.3787
69.3787
69.3787
69.3787
69.3787
69.3787
69.3787
69.3787
69.3787
69.3787
69.3787
69.3787
69.3787
69.3787
69.3787
69.3787
69.3787
69.3787
69.3787
69.3787
69.3787
69.3787
69.3787
69.3787
69.3787
69.3787
69.3787
69.3787
69.3787
69.3787
69.3787
69.3787
69.3787
69.3787
69.3787
69.3787
69.3787
69.3787
69.3787
69.3787
69.3787
69.3787
69.3787
69.3787
69.3787
69.3787
69.3787
69.3787
69.3787
69.3787
69.3787
69.3787
69.3787
69.3787
69.3787
69.3787
69.3787
69.3787
69.3787
69.3787
69.3787
69.3787
69.3787
69.3787
69.3787
69.3787
69.3787
69.3787
69.3787
69.3787
69.3787
69.3787
69.3787
69.3787
69.3787
69.3787
69.3787
69.3787
69.3787
69.3787
69.3787
69.3787
69.3787
69.3787
69.3787
69.3787
69.3787
69.3787
69.3787
69.3787
69.3787
69.3787
69.3787
69.3787
69.3787
69.3787
69.3787
69.3787
69.3787
69.3787
69.3787
69.3787
69.3787
69.3787
69.3787
69.3787
69.3787
69.3787
69.3787
69.3787
69.3787
69.3787
69.3787
69.3787
69.3787
69.3787
69.3787
69.3787
69.3787
69.3787
69.3787
69.3787
69.3787
69.3787
69.3787
69.3787
69.3787
69.3787
69.3787
69.3787
69.3787
69.3787
69.3787
69.3787
69.3787
69.3787
69.3787
69.3787
69.3787
69.3787
69.3787
69.3787
69.3787
69.3787
69.3787
69.3787
69.3787
69.3787
69.3787
69.3787
69.3787
69.3787
69.3787
69.3787
69.3787
69.3787
69.3787
69.3787
69.3787
69.3787
69.3787
69.3787
69.3787
69.3787
69.3787
69.3787
69.3787
69.3787
69.3787
69.3787
69.3787
69.3787
69.3787
69.3787
69.3787
69.3787
69.3787
69.3787
69.3787
69.3787
69.3787
69.3787
69.3787
69.3787
69.3787
69.3787
69.3787
69.3787
69.3787
69.3787
69.3787
69.3787
69.3787
69.3787
69.3787
69.3787
69.3787
69.3787
69.3787
69.3787
69.3787
69.3787
69.3787
69.3787
69.3787
69.3787
69.3787
69.3787
69.3787
69.3787
69.3787
69.3787
69.3787
69.3787
69.3787
69.3787
69.3787
69.3787
69.3787
69.3787
69.3787
69.3787
69.3787
69.3787
69.3787
69.3787
69.3787
69.3787
69.3787
69.3787
69.3787
69.3787
69.3787
69.3787
69.3787
69.3787
69.3787
69.3787
69.3787
69.3787
69.3787
69.3787
69.3787
69.3787
69.3787
69.3787
69.3787
69.3787
69.3787
69.3787
69.3787
69.3787
69.3787
69.3787
69.3787
69.3787
69.3787
69.3787
69.3787
69.3787
69.3787
69.3787
69.3787
69.3787
69.3787
69.3787
69.3787
69.3787
69.3787
69.3787
69.3787
69.3787
69.3787
69.3787
69.3787
69.3787
69.3787
69.3787
69.3787
69.3787
69.3787
69.3787
69.3787
69.3787
69.3787
69.3787
69.3787
69.3787
69.3787
69.3787
69.3787
69.3787
69.3787
69.3787
69.3787
69.3787
69.3787
69.3787
69.3787
69.3787
69.3787
69.3787
69.3787
69.3787
69.3787
69.3787
69.3787
69.3787
69.3787
69.3787
69.3787
69.3787
69.3787
69.3787
69.3787
69.3787
69.3787
69.3787
69.3787
69.3787
69.3787
69.3787
69.3787
69.3787
69.3787
69.3787
69.3787
69.3787
69.3787
69.3787
69.3787
69.3787
69.3787
69.3787
69.3787
69.3787
69.3787
69.3787
69.3787
69.3787
69.3787
69.3787
69.3787
69.3787
69.3787
69.3787
69.3787
69.3787
69.3787
69.3787
69.3787
69.3787
69.3787
69.3787
69.3787
69.3787
69.3787
69.3787
69.3787
69.3787
69.3787
69.3787
69.3787
69.3787
69.3787
69.3787
69.3787
69.3787
69.3787
69.3787
69.3787
69.3787
69.3787
69.3787
69.3787
69.3787
69.3787
69.3787
69.3787
69.3787
69.3787
69.3787
69.3787
69.3787
69.3787
69.3787
69.3787
69.3787
69.3787
69.3787
69.3787
69.3787
69.3787
69.3787
69.3787
69.3787
69.3787
69.3787
69.3787
69.3787
69.3787
69.3787
69.3787
69.3787
69.3787
69.3787
69.3787
69.3787
69.3787
69.3787
69.3787
69.3787
69.3787
69.3787
69.3787
69.3787
69.3787
69.3787
69.3787
69.3787
69.3787
69.3787
69.3787
69.3787
69.3787
69.3787
69.3787
69.3787
69.3787
69.3787
69.3787
69.3787
69.3787
69.3787
69.3787
69.3787
69.3787
69.3787
69.3787
69.3787
69.3787
69.3787
69.3787
69.3787
69.3787
69.3787
69.3787
69.3787
69.3787
69.3787
69.3787
69.3787
69.3787
69.3787
69.3787
69.3787
69.3787
69.3787
69.3787
69.3787
69.3787
69.3787
69.3787
69.3787
69.3787
69.3787
69.3787
69.3787
69.3787
69.3787
69.3787
69.3787
69.3787
69.3787
69.3787
69.3787
69.3787
69.3787
69.3787
69.3787
69.3787
69.3787
69.3787
69.3787
69.3787
69.3787
69.3787
69.3787
69.3787
69.3787
69.3787
69.3787
69.3787
69.3787
69.3787
69.3787
69.3787
69.3787
69.3787
69.3787
69.3787
69.3787
69.3787
69.3787
69.3787
69.3787
69.3787
69.3787
69.3787
69.3787
69.3787
69.3787
69.3787
69.3787
69.3787
69.3787
69.3787
69.3787
69.3787
69.3787
69.3787
69.3787
69.3787
69.3787
69.3787
69.3787
69.3787
69.3787
69.3787
69.3787
69.3787
69.3787
69.3787
69.3787
69.3787
69.3787
69.3787
69.3787
69.3787
69.3787
69.3787
69.3787
69.3787
69.3787
69.3787
69.3787
69.3787
69.3787
69.3787
69.3787
69.3787
69.3787
69.3787
69.3787
69.3787
69.3787
69.3787
69.3787
69.3787
69.3787
69.3787
69.3787
69.3787
69.3787
69.3787
69.3787
69.3787
69.3787
69.3787
69.3787
69.3787
69.3787
69.3787
69.3787
69.3787
69.3787
69.3787
69.3787
69.3787
69.3787
69.3787
69.3787
69.3787
69.3787
69.3787
69.3787
69.3787
69.3787
69.3787
69.3787
69.3787
69.3787
69.3787
69.3787
69.3787
69.3787
69.3787
69.3787
69.3787
69.3787
69.3787
69.3787
69.3787
69.3787
69.3787
69.3787
69.3787
69.3787
69.3787
69.3787
69.3787
69.3787
69.3787
69.3787
69.3787
69.3787
69.3787
69.3787
69.3787
69.3787
69.3787
69.3787
69.3787
69.3787
69.3787
69.3787
69.3787
69.3787
69.3787
69.3787
69.3787
69.3787
69.3787
69.3787
69.3787
69.3787
69.3787
69.3787
69.3787
69.3787
69.3787
69.3787
69.3787
69.3787
69.3787
69.3787
69.3787
69.3787
69.3787
69.3787
69.3787
69.3787
69.3787
69.3787
69.3787
69.3787
69.3787
69.3787
69.3787
69.3787
69.3787
69.3787
69.3787
69.3787
69.3787
69.3787
69.3787
69.3787
69.3787
69.3787
69.3787
69.3787
69.3787
69.3787
69.3787
69.3787
69.3787
69.3787
69.3787
69.3787
69.3787
69.3787
69.3787
69.3787
69.3787
69.3787
69.3787
69.3787
69.3787
69.3787
69.3787
69.3787
69.3787
69.3787
69.3787
69.3787
69.3787
69.3787
69.3787
69.3787
69.3787
69.3787
69.3787
69.3787
69.3787
69.3787
69.3787
69.3787
69.3787
69.3787
69.3787
69.3787
69.3787
69.3787
69.3787
69.3787
69.3787
69.3787
69.3787
69.3787
69.3787
69.3787
69.3787
69.3787
69.3787
69.3787
69.3787
69.3787
69.3787
69.3787
69.3787
69.3787
69.3787
69.3787
69.3787
69.3787
69.3787
69.3787
69.3787
69.3787
69.3787
69.3787
69.3787
69.3787
69.3787
69.3787
69.3787
69.3787
69.3787
69.3787
69.3787
69.3787
69.3787
69.3787
69.3787
69.3787
69.3787
69.3787
69.3787
69.3787
69.3787
69.3787
69.3787
69.3787
69.3787
69.3787
69.3787
69.3787
69.3787
69.3787
69.3787
69.3787
69.3787
69.3787
69.3787
69.3787
69.3787
69.3787
69.3787
69.3787
69.3787
69.3787
69.3787
69.3787
69.3787
69.3787
69.3787
69.3787
69.3787
69.3787
69.3787
69.3787
69.3787
69.3787
69.3787
69.3787
69.3787
69.3787
69.3787
69.3787
69.3787
69.3787
69.3787
69.3787
69.3787
69.3787
69.3787
69.3787
69.3787
69.3787
69.3787
69.3787
69.3787
69.3787
69.3787
69.3787
69.3787
69.3787
69.3787
69.3787
69.3787
69.3787
69.3787
69.3787
69.3787
69.3787
69.3787
69.3787
69.3787
69.3787
69.3787
69.3787
69.3787
69.3787
69.3787
69.3787
69.3787
69.3787
69.3787
69.3787
69.3787
69.3787
69.3787
69.3787
69.3787
69.3787
69.3787
69.3787
69.3787
69.3787
69.3787
69.3787
69.3787
69.3787
69.3787
69.3787
69.3787
69.3787
69.3787
69.3787
69.3787
69.3787
69.3787
69.3787
69.3787
69.3787
69.3787
69.3787
69.3787
69.3787
69.3787
69.3787
69.3787
69.3787
69.3787
69.3787
69.3787
69.3787
69.3787
69.3787
69.3787
69.3787
69.3787
69.3787
69.3787
69.3787
69.3787
69.3787
69.3787
69.3787
69.3787
69.3787
69.3787
69.3787
69.3787
69.3787
69.3787
69.3787
69.3787
69.3787
69.3787
69.3787
69.3787
69.3787
69.3787
69.3787
69.3787
69.3787
69.3787
69.3787
69.3787
69.3787
69.3787
69.3787
69.3787
69.3787
69.3787
69.3787
69.3787
69.3787
69.3787
69.3787
69.3787
69.3787
69.3787
69.3787
69.3787
69.3787
69.3787
69.3787
69.3787
69.3787
69.3787
69.3787
69.3787
69.3787
69.3787
69.3787
69.3787
69.3787
69.3787
69.3787
69.3787
69.3787
69.3787
69.3787
69.3787
69.3787
69.3787
69.3787
69.3787
69.3787
69.3787
69.3787
69.3787
69.3787
69.3787
69.3787
69.3787
69.3787
69.3787
69.3787
69.3787
69.3787
69.3787
69.3787
69.3787
69.3787
69.3787
69.3787
69.3787
69.3787
69.3787
69.3787
69.3787
69.3787
69.3787
69.3787
69.3787
69.3787
69.3787
69.3787
69.3787
69.3787
69.3787
69.3787
69.3787
69.3787
69.3787
69.3787
69.3787
69.3787
69.3787
69.3787
69.3787
69.3787
69.3787
69.3787
69.3787
69.3787
69.3787
69.3787
69.3787
69.3787
69.3787
69.3787
69.3787
69.3787
69.3787
69.3787
69.3787
69.3787
69.3787
69.3787
69.3787
69.3787
69.3787
69.3787
69.3787
69.3787
69.3787
69.3787
69.3787
69.3787
69.3787
69.3787
69.3787
69.3787
69.3787
69.3787
69.3787
69.3787
69.3787
69.3787
69.3787
69.3787
69.3787
69.3787
69.3787
69.3787
69.3787
69.3787
69.3787
69.3787
69.3787
69.3787
69.3787
69.3787
69.3787
69.3787
69.3787
69.3787
69.3787
69.3787
69.3787
69.3787
69.3787
69.3787
69.3787
69.3787
69.3787
69.3787
69.3787
69.3787
69.3787
69.3787
69.3787
69.3787
69.3787
69.3787
69.3787
69.3787
69.3787
69.3787
69.3787
69.3787
69.3787
69.3787
69.3787
69.3787
69.3787
69.3787
69.3787
69.3787
69.3787
69.3787
69.3787
69.3787
69.3787
69.3787
69.3787
69.3787
69.3787
69.3787
69.3787
69.3787
69.3787
69.3787
69.3787
69.3787
69.3787
69.3787
69.3787
69.3787
69.3787
69.3787
69.3787
69.3787
69.3787
69.3787
69.3787
69.3787
69.3787
69.3787
69.3787
69.3787
69.3787
69.3787
69.3787
69.3787
69.3787
69.3787
69.3787
69.3787
69.3787
69.3787
69.3787
69.3787
69.3787
69.3787
69.3787
69.3787
69.3787
69.3787
69.3787
69.3787
69.3787
69.3787
69.3787
69.3787
69.3787
69.3787
69.3787
69.3787
69.3787
69.3787
69.3787
69.3787
69.3787
69.3787
69.3787
69.3787
69.3787
69.3787
69.3787
69.3787
69.3787
69.3787
69.3787
69.3787
69.3787
69.3787
69.3787
69.3787
69.3787
69.3787
69.3787
69.3787
69.3787
69.3787
69.3787
69.3787
69.3787
69.3787
69.3787
69.3787
69.3787
69.3787
69.3787
69.3787
69.3787
69.3787
69.3787
69.3787
69.3787
69.3787
69.3787
69.3787
69.3787
69.3787
69.3787
69.3787
69.3787
69.3787
69.3787
69.3787
69.3787
69.3787
69.3787
69.3787
69.3787
69.3787
69.3787
69.3787
69.3787
69.3787
69.3787
69.3787
69.3787
69.3787
69.3787
69.3787
69.3787
69.3787
69.3787
69.3787
69.3787
69.3787
69.3787
69.3787
69.3787
69.3787
69.3787
69.3787
69.3787
69.3787
69.3787
69.3787
69.3787
69.3787
69.3787
69.3787
69.3787
69.3787
69.3787
69.3787
69.3787
69.3787
69.3787
69.3787
69.3787
69.3787
69.3787
69.3787
69.3787
69.3787
69.3787
69.3787
69.3787
69.3787
69.3787
69.3787
69.3787
69.3787
69.3787
69.3787
69.3787
69.3787
69.3787
69.3787
69.3787
69.3787
69.3787
69.3787
69.3787
69.3787
69.3787
69.3787
69.3787
69.3787
69.3787
69.3787
69.3787
69.3787
69.3787
69.3787
69.3787
69.3787
69.3787
69.3787
69.3787
69.3787
69.3787
69.3787
69.3787
69.3787
69.3787
69.3787
69.3787
69.3787
69.3787
69.3787
69.3787
69.3787
69.3787
69.3787
69.3787
69.3787
69.3787
69.3787
69.3787
69.3787
69.3787
69.3787
69.3787
69.3787
69.3787
69.3787
69.3787
69.3787
69.3787
69.3787
69.3787
69.3787
69.3787
69.3787
69.3787
69.3787
69.3787
69.3787
69.3787
69.3787
69.3787
69.3787
69.3787
69.3787
69.3787
69.3787
69.3787
69.3787
69.3787
69.3787
69.3787
69.3787
69.3787
69.3787
69.3787
69.3787
69.3787
69.3787
69.3787
69.3787
69.3787
69.3787
69.3787
69.3787
69.3787
69.3787
69.3787
69.3787
69.3787
69.3787
69.3787
69.3787
69.3787
69.3787
69.3787
69.3787
69.3787
69.3787
69.3787
69.3787
69.3787
69.3787
69.3787
69.3787
69.3787
69.3787
69.3787
69.3787
69.3787
69.3787
69.3787
69.3787
69.3787
69.3787
69.3787
69.3787
69.3787
69.3787
69.3787
69.3787
69.3787
69.3787
69.3787
69.3787
69.3787
69.3787
69.3787
69.3787
69.3787
69.3787
69.3787
69.3787
69.3787
69.3787
69.3787
69.3787
69.3787
69.3787
69.3787
69.3787
69.3787
69.3787
69.3787
69.3787
69.3787
69.3787
69.3787
69.3787
69.3787
69.3787
69.3787
69.3787
69.3787
69.3787
69.3787
69.3787
69.3787
69.3787
69.3787
69.3787
69.3787
69.3787
69.3787
69.3787
69.3787
69.3787
69.3787
69.3787
69.3787
69.3787
69.3787
69.3787
69.3787
69.3787
69.3787
69.3787
69.3787
69.3787
69.3787
69.3787
69.3787
69.3787
69.3787
69.3787
69.3787
69.3787
69.3787
69.3787
69.3787
69.3787
69.3787
69.3787
69.3787
69.3787
69.3787
69.3787
69.3787
69.3787
69.3787
69.3787
69.3787
69.3787
69.3787
69.3787
69.3787
69.3787
69.3787
69.3787
69.3787
69.3787
69.3787
69.3787
69.3787
69.3787
69.3787
69.3787
69.3787
69.3787
69.3787
69.3787
69.3787
69.3787
69.3787
69.3787
69.3787
69.3787
69.3787
69.3787
69.3787
69.3787
69.3787
69.3787
69.3787
69.3787
69.3787
69.3787
69.3787
69.3787
69.3787
69.3787
69.3787
69.3787
69.3787
69.3787
69.3787
69.3787
69.3787
69.3787
69.3787
69.3787
69.3787
69.3787
69.3787
69.3787
69.3787
69.3787
69.3787
69.3787
69.3787
69.3787
69.3787
69.3787
69.3787
69.3787
69.3787
69.3787
69.3787
69.3787
69.3787
69.3787
69.3787
69.3787
69.3787
69.3787
69.3787
69.3787
69.3787
69.3787
69.3787
69.3787
69.3787
69.3787
69.3787
69.3787
69.3787
69.3787
69.3787
69.3787
69.3787
69.3787
69.3787
69.3787
69.3787
69.3787
69.3787
69.3787
69.3787
69.3787
69.3787
69.3787
69.3787
69.3787
69.3787
69.3787
69.3787
69.3787
69.3787
69.3787
69.3787
69.3787
69.3787
69.3787
69.3787
69.3787
69.3787
69.3787
69.3787
69.3787
69.3787
69.3787
69.3787
69.3787
69.3787
69.3787
69.3787
69.3787
69.3787
69.3787
69.3787
69.3787
69.3787
69.3787
69.3787
69.3787
69.3787
69.3787
69.3787
69.3787
69.3787
69.3787
69.3787
69.3787
69.3787
69.3787
69.3787
69.3787
69.3787
69.3787
69.3787
69.3787
69.3787
69.3787
69.3787
69.3787
69.3787
69.3787
69.3787
69.3787
69.3787
69.3787
69.3787
69.3787
69.3787
69.3787
69.3787
69.3787
69.3787
69.3787
69.3787
69.3787
69.3787
69.3787
69.3787
69.3787
69.3787
69.3787
69.3787
69.3787
69.3787
69.3787
69.3787
69.3787
69.3787
69.3787
69.3787
69.3787
69.3787
69.3787
69.3787
69.3787
69.3787
69.3787
69.3787
69.3787
69.3787
69.3787
69.3787
69.3787
69.3787
69.3787
69.3787
69.3787
69.3787
69.3787
69.3787
69.3787
69.3787
69.3787
69.3787
69.3787
69.3787
69.3787
69.3787
69.3787
69.3787
69.3787
69.3787
69.3787
69.3787
69.3787
69.3787
69.3787
69.3787
69.3787
69.3787
69.3787
69.3787
69.3787
69.3787
69.3787
69.3787
69.3787
69.3787
69.3787
69.3787
69.3787
69.3787
69.3787
69.3787
69.3787
69.3787
69.3787
69.3787
69.3787
69.3787
69.3787
69.3787
69.3787
69.3787
69.3787
69.3787
69.3787
69.3787
69.3787
69.3787
69.3787
69.3787
69.3787
69.3787
69.3787
69.3787
69.3787
69.3787
69.3787
69.3787
69.3787
69.3787
69.3787
69.3787
69.3787
69.3787
69.3787
69.3787
69.3787
69.3787
69.3787
69.3787
69.3787
69.3787
69.3787
69.3787
69.3787
69.3787
69.3787
69.3787
69.3787
69.3787
69.3787
69.3787
69.3787
69.3787
69.3787
69.3787
69.3787
69.3787
69.3787
69.3787
69.3787
69.3787
69.3787
69.3787
69.3787
69.3787
69.3787
69.3787
69.3787
69.3787
69.3787
69.3787
69.3787
69.3787
69.3787
69.3787
69.3787
69.3787
69.3787
69.3787
69.3787
69.3787
69.3787
69.3787
69.3787
69.3787
69.3787
69.3787
69.3787
69.3787
69.3787
69.3787
69.3787
69.3787
69.3787
69.3787
69.3787
69.3787
69.3787
69.3787
69.3787
69.3787
69.3787
69.3787
69.3787
69.3787
69.3787
69.3787
69.3787
69.3787
69.3787
69.3787
69.3787
69.3787
69.3787
69.3787
69.3787
69.3787
69.3787
69.3787
69.3787
69.3787
69.3787
69.3787
69.3787
69.3787
69.3787
69.3787
69.3787
69.3787
69.3787
69.3787
69.3787
69.3787
69.3787
69.3787
69.3787
69.3787
69.3787
69.3787
69.3787
69.3787
69.3787
69.3787
69.3787
69.3787
69.3787
69.3787
69.3787
69.3787
69.3787
69.3787
69.3787
69.3787
69.3787
69.3787
69.3787
69.3787
69.3787
69.3787
69.3787
69.3787
69.3787
69.3787
69.3787
69.3787
69.3787
69.3787
69.3787
69.3787
69.3787
69.3787
69.3787
69.3787
69.3787
69.3787
69.3787
69.3787
69.3787
69.3787
69.3787
69.3787
69.3787
69.3787
69.3787
69.3787
69.3787
69.3787
69.3787
69.3787
69.3787
69.3787
69.3787
69.3787
69.3787
69.3787
69.3787
69.3787
69.3787
69.3787
69.3787
69.3787
69.3787
69.3787
69.3787
69.3787
69.3787
69.3787
69.3787
69.3787
69.3787
69.3787
69.3787
69.3787
69.3787
69.3787
69.3787
69.3787
69.3787
69.3787
69.3787
69.3787
69.3787
69.3787
69.3787
69.3787
69.3787
69.3787
69.3787
69.3787
69.3787
69.3787
69.3787
69.3787
69.3787
69.3787
69.3787
69.3787
69.3787
69.3787
69.3787
69.3787
69.3787
69.3787
69.3787
69.3787
69.3787
69.3787
69.3787
69.3787
69.3787
69.3787
69.3787
69.3787
69.3787
69.3787
69.3787
69.3787
69.3787
69.3787
69.3787
69.3787
69.3787
69.3787
69.3787
69.3787
69.3787
69.3787
69.3787
69.3787
69.3787
69.3787
69.3787
69.3787
69.3787
69.3787
69.3787
69.3787
69.3787
69.3787
69.3787
69.3787
69.3787
69.3787
69.3787
69.3787
69.3787
69.3787
69.3787
69.3787
69.3787
69.3787
69.3787
69.3787
69.3787
69.3787
69.3787
69.3787
69.3787
69.3787
69.3787
69.3787
69.3787
69.3787
69.3787
69.3787
69.3787
69.3787
69.3787
69.3787
69.3787
69.3787
69.3787
69.3787
69.3787
69.3787
69.3787
69.3787
69.3787
69.3787
69.3787
69.3787
69.3787
69.3787
69.3787
69.3787
69.3787
69.3787
69.3787
69.3787
69.3787
69.3787
69.3787
69.3787
69.3787
69.3787
69.3787
69.3787
69.3787
69.3787
69.3787
69.3787
69.3787
69.3787
69.3787
69.3787
69.3787
69.3787
69.3787
69.3787
