413.981
403.147
402
396.559
391.399
384.044
377.136
360.255
360.255
355.111
348.78
343.669
338.422
333.646
329.262
324.967
321.342
318.708
315.28
312.956
305.742
303.805
299.032
296.17
294.364
293.205
289.049
286.825
283.046
279.559
278.985
271.931
271.542
267.37
266.139
259.154
258.74
253.794
252.7
251.182
247.958
245.346
243.635
237.552
237.552
236.74
232.208
229.596
226.372
225.598
225.598
222.814
220.203
216.995
216.909
210.222
207.251
207.031
205.502
204.411
204.035
201.696
200.89
198.999
195.279
195.279
195.279
194.833
194.833
193.911
193.782
193.618
189.16
188.675
188.499
186.752
185.871
185.841
184.508
183.581
177.198
177.19
177.19
176.41
175.571
175.571
171.614
171.456
169.626
169.626
168.369
168.369
167.145
166.237
164.339
163.442
162.676
162.676
159.303
158.669
155.329
155.329
154.807
154.665
153.44
153.064
153.064
150.644
150.578
150.269
149.929
149.051
147.721
146.563
144.495
144.495
142.759
140.814
139.261
139.261
139.261
138.885
137.963
136.31
136.31
136.31
135.325
135.325
134.445
134.071
134.071
133.192
131.029
130.997
130.02
130.02
130.02
128.827
127.817
126.817
126.605
126.605
126.605
125.753
125.22
123.733
121.353
121.353
121.353
120.683
120.683
119.187
117.421
117.421
116.751
116.542
114.776
114.776
114.266
114.081
113.596
113.411
112.703
112.703
112.505
111.326
111.326
111.326
111.326
111.135
111.135
110.995
110.995
110.565
110.483
109.627
109.627
108.631
108.435
108.223
107.955
107.955
107.682
107.313
107.313
106.587
106.046
106.046
106.046
106.046
105.419
104.8
104.8
104.186
104.139
102.532
102.532
102.153
102.153
101.966
101.59
101.413
101.413
99.925
99.3587
99.3587
99.3587
98.5485
98.5485
98.5485
97.6786
97.6786
97.6786
97.058
96.0982
96.0982
95.6547
95.6547
95.6547
95.6547
95.6547
95.6547
95.6547
94.8784
94.8784
94.603
94.5996
94.1501
94.1501
93.9719
93.5224
93.5224
93.5224
92.9633
92.9633
92.9633
92.9633
92.9442
92.9442
92.9376
92.4334
92.4143
92.1143
92.0951
91.9517
91.9517
91.6282
91.5203
91.5203
91.4847
91.1292
91.1292
90.9311
90.9311
90.6321
90.3986
90.3347
90.3347
90.3347
90.0119
89.7647
89.7647
89.7647
89.7647
89.7647
89.3945
89.3945
89.3945
89.3945
88.7942
88.7942
88.7942
88.7942
88.7942
88.7942
88.7942
88.7942
88.7942
88.7942
88.7942
88.7942
88.7942
88.7942
88.7183
88.3989
88.2295
88.2295
87.8495
87.7435
87.7435
87.6905
87.6905
87.6905
87.6905
87.1981
87.1981
87.1219
87.0974
87.0974
87.0974
86.6242
86.548
86.548
86.548
86.5273
86.0584
86.0584
85.9615
85.9615
85.9615
85.9615
85.9615
85.9615
85.4662
85.4662
85.1832
85.0862
85.0862
85.0862
85.0862
84.8202
84.8202
84.8202
84.8202
84.8202
84.8202
84.7322
84.4433
84.4433
84.4433
84.4433
84.1026
84.1026
84.1026
84.1026
84.1026
84.1026
84.1026
84.1026
84.1026
84.1026
84.1026
84.1026
83.7976
83.7976
83.7976
83.7976
83.7976
83.7166
83.6342
83.6342
83.5531
83.5531
83.5531
83.5531
83.4447
83.4447
83.4447
83.4447
83.4447
83.4447
83.4447
82.9625
82.9625
82.9625
82.9625
82.9625
82.1049
82.1049
82.1049
82.1049
81.7759
81.6336
81.6336
81.3046
81.3046
81.3046
81.2447
81.2447
81.2447
81.2447
81.2447
81.2447
81.192
81.192
81.192
81.1582
81.1582
81.1582
80.5984
80.5932
80.1728
80.1677
80.1677
79.9608
79.9608
79.9608
79.9608
79.9608
79.9608
79.9608
79.9608
79.9608
79.9608
79.9608
79.9608
79.9608
79.638
79.638
79.638
79.638
79.638
79.638
78.7717
78.7717
78.371
78.371
78.371
78.371
78.371
78.371
78.371
78.371
78.371
78.371
78.371
78.176
78.176
78.176
78.176
77.8587
77.8587
77.8587
77.8587
77.8587
77.8587
77.8587
77.8587
77.5768
77.5768
77.5768
77.5768
77.5768
77.5768
77.5768
77.5768
77.5768
77.5768
77.5768
77.5768
77.5768
77.5605
77.5605
77.5605
77.5605
77.5605
77.209
76.9993
76.9993
76.9993
76.9993
76.9993
76.9993
76.9993
76.9993
76.9993
76.9993
76.9993
76.9993
76.9993
76.9993
76.9993
76.9993
76.9993
76.9993
76.9993
76.9993
76.9993
76.9993
76.9993
76.9993
76.9993
76.9993
76.9993
76.9993
76.9993
76.9993
76.9993
76.9993
76.8489
76.8489
76.8489
76.8489
76.8489
76.7915
75.8114
75.8114
75.8114
75.8114
75.6609
75.6609
75.5834
75.5834
74.4843
74.4843
74.4843
74.427
74.427
74.427
74.427
74.427
74.427
74.427
74.427
74.427
74.0727
74.0727
74.0727
74.0727
74.0727
74.0727
74.0727
74.0727
74.0727
74.0727
73.8513
73.8513
73.8513
73.8513
73.8513
73.8513
73.737
73.737
73.1494
73.1494
73.1494
73.1494
73.1494
73.0861
73.0861
72.3502
72.3502
72.3502
72.3502
72.3502
72.3502
72.3502
72.3502
72.3502
72.3502
72.3502
72.3502
72.3502
72.3502
72.3502
72.3502
72.3502
72.3502
72.3502
72.3502
72.3502
72.3502
72.3502
72.3502
72.3502
72.3502
72.3502
72.3502
72.3502
72.3502
72.3502
72.3502
72.3502
72.3502
72.3502
72.3502
72.3502
72.3502
72.3502
72.3502
72.3502
72.3502
72.3502
72.3502
72.3502
72.3502
72.3502
72.3502
72.3502
72.3502
72.3502
72.3502
72.3502
72.2332
72.2332
72.2332
72.2332
72.2332
72.2332
72.2332
72.2332
72.2332
72.2332
72.2332
72.2332
72.2332
72.2332
72.2332
72.2332
72.2332
72.2332
72.2332
72.2332
72.2332
72.2332
72.2332
72.2332
72.2332
72.2332
72.2332
72.2332
72.2332
72.2332
72.2332
72.2332
72.2332
72.2332
72.2332
72.2332
72.2332
72.2332
72.2332
72.2332
72.2332
72.2332
72.2332
72.2332
72.2332
72.2332
72.2332
72.2332
72.2332
72.2332
72.2332
72.2332
72.2332
72.2332
72.2332
72.2332
72.2332
72.2332
72.2332
72.2332
72.2332
72.2332
72.2332
71.8765
71.8765
71.8765
71.8765
71.8765
71.5898
71.5898
71.5898
71.5898
71.5898
71.5898
71.5898
71.5898
71.5898
71.5898
71.5898
71.5898
71.5898
71.5898
71.5898
71.5898
71.5898
71.5898
71.5898
71.5898
71.5898
71.5898
71.5898
71.5898
71.5898
71.5898
71.5898
71.5898
71.5898
71.5492
71.5492
71.5492
71.5492
71.5492
71.5492
71.5492
71.5492
71.5492
71.5492
71.5492
71.5492
71.5492
71.5492
71.5492
71.5492
71.5492
71.3058
71.3058
71.3058
71.3058
71.3058
71.2707
71.2707
71.2707
71.2707
71.2707
71.2707
71.2707
71.2707
71.2707
71.2707
71.2707
71.2707
71.2707
71.2707
71.2707
71.2707
71.2707
70.7364
70.7364
70.7364
70.7364
70.7364
70.7364
70.7364
70.7364
70.7364
70.7364
70.7364
70.7364
70.7364
70.7364
70.7364
70.7364
70.7364
70.7364
70.7364
70.7364
70.7364
70.7364
70.7364
70.7364
70.7364
70.7364
70.7364
70.7364
70.7364
70.7364
70.7364
70.7364
70.7364
70.7364
70.7364
70.7364
70.7364
70.7364
70.7364
70.7364
70.7364
70.7364
70.7364
70.7364
70.7364
70.7364
70.7364
70.7364
70.7364
70.7364
70.7364
70.7364
70.7364
70.7364
70.7227
70.7092
70.7092
70.7092
70.7092
70.7092
70.7092
70.7092
70.7092
70.7092
70.7092
70.7092
70.7092
70.7092
70.7092
70.7092
70.7092
70.7092
70.7092
70.7092
70.7092
70.7092
70.7092
70.7092
70.7092
70.7092
70.7092
70.7092
70.7092
70.7092
70.7092
70.7092
70.7092
70.7092
70.7092
70.7092
70.7092
70.7092
70.7092
70.7092
70.7092
70.7092
70.7092
70.7092
70.7092
70.7092
70.7092
70.7092
70.7092
70.7092
70.7092
70.7092
70.7092
70.7092
70.7092
70.7092
70.7092
70.7092
70.7092
70.7092
70.7092
70.7092
70.7092
70.7092
70.7092
70.7092
70.62
70.62
70.62
70.62
70.62
70.62
70.62
70.62
70.62
70.62
70.62
70.62
70.62
70.62
70.62
70.62
70.62
70.62
70.62
70.62
70.62
70.62
70.62
70.62
70.62
70.62
70.62
70.62
70.62
70.62
70.62
70.62
70.62
70.62
70.62
70.62
70.62
70.62
70.62
70.62
70.62
70.62
70.62
70.62
70.62
70.62
70.62
70.62
70.62
70.62
70.62
70.62
70.62
70.62
70.62
70.62
70.62
70.62
70.62
70.62
70.62
70.62
70.62
70.62
70.62
70.62
70.62
70.62
70.62
70.62
70.62
70.62
70.62
70.62
70.62
70.62
70.62
70.62
70.62
70.62
70.62
70.62
70.62
70.62
70.62
70.62
70.62
70.62
70.62
70.62
70.62
70.62
70.62
70.62
70.62
70.62
70.62
70.62
70.62
70.62
70.62
70.62
70.62
70.62
70.62
70.62
70.62
70.62
70.62
70.62
70.62
70.62
70.62
70.62
70.62
70.62
70.62
70.62
70.62
70.62
70.62
70.62
70.62
70.62
70.62
70.62
70.62
70.62
70.62
70.62
70.62
70.62
70.62
70.62
70.62
70.62
70.62
70.62
70.62
70.62
70.62
70.62
70.62
70.62
70.62
70.62
70.62
70.62
70.62
70.62
70.62
70.62
70.62
70.62
70.62
70.62
70.62
70.62
70.62
70.62
70.62
70.62
70.62
70.62
70.62
70.62
70.62
70.62
70.62
70.62
70.62
70.62
70.62
70.62
70.62
70.62
70.62
70.62
70.62
70.62
70.62
70.62
70.62
70.62
70.62
70.62
70.62
70.62
70.62
70.62
70.62
70.62
70.62
70.62
70.62
70.62
70.62
70.62
70.62
70.62
70.62
70.62
70.62
70.62
70.62
70.62
70.62
70.62
70.62
70.62
70.62
70.62
70.62
70.62
70.62
70.62
70.62
70.62
70.62
70.62
70.62
70.62
70.62
70.62
70.62
70.62
70.62
70.62
70.62
70.62
70.62
70.62
70.62
70.62
70.62
70.62
70.62
70.62
70.62
70.62
70.62
70.62
70.62
70.62
70.62
70.62
70.62
70.62
70.62
70.62
70.62
70.62
70.62
70.62
70.62
70.62
70.62
70.62
70.62
70.62
70.62
70.62
70.62
70.62
70.62
70.62
70.62
70.62
70.62
70.62
70.62
70.62
70.62
70.62
70.62
70.62
70.62
70.62
70.62
70.62
70.62
70.62
70.62
70.62
70.62
70.62
70.62
70.62
70.62
70.62
70.62
70.62
70.62
70.62
70.62
70.62
70.62
70.62
70.62
70.62
70.62
70.62
70.62
70.62
70.62
70.62
70.62
70.62
70.62
70.62
70.62
70.62
70.62
70.62
70.62
70.62
70.62
70.62
70.62
70.62
70.62
70.62
70.62
70.62
70.62
70.62
70.62
70.62
70.62
70.62
70.62
70.62
70.62
70.62
70.62
70.62
70.62
70.62
70.62
70.62
70.62
70.62
70.62
70.62
70.62
70.62
70.62
70.62
70.62
70.62
70.62
70.62
70.62
70.62
70.62
70.62
70.62
70.62
70.62
70.62
70.62
70.62
70.62
70.62
70.62
70.62
70.62
70.62
70.62
70.62
70.62
70.62
70.62
70.62
70.62
70.62
70.62
70.62
70.62
70.62
70.62
70.62
70.62
70.62
70.62
70.62
70.62
70.62
70.62
70.62
70.62
70.62
70.62
70.62
70.62
70.62
70.62
70.62
70.62
70.62
70.62
70.62
70.62
70.62
70.62
70.62
70.62
70.62
70.62
70.62
70.62
70.62
70.62
70.62
70.62
70.62
70.62
70.62
70.62
70.62
70.62
70.62
70.62
70.62
70.62
70.62
70.62
70.62
70.62
70.62
70.62
70.62
70.62
70.62
70.62
70.62
70.62
70.62
70.62
70.62
70.62
70.62
70.62
70.62
70.62
70.62
70.62
70.62
70.62
70.62
70.62
70.62
70.62
70.62
70.62
70.62
70.62
70.62
70.62
70.62
70.62
70.62
70.62
70.62
70.62
70.62
70.62
70.62
70.62
70.62
70.62
70.62
70.62
70.62
70.62
70.62
70.62
70.62
70.62
70.62
70.62
70.62
70.62
70.62
70.62
70.62
70.62
70.62
70.62
70.62
70.62
70.62
70.62
70.62
70.62
70.62
70.62
70.62
70.62
70.62
70.62
70.62
70.62
70.62
70.62
70.62
70.62
70.62
70.62
70.62
70.62
70.62
70.62
70.62
70.62
70.62
70.62
70.62
70.62
70.62
70.62
70.62
70.62
70.62
70.62
70.62
70.62
70.62
70.62
70.62
70.62
70.62
70.62
70.62
70.62
70.62
70.62
70.62
70.62
70.62
70.62
70.62
70.62
70.62
70.62
70.62
70.62
70.62
70.62
70.62
70.62
70.62
70.62
70.62
70.62
70.62
70.62
70.62
70.62
70.62
70.62
70.62
70.62
70.62
70.62
70.62
70.62
70.62
70.62
70.62
70.62
70.62
70.62
70.62
70.62
70.62
70.62
70.62
70.62
70.62
70.62
70.62
70.62
70.62
70.62
70.62
70.62
70.62
70.62
70.62
70.62
70.62
70.62
70.62
70.0836
70.0836
70.0836
70.0836
70.0836
70.0836
70.0836
70.0836
70.0836
70.0836
70.0836
70.0836
70.0836
70.0836
70.0836
70.0836
70.0836
70.0836
70.0836
70.0836
70.0836
70.0836
70.0836
70.0836
70.0836
70.0836
70.0836
70.0836
70.0836
70.0836
70.0836
70.0836
70.0836
70.0836
70.0836
70.0836
70.0836
70.0836
70.0836
70.0836
70.0836
70.0836
70.0836
70.0836
70.0836
70.0836
70.0836
70.0836
70.0836
70.0836
70.0836
70.0836
70.0836
70.0836
70.0836
70.0836
70.0836
70.0836
70.0836
70.0836
70.0836
70.0836
70.0836
70.0836
70.0836
70.0836
70.0836
70.0836
70.0836
70.0836
70.0836
70.0836
70.0836
70.0836
70.0836
70.0836
70.0836
70.0836
70.0836
70.0836
70.0836
70.0836
70.0836
70.0836
70.0836
70.0836
69.4061
69.4061
69.4061
69.4061
69.4061
69.4061
69.4061
69.4061
69.4061
69.4061
69.4061
69.4061
69.4061
69.4061
69.4061
69.4061
69.4061
69.4061
69.4061
69.4061
69.4061
69.4061
69.4061
69.4061
69.4061
69.4061
69.4061
69.4061
69.4061
69.4061
69.4061
69.4061
69.4061
69.4061
69.4061
69.4061
69.4061
69.4061
69.4061
69.4061
69.4061
69.4061
69.4061
69.4061
69.4061
69.4061
69.4061
69.4061
69.4061
69.4061
69.4061
69.4061
69.4061
69.4061
69.4061
69.4061
69.4061
69.4061
69.4061
69.4061
69.4061
69.4061
69.4061
69.4061
69.4061
69.4061
69.4061
69.4061
69.4061
69.4061
69.4061
69.4061
69.4061
69.4061
69.4061
69.4061
69.4061
69.4061
69.4061
69.4061
69.4061
69.4061
69.4061
69.4061
69.4061
69.4061
69.4061
69.4061
69.4061
69.4061
69.4061
69.4061
69.4061
69.4061
69.4061
69.4061
69.4061
69.4061
69.4061
69.4061
69.4061
69.4061
69.4061
69.4061
69.4061
69.4061
69.4061
69.4061
69.4061
69.4061
69.4061
69.4061
69.4061
69.4061
69.4061
69.4061
69.4061
69.4061
69.4061
69.4061
69.4061
69.4061
69.4061
69.4061
69.4061
69.4061
69.4061
69.4061
69.4061
69.4061
69.4061
69.4061
69.4061
69.4061
69.4061
69.4061
69.4061
69.4061
69.4061
69.4061
69.4061
69.4061
69.4061
69.4061
69.4061
69.4061
69.4061
69.4061
69.4061
69.4061
69.4061
69.4061
69.4061
69.4061
69.4061
69.4061
69.4061
69.4061
69.4061
69.4061
69.4061
69.4061
69.4061
69.4061
69.4061
69.4061
69.4061
69.4061
69.4061
69.4061
69.4061
69.4061
69.4061
69.4061
69.4061
69.4061
69.4061
69.4061
69.4061
69.4061
69.4061
69.4061
69.4061
69.4061
69.4061
69.4061
69.4061
69.4061
69.4061
69.4061
69.4061
69.4061
69.4061
69.4061
69.4061
69.4061
69.4061
69.4061
69.4061
69.4061
69.4061
69.4061
69.4061
69.4061
69.4061
69.4061
69.4061
69.4061
69.4061
69.4061
69.4061
69.4061
69.4061
69.4061
69.4061
69.4061
69.4061
69.4061
69.4061
69.4061
69.4061
69.4061
69.4061
69.4061
69.4061
69.4061
69.4061
69.4061
69.4061
69.4061
69.4061
69.4061
69.4061
69.4061
69.4061
69.4061
69.4061
69.4061
69.4061
69.4061
69.4061
69.4061
69.4061
69.4061
69.4061
69.4061
69.4061
69.4061
69.4061
69.4061
69.4061
69.4061
69.4061
69.4061
69.4061
69.4061
69.4061
69.4061
69.4061
69.4061
69.4061
69.4061
69.4061
69.4061
69.4061
69.4061
69.4061
69.4061
69.4061
69.4061
69.4061
69.4061
69.4061
69.4061
69.4061
69.4061
69.4061
69.4061
69.4061
69.4061
69.4061
69.4061
69.4061
69.4061
69.4061
69.4061
69.4061
69.4061
69.4061
69.4061
69.4061
69.4061
69.4061
69.4061
69.4061
69.4061
69.4061
69.4061
69.4061
69.4061
69.4061
69.4061
69.4061
69.4061
69.4061
69.4061
69.4061
69.4061
69.4061
69.4061
69.4061
69.4061
69.4061
69.4061
69.4061
69.4061
69.4061
69.4061
69.4061
69.4061
69.4061
69.4061
69.4061
69.4061
69.4061
69.4061
69.4061
69.4061
69.4061
69.4061
69.4061
69.4061
69.4061
69.4061
69.4061
69.4061
69.4061
69.4061
69.4061
69.4061
69.4061
69.4061
69.4061
69.4061
69.4061
69.4061
69.4061
69.4061
69.4061
69.4061
69.4061
69.4061
69.4061
69.4061
69.4061
69.4061
69.4061
69.4061
69.4061
69.4061
69.4061
69.4061
69.4061
69.4061
69.4061
69.4061
69.4061
69.4061
69.4061
69.4061
69.4061
69.4061
69.4061
69.4061
69.4061
69.4061
69.4061
69.4061
69.4061
69.4061
69.4061
69.4061
69.4061
69.4061
69.4061
69.4061
69.4061
69.4061
69.4061
69.4061
69.4061
69.4061
69.4061
69.4061
69.4061
69.4061
69.4061
69.4061
69.4061
69.4061
69.4061
69.4061
69.4061
69.4061
69.4061
69.4061
69.4061
69.4061
69.4061
69.4061
69.4061
69.4061
69.4061
69.4061
69.4061
69.4061
69.4061
69.4061
69.4061
69.4061
69.4061
69.4061
69.4061
69.4061
69.4061
69.4061
69.4061
69.4061
69.4061
69.4061
69.4061
69.4061
69.4061
69.4061
69.4061
69.4061
69.4061
69.4061
69.4061
69.4061
69.4061
69.4061
69.4061
69.4061
69.4061
69.4061
69.4061
69.4061
69.4061
69.4061
69.4061
69.4061
69.4061
69.4061
69.4061
69.4061
69.4061
69.4061
69.4061
69.4061
69.4061
69.4061
69.4061
69.4061
69.4061
69.4061
69.4061
69.4061
69.4061
69.4061
69.4061
69.4061
69.4061
69.4061
69.4061
69.4061
69.4061
69.4061
69.4061
69.4061
69.4061
69.4061
69.4061
69.4061
69.4061
69.4061
69.4061
69.4061
69.4061
69.4061
69.4061
69.4061
69.4061
69.4061
69.4061
69.4061
69.4061
69.4061
69.4061
69.4061
69.4061
69.4061
69.4061
69.4061
69.4061
69.4061
69.4061
69.4061
69.4061
69.4061
69.4061
69.4061
69.4061
69.4061
69.4061
69.4061
69.4061
69.4061
69.4061
69.4061
69.4061
69.4061
69.4061
69.4061
69.4061
69.4061
69.4061
69.4061
69.4061
69.4061
69.4061
69.4061
69.4061
69.4061
69.4061
69.4061
69.4061
69.4061
69.4061
69.4061
69.4061
69.4061
69.4061
69.4061
69.4061
69.4061
69.4061
69.4061
69.4061
69.4061
69.4061
69.4061
69.4061
69.4061
69.4061
69.4061
69.4061
69.4061
69.4061
69.4061
69.4061
69.4061
69.4061
69.4061
69.4061
69.4061
69.4061
69.4061
69.4061
69.4061
69.4061
69.4061
69.4061
69.4061
69.4061
69.4061
69.4061
69.4061
69.4061
69.4061
69.4061
69.4061
69.4061
69.4061
69.4061
69.4061
69.4061
69.4061
69.4061
69.4061
69.4061
69.4061
69.4061
69.4061
69.4061
69.4061
69.4061
69.4061
69.4061
69.4061
69.4061
69.4061
69.4061
69.4061
69.4061
68.8193
68.8193
68.8193
68.8193
68.8193
68.8193
68.8193
68.8193
68.8193
68.8193
68.8193
68.8193
68.8193
68.8193
68.8193
68.8193
68.8193
68.8193
68.8193
68.8193
68.8193
68.8193
68.8193
68.8193
68.8193
68.8193
68.8193
68.8193
68.8193
68.8193
68.8193
68.8193
68.8193
68.8193
68.8193
68.8193
68.8193
68.8193
68.8193
68.8193
68.8193
68.8193
68.8193
68.8193
68.8193
68.8193
68.8193
68.8193
68.8193
68.8193
68.8193
68.8193
68.8193
68.8193
68.8193
68.8193
68.8193
68.8193
68.8193
68.8193
68.8193
68.8193
68.8193
68.8193
68.8193
68.8193
68.8193
68.8193
68.8193
68.8193
68.8193
68.8193
68.8193
68.8193
68.8193
68.8193
68.8193
68.8193
68.8193
68.8193
68.8193
68.8193
68.8193
68.8193
68.8193
68.8193
68.8193
68.8193
68.8193
68.8193
68.8193
68.8193
68.8193
68.8193
68.8193
68.8193
68.8193
68.8193
68.8193
68.8193
68.8193
68.8193
68.8193
68.8193
68.8193
68.8193
68.8193
68.8193
68.8193
68.8193
68.8193
68.8193
68.8193
68.8193
68.8193
68.8193
68.8193
68.8193
68.8193
68.8193
68.8193
68.8193
68.8193
68.8193
68.8193
68.8193
68.8193
68.8193
68.8193
68.8193
68.8193
68.8193
68.8193
68.8193
68.8193
68.8193
68.8193
68.8193
68.8193
68.8193
68.8193
68.8193
68.8193
68.8193
68.8193
68.8193
68.8193
68.8193
68.8193
68.8193
68.8193
68.8193
68.8193
68.8193
68.8193
68.8193
68.8193
68.8193
68.8193
68.8193
68.8193
68.8193
68.8193
68.8193
68.8193
68.8193
68.8193
68.8193
68.8193
68.5957
68.5957
68.5957
68.5957
68.5957
68.5957
68.5957
68.5957
68.5957
68.5957
68.5957
68.5957
68.5957
68.5957
68.5957
68.5957
68.5957
68.5957
68.5957
68.5957
68.5957
68.5957
68.5957
68.5957
68.5957
68.5957
68.5957
68.5957
68.5957
68.5957
68.5957
68.5957
68.5957
68.5957
68.5957
68.5957
68.5957
68.5957
68.5957
68.5957
68.5957
68.5957
68.5957
68.5957
68.5957
68.5957
68.5957
68.5957
68.5957
68.5957
68.5957
68.5957
68.5957
68.5957
68.5957
68.5957
68.5957
68.5957
68.5957
68.5957
68.5957
68.5957
68.5957
68.5957
68.5957
68.5957
68.5957
68.5957
68.5957
68.5957
68.5957
68.5957
68.5957
68.5957
68.5957
68.5957
68.5957
68.5957
68.5957
68.5957
68.5957
68.5957
68.5957
68.5957
68.5957
68.5957
68.5957
68.5957
68.5957
68.5957
68.5957
68.5957
68.5957
68.5957
68.5957
68.5957
68.5957
68.5957
68.5957
68.5957
68.5957
68.5957
68.5957
68.5957
68.5957
68.5957
68.5957
68.5957
68.5957
68.5957
68.5957
68.5957
68.5957
68.5957
68.5957
68.5957
68.5957
68.5957
68.5957
68.5957
68.5957
68.5957
68.5957
68.5957
68.5957
68.5957
68.5957
68.5957
68.5957
68.5957
68.5957
68.5957
68.5957
68.5957
68.5957
68.5957
68.5957
68.5957
68.5957
68.5957
68.5957
68.5957
68.5957
68.5957
68.5957
68.5957
68.5957
68.5957
68.5957
68.5957
68.5957
68.5957
68.5957
68.5957
68.5957
68.5957
68.5957
68.5957
68.5957
68.5957
68.5957
68.5957
68.5957
68.5957
68.5957
68.5957
68.5957
68.5957
68.5957
68.5957
68.5957
68.5957
68.5957
68.5957
68.5957
68.5957
68.5957
68.5957
68.5957
68.5957
68.5957
68.5957
68.5957
68.5957
68.5957
68.5957
68.5957
68.5957
68.5957
68.5957
68.5957
68.5957
68.5957
68.5957
68.5957
68.5957
68.5957
68.5957
68.5957
68.5957
68.5957
68.5957
68.5957
68.5957
68.5957
68.5957
68.5957
68.5957
68.5957
68.5957
68.5957
68.5957
68.5957
68.5957
68.5957
68.5957
68.5957
68.5957
68.5957
68.5957
68.5957
68.5957
68.5957
68.5957
68.5957
68.5957
68.5957
68.5957
68.5957
68.5957
68.5957
68.5957
68.5957
68.5957
68.5957
68.5957
68.5957
68.5957
68.5957
68.5957
68.5957
68.5957
68.5957
68.5957
68.5957
68.5957
68.5957
68.5957
68.5957
68.5957
68.5957
68.5957
68.5957
68.5957
68.5957
68.5957
68.5957
68.5957
68.5957
68.5957
68.5957
68.5957
68.5957
68.5957
68.5957
68.5957
68.5957
68.5957
68.5957
68.5957
68.5957
68.5957
68.5957
68.5957
68.5957
68.5957
68.5957
68.5957
68.5957
68.5957
68.5957
68.5957
68.5957
68.5957
68.5957
68.5957
68.5957
68.5957
68.5957
68.5957
68.5957
68.5957
68.5957
68.5957
68.5957
68.5957
68.5957
68.5957
68.5957
68.5957
68.5957
68.5957
68.5957
68.5957
68.5957
68.5957
68.5957
68.5957
68.5957
68.5957
68.5957
68.5957
68.5957
68.5957
68.5957
68.5957
68.5957
68.5957
68.5957
68.5957
68.5957
68.5957
68.5957
68.5957
68.5957
68.5957
68.5957
68.5957
68.5957
68.5957
68.5957
68.5957
68.5957
68.5957
68.5957
68.5957
68.5957
68.5957
68.5957
68.5957
68.5957
68.5957
68.5957
68.5957
68.5957
68.5957
68.5957
68.5957
68.5957
68.5957
68.5957
68.5957
68.5957
68.5957
68.5957
68.5957
68.5957
68.5957
68.5957
68.5957
68.5957
68.5957
68.5957
68.5957
68.5957
68.5957
68.5957
68.5957
68.5957
68.5957
68.5957
68.5957
68.5957
68.5957
68.5957
68.5957
68.5957
68.5957
68.5957
68.5957
68.5957
68.5957
68.5957
68.5957
68.5957
68.5957
68.5957
68.5957
68.5957
68.5957
68.5957
68.5957
68.5957
68.5957
68.5957
68.5957
68.5957
68.5957
68.5957
68.5957
68.5957
68.5957
68.5957
68.5957
68.5957
68.5957
68.5957
68.5957
68.5957
68.5957
68.5957
68.5957
68.5957
68.5957
68.5957
68.5957
68.5957
68.5957
68.5957
68.5957
68.5957
68.5957
68.5957
68.5957
68.5957
68.5957
68.5957
68.5957
68.5957
68.5957
68.5957
68.5957
68.5957
68.5957
68.5957
68.5957
68.5957
68.5957
68.5957
68.5957
68.5957
68.5957
68.5957
68.5957
68.5957
68.5957
68.5957
68.5957
68.5957
68.5957
68.5957
68.5957
68.5957
68.5957
68.5957
68.5957
68.5957
68.5957
68.5957
68.5418
68.5418
68.5418
68.5418
68.0848
68.0848
68.0848
68.0848
68.0848
68.0848
68.0848
68.0848
68.0848
68.0848
68.0848
68.0848
68.0848
68.0848
68.0848
68.0848
68.0848
68.0848
68.0848
68.0848
68.0848
68.0848
68.0848
68.0848
68.0848
68.0848
68.0848
68.0848
68.0848
68.0848
68.0848
68.0848
68.0848
68.0848
68.0848
68.0848
68.0848
68.0848
68.0848
68.0848
68.0848
68.0848
68.0848
68.0848
68.0848
68.0848
68.0848
68.0848
68.0848
68.0848
68.0848
68.0848
68.0848
68.0848
68.0848
68.0848
68.0848
68.0848
68.0848
68.0848
68.0848
68.0848
68.0848
68.0848
68.0848
68.0848
68.0848
68.0848
68.0848
68.0848
68.0848
68.0848
68.0848
68.0848
68.0848
68.0848
68.0848
68.0848
68.0848
68.0848
68.0848
68.0848
68.0848
68.0848
68.0848
68.0848
68.0848
68.0848
68.0848
68.0848
68.0848
68.0848
68.0848
68.0848
68.0848
68.0848
68.0848
68.0848
68.0848
68.0848
68.0848
68.0848
68.0848
68.0848
68.0848
68.0848
68.0848
68.0848
68.0848
68.0848
68.0848
68.0848
68.0848
68.0848
68.0848
68.0848
68.0848
68.0848
68.0848
68.0848
68.0848
68.0848
68.0848
68.0848
68.0848
68.0848
68.0848
68.0848
68.0848
68.0848
68.0848
68.0848
68.0848
68.0848
68.0848
68.0848
68.0848
68.0848
68.0848
68.0848
68.0848
68.0848
68.0848
68.0848
68.0848
68.0848
68.0848
68.0848
68.0848
68.0848
68.0848
68.0848
68.0848
68.0848
68.0848
68.0848
68.0848
68.0848
68.0848
68.0848
68.0848
68.0848
68.0848
68.0848
68.0848
68.0848
68.0848
68.0848
68.0848
68.0848
68.0848
68.0848
68.0848
68.0848
68.0848
68.0848
68.0848
68.0848
68.0848
68.0848
68.0848
68.0848
68.0848
68.0848
68.0848
68.0848
68.0848
68.0848
68.0848
68.0848
68.0848
68.0848
68.0848
68.0848
68.0848
68.0848
68.0848
68.0848
68.0848
68.0848
68.0848
68.0848
68.0848
68.0848
68.0848
68.0848
68.0848
68.0848
68.0848
68.0848
68.0848
68.0848
68.0848
68.0848
68.0848
68.0848
68.0848
68.0848
68.0848
68.0848
68.0848
68.0848
68.0848
68.0848
68.0848
68.0848
68.0848
68.0848
68.0848
68.0848
68.0848
68.0848
68.0848
68.0848
68.0848
68.0848
68.0848
68.0848
68.0848
68.0848
68.0848
68.0848
68.0848
68.0848
68.0848
68.0848
68.0848
68.0848
68.0848
68.0848
68.0848
68.0848
68.0848
68.0848
68.0848
68.0848
68.0848
68.0848
68.0848
68.0848
68.0848
68.0848
68.0848
68.0848
68.0848
68.0848
68.0848
68.0848
68.0848
68.0848
68.0848
68.0848
68.0848
68.0848
68.0848
68.0848
68.0848
68.0848
68.0848
68.0848
68.0848
68.0848
68.0848
68.0848
68.0848
68.0848
68.0848
68.0848
68.0848
68.0848
68.0848
68.0848
68.0848
68.0848
68.0848
68.0848
68.0848
68.0848
68.0848
68.0848
68.0848
68.0848
68.0848
68.0848
68.0848
68.0848
68.0848
68.0848
68.0848
68.0848
68.0848
68.0848
68.0848
68.0848
68.0848
68.0848
68.0848
68.0848
68.0848
68.0848
68.0848
68.0848
68.0848
68.0848
68.0848
68.0848
68.0848
68.0848
68.0848
68.0848
68.0848
68.0848
68.0848
68.0848
68.0848
68.0848
68.0848
68.0848
68.0848
68.0848
68.0848
68.0848
68.0848
68.0848
68.0848
68.0848
68.0848
68.0848
68.0848
68.0848
68.0848
68.0848
68.0848
68.0848
68.0848
68.0848
68.0848
68.0848
68.0848
67.9338
67.9338
67.9338
67.9338
67.9338
67.9338
67.9338
67.9338
67.9338
67.9338
67.9338
67.9338
67.9338
67.9338
67.9338
67.9338
67.9338
67.9338
67.9338
67.9338
67.9338
67.9338
67.9338
67.9338
67.9338
67.9338
67.9338
67.9338
67.9338
67.9338
67.9338
67.9338
67.9338
67.9338
67.9338
67.9338
67.9338
67.9338
67.9338
67.9338
67.9338
67.9338
67.9338
67.9338
67.9338
67.9338
67.9338
67.9338
67.9338
67.9338
67.9338
67.9338
67.9338
67.9338
67.9338
67.9338
67.9338
67.9338
67.9338
67.9338
67.9338
67.9338
67.9338
67.9338
67.9338
67.9338
67.9338
67.9338
67.9338
67.9338
67.9338
67.9338
67.9338
67.9338
67.9338
67.9338
67.9338
67.9338
67.9338
67.9338
67.9338
67.9338
67.9338
67.9338
67.9338
67.9338
67.9338
67.9338
67.9338
67.9338
67.9338
67.9338
67.9338
67.9338
67.9338
67.9338
67.9338
67.9338
67.9338
67.9338
67.9338
67.9338
67.9338
67.9338
67.9338
67.9338
67.9338
67.9338
67.9338
67.9338
67.9338
67.9338
67.9338
67.9338
67.9338
67.9338
67.9338
67.9338
67.9338
67.9338
67.9338
67.9338
67.9338
67.9338
67.9338
67.9338
67.9338
67.9338
67.9338
67.9338
67.9338
67.9338
67.9338
67.9338
67.9338
67.9338
67.9338
67.9338
67.9338
67.9338
67.9338
67.9338
67.9338
67.9338
67.9338
67.9338
67.9338
67.9338
67.9338
67.9338
67.9338
67.9338
67.9338
67.9338
67.9338
67.9338
67.9338
67.9338
67.9338
67.9338
67.9338
67.9338
67.9338
67.9338
67.9338
67.9338
67.9338
67.9338
67.9338
67.9338
67.9338
67.9338
67.9338
67.9338
67.9338
67.9338
67.9338
67.9338
67.9338
67.9338
67.9338
67.9338
67.9338
67.9338
67.9338
67.9338
67.9338
67.9338
67.9338
67.9338
67.9338
67.9338
67.9338
67.9338
67.9338
67.9338
67.9338
67.9338
67.9338
67.9338
67.9338
67.9338
67.9338
67.9338
67.9338
67.9338
67.9338
67.9338
67.9338
67.9338
67.9338
67.9338
67.9338
67.9338
67.9338
67.9338
67.9338
67.9338
67.9338
67.9338
67.9338
67.9338
67.9338
67.9338
67.9338
67.9338
67.9338
67.9338
67.9338
67.9338
67.9338
67.9338
67.9338
67.9338
67.9338
67.9338
67.9338
67.9338
67.9338
67.9338
67.9338
67.9338
67.9338
67.9338
67.9338
67.9338
67.9338
67.9338
67.9338
67.9338
67.9338
67.9338
67.9338
67.9338
67.9338
67.9338
67.9338
67.9338
67.9338
67.9338
67.9338
67.9338
67.9338
67.9338
67.9338
67.9338
67.9338
67.9338
67.9338
67.9338
67.9338
67.9338
67.9338
67.9338
67.9338
67.9338
67.9338
67.9338
67.9338
67.9338
67.9338
67.9338
67.9338
67.9338
67.9338
67.9338
67.9338
67.9338
67.9338
67.9338
67.9338
67.9338
67.9338
67.9338
67.9338
67.9338
67.9338
67.9338
67.9338
67.9338
67.9338
67.9338
67.9338
67.9338
67.9338
67.9338
67.9338
67.9338
67.9338
67.9338
67.9338
67.9338
67.9338
67.9338
67.9338
67.9338
67.9338
67.9338
67.9338
67.9338
67.9338
67.9338
67.9338
67.9338
67.9338
67.9338
67.9338
67.9338
67.9338
67.9338
67.9338
67.9338
67.9338
67.9338
67.9338
67.9338
67.9338
67.9338
67.9338
67.9338
67.9338
67.9338
67.9338
67.9338
67.9338
67.9338
67.9338
67.9338
67.9338
67.9338
67.9338
67.9338
67.9338
67.9338
67.9338
67.9338
67.9338
67.9338
67.9338
67.9338
67.9338
67.9338
67.9338
67.9338
67.9338
67.9338
67.9338
67.9338
67.9338
67.9338
67.9338
67.9338
67.9338
67.9338
67.9338
67.9338
67.9338
67.9338
67.9338
67.9338
67.9338
67.9338
67.9338
67.9338
67.9338
67.9338
67.9338
67.9338
67.9338
67.9338
67.9338
67.9338
67.9338
67.9338
67.9338
67.9338
67.9338
67.9338
67.9338
67.9338
67.9338
67.9338
67.9338
67.9338
67.9338
67.9338
67.9338
67.9338
67.9338
67.9338
67.9338
67.9338
67.9338
67.9338
67.9338
67.9338
67.9338
67.9338
67.9338
67.9338
67.9338
67.9338
67.9338
67.9338
67.9338
67.9338
67.9338
67.9338
67.9338
67.9338
67.9338
67.9338
67.9338
67.9338
67.9338
67.9338
67.9338
67.9338
67.9338
67.9338
67.9338
67.9338
67.9338
67.9338
67.9338
67.9338
67.9338
67.9338
67.9338
67.9338
67.9338
67.9338
67.9338
67.9338
67.9338
67.9338
67.9338
67.9338
67.9338
67.9338
67.9338
67.9338
67.9338
67.9338
67.9338
67.9338
67.9338
67.9338
67.9338
67.9338
67.9338
67.9338
67.9338
67.9338
67.9338
67.9338
67.9338
67.9338
67.9338
67.9338
67.9338
67.9338
67.9338
67.9338
67.9338
67.9338
67.9338
67.9338
67.9338
67.9338
67.9338
67.9338
67.9338
67.9338
67.9338
67.9338
67.9338
67.9338
67.9338
67.9338
67.9338
67.9338
67.9338
67.9338
67.9338
67.9338
67.9338
67.9338
67.9338
67.9338
67.9338
67.9338
67.9338
67.9338
67.9338
67.9338
67.9338
67.9338
67.9338
67.9338
67.9338
67.9338
67.9338
67.9338
67.9338
67.9338
67.9338
67.9338
67.9338
67.9338
67.9338
67.9338
67.9338
67.9338
67.9338
67.9338
67.9338
67.9338
67.9338
67.9338
67.9338
67.9338
67.9338
67.9338
67.9338
67.9338
67.9338
67.9338
67.9338
67.9338
67.9338
67.9338
67.9338
67.9338
67.9338
67.9338
67.9338
67.9338
67.9338
67.9338
67.9338
67.9338
67.9338
67.9338
67.9338
67.9338
67.9338
67.9338
67.9338
67.9338
67.9338
67.9338
67.9338
67.9338
67.9338
67.9338
67.9338
67.9338
67.9338
67.9338
67.9338
67.9338
67.9338
67.9338
67.9338
67.9338
67.9338
67.9338
67.9338
67.9338
67.9338
67.9338
67.9338
67.9338
67.9338
67.9338
67.9338
67.9338
67.9338
67.9338
67.9338
67.9338
67.9338
67.9338
67.9338
67.9338
67.9338
67.9338
67.9338
67.9338
67.9338
67.9338
67.9338
67.9338
67.9338
67.9338
67.9338
67.9338
67.9338
67.9338
67.9338
67.9338
67.9338
67.9338
67.9338
67.9338
67.9338
67.9338
67.9338
67.9338
67.9338
67.9338
67.9338
67.9338
67.9338
67.9338
67.9338
67.9338
67.9338
67.9338
67.9338
67.9338
67.9338
67.9338
67.9338
67.9338
67.9338
67.9338
67.9338
67.9338
67.9338
67.9338
67.9338
67.9338
67.9338
67.9338
67.9338
67.9338
67.9338
67.9338
67.9338
67.9338
67.9338
67.9338
67.9338
67.9338
67.9338
67.9338
67.9338
67.9338
67.9338
67.9338
67.9338
67.9338
67.9338
67.9338
67.9338
67.9338
67.9338
67.9338
67.9338
67.9338
67.9338
67.9338
67.9338
67.9338
67.9338
67.9338
67.9338
67.9338
67.9338
67.9338
67.9338
67.9338
67.9338
67.9338
67.9338
67.9338
67.9338
67.9338
67.9338
67.9338
67.9338
67.9338
67.9338
67.9338
67.9338
67.9338
67.9338
67.9338
67.9338
67.9338
67.9338
67.9338
67.9338
67.9338
67.9338
67.9338
67.9338
67.9338
67.9338
67.9338
67.9338
67.9338
67.9338
67.9338
67.9338
67.9338
67.9338
67.9338
67.9338
67.9338
67.9338
67.9338
67.9338
67.9338
67.9338
67.9338
67.9338
67.9338
67.9338
67.9338
67.9338
67.9338
67.9338
67.9338
67.9338
67.9338
67.9338
67.9338
67.9338
67.9338
67.9338
67.9338
67.9338
67.9338
67.9338
67.9338
67.9338
67.9338
67.9338
67.9338
67.9338
67.9338
67.9338
67.9338
67.9338
67.9338
67.9338
67.9338
67.9338
67.9338
67.9338
67.9338
67.9338
67.9338
67.9338
67.9338
67.9338
67.9338
67.9338
67.9338
67.9338
67.9338
67.9338
67.9338
67.9338
67.9338
67.9338
67.9338
67.9338
67.9338
67.9338
67.9338
67.9338
67.9338
67.9338
67.9338
67.9338
67.9338
67.9338
67.9338
67.9338
67.9338
67.9338
67.9338
67.9338
67.9338
67.9338
67.9338
67.9338
67.9338
67.9338
67.9338
67.9338
67.9338
67.9338
67.9338
67.9338
67.9338
67.9338
67.9338
67.9338
67.9338
67.9338
67.9338
67.9338
67.9338
67.9338
67.9338
67.9338
67.9338
67.9338
67.9338
67.9338
67.9338
67.9338
67.9338
67.9338
67.9338
67.9338
67.9338
67.9338
67.9338
67.9338
67.9338
67.9338
67.9338
67.9338
67.9338
67.9338
67.9338
67.9338
67.9338
67.9338
67.9338
67.9338
67.9338
67.9338
67.9338
67.9338
67.9338
67.9338
67.9338
67.9338
67.9338
67.9338
67.9338
67.9338
67.9338
67.9338
67.9338
67.9338
67.9338
67.9338
67.9338
67.9338
67.9338
67.9338
67.9338
67.9338
67.9338
67.9338
67.9338
67.9338
67.9338
67.9338
67.9338
67.9338
67.9338
67.9338
67.9338
67.9338
67.9338
67.9338
67.9338
67.9338
67.9338
67.9338
67.9338
67.9338
67.9338
67.9338
67.9338
67.9338
67.9338
67.9338
67.9338
67.9338
67.9338
67.9338
67.9338
67.9338
67.9338
67.9338
67.9338
67.9338
67.9338
67.9338
67.9338
67.9338
67.9338
67.9338
67.9338
67.9338
67.9338
67.9338
67.9338
67.9338
67.9338
67.9338
67.9338
67.9338
67.9338
67.9338
67.9338
67.9338
67.9338
67.9338
67.9338
67.9338
67.9338
67.9338
67.9338
67.9338
67.9338
67.9338
67.9338
67.9338
67.9338
67.9338
67.9338
67.9338
67.9338
67.9338
67.9338
67.9338
67.9338
67.9338
67.9338
67.9338
67.9338
67.9338
67.9338
67.9338
67.9338
67.9338
67.9338
67.9338
67.9338
67.9338
67.9338
67.9338
67.9338
67.9338
67.9338
67.9338
67.9338
67.9338
67.9338
67.9338
67.9338
67.9338
67.9338
67.9338
67.9338
67.9338
67.9338
67.9338
67.9338
67.9338
67.9338
67.9338
67.9338
67.9338
67.9338
67.9338
67.9338
67.9338
67.9338
67.9338
67.9338
67.9338
67.9338
67.9338
67.9338
67.9338
67.9338
67.9338
67.9338
67.9338
67.9338
67.9338
67.9338
67.9338
67.9338
67.9338
67.9338
67.9338
67.9338
67.9338
67.9338
67.9338
67.9338
67.9338
67.9338
67.9338
67.9338
67.9338
67.9338
67.9338
67.9338
67.9338
67.9338
67.9338
67.9338
67.9338
67.9338
67.9338
67.9338
67.9338
67.9338
67.9338
67.9338
67.9338
67.9338
67.9338
67.9338
67.9338
67.9338
67.9338
67.9338
67.9338
67.9338
67.9338
67.9338
67.9338
67.9338
67.9338
67.9338
67.9338
67.9338
67.9338
67.9338
67.9338
67.9338
67.9338
67.9338
67.9338
67.9338
67.9338
67.9338
67.9338
67.9338
67.9338
67.9338
67.9338
67.9338
67.9338
67.9338
67.9338
67.9338
67.9338
67.9338
67.9338
67.9338
67.9338
67.9338
67.9338
67.9338
67.9338
67.9338
67.9338
67.9338
67.9338
67.9338
67.9338
67.9338
67.9338
67.9338
67.9338
67.9338
67.9338
67.9338
67.9338
67.9338
67.9338
67.9338
67.9338
67.9338
67.9338
67.9338
67.9338
67.9338
67.9338
67.9338
67.9338
67.9338
67.9338
67.9338
67.9338
67.9338
67.9338
67.9338
67.9338
67.9338
67.9338
67.9338
67.9338
67.9338
67.9338
67.9338
67.9338
67.9338
67.9338
67.9338
67.9338
67.9338
67.9338
67.9338
67.9338
67.9338
67.9338
67.9338
67.9338
67.9338
67.9338
67.9338
67.9338
67.9338
67.9338
67.9338
67.9338
67.9338
67.9338
67.9338
67.9338
67.9338
67.9338
67.9338
67.9338
67.9338
67.9338
67.9338
67.9338
67.9338
67.9338
67.9338
67.9338
67.9338
67.9338
67.9338
67.9338
67.9338
67.9338
67.9338
67.9338
67.9338
67.9338
67.9338
67.9338
67.9338
67.9338
67.9338
67.9338
67.9338
67.9338
67.9338
67.9338
67.9338
67.9338
67.9338
67.9338
67.9338
67.9338
67.9338
67.9338
67.9338
67.9338
67.9338
67.9338
67.9338
67.9338
67.9338
67.9338
67.9338
67.9338
67.9338
67.9338
67.9338
67.9338
67.9338
67.9338
67.9338
67.9338
67.9338
67.9338
67.9338
67.9338
67.9338
67.9338
67.9338
67.9338
67.9338
67.9338
67.9338
67.9338
67.9338
67.9338
67.9338
67.9338
67.9338
67.9338
67.9338
67.9338
67.9338
67.9338
67.9338
67.9338
67.9338
67.9338
67.9338
67.9338
67.9338
67.9338
67.9338
67.9338
67.9338
67.9338
67.9338
67.9338
67.9338
67.9338
67.9338
67.9338
67.9338
67.9338
67.9338
67.9338
67.9338
67.9338
67.9338
67.9338
67.9338
67.9338
67.9338
67.9338
67.9338
67.9338
67.9338
67.9338
67.9338
67.9338
67.9338
67.9338
67.9338
67.9338
67.9338
67.9338
67.9338
67.9338
67.9338
67.9338
67.9338
67.9338
67.9338
67.9338
67.9338
67.9338
67.9338
67.9338
67.9338
67.9338
67.9338
67.9338
67.9338
67.9338
67.9338
67.9338
67.9338
67.9338
67.9338
67.9338
67.9338
67.9338
67.9338
67.9338
67.9338
67.9338
67.9338
67.9338
67.9338
67.9338
67.9338
67.9338
67.9338
67.9338
67.9338
67.9338
67.9338
67.9338
67.9338
67.9338
67.9338
67.9338
67.9338
67.9338
67.9338
67.9338
67.9338
67.9338
67.9338
67.9338
67.9338
67.9338
67.9338
67.9338
67.9338
67.9338
67.9338
67.9338
67.9338
67.9338
67.9338
67.9338
67.9338
67.9338
67.9338
67.9338
67.9338
67.9338
67.9338
67.9338
67.9338
67.9338
67.9338
67.9338
67.9338
67.9338
67.9338
67.9338
67.9338
67.9338
67.9338
67.9338
67.9338
67.9338
67.9338
67.9338
67.9338
67.9338
67.9338
67.9338
67.9338
67.9338
67.9338
67.9338
67.9338
67.9338
67.9338
67.9338
67.9338
67.9338
67.9338
67.9338
67.9338
67.9338
67.9338
67.9338
67.9338
67.9338
67.9338
67.9338
67.9338
67.9338
67.9338
67.9338
67.9338
67.9338
67.9338
67.9338
67.9338
67.9338
67.9338
67.9338
67.9338
67.9338
67.9338
67.9338
67.9338
67.9338
67.9338
67.9338
67.9338
67.9338
67.9338
67.9338
67.9338
67.9338
67.9338
67.9338
67.9338
67.9338
67.9338
67.9338
67.9338
67.9338
67.9338
67.9338
67.9338
67.9338
67.9338
67.9338
67.9338
67.9338
67.9338
67.9338
67.9338
67.9338
67.9338
67.9338
67.9338
67.9338
67.9338
67.9338
67.9338
67.9338
67.9338
67.9338
67.9338
67.9338
67.9338
67.9338
67.9338
67.9338
67.9338
67.9338
67.9338
67.9338
67.9338
67.9338
67.9338
67.9338
67.9338
67.9338
67.9338
67.9338
67.9338
67.9338
67.9338
67.9338
67.9338
67.9338
67.9338
67.9338
67.9338
67.9338
67.9338
67.9338
67.9338
67.9338
67.9338
67.9338
67.9338
67.9338
67.9338
67.9338
67.9338
67.9338
67.9338
67.9338
67.9338
67.9338
67.9338
67.9338
67.9338
67.9338
67.9338
67.9338
67.9338
67.9338
67.9338
67.9338
67.9338
67.9338
67.9338
67.9338
67.9338
67.9338
67.9338
67.9338
67.9338
67.9338
67.9338
67.9338
67.9338
67.9338
67.9338
67.9338
67.9338
67.9338
67.9338
67.9338
67.9338
67.9338
67.9338
67.9338
67.9338
67.9338
67.9338
67.9338
67.9338
67.9338
67.9338
67.9338
67.9338
67.9338
67.9338
67.9338
67.9338
67.9338
67.9338
67.9338
67.9338
67.9338
67.9338
67.9338
67.9338
67.9338
67.9338
67.9338
67.9338
67.9338
67.9338
67.9338
67.9338
67.9338
67.9338
67.9338
67.9338
67.9338
67.9338
67.9338
67.9338
67.9338
67.9338
67.9338
67.9338
67.9338
67.9338
67.9338
67.9338
67.9338
67.9338
67.9338
67.9338
67.9338
67.9338
67.9338
67.9338
67.9338
67.9338
67.9338
67.9338
67.9338
67.9338
67.9338
67.9338
67.9338
67.9338
67.9338
67.9338
67.9338
67.9338
67.9338
67.9338
67.9338
67.9338
67.9338
67.9338
67.9338
67.9338
67.9338
67.9338
67.9338
67.9338
67.9338
67.9338
67.9338
67.9338
67.9338
67.9338
67.9338
67.9338
67.9338
67.9338
67.9338
67.9338
67.9338
67.9338
67.9338
67.9338
67.9338
67.9338
67.9338
67.9338
67.9338
67.9338
67.9338
67.9338
67.9338
67.9338
67.9338
67.9338
67.9338
67.9338
67.9338
67.9338
67.9338
67.9338
67.9338
67.9338
67.9338
67.9338
67.9338
67.9338
67.9338
67.9338
67.9338
67.9338
67.9338
67.9338
67.9338
67.9338
67.9338
67.9338
67.9338
67.9338
67.9338
67.9338
67.9338
67.9338
67.9338
67.9338
67.9338
67.9338
67.9338
67.9338
67.9338
67.9338
67.9338
67.9338
67.9338
67.9338
67.9338
67.9338
67.9338
67.9338
67.9338
67.9338
67.9338
67.9338
67.9338
67.9338
67.9338
67.9338
67.9338
67.9338
67.9338
67.9338
67.9338
67.9338
67.9338
67.9338
67.9338
67.9338
67.9338
67.9338
67.9338
67.9338
67.9338
67.9338
67.9338
67.9338
67.9338
67.9338
67.9338
67.9338
67.9338
67.9338
67.9338
67.9338
67.9338
67.9338
67.9338
67.9338
67.9338
67.9338
67.9338
67.9338
67.9338
67.9338
67.9338
67.9338
67.9338
67.9338
67.9338
67.9338
67.9338
67.9338
67.9338
67.9338
67.9338
67.9338
67.9338
67.9338
67.9338
67.9338
67.9338
67.9338
67.9338
67.9338
67.9338
67.9338
67.9338
67.9338
67.9338
67.9338
67.9338
67.9338
67.9338
67.9338
67.9338
67.9338
67.9338
67.9338
67.9338
67.9338
67.9338
67.9338
67.9338
67.9338
67.9338
67.9338
67.9338
67.9338
67.9338
67.9338
67.9338
67.9338
67.9338
67.9338
67.9338
67.9338
67.9338
67.9338
67.9338
67.9338
67.9338
67.9338
67.9338
67.9338
67.9338
67.9338
67.9338
67.9338
67.9338
67.9338
67.9338
67.9338
67.9338
67.9338
67.9338
67.9338
67.9338
67.9338
67.9338
67.9338
67.9338
67.9338
67.9338
67.9338
67.9338
67.9338
67.9338
67.9338
67.9338
67.9338
67.9338
67.9338
67.9338
67.9338
67.9338
67.9338
67.9338
67.9338
67.9338
67.9338
67.9338
67.9338
67.9338
67.9338
67.9338
67.9338
67.9338
67.9338
67.9338
67.9338
67.9338
67.9338
67.9338
67.9338
67.9338
67.9338
67.9338
67.9338
67.9338
67.9338
67.9338
67.9338
67.9338
67.9338
67.9338
67.9338
67.9338
67.9338
67.9338
67.9338
67.9338
67.9338
67.9338
67.9338
67.9338
67.9338
67.9338
67.9338
67.9338
67.9338
67.9338
67.9338
67.9338
67.9338
67.9338
67.9338
67.9338
67.9338
67.9338
67.9338
67.9338
67.9338
67.9338
67.9338
67.9338
67.9338
67.9338
67.9338
67.9338
67.9338
67.9338
67.9338
67.9338
67.9338
67.9338
67.9338
67.9338
67.9338
67.9338
67.9338
67.9338
67.9338
67.9338
67.9338
67.9338
67.9338
67.9338
67.9338
67.9338
67.9338
67.9338
67.9338
67.9338
67.9338
67.9338
67.9338
67.9338
67.9338
67.9338
67.9338
67.9338
67.9338
67.9338
67.9338
67.9338
67.9338
67.9338
67.9338
67.9338
67.9338
67.9338
67.9338
67.9338
67.9338
67.9338
67.9338
67.9338
67.9338
67.9338
67.9338
67.9338
67.9338
67.9338
67.9338
67.9338
67.9338
67.9338
67.9338
67.9338
67.9338
67.9338
67.9338
67.9338
67.9338
67.9338
67.9338
67.9338
67.9338
67.9338
67.9338
67.9338
67.9338
67.9338
67.9338
67.9338
67.9338
67.9338
67.9338
67.9338
67.9338
67.9338
67.9338
67.9338
67.9338
67.9338
67.9338
67.9338
67.9338
67.9338
67.9338
67.9338
67.9338
67.9338
67.9338
67.9338
67.9338
67.9338
67.9338
67.9338
67.9338
67.9338
67.9338
67.9338
67.9338
67.9338
67.9338
67.9338
67.9338
67.9338
67.9338
67.9338
67.9338
67.9338
67.9338
67.9338
67.9338
67.9338
67.9338
67.9338
67.9338
67.9338
67.9338
67.9338
67.9338
67.9338
67.9338
67.9338
67.9338
67.9338
67.9338
67.9338
67.9338
67.9338
67.9338
67.9338
67.9338
67.9338
67.9338
67.9338
67.9338
67.9338
67.9338
67.9338
67.9338
67.9338
67.9338
67.9338
67.9338
67.9338
67.9338
67.9338
67.9338
67.9338
67.9338
67.9338
67.9338
67.9338
67.9338
67.9338
67.9338
67.9338
67.9338
67.9338
67.9338
67.9338
67.9338
67.9338
67.9338
67.9338
67.9338
67.9338
67.9338
67.9338
67.9338
67.9338
67.9338
67.9338
67.9338
67.9338
67.9338
67.9338
67.9338
67.9338
67.9338
67.9338
67.9338
67.9338
67.9338
67.9338
67.9338
67.9338
67.9338
67.9338
67.9338
67.9338
67.9338
67.9338
67.9338
67.9338
67.9338
67.9338
67.9338
67.9338
67.9338
67.9338
67.9338
67.9338
67.9338
67.9338
67.9338
67.9338
67.9338
67.9338
67.9338
67.9338
67.9338
67.9338
67.9338
67.9338
67.9338
67.9338
67.9338
67.9338
67.9338
67.9338
67.9338
67.9338
67.9338
67.9338
67.9338
67.9338
67.9338
67.9338
67.9338
67.9338
67.9338
67.9338
67.9338
67.9338
67.9338
67.9338
67.9338
67.9338
67.9338
67.9338
67.9338
67.9338
67.9338
67.9338
67.9338
67.9338
67.9338
67.9338
67.9338
67.9338
67.9338
67.9338
67.9338
67.9338
67.9338
67.9338
67.9338
67.9338
67.9338
67.9338
67.9338
67.9338
67.9338
67.9338
67.9338
67.9338
67.9338
67.9338
67.9338
67.9338
67.9338
67.9338
67.9338
67.9338
67.9338
67.9338
67.9338
67.9338
67.9338
67.9338
67.9338
67.9338
67.9338
67.9338
67.9338
67.9338
67.9338
67.9338
67.9338
67.9338
67.9338
67.9338
67.9338
67.9338
67.9338
67.9338
67.9338
67.9338
67.9338
67.9338
67.9338
67.9338
67.9338
67.9338
67.9338
67.9338
67.9338
67.9338
67.9338
67.9338
67.9338
67.9338
67.9338
67.9338
67.9338
67.9338
67.9338
67.9338
67.9338
67.9338
67.9338
67.9338
67.9338
67.9338
67.9338
67.9338
67.9338
67.9338
67.9338
67.9338
67.9338
67.9338
67.9338
67.9338
67.9338
67.9338
67.9338
67.9338
67.9338
67.9338
67.9338
67.9338
67.9338
67.9338
67.9338
67.9338
67.9338
67.9338
67.9338
67.9338
67.9338
67.9338
67.9338
67.9338
67.9338
67.9338
67.9338
67.9338
67.9338
67.9338
67.9338
67.9338
67.9338
67.9338
67.9338
67.9338
67.9338
67.9338
67.9338
67.9338
67.9338
67.9338
67.9338
67.9338
67.9338
67.9338
67.9338
67.9338
67.9338
67.9338
67.9338
67.9338
67.9338
67.9338
67.9338
67.9338
67.9338
67.9338
67.9338
67.9338
67.9338
67.9338
67.9338
67.9338
67.9338
67.9338
67.9338
67.9338
67.9338
67.9338
67.9338
67.9338
67.9338
67.9338
67.9338
67.9338
67.9338
67.9338
67.9338
67.9338
67.9338
67.9338
67.9338
67.9338
67.9338
67.9338
67.9338
67.9338
67.9338
67.9338
67.9338
67.9338
67.9338
67.9338
67.9338
67.9338
67.9338
67.9338
67.9338
67.9338
67.9338
67.9338
67.9338
67.9338
67.9338
67.9338
67.9338
67.9338
67.9338
67.9338
67.9338
67.9338
67.9338
67.9338
67.9338
67.9338
67.9338
67.9338
67.9338
67.9338
67.9338
67.9338
67.9338
67.9338
67.9338
67.9338
67.9338
67.9338
67.9338
67.9338
67.9338
67.9338
67.9338
67.9338
67.9338
67.9338
67.9338
67.9338
67.9338
67.9338
67.9338
67.9338
67.9338
67.9338
67.9338
67.9338
67.9338
67.9338
67.9338
67.9338
67.9338
67.9338
67.9338
67.9338
67.9338
67.9338
67.9338
67.9338
67.9338
67.9338
67.9338
67.9338
67.9338
67.9338
67.9338
67.9338
67.9338
67.9338
67.9338
67.9338
67.9338
67.9338
67.9338
67.9338
67.9338
67.9338
67.9338
67.9338
67.9338
67.9338
67.9338
67.9338
67.9338
67.9338
67.9338
67.9338
67.9338
67.9338
67.9338
67.9338
67.9338
67.9338
67.9338
67.9338
67.9338
67.9338
67.9338
67.9338
67.9338
67.9338
67.9338
67.9338
67.9338
67.9338
67.9338
67.9338
67.9338
67.9338
67.9338
67.9338
67.9338
67.9338
67.9338
67.9338
67.9338
67.9338
67.9338
67.9338
67.9338
67.9338
67.9338
67.9338
67.9338
67.9338
67.9338
67.9338
67.9338
67.9338
67.9338
67.9338
67.9338
67.9338
67.9338
67.9338
67.9338
67.9338
67.9338
67.9338
67.9338
67.9338
67.9338
67.9338
67.9338
67.9338
67.9338
67.9338
67.9338
67.9338
67.9338
67.9338
67.9338
67.9338
67.9338
67.9338
67.9338
67.9338
67.9338
67.9338
67.9338
67.9338
67.9338
67.9338
67.9338
67.9338
67.9338
67.9338
67.9338
67.9338
67.9338
67.9338
67.9338
67.9338
67.9338
67.9338
67.9338
67.9338
67.9338
67.9338
67.9338
67.9338
67.9338
67.9338
67.9338
67.9338
67.9338
67.9338
67.9338
67.9338
67.9338
67.9338
67.9338
67.9338
67.9338
67.9338
67.9338
67.9338
67.9338
67.9338
67.9338
67.9338
67.9338
67.9338
67.9338
67.9338
67.9338
67.9338
67.9338
67.9338
67.9338
67.9338
67.9338
67.9338
67.9338
67.9338
67.9338
67.9338
67.9338
67.9338
67.9338
67.9338
67.9338
67.9338
67.9338
67.9338
67.9338
67.9338
67.9338
67.9338
67.9338
67.9338
67.9338
67.9338
67.9338
67.9338
67.9338
67.9338
67.9338
67.9338
67.9338
67.9338
67.9338
67.9338
67.9338
67.9338
67.9338
67.9338
67.9338
67.9338
67.9338
67.9338
67.9338
67.9338
67.9338
67.9338
67.9338
67.9338
67.9338
67.9338
67.9338
67.9338
67.9338
67.9338
67.9338
67.9338
67.9338
67.9338
67.9338
67.9338
67.9338
67.9338
67.9338
67.9338
67.9338
67.9338
67.9338
67.9338
67.9338
67.9338
67.9338
67.9338
67.9338
67.9338
67.9338
67.9338
67.9338
67.9338
67.9338
67.9338
67.9338
67.9338
67.9338
67.9338
67.9338
67.9338
67.9338
67.9338
67.9338
67.9338
67.9338
67.9338
67.9338
67.9338
67.9338
67.9338
67.9338
67.9338
67.9338
67.9338
67.9338
67.9338
67.9338
67.9338
67.9338
67.9338
67.9338
67.9338
67.9338
67.9338
67.9338
67.9338
67.9338
67.9338
67.9338
67.9338
67.9338
67.9338
67.9338
67.9338
67.9338
67.9338
67.9338
67.9338
67.9338
67.9338
67.9338
67.9338
67.9338
67.9338
67.9338
67.9338
67.9338
67.9338
67.9338
67.9338
67.9338
67.9338
67.9338
67.9338
67.9338
67.9338
67.9338
67.9338
67.9338
67.9338
67.9338
67.9338
67.9338
67.9338
67.9338
67.9338
67.9338
67.9338
67.9338
67.9338
67.9338
67.9338
67.9338
67.9338
67.9338
67.9338
67.9338
67.9338
67.9338
67.9338
67.9338
67.9338
67.9338
67.9338
67.9338
67.9338
67.9338
67.9338
67.9338
67.9338
67.9338
67.9338
67.9338
67.9338
67.9338
67.9338
67.9338
67.9338
67.9338
67.9338
67.9338
67.9338
67.9338
67.9338
67.9338
67.9338
67.9338
67.9338
67.9338
67.9338
67.9338
67.9338
67.9338
67.9338
67.9338
67.9338
67.9338
67.9338
67.9338
67.9338
67.9338
67.9338
67.9338
67.9338
67.9338
67.9338
67.9338
67.9338
67.9338
67.9338
67.9338
67.9338
67.9338
67.9338
67.9338
67.9338
67.9338
67.9338
67.9338
67.9338
67.9338
67.9338
67.9338
67.9338
67.9338
67.9338
67.9338
67.9338
67.9338
67.9338
67.9338
67.9338
67.9338
67.9338
67.9338
67.9338
67.9338
67.9338
67.9338
67.9338
67.9338
67.9338
67.9338
67.9338
67.9338
67.9338
67.9338
67.9338
67.9338
67.9338
67.9338
67.9338
67.9338
67.9338
67.9338
67.9338
67.9338
67.9338
67.9338
67.9338
67.9338
67.9338
67.9338
67.9338
67.9338
67.9338
67.9338
67.9338
67.9338
67.9338
67.9338
67.9338
67.9338
67.9338
67.9338
67.9338
67.9338
67.9338
67.9338
67.9338
67.9338
67.9338
67.9338
67.9338
67.9338
67.9338
67.9338
67.9338
67.9338
67.9338
67.9338
67.9338
67.9338
67.9338
67.9338
67.9338
67.9338
67.9338
67.9338
67.9338
67.9338
67.9338
67.9338
67.9338
67.9338
67.9338
67.9338
67.9338
67.9338
67.9338
67.9338
67.9338
67.9338
67.9338
67.9338
67.9338
67.9338
67.9338
67.9338
67.9338
67.9338
67.9338
67.9338
67.9338
67.9338
67.9338
67.9338
67.9338
67.9338
67.9338
67.9338
67.9338
67.9338
67.9338
67.9338
67.9338
67.9338
67.9338
67.9338
67.9338
67.9338
67.9338
67.9338
67.9338
67.9338
67.9338
67.9338
67.9338
67.9338
67.9338
67.9338
67.9338
67.9338
67.9338
67.9338
67.9338
67.9338
67.9338
67.9338
67.9338
67.9338
67.9338
67.9338
67.9338
67.9338
67.9338
67.9338
67.9338
67.9338
67.9338
67.9338
67.9338
67.9338
67.9338
67.9338
67.9338
67.9338
67.9338
67.9338
67.9338
67.9338
67.9338
67.9338
67.9338
67.9338
67.9338
67.9338
67.9338
67.9338
67.9338
67.9338
67.9338
67.9338
67.9338
67.9338
67.9338
67.9338
67.9338
67.9338
67.9338
67.9338
67.9338
67.9338
67.9338
67.9338
67.9338
67.9338
67.9338
67.9338
67.9338
67.9338
67.9338
67.9338
67.9338
67.9338
67.9338
67.9338
67.9338
67.9338
67.9338
67.9338
67.9338
67.9338
67.9338
67.9338
67.9338
67.9338
67.9338
67.9338
67.9338
67.9338
67.9338
67.9338
67.9338
67.9338
67.9338
67.9338
67.9338
67.9338
67.9338
67.9338
67.9338
67.9338
67.9338
67.9338
67.9338
67.9338
67.9338
67.9338
67.9338
67.9338
67.9338
67.9338
67.9338
67.9338
67.9338
67.9338
67.9338
67.9338
67.9338
67.9338
67.9338
67.9338
67.9338
67.9338
67.9338
67.9338
67.9338
67.9338
67.9338
67.9338
67.9338
67.9338
67.9338
67.9338
67.9338
67.9338
67.9338
67.9338
67.9338
67.9338
67.9338
67.9338
67.9338
67.9338
67.9338
67.9338
67.9338
67.9338
67.9338
67.9338
67.9338
67.9338
67.9338
67.9338
67.9338
67.9338
67.9338
67.9338
67.9338
67.9338
67.9338
67.9338
67.9338
67.9338
67.9338
67.9338
67.9338
67.9338
67.9338
67.9338
67.9338
67.9338
67.9338
67.9338
67.9338
67.9338
67.9338
67.9338
67.9338
67.9338
67.9338
67.9338
67.9338
67.9338
67.9338
67.9338
67.9338
67.9338
67.9338
67.9338
67.9338
67.9338
67.9338
67.9338
67.9338
67.9338
67.9338
67.9338
67.9338
67.9338
67.9338
67.9338
67.9338
67.9338
67.9338
67.9338
67.9338
67.9338
67.9338
67.9338
67.9338
67.9338
67.9338
67.9338
67.9338
67.9338
67.9338
67.9338
67.9338
67.9338
67.9338
67.9338
67.9338
67.9338
67.9338
67.9338
67.9338
67.9338
67.9338
67.9338
67.9338
67.9338
67.9338
67.9338
67.9338
67.9338
67.9338
67.9338
67.9338
67.9338
67.9338
67.9338
67.9338
67.9338
67.9338
67.9338
67.9338
67.9338
67.9338
67.9338
67.9338
67.9338
67.9338
67.9338
67.9338
67.9338
67.9338
67.9338
67.9338
67.9338
67.9338
67.9338
67.9338
67.9338
67.9338
67.9338
67.9338
67.9338
67.9338
67.9338
67.9338
67.9338
67.9338
67.9338
67.9338
67.9338
67.9338
67.9338
67.9338
67.9338
67.9338
67.9338
67.9338
67.9338
67.9338
67.9338
67.9338
67.9338
67.9338
67.9338
67.9338
67.9338
67.9338
67.9338
67.9338
67.9338
67.9338
67.9338
67.9338
67.9338
67.9338
67.9338
67.9338
67.9338
67.9338
67.9338
67.9338
67.9338
67.9338
67.9338
67.9338
67.9338
67.9338
67.9338
67.9338
67.9338
67.9338
67.9338
67.9338
67.9338
67.9338
67.9338
67.9338
67.9338
67.9338
67.9338
67.9338
67.9338
67.9338
67.9338
67.9338
67.9338
67.9338
67.9338
67.9338
67.9338
67.9338
67.9338
67.9338
67.9338
67.9338
67.9338
67.9338
67.9338
67.9338
67.9338
67.9338
67.9338
67.9338
67.9338
67.9338
67.9338
67.9338
67.9338
67.9338
67.9338
67.9338
67.9338
67.9338
67.9338
67.9338
67.9338
67.9338
67.9338
67.9338
67.9338
67.9338
67.9338
67.9338
67.9338
67.9338
67.9338
67.9338
67.9338
67.9338
67.9338
67.9338
67.9338
67.9338
67.9338
67.9338
67.9338
67.9338
67.9338
67.9338
67.9338
67.9338
67.9338
67.9338
67.9338
67.9338
67.9338
67.9338
67.9338
67.9338
67.9338
67.9338
67.9338
67.9338
67.9338
67.9338
67.9338
67.9338
67.9338
67.9338
67.9338
67.9338
67.9338
67.9338
67.9338
67.9338
67.9338
67.9338
67.9338
67.9338
67.9338
67.9338
67.9338
67.9338
67.9338
67.9338
67.9338
67.9338
67.9338
67.9338
67.9338
67.9338
67.9338
67.9338
67.9338
67.9338
67.9338
67.9338
67.9338
67.9338
67.9338
67.9338
67.9338
67.9338
67.9338
67.9338
67.9338
67.9338
67.9338
67.9338
67.9338
67.9338
67.9338
67.9338
67.9338
67.9338
67.9338
67.9338
67.9338
67.9338
67.9338
67.9338
67.9338
67.9338
67.9338
67.9338
67.9338
67.9338
67.9338
67.9338
67.9338
67.9338
67.9338
67.9338
67.9338
67.9338
67.9338
67.9338
67.9338
67.9338
67.9338
67.9338
67.9338
67.9338
67.9338
67.9338
67.9338
67.9338
67.9338
67.9338
67.9338
67.9338
67.9338
67.9338
67.9338
67.9338
67.9338
67.9338
67.9338
67.9338
67.9338
67.9338
67.9338
67.9338
67.9338
67.9338
67.9338
67.9338
67.9338
67.9338
67.9338
67.9338
67.9338
67.9338
67.9338
67.9338
67.9338
67.9338
67.9338
67.9338
67.9338
67.9338
67.9338
67.9338
67.9338
67.9338
67.9338
67.9338
67.9338
67.9338
67.9338
67.9338
67.9338
67.9338
67.9338
67.9338
67.9338
67.9338
67.9338
67.9338
67.9338
67.9338
67.9338
67.9338
67.9338
67.9338
67.9338
67.9338
67.9338
67.9338
67.9338
67.9338
67.9338
67.9338
67.9338
67.9338
67.9338
67.9338
67.9338
67.9338
67.9338
67.9338
67.9338
67.9338
67.9338
67.9338
67.9338
67.9338
67.9338
67.9338
67.9338
67.9338
67.9338
67.9338
67.9338
67.9338
67.9338
67.9338
67.9338
67.9338
67.9338
67.9338
67.9338
67.9338
67.9338
67.9338
67.9338
67.9338
67.9338
67.9338
67.9338
67.9338
67.9338
67.9338
67.9338
67.9338
67.9338
67.9338
67.9338
67.9338
67.9338
67.9338
67.9338
67.9338
67.9338
67.9338
67.9338
67.9338
67.9338
67.9338
67.9338
67.9338
67.9338
67.9338
67.9338
67.9338
67.9338
67.9338
67.9338
67.9338
67.9338
67.9338
67.9338
67.9338
67.9338
67.9338
67.9338
67.9338
67.9338
67.9338
67.9338
67.9338
67.9338
67.9338
67.9338
67.9338
67.9338
67.9338
67.9338
67.9338
67.9338
67.9338
67.9338
67.9338
67.9338
67.9338
67.9338
67.9338
67.9338
67.9338
67.9338
67.9338
67.9338
67.9338
67.9338
67.9338
67.9338
67.9338
67.9338
67.9338
67.9338
67.9338
67.9338
67.9338
67.9338
67.9338
67.9338
67.9338
67.9338
67.9338
67.9338
67.9338
67.9338
67.9338
67.9338
67.9338
67.9338
67.9338
67.9338
67.9338
67.9338
67.9338
67.9338
67.9338
67.9338
67.9338
67.9338
67.9338
67.9338
67.9338
67.9338
67.9338
67.9338
67.9338
67.9338
67.9338
67.9338
67.9338
67.9338
67.9338
67.9338
67.9338
67.9338
67.9338
67.9338
67.9338
67.9338
67.9338
67.9338
67.9338
67.9338
67.9338
67.9338
67.9338
67.9338
67.9338
67.9338
67.9338
67.9338
67.9338
67.9338
67.9338
67.9338
67.9338
67.9338
67.9338
67.9338
67.9338
67.9338
67.9338
67.9338
67.9338
67.9338
67.9338
67.9338
67.9338
67.9338
67.9338
67.9338
67.9338
67.9338
67.9338
67.9338
67.9338
67.9338
67.9338
67.9338
67.9338
67.9338
67.9338
67.9338
67.9338
67.9338
67.9338
67.9338
67.9338
67.9338
67.9338
67.9338
67.9338
67.9338
67.9338
67.9338
67.9338
67.9338
67.9338
67.9338
67.9338
67.9338
67.9338
67.9338
67.9338
67.9338
67.9338
67.9338
67.9338
67.9338
67.9338
67.9338
67.9338
67.9338
67.9338
67.9338
67.9338
67.9338
67.9338
67.9338
67.9338
67.9338
67.9338
67.9338
67.9338
67.9338
67.9338
67.9338
67.9338
67.9338
67.9338
67.9338
67.9338
67.9338
67.9338
67.9338
67.9338
67.9338
67.9338
67.9338
67.9338
67.9338
67.9338
67.9338
67.9338
67.9338
67.9338
67.9338
67.9338
67.9338
67.9338
67.9338
67.9338
67.9338
67.9338
67.9338
67.9338
67.9338
67.9338
67.9338
67.9338
67.9338
67.9338
67.9338
67.9338
67.9338
67.9338
67.9338
67.9338
67.9338
67.9338
67.9338
67.9338
67.9338
67.9338
67.9338
67.9338
67.9338
67.9338
67.9338
67.9338
67.9338
67.9338
67.9338
67.9338
67.9338
67.9338
67.9338
67.9338
67.9338
67.9338
67.9338
67.9338
67.9338
67.9338
67.9338
67.9338
67.9338
67.9338
67.9338
67.9338
67.9338
67.9338
67.9338
67.9338
67.9338
67.9338
67.9338
67.9338
67.9338
67.9338
67.9338
67.9338
67.9338
67.9338
67.9338
67.9338
67.9338
67.9338
67.9338
67.9338
67.9338
67.9338
67.9338
67.9338
67.9338
67.9338
67.9338
67.9338
67.9338
67.9338
67.9338
67.9338
67.9338
67.9338
67.9338
67.9338
67.9338
67.9338
67.9338
67.9338
67.9338
67.9338
67.9338
67.9338
67.9338
67.9338
67.9338
67.9338
67.9338
67.9338
67.9338
67.9338
67.9338
67.9338
67.9338
67.9338
67.9338
67.9338
67.9338
67.9338
67.9338
67.9338
67.9338
67.9338
67.9338
67.9338
67.9338
67.9338
67.9338
67.9338
67.9338
67.9338
67.9338
67.9338
67.9338
67.9338
67.9338
67.9338
67.9338
67.9338
67.9338
67.9338
67.9338
67.9338
67.9338
67.9338
67.9338
67.9338
67.9338
67.9338
67.9338
67.9338
67.9338
67.9338
67.9338
67.9338
67.9338
67.9338
67.9338
67.9338
67.9338
67.9338
67.9338
67.9338
67.9338
67.9338
67.9338
67.9338
67.9338
67.9338
67.9338
67.9338
67.9338
67.9338
67.9338
67.9338
67.9338
67.9338
67.9338
67.9338
67.9338
67.9338
67.9338
67.9338
67.9338
67.9338
67.9338
67.9338
67.9338
67.9338
67.9338
67.9338
67.9338
67.9338
67.9338
67.9338
67.9338
67.9338
67.9338
67.9338
67.9338
67.9338
67.9338
67.9338
67.9338
67.9338
67.9338
67.9338
67.9338
67.9338
67.9338
67.9338
67.9338
67.9338
67.9338
67.9338
67.9338
67.9338
67.9338
67.9338
67.9338
67.9338
67.9338
67.9338
67.9338
67.9338
67.9338
67.9338
67.9338
67.9338
67.9338
67.9338
67.9338
67.9338
67.9338
67.9338
67.9338
67.9338
67.9338
67.9338
67.9338
67.9338
67.9338
67.9338
67.9338
67.9338
67.9338
67.9338
67.9338
67.9338
67.9338
67.9338
67.9338
67.9338
67.9338
67.9338
67.9338
67.9338
67.9338
67.9338
67.9338
67.9338
67.9338
67.9338
67.9338
67.9338
67.9338
67.9338
67.9338
67.9338
67.9338
67.9338
67.9338
67.9338
67.9338
67.9338
67.9338
67.9338
67.9338
67.9338
67.9338
67.9338
67.9338
67.9338
67.9338
67.9338
67.9338
67.9338
67.9338
67.9338
67.9338
67.9338
67.9338
67.9338
67.9338
67.9338
67.9338
67.9338
67.9338
67.9338
67.9338
67.9338
67.9338
67.9338
67.9338
67.9338
67.9338
67.9338
67.9338
67.9338
67.9338
67.9338
67.9338
67.9338
67.9338
67.9338
67.9338
67.9338
67.9338
67.9338
67.9338
67.9338
67.9338
67.9338
67.9338
67.9338
67.9338
67.9338
67.9338
67.9338
67.9338
67.9338
67.9338
67.9338
67.9338
67.9338
67.9338
67.9338
67.9338
67.9338
67.9338
67.9338
67.9338
67.9338
67.9338
67.9338
67.9338
67.9338
67.9338
67.9338
67.9338
67.9338
67.9338
67.9338
67.9338
67.9338
67.9338
67.9338
67.9338
67.9338
67.9338
67.9338
67.9338
67.9338
67.9338
67.9338
67.9338
67.9338
67.9338
67.9338
67.9338
67.9338
67.9338
67.9338
67.9338
67.9338
67.9338
67.9338
67.9338
67.9338
67.9338
67.9338
67.9338
67.9338
67.9338
67.9338
67.9338
67.9338
67.9338
67.9338
67.9338
67.9338
67.9338
67.9338
67.9338
67.9338
67.9338
67.9338
67.9338
67.9338
67.9338
67.9338
67.9338
67.9338
67.9338
67.9338
67.9338
67.9338
67.9338
67.9338
67.9338
67.9338
67.9338
67.9338
67.9338
67.9338
67.9338
67.9338
67.9338
67.9338
67.9338
67.9338
67.9338
67.9338
67.9338
67.9338
67.9338
67.9338
67.9338
67.9338
67.9338
67.9338
67.9338
67.9338
67.9338
67.9338
67.9338
67.9338
67.9338
67.9338
67.9338
67.9338
67.9338
67.9338
67.9338
67.9338
67.9338
67.9338
67.9338
67.9338
67.9338
67.9338
67.9338
67.9338
67.9338
67.9338
67.9338
67.9338
67.9338
67.9338
67.9338
67.9338
67.9338
67.9338
67.9338
67.9338
67.9338
67.9338
67.9338
67.9338
67.9338
67.9338
67.9338
67.9338
67.9338
67.9338
67.9338
67.9338
67.9338
67.9338
67.9338
67.9338
67.9338
67.9338
67.9338
67.9338
67.9338
67.9338
67.9338
67.9338
67.9338
67.9338
67.9338
67.9338
67.9338
67.9338
67.9338
67.9338
67.9338
67.9338
67.9338
67.9338
67.9338
67.9338
67.9338
67.9338
67.9338
67.9338
67.9338
67.9338
67.9338
67.9338
67.9338
67.9338
67.9338
67.9338
67.9338
67.9338
67.9338
67.9338
67.9338
67.9338
67.9338
67.9338
67.9338
67.9338
67.9338
67.9338
67.9338
67.9338
67.9338
67.9338
67.9338
67.9338
67.9338
67.9338
67.9338
67.9338
67.9338
67.9338
67.9338
67.9338
67.9338
67.9338
67.9338
67.9338
67.9338
67.9338
67.9338
67.9338
67.9338
67.9338
67.9338
67.9338
67.9338
67.9338
67.9338
67.9338
67.9338
67.9338
67.9338
67.9338
67.9338
67.9338
67.9338
67.9338
67.9338
67.9338
67.9338
67.9338
67.9338
67.9338
67.9338
67.9338
67.9338
67.9338
67.9338
67.9338
67.9338
67.9338
67.9338
67.9338
67.9338
67.9338
67.9338
67.9338
67.9338
67.9338
67.9338
67.9338
67.9338
67.9338
67.9338
67.9338
67.9338
67.9338
67.9338
67.9338
67.9338
67.9338
67.9338
67.9338
67.9338
67.9338
67.9338
67.9338
67.9338
67.9338
67.9338
67.9338
67.9338
67.9338
67.9338
67.9338
67.9338
67.9338
67.9338
67.9338
67.9338
67.9338
67.9338
67.9338
67.9338
67.9338
67.9338
67.9338
67.9338
67.9338
67.9338
67.9338
67.9338
67.9338
67.9338
67.9338
67.9338
67.9338
67.9338
67.9338
67.9338
67.9338
67.9338
67.9338
67.9338
67.9338
67.9338
67.9338
67.9338
67.9338
67.9338
67.9338
67.9338
67.9338
67.9338
67.9338
67.9338
67.9338
67.9338
67.9338
67.9338
67.9338
67.9338
67.9338
67.9338
67.9338
67.9338
67.9338
67.9338
67.9338
67.9338
67.9338
67.9338
67.9338
67.9338
67.9338
67.9338
67.9338
67.9338
67.9338
67.9338
67.9338
67.9338
67.9338
67.9338
67.9338
67.9338
67.9338
67.9338
67.9338
67.9338
67.9338
67.9338
67.9338
67.9338
67.9338
67.9338
67.9338
67.9338
67.9338
67.9338
67.9338
67.9338
67.9338
67.9338
67.9338
67.9338
67.9338
67.9338
67.9338
67.9338
67.9338
67.9338
67.9338
67.9338
67.9338
67.9338
67.9338
67.9338
67.9338
67.9338
67.9338
67.9338
67.9338
67.9338
67.9338
67.9338
67.9338
67.9338
67.9338
67.9338
67.9338
67.9338
67.9338
67.9338
67.9338
67.9338
67.9338
67.9338
67.9338
67.9338
67.9338
67.9338
67.9338
67.9338
67.9338
67.9338
67.9338
67.9338
67.9338
67.9338
67.9338
67.9338
67.9338
67.9338
67.9338
67.9338
67.9338
67.9338
67.9338
67.9338
67.9338
67.9338
67.9338
67.9338
67.9338
67.9338
67.9338
67.9338
67.9338
67.9338
67.9338
67.9338
67.9338
67.9338
67.9338
67.9338
67.9338
67.9338
67.9338
67.9338
67.9338
67.9338
67.9338
67.9338
67.9338
67.9338
67.9338
67.9338
67.9338
67.9338
67.9338
67.9338
67.9338
67.9338
67.9338
67.9338
67.9338
67.9338
67.9338
67.9338
67.9338
67.9338
67.9338
67.9338
67.9338
67.9338
67.9338
67.9338
67.9338
67.9338
67.9338
67.9338
67.9338
67.9338
67.9338
67.9338
67.9338
67.9338
67.9338
67.9338
67.9338
67.9338
67.9338
67.9338
67.9338
67.9338
67.9338
67.9338
67.9338
67.9338
67.9338
67.9338
67.9338
67.9338
67.9338
67.9338
67.9338
67.9338
67.9338
67.9338
67.9338
67.9338
67.9338
67.9338
67.9338
67.9338
67.9338
67.9338
67.9338
67.9338
67.9338
67.9338
67.9338
67.9338
67.9338
67.9338
67.9338
67.9338
67.9338
67.9338
67.9338
67.9338
67.9338
67.9338
67.9338
67.9338
67.9338
67.9338
67.9338
67.9338
67.9338
67.9338
67.9338
67.9338
67.9338
67.9338
67.9338
67.9338
67.9338
67.9338
67.9338
67.9338
67.9338
67.9338
67.9338
67.9338
67.9338
67.9338
67.9338
67.9338
67.9338
67.9338
67.9338
67.9338
67.9338
67.9338
67.9338
67.9338
67.9338
67.9338
67.9338
67.9338
67.9338
67.9338
67.9338
67.9338
67.9338
67.9338
67.9338
67.9338
67.9338
67.9338
67.9338
67.9338
67.9338
67.9338
67.9338
67.9338
67.9338
67.9338
67.9338
67.9338
67.9338
67.9338
67.9338
67.9338
67.9338
67.9338
67.9338
67.9338
67.9338
67.9338
67.9338
67.9338
67.9338
67.9338
67.9338
67.9338
67.9338
67.9338
67.9338
67.9338
67.9338
67.9338
67.9338
67.9338
67.9338
67.9338
67.9338
67.9338
67.9338
67.9338
67.9338
67.9338
67.9338
67.9338
67.9338
67.9338
67.9338
67.9338
67.9338
67.9338
67.9338
67.9338
67.9338
67.9338
67.9338
67.9338
67.9338
67.9338
67.9338
67.9338
67.9338
67.9338
67.9338
67.9338
67.9338
67.9338
67.9338
67.9338
67.9338
67.9338
67.9338
67.9338
67.9338
67.9338
67.9338
67.9338
67.9338
67.9338
67.9338
67.9338
67.9338
67.9338
67.9338
67.9338
67.9338
67.9338
67.9338
67.9338
67.9338
67.9338
67.9338
67.9338
67.9338
67.9338
67.9338
67.9338
67.9338
67.9338
67.9338
67.9338
67.9338
67.9338
67.9338
67.9338
67.9338
67.9338
67.9338
67.9338
67.9338
67.9338
67.9338
67.9338
67.9338
67.9338
67.9338
67.9338
67.9338
67.9338
67.9338
67.9338
67.9338
67.9338
67.9338
67.9338
67.9338
67.9338
67.9338
67.9338
67.9338
67.9338
67.9338
67.9338
67.9338
67.9338
67.9338
67.9338
67.9338
67.9338
67.9338
67.9338
67.9338
67.9338
67.9338
67.9338
67.9338
67.9338
67.9338
67.9338
67.9338
67.9338
67.9338
67.9338
67.9338
67.9338
67.9338
67.9338
67.9338
67.9338
67.9338
67.9338
67.9338
67.9338
67.9338
67.9338
67.9338
67.9338
67.9338
67.9338
67.9338
67.9338
67.9338
67.9338
67.9338
67.9338
67.9338
67.9338
67.9338
67.9338
67.9338
67.9338
67.9338
67.9338
67.9338
67.9338
67.9338
67.9338
67.9338
67.9338
67.9338
67.9338
67.9338
67.9338
67.9338
67.9338
67.9338
67.9338
67.9338
67.9338
67.9338
67.9338
67.9338
67.9338
67.9338
67.9338
67.9338
67.9338
67.9338
67.9338
67.9338
67.9338
67.9338
67.9338
67.9338
67.9338
67.9338
67.9338
67.9338
67.9338
67.9338
67.9338
67.9338
67.9338
67.9338
67.9338
67.9338
67.9338
67.9338
67.9338
67.9338
67.9338
67.9338
67.9338
67.9338
67.9338
67.9338
67.9338
67.9338
67.9338
67.9338
67.9338
67.9338
67.9338
67.9338
67.9338
67.9338
67.9338
67.9338
67.9338
67.9338
67.9338
67.9338
67.9338
67.9338
67.9338
67.9338
67.9338
67.9338
67.9338
67.9338
67.9338
67.9338
67.9338
67.9338
67.9338
67.9338
67.9338
67.9338
67.9338
67.9338
67.9338
67.9338
67.9338
67.9338
67.9338
67.9338
67.9338
67.9338
67.9338
67.9338
67.9338
67.9338
67.9338
67.9338
67.9338
67.9338
67.9338
67.9338
67.9338
67.9338
67.9338
67.9338
67.9338
67.9338
67.9338
67.9338
67.9338
67.9338
67.9338
67.9338
67.9338
67.9338
67.9338
67.9338
67.9338
67.9338
67.9338
67.9338
67.9338
67.9338
67.9338
67.9338
67.9338
67.9338
67.9338
67.9338
67.9338
67.9338
67.9338
67.9338
67.9338
67.9338
67.9338
67.9338
67.9338
67.9338
67.9338
67.9338
67.9338
67.9338
67.9338
67.9338
67.9338
67.9338
67.9338
67.9338
67.9338
67.9338
67.9338
67.9338
67.9338
67.9338
67.9338
67.9338
67.9338
67.9338
67.9338
67.9338
67.9338
67.9338
67.9338
67.9338
67.9338
67.9338
67.9338
67.9338
67.9338
67.9338
67.9338
67.9338
67.9338
67.9338
67.9338
67.9338
67.9338
67.9338
67.9338
67.9338
67.9338
67.9338
67.9338
67.9338
67.9338
67.9338
67.9338
67.9338
67.9338
67.9338
67.9338
67.9338
67.9338
67.9338
67.9338
67.9338
67.9338
67.9338
67.9338
67.9338
67.9338
67.9338
67.9338
67.9338
67.9338
67.9338
67.9338
67.9338
67.9338
67.9338
67.9338
67.9338
67.9338
67.9338
67.9338
67.9338
67.9338
67.9338
67.9338
67.9338
67.9338
67.9338
67.9338
67.9338
67.9338
67.9338
67.9338
67.9338
67.9338
67.9338
67.9338
67.9338
67.9338
67.9338
67.9338
67.9338
67.9338
67.9338
67.9338
67.9338
67.9338
67.9338
67.9338
67.9338
67.9338
67.9338
67.9338
67.9338
67.9338
67.9338
67.9338
67.9338
67.9338
67.9338
67.9338
67.9338
67.9338
67.9338
67.9338
67.9338
67.9338
67.9338
67.9338
67.9338
67.9338
67.9338
67.9338
67.9338
67.9338
67.9338
67.9338
67.9338
67.9338
67.9338
67.9338
67.9338
67.9338
67.9338
67.9338
67.9338
67.9338
67.9338
67.9338
67.9338
67.9338
67.9338
67.9338
67.9338
67.9338
67.9338
67.9338
67.9338
67.9338
67.9338
67.9338
67.9338
67.9338
67.9338
67.9338
67.9338
67.9338
67.9338
67.9338
67.9338
67.9338
67.9338
67.9338
67.9338
67.9338
67.9338
67.9338
67.9338
67.9338
67.9338
67.9338
67.9338
67.9338
67.9338
67.9338
67.9338
67.9338
67.9338
67.9338
67.9338
67.9338
67.9338
67.9338
67.9338
67.9338
67.9338
67.9338
67.9338
67.9338
67.9338
67.9338
67.9338
67.9338
67.9338
67.9338
67.9338
67.9338
67.9338
67.9338
67.9338
67.9338
67.9338
67.9338
67.9338
67.9338
67.9338
67.9338
67.9338
67.9338
67.9338
67.9338
67.9338
67.9338
67.9338
67.9338
67.9338
67.9338
67.9338
67.9338
67.9338
67.9338
67.9338
67.9338
67.9338
67.9338
67.9338
67.9338
67.9338
67.9338
67.9338
67.9338
67.9338
67.9338
67.9338
67.9338
67.9338
67.9338
67.9338
67.9338
67.9338
67.9338
67.9338
67.9338
67.9338
67.9338
67.9338
67.9338
67.9338
67.9338
67.9338
67.9338
67.9338
67.9338
67.9338
67.9338
67.9338
67.9338
67.9338
67.9338
67.9338
67.9338
67.9338
67.9338
67.9338
67.9338
67.9338
67.9338
67.9338
67.9338
67.9338
67.9338
67.9338
67.9338
67.9338
67.9338
67.9338
67.9338
67.9338
67.9338
67.9338
67.9338
67.9338
67.9338
67.9338
67.9338
67.9338
67.9338
67.9338
67.9338
67.9338
67.9338
67.9338
67.9338
67.9338
67.9338
67.9338
67.9338
67.9338
67.9338
67.9338
67.9338
67.9338
67.9338
67.9338
67.9338
67.9338
67.9338
67.9338
67.9338
67.9338
67.9338
67.9338
67.9338
67.9338
67.9338
67.9338
67.9338
67.9338
67.9338
67.9338
67.9338
67.9338
67.9338
67.9338
67.9338
67.9338
67.9338
67.9338
67.9338
67.9338
67.9338
67.9338
67.9338
67.9338
67.9338
67.9338
67.9338
67.9338
67.9338
67.9338
67.9338
67.9338
67.9338
67.9338
67.9338
67.9338
67.9338
67.9338
67.9338
67.9338
67.9338
67.9338
67.9338
67.9338
67.9338
67.9338
67.9338
67.9338
67.9338
67.9338
67.9338
67.9338
67.9338
67.9338
67.9338
67.9338
67.9338
67.9338
67.9338
67.9338
67.9338
67.9338
67.9338
67.9338
67.9338
67.9338
67.9338
67.9338
67.9338
67.9338
67.9338
67.9338
67.9338
67.9338
67.9338
67.9338
67.9338
67.9338
67.9338
67.9338
67.9338
67.9338
67.9338
67.9338
67.9338
67.9338
67.9338
67.9338
67.9338
67.9338
67.9338
67.9338
67.9338
67.9338
67.9338
67.9338
67.9338
67.9338
67.9338
67.9338
67.9338
67.9338
67.9338
67.9338
67.9338
67.9338
67.9338
67.9338
67.9338
67.9338
67.9338
67.9338
67.9338
67.9338
67.9338
67.9338
67.9338
67.9338
67.9338
67.9338
67.9338
67.9338
67.9338
67.9338
67.9338
67.9338
67.9338
67.9338
67.9338
67.9338
67.9338
67.9338
67.9338
67.9338
67.9338
67.9338
67.9338
67.9338
67.9338
67.9338
67.9338
67.9338
67.9338
67.9338
67.9338
67.9338
67.9338
67.9338
67.9338
67.9338
67.9338
67.9338
67.9338
67.9338
67.9338
67.9338
67.9338
67.9338
67.9338
67.9338
67.9338
67.9338
67.9338
67.9338
67.9338
67.9338
67.9338
67.9338
67.9338
67.9338
67.9338
67.9338
67.9338
67.9338
67.9338
67.9338
67.9338
67.9338
67.9338
67.9338
67.9338
67.9338
67.9338
67.9338
67.9338
67.9338
67.9338
67.9338
67.9338
67.9338
67.9338
67.9338
67.9338
67.9338
67.9338
67.9338
67.9338
67.9338
67.9338
67.9338
67.9338
67.9338
67.9338
67.9338
67.9338
67.9338
67.9338
67.9338
67.9338
67.9338
67.9338
67.9338
67.9338
67.9338
67.9338
67.9338
67.9338
67.9338
67.9338
67.9338
67.9338
67.9338
67.9338
67.9338
67.9338
67.9338
67.9338
67.9338
67.9338
67.9338
67.9338
67.9338
67.9338
67.9338
67.9338
67.9338
67.9338
67.9338
67.9338
67.9338
67.9338
67.9338
67.9338
67.9338
67.9338
67.9338
67.9338
67.9338
67.9338
67.9338
67.9338
67.9338
67.9338
67.9338
67.9338
67.9338
67.9338
67.9338
67.9338
67.9338
67.9338
67.9338
67.9338
67.9338
67.9338
67.9338
67.9338
67.9338
67.9338
67.9338
67.9338
67.9338
67.9338
67.9338
67.9338
67.9338
67.9338
67.9338
67.9338
67.9338
67.9338
67.9338
67.9338
67.9338
67.9338
67.9338
67.9338
67.9338
67.9338
67.9338
67.9338
67.9338
67.9338
67.9338
67.9338
67.9338
67.9338
67.9338
67.9338
67.9338
67.9338
67.9338
67.9338
67.9338
67.9338
67.9338
67.9338
67.9338
67.9338
67.9338
67.9338
67.9338
67.9338
67.9338
67.9338
67.9338
67.9338
67.9338
67.9338
67.9338
67.9338
67.9338
67.9338
67.9338
67.9338
67.9338
67.9338
67.9338
67.9338
67.9338
67.9338
67.9338
67.9338
67.9338
67.9338
67.9338
67.9338
67.9338
67.9338
67.9338
67.9338
67.9338
67.9338
67.9338
67.9338
67.9338
67.9338
67.9338
67.9338
67.9338
67.9338
67.9338
67.9338
67.9338
67.9338
67.9338
67.9338
67.9338
67.9338
67.9338
67.9338
67.9338
67.9338
67.9338
67.9338
67.9338
67.9338
67.9338
67.9338
67.9338
67.9338
67.9338
67.9338
67.9338
67.9338
67.9338
67.9338
67.9338
67.9338
67.9338
67.9338
67.9338
67.9338
67.9338
67.9338
67.9338
67.9338
67.9338
67.9338
67.9338
67.9338
67.9338
67.9338
67.9338
67.9338
67.9338
67.9338
67.9338
67.9338
67.9338
67.9338
67.9338
67.9338
67.9338
67.9338
67.9338
67.9338
67.9338
67.9338
67.9338
67.9338
67.9338
67.9338
67.9338
67.9338
67.9338
67.9338
67.9338
67.9338
67.9338
67.9338
67.9338
67.9338
67.9338
67.9338
67.9338
67.9338
67.9338
67.9338
67.9338
67.9338
67.9338
67.9338
67.9338
67.9338
67.9338
67.9338
67.9338
67.9338
67.9338
67.9338
67.9338
67.9338
67.9338
67.9338
67.9338
67.9338
67.9338
67.9338
67.9338
67.9338
67.9338
67.9338
67.9338
67.9338
67.9338
67.9338
67.9338
67.9338
67.9338
67.9338
67.9338
67.9338
67.9338
67.9338
67.9338
67.9338
67.9338
67.9338
67.9338
67.9338
67.9338
67.9338
67.9338
67.9338
67.9338
67.9338
67.9338
67.9338
67.9338
67.9338
67.9338
67.9338
67.9338
67.9338
67.9338
67.9338
67.9338
67.9338
67.9338
67.9338
67.9338
67.9338
67.9338
67.9338
67.9338
67.9338
67.9338
67.9338
67.9338
67.9338
67.9338
67.9338
67.9338
67.9338
67.9338
67.9338
67.9338
67.9338
67.9338
67.9338
67.9338
67.9338
67.9338
67.9338
67.9338
67.9338
67.9338
67.9338
67.9338
67.9338
67.9338
67.9338
67.9338
67.9338
67.9338
67.9338
67.9338
67.9338
67.9338
67.9338
67.9338
67.9338
67.9338
67.9338
67.9338
67.9338
67.9338
67.9338
67.9338
67.9338
67.9338
67.9338
67.9338
67.9338
67.9338
67.9338
67.9338
67.9338
67.9338
67.9338
67.9338
67.9338
67.9338
67.9338
67.9338
67.9338
67.9338
67.9338
67.9338
67.9338
67.9338
67.9338
67.9338
67.9338
67.9338
67.9338
67.9338
67.9338
67.9338
67.9338
67.9338
67.9338
67.9338
67.9338
67.9338
67.9338
67.9338
67.9338
67.9338
67.9338
67.9338
67.9338
67.9338
67.9338
67.9338
67.9338
67.9338
67.9338
67.9338
67.9338
67.9338
67.9338
67.9338
67.9338
67.9338
67.9338
67.9338
67.9338
67.9338
67.9338
67.9338
67.9338
67.9338
67.9338
67.9338
67.9338
67.9338
67.9338
67.9338
67.9338
67.9338
67.9338
67.9338
67.9338
67.9338
67.9338
67.9338
67.9338
67.9338
67.9338
67.9338
67.9338
67.9338
67.9338
67.9338
67.9338
67.9338
67.9338
67.9338
67.9338
67.9338
67.9338
67.9338
67.9338
67.9338
67.9338
67.9338
67.9338
67.9338
67.9338
67.9338
67.9338
67.9338
67.9338
67.9338
67.9338
67.9338
67.9338
67.9338
67.9338
67.9338
67.9338
67.9338
67.9338
67.9338
67.9338
67.9338
67.9338
67.9338
67.9338
67.9338
67.9338
67.9338
67.9338
67.9338
67.9338
67.9338
67.9338
67.9338
67.9338
67.9338
67.9338
67.9338
67.9338
67.9338
67.9338
67.9338
67.9338
67.9338
67.9338
67.9338
67.9338
67.9338
67.9338
67.9338
67.9338
67.9338
67.9338
67.9338
67.9338
67.9338
67.9338
67.9338
67.9338
67.9338
67.9338
67.9338
67.9338
67.9338
67.9338
67.9338
67.9338
67.9338
67.9338
67.9338
67.9338
67.9338
67.9338
67.9338
67.9338
67.9338
67.9338
67.9338
67.9338
67.9338
67.9338
67.9338
67.9338
67.9338
67.9338
67.9338
67.9338
67.9338
67.9338
67.9338
67.9338
67.9338
67.9338
67.9338
67.9338
67.9338
67.9338
67.9338
67.9338
67.9338
67.9338
67.9338
67.9338
67.9338
67.9338
67.9338
67.9338
67.9338
67.9338
67.9338
67.9338
67.9338
67.9338
67.9338
67.9338
67.9338
67.9338
67.9338
67.9338
67.9338
67.9338
67.9338
67.9338
67.9338
67.9338
67.9338
67.9338
67.9338
67.9338
67.9338
67.9338
67.9338
67.9338
67.9338
67.9338
67.9338
67.9338
67.9338
67.9338
67.9338
67.9338
67.9338
67.9338
67.9338
67.9338
67.9338
67.9338
67.9338
67.9338
67.9338
67.9338
67.9338
67.9338
67.9338
67.9338
67.9338
67.9338
67.9338
67.9338
67.9338
67.9338
67.9338
67.9338
67.9338
67.9338
67.9338
67.9338
67.9338
67.9338
67.9338
67.9338
67.9338
67.9338
67.9338
67.9338
67.9338
67.9338
67.9338
67.9338
67.9338
67.9338
67.9338
67.9338
67.9338
67.9338
67.9338
67.9338
67.9338
67.9338
67.9338
67.9338
67.9338
67.9338
67.9338
67.9338
67.9338
67.9338
67.9338
67.9338
67.9338
67.9338
67.9338
67.9338
67.9338
67.9338
67.9338
67.9338
67.9338
67.9338
67.9338
67.9338
67.9338
67.9338
67.9338
67.9338
67.9338
67.9338
67.9338
67.9338
67.9338
67.9338
67.9338
67.9338
67.9338
67.9338
67.9338
67.9338
67.9338
67.9338
67.9338
67.9338
67.9338
67.9338
67.9338
67.9338
67.9338
67.9338
67.9338
67.9338
67.9338
67.9338
67.9338
67.9338
67.9338
67.9338
67.9338
67.9338
67.9338
67.9338
67.9338
67.9338
67.9338
67.9338
67.9338
67.9338
67.9338
67.9338
67.9338
67.9338
67.9338
67.9338
67.9338
67.9338
67.9338
67.9338
67.9338
67.9338
67.9338
67.9338
67.9338
67.9338
67.9338
67.9338
67.9338
67.9338
67.9338
67.9338
67.9338
67.9338
67.9338
67.9338
67.9338
67.9338
67.9338
67.9338
67.9338
67.9338
67.9338
67.9338
67.9338
67.9338
67.9338
67.9338
67.9338
67.9338
67.9338
67.9338
67.9338
67.9338
67.9338
67.9338
67.9338
67.9338
67.9338
67.9338
67.9338
67.9338
67.9338
67.9338
67.9338
67.9338
67.9338
67.9338
67.9338
67.9338
67.9338
67.9338
67.9338
67.9338
67.9338
67.9338
67.9338
67.9338
67.9338
67.9338
67.9338
67.9338
67.9338
67.9338
67.9338
67.9338
67.9338
67.9338
67.9338
67.9338
67.9338
67.9338
67.9338
67.9338
67.9338
67.9338
67.9338
67.9338
67.9338
67.9338
67.9338
67.9338
67.9338
67.9338
67.9338
67.9338
67.9338
67.9338
67.9338
67.9338
67.9338
67.9338
67.9338
67.9338
67.9338
67.9338
67.9338
67.9338
67.9338
67.9338
67.9338
67.9338
67.9338
67.9338
67.9338
67.9338
67.9338
67.9338
67.9338
67.9338
67.9338
67.9338
67.9338
67.9338
67.9338
67.9338
67.9338
67.9338
67.9338
67.9338
67.9338
67.9338
67.9338
67.9338
67.9338
67.9338
67.9338
67.9338
67.9338
67.9338
67.9338
67.9338
67.9338
67.9338
67.9338
67.9338
67.9338
67.9338
67.9338
67.9338
67.9338
67.9338
67.9338
67.9338
67.9338
67.9338
67.9338
67.9338
67.9338
67.9338
67.9338
67.9338
67.9338
67.9338
67.9338
67.9338
67.9338
67.9338
67.9338
67.9338
67.9338
67.9338
67.9338
67.9338
67.9338
67.9338
67.9338
67.9338
67.9338
67.9338
67.9338
67.9338
67.9338
67.9338
67.9338
67.9338
67.9338
67.9338
67.9338
67.9338
67.9338
67.9338
67.9338
67.9338
67.9338
67.9338
67.9338
67.9338
67.9338
67.9338
67.9338
67.9338
67.9338
67.9338
67.9338
67.9338
67.9338
67.9338
67.9338
67.9338
67.9338
67.9338
67.9338
67.9338
67.9338
67.9338
67.9338
67.9338
67.9338
67.9338
67.9338
67.9338
67.9338
67.9338
67.9338
67.9338
67.9338
67.9338
67.9338
67.9338
67.9338
67.9338
67.9338
67.9338
67.9338
67.9338
67.9338
67.9338
67.9338
67.9338
67.9338
67.9338
67.9338
67.9338
67.9338
67.9338
67.9338
67.9338
67.9338
67.9338
67.9338
67.9338
67.9338
67.9338
67.9338
67.9338
67.9338
67.9338
67.9338
67.9338
67.9338
67.9338
67.9338
67.9338
67.9338
67.9338
67.9338
67.9338
67.9338
67.9338
67.9338
67.9338
67.9338
67.9338
67.9338
67.9338
67.9338
67.9338
67.9338
67.9338
67.9338
67.9338
67.9338
67.9338
67.9338
67.9338
67.9338
67.9338
67.9338
67.9338
67.9338
67.9338
67.9338
67.9338
67.9338
67.9338
67.9338
67.9338
67.9338
67.9338
67.9338
67.9338
67.9338
67.9338
67.9338
67.9338
67.9338
67.9338
67.9338
67.9338
67.9338
67.9338
67.9338
67.9338
67.9338
67.9338
67.9338
67.9338
67.9338
67.9338
67.9338
67.9338
67.9338
67.9338
67.9338
67.9338
67.9338
67.9338
67.9338
67.9338
67.9338
67.9338
67.9338
67.9338
67.9338
67.9338
67.9338
67.9338
67.9338
67.9338
67.9338
67.9338
67.9338
67.9338
67.9338
67.9338
67.9338
67.9338
67.9338
67.9338
67.9338
67.9338
67.9338
67.9338
67.9338
67.9338
67.9338
67.9338
67.9338
67.9338
67.9338
67.9338
67.9338
67.9338
67.9338
67.9338
67.9338
67.9338
67.9338
67.9338
67.9338
67.9338
67.9338
67.9338
67.9338
67.9338
67.9338
67.9338
67.9338
67.9338
67.9338
67.9338
67.9338
67.9338
67.9338
67.9338
67.9338
67.9338
67.9338
67.9338
67.9338
67.9338
67.9338
67.9338
67.9338
67.9338
67.9338
67.9338
67.9338
67.9338
67.9338
67.9338
67.9338
67.9338
67.9338
67.9338
67.9338
67.9338
67.9338
67.9338
67.9338
67.9338
67.9338
67.9338
67.9338
67.9338
67.9338
67.9338
67.9338
67.9338
67.9338
67.9338
67.9338
67.9338
67.9338
67.9338
67.9338
67.9338
67.9338
67.9338
67.9338
67.9338
67.9338
67.9338
67.9338
67.9338
67.9338
67.9338
67.9338
67.9338
67.9338
67.9338
67.9338
67.9338
67.9338
67.9338
67.9338
67.9338
67.9338
67.9338
67.9338
67.9338
67.9338
67.9338
67.9338
67.9338
67.9338
67.9338
67.9338
67.9338
67.9338
67.9338
67.9338
67.9338
67.9338
67.9338
67.9338
67.9338
67.9338
67.9338
67.9338
67.9338
67.9338
67.9338
67.9338
67.9338
67.9338
67.9338
67.9338
67.9338
67.9338
67.9338
67.9338
67.9338
67.9338
67.9338
67.9338
67.9338
67.9338
67.9338
67.9338
67.9338
67.9338
67.9338
67.9338
67.9338
67.9338
67.9338
67.9338
67.9338
67.9338
67.9338
67.9338
67.9338
67.9338
67.9338
67.9338
67.9338
67.9338
67.9338
67.9338
67.9338
67.9338
67.9338
67.9338
67.9338
67.9338
67.9338
67.9338
67.9338
67.9338
67.9338
67.9338
67.9338
67.9338
67.9338
67.9338
67.9338
67.9338
67.9338
67.9338
67.9338
67.9338
67.9338
67.9338
67.9338
67.9338
67.9338
67.9338
67.9338
67.9338
67.9338
67.9338
67.9338
67.9338
67.9338
67.9338
67.9338
67.9338
67.9338
67.9338
67.9338
67.9338
67.9338
67.9338
67.9338
67.9338
67.9338
67.9338
67.9338
67.9338
67.9338
67.9338
67.9338
67.9338
67.9338
67.9338
67.9338
67.9338
67.9338
67.9338
67.9338
67.9338
67.9338
67.9338
67.9338
67.9338
67.9338
67.9338
67.9338
67.9338
67.9338
67.9338
67.9338
67.9338
67.9338
67.9338
67.9338
67.9338
67.9338
67.9338
67.9338
67.9338
67.9338
67.9338
67.9338
67.9338
67.9338
67.9338
67.9338
67.9338
67.9338
67.9338
67.9338
67.9338
67.9338
67.9338
67.9338
67.9338
67.9338
67.9338
67.9338
67.9338
67.9338
67.9338
67.9338
67.9338
67.9338
67.9338
67.9338
67.9338
67.9338
67.9338
67.9338
67.9338
67.9338
67.9338
67.9338
67.9338
67.9338
67.9338
67.9338
67.9338
67.9338
67.9338
67.9338
67.9338
67.9338
67.9338
67.9338
67.9338
67.9338
67.9338
67.9338
67.9338
67.9338
67.9338
67.9338
67.9338
67.9338
67.9338
67.9338
67.9338
67.9338
67.9338
67.9338
67.9338
67.9338
67.9338
67.9338
67.9338
67.9338
67.9338
67.9338
67.9338
67.9338
67.9338
67.9338
67.9338
67.9338
67.9338
67.9338
67.9338
67.9338
67.9338
67.9338
67.9338
67.9338
67.9338
67.9338
67.9338
67.9338
67.9338
67.9338
67.9338
67.9338
67.9338
67.9338
67.9338
67.9338
67.9338
67.9338
67.9338
67.9338
67.9338
67.9338
67.9338
67.9338
67.9338
67.9338
67.9338
67.9338
67.9338
67.9338
67.9338
67.9338
67.9338
67.9338
67.9338
67.9338
67.9338
67.9338
67.9338
67.9338
67.9338
67.9338
67.9338
67.9338
67.9338
67.9338
67.9338
67.9338
67.9338
67.9338
67.9338
67.9338
67.9338
67.9338
67.9338
67.9338
67.9338
67.9338
67.9338
67.9338
67.9338
67.9338
67.9338
67.9338
67.9338
67.9338
67.9338
67.9338
67.9338
67.9338
67.9338
67.9338
67.9338
67.9338
67.9338
67.9338
67.9338
67.9338
67.9338
67.9338
67.9338
67.9338
67.9338
67.9338
67.9338
67.9338
67.9338
