424.534
411.373
409.231
385.531
379.297
378.379
368.226
368.226
363.293
356.977
349.616
348.17
341.859
336.908
323.27
323.27
320.663
317.966
309.18
297.349
296.477
290.905
285.813
284.53
279.925
279.925
278.148
273.629
270.591
269.151
266.24
262.89
258.581
256.687
256.11
254.67
249.12
244.869
242.207
240.324
240.324
237.342
236.284
233.161
230.234
228.892
225.476
225.476
224.233
222.211
220.844
219.448
218.565
218.218
215.739
213.114
208.245
207.86
205.364
204.696
204.079
202.915
200.089
199.327
197.039
195.307
193.726
192.436
191.506
191.121
190.554
189.574
188.728
188.55
187.389
185.324
184.078
180.508
179.577
179.4
179.264
177.878
177.29
173.308
173.308
173.131
171.411
171.234
169.171
168.455
168.455
166.027
164.884
162.699
158.733
158.556
158.556
158.37
155.321
155.144
154.259
153.895
151.079
149.653
148.768
148.768
148.465
147.076
147.076
146.237
146.237
144.959
144.957
144.468
142.906
142.906
142.798
140.719
139.405
139.405
137.328
137.328
137.328
135.945
134.902
134.545
134.46
134.46
132.441
129.353
129.353
128.996
128.996
128.996
128.725
128.725
128.401
127.633
127.633
127.187
127.187
125.921
124.132
124.132
123.452
123.31
123.31
122.39
122.39
122.212
122.116
121.568
121.053
120.88
120.858
119.928
119.928
119.928
119.344
119.219
118.671
118.296
118.296
118.296
116.282
116.282
116.282
116.282
116.282
115.98
115.999
115.423
115.392
115.392
114.775
114.677
113.966
113.221
113.221
113.221
113.221
112.383
113.026
113.026
112.321
110.936
110.511
110.511
110.511
110.511
110.511
109.673
110.287
109.951
109.951
109.503
109.503
108.458
108.06
107.913
107.484
107.484
107.484
106.044
106.044
105.897
105.523
105.523
105.364
105.207
104.904
104.567
103.511
103.511
103.511
103.089
102.049
102.049
102.049
102.049
102.049
102.049
102.049
102.049
101.342
101.342
100.881
100.436
100.436
99.9748
99.657
99.1957
99.1957
99.1679
98.5
98.5
97.6135
97.1521
97.1521
97.0844
96.6777
96.2277
96.0723
96.0723
96.0723
95.6092
95.6092
94.7361
94.7361
94.7361
94.7361
94.7361
94.7361
94.4285
93.9501
93.9501
93.186
93.186
93.186
92.7076
92.7076
92.4121
90.8158
89.5733
89.5733
88.7915
88.7915
86.7751
86.7751
86.7751
86.7722
86.7635
86.7635
86.7635
86.6649
86.5572
86.5572
86.1028
86.1028
86.0454
85.7947
85.7373
85.7072
85.7072
85.7072
85.7072
85.7072
85.7072
85.7072
84.8895
84.8895
84.8895
84.5524
84.5524
84.5524
84.5524
84.5524
84.5524
83.8156
83.8156
83.8156
83.0367
83.0367
83.0367
83.0367
83.0367
82.6207
82.6207
82.6207
81.8081
81.8081
81.8081
81.3921
81.3921
81.3921
81.3921
81.309
81.1713
81.1713
80.5817
80.5636
80.5636
80.3428
80.0246
80.0065
80.0065
80.0065
80.0065
80.0065
80.0065
80.0065
80.0065
80.0065
80.0065
79.2678
79.2678
79.2678
79.2678
79.2678
79.2678
79.2442
78.9823
78.9823
78.8583
78.8347
78.8347
78.5615
78.5615
78.5615
78.5615
77.8268
77.8268
77.8268
77.4359
77.4359
77.1047
77.1047
77.1047
77.1047
77.1047
76.9235
76.9235
76.9235
76.8249
76.8249
76.8249
76.8249
76.7462
76.7462
76.7462
76.7462
76.7462
76.6495
76.6495
76.6495
76.6495
76.6495
76.5287
76.4469
76.4469
76.4469
76.4469
76.4469
76.4469
76.4469
76.4469
76.4469
76.4469
76.4469
76.4469
76.4469
76.4469
75.6715
75.6715
75.6715
75.5031
75.5031
74.9189
74.9189
74.9189
74.9189
74.9189
74.9189
74.9189
74.9189
74.9189
74.6534
74.6534
74.6534
74.6534
74.6534
74.6534
74.6534
74.6534
74.6534
74.6534
74.6534
74.6534
74.6534
74.6534
74.6534
74.6534
74.6534
74.6534
74.6534
74.6534
74.6534
74.6534
74.6534
74.3939
74.3939
74.3939
74.3939
74.3939
74.3407
74.3407
74.3407
74.1396
74.1396
73.6824
73.6824
73.6824
73.6824
73.6824
73.6824
73.6824
73.6824
73.6824
73.6824
73.6824
73.6824
73.6824
73.6824
73.6146
73.6146
73.6146
73.6146
73.6146
73.6146
73.6146
73.6146
73.6146
73.6146
73.6146
73.6146
73.6146
73.6146
73.6146
73.6146
73.6146
73.6146
73.6146
73.6146
73.6146
73.6146
73.6146
73.6146
73.6146
73.6146
73.6146
73.6146
73.6146
73.6146
73.6146
73.6146
73.6146
73.6146
73.0355
73.0355
73.0355
73.0355
73.0355
73.0355
73.0355
73.0355
73.0355
73.0355
73.0355
73.0355
73.0355
73.0355
73.0355
73.0355
73.0355
73.0355
73.0355
73.0355
73.0355
73.0355
73.0355
73.0355
73.0355
73.0355
73.0355
72.7842
72.7842
72.7842
72.7842
72.7842
72.7842
72.5772
72.5772
72.5772
72.5772
72.5772
72.3546
72.3546
72.3546
72.3546
72.3546
72.3546
72.3546
72.3546
72.3546
72.3546
72.3546
72.3546
72.3546
72.3546
72.3546
72.3546
72.3546
72.3546
72.3546
72.2026
72.2026
72.2026
72.2026
72.2026
72.2026
72.2026
72.2026
72.2026
72.2026
72.2026
72.2026
72.2026
72.2026
72.2026
72.2026
72.2026
72.2026
72.2026
72.2026
72.2026
72.2026
72.2026
72.2026
72.2026
72.2026
72.2026
72.2026
72.2026
72.2026
72.2026
72.2026
72.2026
72.2026
72.2026
72.2026
72.2026
72.2026
72.2026
72.2026
72.2026
72.2026
72.2026
72.2026
72.2026
72.2026
72.2026
72.2026
72.2026
72.2026
72.2026
72.2026
72.2026
72.2026
72.2026
72.2026
72.2026
72.2026
72.2026
72.2026
72.2026
72.2026
72.2026
72.2026
72.2026
72.2026
72.2026
72.2026
72.2026
72.2026
72.2026
72.2026
72.2026
72.2026
72.2026
72.2026
72.2026
72.2026
72.2026
72.2026
72.2026
72.2026
72.2026
72.2026
72.2026
72.2026
72.2026
72.2026
72.2026
72.2026
72.2026
72.2026
72.2026
72.2026
72.2026
72.2026
72.2026
72.2026
72.1921
72.1921
72.1921
72.1921
72.0616
72.0616
72.0616
72.0511
72.0511
72.0511
72.0511
72.0511
72.0511
72.0511
72.0511
72.0511
72.0511
72.0511
72.0511
72.0511
71.7073
71.7073
71.7073
71.7073
71.7073
71.7073
71.7073
71.7073
71.7073
71.7073
71.7073
71.7073
71.7073
71.7073
71.7073
71.7073
71.7073
71.7073
71.7073
71.7073
71.7073
71.7073
71.7073
71.7073
71.7073
71.7073
71.7073
71.7073
71.7073
71.7073
71.7073
71.7073
71.7073
71.7073
71.7073
71.7073
71.7073
71.7073
71.7073
71.7073
71.7073
71.7073
71.7073
71.7073
71.7073
71.7073
71.7073
71.7073
71.7073
71.7073
71.7073
71.7073
71.7073
71.7073
71.7073
71.7073
71.7073
71.7073
71.7073
71.7073
71.7073
71.7073
71.7073
71.7073
71.7073
71.7073
71.7073
71.7073
71.7073
71.7073
71.7073
71.7073
71.7073
71.7073
71.7073
71.7073
71.7073
71.7073
71.7073
71.5585
71.5585
71.5585
71.5585
71.5585
71.5585
71.5585
71.5585
71.5585
71.5585
71.5585
71.5585
71.5585
71.5585
71.5585
71.5585
71.5585
71.5585
71.5585
71.4465
71.4465
71.4465
71.1947
71.1947
71.01
70.9407
70.9407
70.9407
70.9407
70.9407
70.9407
70.9407
70.9407
70.9407
70.9407
70.9407
70.9407
70.9407
70.9407
70.9407
70.9407
70.9407
70.9407
70.9407
70.9407
70.9407
70.9407
70.9407
70.9407
70.9407
70.9407
70.9407
70.9407
70.9407
70.9407
70.9407
70.9407
70.9407
70.9407
70.9407
70.9407
70.6502
70.6502
70.6502
70.6502
70.6502
70.6502
70.6502
70.6502
70.6502
70.6502
70.6502
70.6502
70.6502
70.6502
70.6502
70.6502
70.6502
70.6502
70.6502
70.6502
70.6502
70.6502
70.6502
70.6502
70.6502
70.6502
70.6502
70.6502
70.6502
70.6502
70.6502
70.6502
70.6502
70.6502
70.6502
70.6502
70.6502
70.6502
70.6502
70.6502
70.6502
70.6502
70.6502
70.6502
70.6502
70.6502
70.6502
70.6502
70.6502
70.6502
70.6502
70.6502
70.6502
70.6502
70.6502
70.6502
70.6502
70.6502
70.6502
70.6502
70.6502
70.6502
70.6502
70.6502
70.6502
70.6502
70.6502
70.6502
70.6502
70.6502
70.6502
70.6502
70.6502
70.6502
70.6502
70.6502
70.6502
70.6502
70.6502
70.6502
70.6502
70.6502
70.6502
70.6502
70.6502
70.6502
70.6502
70.6502
70.6502
70.6502
70.6502
70.6502
70.6502
70.6502
70.6502
70.6502
70.6502
70.6502
70.2342
70.2342
70.2342
70.2342
70.2342
70.2342
70.2342
70.2342
70.2342
70.2342
70.2342
70.2342
70.2342
70.2342
70.2342
70.2342
70.2342
70.2342
70.2342
70.2342
70.2342
70.2342
70.2342
70.2342
70.2342
70.2342
70.2342
70.2342
70.2342
70.2342
70.2342
70.2342
70.2342
70.2342
70.2342
70.2342
70.2342
70.2342
70.2342
70.2342
70.2342
70.2342
70.2342
70.2342
70.2342
70.2342
70.2342
70.2342
70.2342
70.2342
70.2342
70.2342
70.2342
70.2342
70.2342
70.2342
70.2342
70.2342
70.2342
70.2342
70.2342
70.2342
70.2342
70.2342
70.2342
70.2342
70.2342
70.2342
70.2342
70.2342
70.2342
70.2342
70.2342
70.2342
70.2342
70.2342
70.2342
70.2342
70.2342
70.2342
70.2342
70.2342
70.2342
70.2342
70.2342
70.2342
70.2342
70.2342
70.2342
70.2342
70.2342
70.2342
70.2342
70.2342
70.2342
70.2342
70.2342
70.2342
70.2342
70.2342
70.2342
70.2342
70.2342
70.2342
70.2342
70.2342
70.2342
70.2342
70.2342
70.2342
70.2342
70.2342
70.2342
70.2342
70.2342
70.2342
70.2342
70.2342
70.2342
70.2342
70.2342
70.2342
70.2342
70.2342
70.2342
70.2342
70.2342
70.2342
70.2342
70.2342
70.2342
70.2342
70.2342
70.2342
70.2342
70.2342
70.2342
70.2342
70.2342
70.2342
70.2342
70.2342
70.2342
70.2342
70.2342
70.2342
70.2342
70.2342
70.2342
70.2342
70.2342
70.2342
70.2342
70.2342
70.2342
70.2342
70.2342
70.2342
70.2342
70.2342
70.2342
70.2342
70.2342
70.2342
70.2342
70.2342
70.2342
70.2342
70.2342
70.2342
70.2342
70.2342
70.2342
70.2342
70.2342
70.2342
70.2342
70.2342
70.2342
70.2342
70.2342
70.2342
70.2342
70.2342
70.1768
70.1768
70.1768
70.1768
70.1768
70.1768
70.1768
70.1768
70.1768
70.1768
70.1768
70.1768
70.1768
70.1768
70.1768
70.1768
70.1768
70.1768
70.1768
70.1768
70.1768
70.1768
70.1768
70.1768
70.1768
70.1768
70.1768
70.1768
70.1768
70.1768
70.1768
70.1768
70.1768
70.1768
70.1768
70.1768
70.1768
70.1768
70.1768
70.1768
70.1768
70.1768
70.1768
70.1768
70.1768
70.1768
70.1768
70.1768
70.1768
70.1768
70.1768
70.1768
70.1768
70.1768
70.1768
70.1768
70.1768
70.1768
70.1768
70.1768
70.1768
70.1768
70.1768
70.1768
70.1768
70.1768
70.1768
70.1768
70.1768
70.1768
70.1768
70.1768
70.1768
70.1768
70.1768
70.1768
70.1768
70.1768
70.1768
70.1768
70.1768
70.1768
70.1768
70.1768
70.1768
70.1768
70.1768
70.1768
70.1768
70.1768
70.1768
70.1768
70.1768
70.1768
70.1768
70.1768
70.1768
70.1768
70.1768
70.1768
70.1768
70.1768
70.1768
70.1768
70.1768
70.1768
70.1768
70.1768
70.1768
70.1768
70.1768
70.1768
70.1768
70.1768
70.1768
70.1768
70.1768
70.1768
70.1768
70.1768
70.0542
70.0542
70.0542
70.0542
70.0542
70.0542
70.0542
70.0542
70.0542
70.0542
70.0542
70.0542
70.0542
70.0542
70.0542
70.0542
70.0542
70.0542
70.0542
70.0542
70.0542
70.0542
70.0542
70.0542
70.0542
70.0542
70.0542
70.0542
70.0542
70.0542
70.0542
70.0542
70.0542
70.0542
70.0542
70.0542
70.0542
70.0542
70.0542
70.0542
70.0542
70.0542
70.0542
70.0542
70.0542
70.0542
70.0542
70.0542
70.0542
70.0542
70.0542
70.0542
70.0542
70.0542
70.0542
70.0542
70.0542
70.0542
70.0542
70.0542
70.0542
70.0542
70.0542
70.0542
70.0542
70.0542
70.0542
70.0542
70.0542
70.0542
70.0542
70.0542
70.0542
70.0542
70.0542
70.0542
70.0542
70.0542
70.0542
70.0542
70.0542
70.0542
70.0542
70.0542
70.0542
70.0542
70.0542
70.0542
70.0542
70.0542
70.0542
70.0542
70.0542
70.0542
70.0542
70.0542
70.0542
70.0542
70.0542
70.0542
70.0542
70.0542
70.0542
70.0542
70.0542
70.0542
70.0542
70.0542
70.0542
70.0542
70.0542
70.0542
70.0542
70.0542
70.0542
70.0542
70.0542
70.0542
70.0542
70.0542
70.0542
70.0542
70.0542
70.0542
70.0542
70.0542
70.0542
70.0542
70.0542
70.0542
70.0542
70.0542
70.0542
70.0542
70.0542
70.0542
70.0542
70.0542
70.0542
70.0542
70.0542
70.0542
70.0542
70.0542
70.0542
70.0542
70.0542
70.0542
70.0542
70.0542
70.0542
70.0542
70.0542
70.0542
70.0542
70.0542
70.0542
70.0542
70.0542
70.0542
70.0542
70.0542
70.0542
70.0542
70.0542
70.0542
70.0542
70.0542
70.0542
70.0542
70.0542
70.0542
70.0542
70.0542
70.0542
70.0542
70.0542
70.0542
70.0542
70.0542
70.0542
70.0542
70.0542
70.0542
70.0542
70.0542
70.0542
70.0542
70.0542
70.0542
70.0542
70.0542
70.0542
70.0542
70.0542
70.0542
70.0542
70.0542
70.0542
70.0542
70.0542
70.0542
70.0542
70.0542
70.0542
70.0542
70.0542
70.0542
70.0542
70.0542
70.0542
70.0542
70.0542
70.0542
70.0542
70.0542
70.0542
70.0542
70.0542
70.0542
70.0542
70.0542
70.0542
70.0542
70.0542
70.0542
70.0542
70.0542
70.0542
70.0542
70.0542
70.0542
70.0542
70.0542
70.0542
70.0542
70.0542
70.0542
70.0542
70.0542
70.0542
70.0542
70.0542
70.0542
70.0542
70.0542
70.0542
70.0542
70.0542
70.0542
70.0542
70.0542
70.0542
70.0542
70.0542
70.0542
70.0542
70.0542
70.0542
70.0542
70.0542
70.0542
70.0542
70.0542
70.0542
70.0542
70.0542
70.0542
70.0542
70.0542
70.0542
70.0542
70.0542
70.0542
70.0542
70.0542
70.0542
70.0542
70.0542
70.0542
70.0542
70.0542
70.0542
70.0542
70.0542
70.0542
70.0542
70.0542
70.0542
70.0542
70.0542
70.0542
70.0542
70.0542
70.0542
70.0542
70.0542
70.0542
70.0542
70.0542
70.0542
70.0542
70.0542
70.0542
70.0542
70.0542
70.0542
70.0542
70.0542
70.0542
70.0542
70.0542
70.0542
70.0542
70.0542
70.0542
70.0542
70.0542
70.0542
70.0542
70.0542
70.0542
70.0542
70.0542
70.0542
70.0542
70.0542
70.0542
70.0542
70.0542
70.0542
70.0542
70.0542
70.0542
70.0542
70.0542
70.0542
70.0542
70.0542
70.0542
70.0542
70.0542
70.0542
70.0542
70.0542
70.0542
70.0542
70.0542
70.0542
70.0542
70.0542
70.0542
70.0542
70.0542
70.0542
70.0542
70.0542
70.0542
70.0542
70.0542
70.0542
70.0542
70.0542
70.0542
70.0542
70.0542
70.0542
70.0542
70.0542
70.0542
70.0542
70.0542
70.0542
70.0542
70.0542
70.0542
70.0542
70.0542
70.0542
70.0542
70.0542
70.0542
70.0542
70.0542
70.0542
70.0542
70.0542
70.0542
70.0542
70.0542
70.0542
70.0542
70.0542
70.0542
70.0542
70.0542
70.0542
70.0542
70.0542
70.0542
70.0542
70.0542
70.0542
70.0542
70.0542
70.0542
70.0542
70.0542
70.0542
70.0542
70.0542
70.0542
70.0542
70.0542
70.0542
70.0542
70.0542
70.0542
70.0542
70.0542
70.0542
70.0542
70.0542
70.0542
70.0542
70.0542
70.0542
70.0542
70.0542
70.0542
70.0542
70.0542
70.0542
70.0542
70.0542
70.0542
70.0542
70.0542
70.0542
70.0542
70.0542
70.0542
70.0542
70.0542
70.0542
70.0542
70.0542
70.0542
70.0542
70.0542
70.0542
70.0542
70.0542
70.0542
70.0542
70.0542
70.0542
70.0542
70.0542
70.0542
70.0542
70.0542
70.0542
70.0542
70.0542
70.0542
70.0542
70.0542
70.0542
70.0542
70.0542
70.0542
70.0542
70.0542
70.0542
70.0542
70.0542
70.0542
70.0542
70.0542
70.0542
70.0542
70.0542
70.0542
70.0542
70.0542
70.0542
70.0542
70.0542
70.0542
70.0542
70.0542
70.0542
70.0542
70.0542
70.0542
70.0542
70.0542
70.0542
70.0542
70.0542
70.0542
70.0542
70.0542
70.0542
70.0542
70.0542
70.0542
70.0542
70.0542
70.0542
70.0542
70.0542
70.0542
70.0542
70.0542
70.0542
70.0542
70.0542
70.0542
70.0542
70.0542
70.0542
70.0542
70.0542
70.0542
70.0542
70.0542
70.0542
70.0542
70.0542
70.0542
70.0542
70.0542
70.0542
70.0542
70.0542
70.0542
70.0542
70.0542
70.0542
70.0542
70.0542
70.0542
70.0542
70.0542
70.0542
70.0542
70.0542
70.0542
70.0542
70.0542
70.0542
70.0542
70.0542
70.0542
70.0542
70.0542
70.0542
70.0542
70.0542
70.0542
70.0542
70.0542
70.0542
70.0542
70.0542
70.0542
70.0542
70.0542
70.0542
70.0542
70.0542
70.0542
70.0542
70.0542
70.0542
70.0542
70.0542
70.0542
70.0542
70.0542
70.0542
70.0542
70.0542
70.0542
70.0542
70.0542
70.0542
70.0542
70.0542
70.0542
70.0542
70.0542
70.0542
70.0542
70.0542
70.0542
70.0542
70.0542
70.0542
70.0542
70.0542
70.0542
70.0542
70.0542
70.0542
70.0542
70.0542
70.0542
70.0542
70.0542
70.0542
70.0542
70.0542
70.0542
70.0542
70.0542
70.0542
70.0542
70.0542
70.0542
70.0542
70.0542
70.0542
70.0542
70.0542
70.0542
70.0542
70.0542
70.0542
70.0542
70.0542
70.0542
70.0542
70.0542
70.0542
70.0542
70.0542
70.0542
70.0542
70.0542
70.0542
70.0542
70.0542
70.0542
70.0542
70.0542
70.0542
70.0542
70.0542
70.0542
70.0542
70.0542
70.0542
70.0542
70.0542
70.0542
70.0542
70.0542
70.0542
70.0542
70.0542
70.0542
70.0542
70.0542
70.0542
70.0542
70.0542
70.0542
70.0542
70.0542
70.0542
70.0542
70.0542
70.0542
70.0542
70.0542
70.0542
70.0542
70.0542
70.0542
70.0542
70.0542
70.0542
70.0542
70.0542
70.0542
70.0542
70.0542
70.0542
70.0542
70.0542
70.0542
70.0542
70.0542
70.0542
70.0542
70.0542
70.0542
70.0542
70.0542
70.0542
70.0542
70.0542
70.0542
70.0542
70.0542
70.0542
70.0542
70.0542
70.0542
70.0542
70.0542
70.0542
70.0542
70.0542
70.0542
70.0542
70.0542
70.0542
70.0542
70.0542
70.0542
70.0542
70.0542
70.0542
70.0542
70.0542
70.0542
70.0542
70.0542
70.0542
70.0542
70.0542
70.0542
70.0542
70.0542
70.0542
70.0542
70.0542
70.0542
70.0542
70.0542
70.0542
70.0542
70.0542
70.0542
70.0542
70.0542
70.0542
70.0542
70.0542
70.0542
70.0542
70.0542
70.0542
70.0542
70.0542
70.0542
70.0542
70.0542
70.0542
70.0542
70.0542
70.0542
70.0542
70.0542
70.0542
70.0542
70.0542
70.0542
70.0542
70.0542
70.0542
70.0542
70.0542
70.0542
70.0542
70.0542
70.0542
70.0542
70.0542
70.0542
70.0542
70.0542
70.0542
70.0542
70.0542
70.0542
70.0542
70.0542
70.0542
70.0542
70.0542
70.0542
70.0542
70.0542
70.0542
70.0542
70.0542
70.0542
70.0542
70.0542
70.0542
70.0542
70.0542
70.0542
70.0542
70.0542
70.0542
70.0542
70.0542
70.0542
70.0542
70.0542
70.0542
70.0542
70.0542
70.0542
70.0542
70.0542
70.0542
70.0542
70.0542
70.0542
70.0542
70.0542
70.0542
70.0542
70.0542
70.0542
70.0542
70.0542
70.0542
70.0542
70.0542
70.0542
70.0542
70.0542
70.0542
70.0542
70.0542
70.0542
70.0542
70.0542
70.0542
70.0542
70.0542
70.0542
70.0542
70.0542
70.0542
70.0542
70.0542
70.0542
70.0542
70.0542
70.0542
70.0542
70.0542
70.0542
70.0542
70.0542
70.0542
70.0542
70.0542
70.0542
70.0542
70.0542
70.0542
70.0542
70.0542
70.0542
70.0542
70.0542
70.0542
70.0542
70.0542
70.0542
70.0542
70.0542
70.0542
70.0542
70.0542
70.0542
70.0542
70.0542
70.0542
70.0542
70.0542
70.0542
70.0542
70.0542
70.0542
70.0542
70.0542
70.0542
70.0542
70.0542
70.0542
70.0542
70.0542
70.0542
70.0542
70.0542
70.0542
70.0542
70.0542
70.0542
70.0542
70.0542
70.0542
70.0542
70.0542
70.0542
70.0542
70.0542
70.0542
70.0542
70.0542
70.0542
70.0542
70.0542
70.0542
70.0542
70.0542
70.0542
70.0542
70.0542
70.0542
70.0542
70.0542
70.0542
70.0542
70.0542
70.0542
70.0542
70.0542
70.0542
70.0542
70.0542
70.0542
70.0542
70.0542
70.0542
70.0542
70.0542
70.0542
70.0542
70.0542
70.0542
70.0542
70.0542
70.0542
70.0542
70.0542
70.0542
70.0542
70.0542
70.0542
70.0542
70.0542
70.0542
70.0542
70.0542
70.0542
70.0542
70.0542
70.0542
70.0542
70.0542
70.0542
70.0542
70.0542
70.0542
70.0542
70.0542
70.0542
70.0542
70.0542
70.0542
70.0542
70.0542
70.0542
70.0542
70.0542
70.0542
70.0542
70.0542
70.0542
70.0542
70.0542
70.0542
70.0542
70.0542
70.0542
70.0542
70.0542
70.0542
70.0542
70.0542
70.0542
70.0542
70.0542
70.0542
70.0542
70.0542
70.0542
70.0542
70.0542
70.0542
70.0542
70.0542
70.0542
70.0542
70.0542
70.0542
70.0542
70.0542
70.0542
70.0516
70.0516
70.0516
70.0516
70.0516
70.0516
70.0516
70.0516
70.0516
70.0516
70.0516
70.0516
70.0516
70.0516
69.8279
69.8279
69.8279
69.8279
69.8279
69.8279
69.8279
69.8279
69.8279
69.8279
69.8279
69.8279
69.8279
69.8279
69.8279
69.8279
69.8279
69.8279
69.8279
69.8279
69.8279
69.8279
69.8279
69.8279
69.8279
69.8279
69.8279
69.8279
69.8279
69.8279
69.8279
69.8279
69.8279
69.8279
69.8279
69.8279
69.8279
69.8279
69.8279
69.8279
69.8279
69.8279
69.8279
69.8279
69.8279
69.8279
69.8279
69.8279
69.8279
69.8279
69.8279
69.8279
69.8279
69.8279
69.8279
69.8279
69.8279
69.8279
69.8279
69.8279
69.8279
69.8279
69.8279
69.8279
69.8279
69.8279
69.8279
69.8279
69.8279
69.8279
69.8279
69.8279
69.8279
69.8279
69.8279
69.8279
69.8279
69.8279
69.8279
69.8279
69.8279
69.8279
69.8279
69.8279
69.8279
69.8279
69.8279
69.8279
69.8279
69.8279
69.8279
69.8279
69.8279
69.8279
69.8279
69.8279
69.8279
69.8279
69.8279
69.8279
69.8279
69.8279
69.8279
69.8279
69.8279
69.8279
69.8279
69.8279
69.8279
69.8279
69.8279
69.8279
69.8279
69.8279
69.8279
69.8279
69.8279
69.8279
69.8279
69.8279
69.8279
69.8279
69.8279
69.8279
69.8279
69.8279
69.8279
69.8279
69.8279
69.8279
69.8279
69.8279
69.8279
69.8279
69.8279
69.8279
69.8279
69.8279
69.8279
69.8279
69.8279
69.8279
69.8279
69.8279
69.8279
69.8279
69.8279
69.8279
69.8279
69.8279
69.8279
69.8279
69.8279
69.8279
69.8279
69.8279
69.8279
69.8279
69.8279
69.8279
69.8279
69.8279
69.8279
69.8279
69.8279
69.8279
69.8279
69.8279
69.8279
69.8279
69.8279
69.8279
69.8279
69.8279
69.8279
69.8279
69.8279
69.8279
69.8279
69.8279
69.8279
69.8279
69.8279
69.8279
69.8279
69.8279
69.8279
69.8279
69.8279
69.8279
69.8279
69.8279
69.8279
69.8279
69.8279
69.8279
69.8279
69.8279
69.8279
69.8279
69.769
69.769
69.769
69.769
69.769
69.769
69.769
69.769
69.769
69.769
69.769
69.769
69.769
69.769
69.769
69.769
69.769
69.769
69.769
69.769
69.769
69.769
69.769
69.769
69.769
69.769
69.769
69.769
69.769
69.769
69.769
69.769
69.769
69.769
69.769
69.769
69.769
69.769
69.769
69.769
69.769
69.769
69.769
69.769
69.769
69.769
69.769
69.769
69.769
69.769
69.769
69.769
69.769
69.769
69.769
69.769
69.769
69.769
69.769
69.769
69.769
69.769
69.769
69.769
69.769
69.769
69.769
69.769
69.769
69.769
69.769
69.769
69.769
69.769
69.769
69.769
69.769
69.769
69.769
69.769
69.769
69.769
69.769
69.769
69.769
69.769
69.769
69.769
69.769
69.769
69.769
69.769
69.769
69.769
69.769
69.769
69.769
69.769
69.769
69.769
69.769
69.769
69.769
69.769
69.769
69.769
69.769
69.769
69.769
69.769
69.769
69.769
69.769
69.769
69.769
69.769
69.769
69.769
69.769
69.769
69.769
69.769
69.769
69.769
69.769
69.769
69.769
69.769
69.769
69.769
69.769
69.769
69.769
69.769
69.769
69.769
69.769
69.769
69.769
69.769
69.769
69.769
69.769
69.769
69.769
69.769
69.769
69.769
69.769
69.769
69.769
69.769
69.769
69.769
69.769
69.769
69.769
69.769
69.769
69.769
69.769
69.769
69.769
69.769
69.769
69.769
69.769
69.769
69.769
69.769
69.769
69.769
69.769
69.769
69.769
69.769
69.769
69.769
69.769
69.769
69.769
69.769
69.769
69.769
69.769
69.769
69.769
69.769
69.769
69.769
69.769
69.769
69.769
69.769
69.769
69.769
69.769
69.769
69.769
69.769
69.769
69.769
69.769
69.769
69.769
69.769
69.7271
69.7271
69.7271
69.7271
69.7271
69.7271
69.7271
69.7271
69.7271
69.7271
69.7271
69.7271
69.7271
69.7271
69.7271
69.7271
69.7271
69.7271
69.7271
69.7271
69.7271
69.7271
69.7271
69.7271
69.7271
69.7271
69.7271
69.7271
69.7271
69.7271
69.7271
69.7271
69.7271
69.7271
69.7271
69.7271
69.7271
69.7271
69.7271
69.7271
69.7271
69.7271
69.7271
69.7271
69.7271
69.7271
69.7271
69.7271
69.7271
69.7271
69.7271
69.7271
69.7271
69.7271
69.7271
69.7271
69.7271
69.7271
69.7271
69.7271
69.7271
69.7271
69.7271
69.7271
69.7271
69.7271
69.7271
69.7271
69.7271
69.7271
69.7271
69.7271
69.7271
69.7271
69.7271
69.7271
69.7271
69.7271
69.7229
69.7229
69.7229
69.7229
69.7229
69.7229
69.7229
69.7229
69.7229
69.7229
69.7229
69.7229
69.7229
69.7229
69.7229
69.7229
69.7229
69.7229
69.7229
69.7229
69.7229
69.7229
69.7229
69.7229
69.7229
69.7229
69.7229
69.7229
69.7229
69.7229
69.7229
69.7229
69.7229
69.7229
69.7229
69.7229
69.7229
69.7229
69.7229
69.7229
69.7229
69.7229
69.7229
69.7229
69.7229
69.7229
69.7229
69.7229
69.7229
69.7229
69.7229
69.7229
69.7229
69.7229
69.7229
69.7229
69.7229
69.7229
69.7229
69.7229
69.7229
69.7229
69.7229
69.7229
69.7229
69.7229
69.7229
69.7229
69.7229
69.7229
69.7229
69.7229
69.7229
69.7229
69.7229
69.7229
69.7229
69.7229
69.7229
69.7229
69.7229
69.7229
69.7229
69.7229
69.7229
69.7229
69.7229
69.7229
69.7229
69.7229
69.7229
69.7229
69.7229
69.7229
69.7229
69.7229
69.7229
69.7229
69.7229
69.7229
69.7229
69.7229
69.7229
69.7229
69.7229
69.7229
69.7229
69.7229
69.7229
69.7229
69.7229
69.7229
69.7229
69.7229
69.7229
69.7229
69.7229
69.7229
69.7229
69.7229
69.7229
69.7229
69.7229
69.7229
69.7229
69.7229
69.7229
69.7229
69.7229
69.7229
69.7229
69.7063
69.7063
69.7063
69.7063
69.7063
69.7063
69.7063
69.7063
69.7063
69.7063
69.7063
69.7063
69.7063
69.7063
69.7063
69.7063
69.7063
69.7063
69.7063
69.7063
69.7063
69.7063
69.7063
69.7063
69.7063
69.7063
69.7063
69.7063
69.7063
69.7063
69.7063
69.7063
69.7063
69.7063
69.7063
69.7063
69.7063
69.7063
69.7063
69.7063
69.7063
69.7063
69.7063
69.7063
69.7063
69.7063
69.7063
69.7063
69.7063
69.7063
69.7063
69.7063
69.7063
69.7063
69.7063
69.7063
69.7063
69.7063
69.7063
69.7063
69.7063
69.7063
69.7063
69.7063
69.7063
69.7063
69.7063
69.7063
69.7063
69.7063
69.7063
69.7063
69.7063
69.7063
69.7063
69.7063
69.7063
69.7063
69.7063
69.7063
69.7063
69.7063
69.7063
69.7063
69.7063
69.7063
69.7063
69.7063
69.7063
69.7063
69.7063
69.7063
69.7063
69.7063
69.7063
69.7063
69.7063
69.7063
69.7063
69.7063
69.7063
69.7063
69.7063
69.7063
69.7063
69.7063
69.7063
69.7063
69.7063
69.7063
69.7063
69.7063
69.7063
69.7063
69.7063
69.7063
69.7063
69.7063
69.7063
69.7063
69.7063
69.7063
69.7063
69.7063
69.7063
69.7063
69.7063
69.7063
69.7063
69.7063
69.7063
69.7063
69.7063
69.7063
69.7063
69.7063
69.7063
69.7063
69.7063
69.7063
69.7063
69.7063
69.7063
69.7063
69.7063
69.7063
69.7063
69.7063
69.7063
69.7063
69.7063
69.7063
69.7063
69.7063
69.7063
69.7063
69.7063
69.7063
69.7063
69.7063
69.7063
69.7063
69.7063
69.7063
69.7063
69.7063
69.7063
69.7063
69.7063
69.7063
69.7063
69.7063
69.7063
69.7063
69.7063
69.7063
69.7063
69.7063
69.7063
69.7063
69.7063
69.7063
69.7063
69.7063
69.7063
69.7063
69.7063
69.7063
69.7063
69.7063
69.7063
69.7063
69.7063
69.7063
69.7063
69.7063
69.7063
69.7063
69.7063
69.7063
69.7063
69.7063
69.7063
69.7063
69.7063
69.7063
69.7063
69.7063
69.7063
69.7063
69.7063
69.7063
69.7063
69.7063
69.7063
69.7063
69.7063
69.7063
69.7063
69.7063
69.7063
69.7063
69.7063
69.7063
69.7063
69.7063
69.7063
69.7063
69.7063
69.7063
69.7063
69.7063
69.7063
69.7063
69.7063
69.7063
69.7063
69.7063
69.7063
69.7063
69.7063
69.7063
69.7063
69.7063
69.7063
69.7063
69.7063
69.7063
69.7063
69.7063
69.7063
69.7063
69.7063
69.7063
69.7063
69.7063
69.7063
69.7063
69.7063
69.7063
69.7063
69.7063
69.7063
69.7063
69.7063
69.7063
69.7063
69.7063
69.7063
69.7063
69.7063
69.7063
69.7063
69.7063
69.7063
69.7063
69.7063
69.7063
69.7063
69.7063
69.7063
69.7063
69.7063
69.7063
69.7063
69.7063
69.7063
69.7063
69.7063
69.7063
69.7063
69.7063
69.7063
69.7063
69.7063
69.7063
69.7063
69.7063
69.7063
69.7063
69.7063
69.7063
69.7063
69.7063
69.7063
69.7063
69.7063
69.7063
69.7063
69.7063
69.7063
69.7063
69.7063
69.7063
69.7063
69.7063
69.7063
69.7063
69.7063
69.7063
69.7063
69.7063
69.7063
69.7063
69.7063
69.7063
69.7063
69.7063
69.7063
69.7063
69.7063
69.7063
69.7063
69.7063
69.7063
69.7063
69.7063
69.7063
69.7063
69.7063
69.7063
69.7063
69.7063
69.7063
69.7063
69.7063
69.7063
69.7063
69.7063
69.7063
69.7063
69.7063
69.7063
69.7063
69.7063
69.7063
69.7063
69.7063
69.7063
69.7063
69.7063
69.7063
69.7063
69.7063
69.7063
69.7063
69.7063
69.7063
69.7063
69.7063
69.7063
69.7063
69.7063
69.7063
69.7063
69.7063
69.7063
69.7063
69.7063
69.7063
69.7063
69.7063
69.7063
69.7063
69.7063
69.7063
69.7063
69.7063
69.7063
69.7063
69.7063
69.7063
69.7063
69.7063
69.7063
69.7063
69.7063
69.7063
69.7063
69.7063
69.7063
69.7063
69.7063
69.7063
69.7063
69.7063
69.7063
69.7063
69.7063
69.7063
69.7063
69.7063
69.7063
69.7063
69.7063
69.7063
69.7063
69.7063
69.7063
69.7063
69.7063
69.7063
69.7063
69.7063
69.7063
69.7063
69.7063
69.7063
69.7063
69.7063
69.7063
69.7063
69.7063
69.7063
69.7063
69.7063
69.7063
69.7063
69.7063
69.7063
69.7063
69.7063
69.7063
69.7063
69.7063
69.7063
69.7063
69.7063
69.7063
69.7063
69.7063
69.7063
69.7063
69.7063
69.7063
69.7063
69.7063
69.7063
69.7063
69.7063
69.7063
69.7063
69.7063
69.7063
69.7063
69.7063
69.7063
69.7063
69.7063
69.7063
69.7063
69.7063
69.7063
69.7063
69.7063
69.7063
69.7063
69.7063
69.7063
69.7063
69.7063
69.7063
69.7063
69.7063
69.7063
69.7063
69.7063
69.7063
69.7063
69.7063
69.7063
69.7063
69.7063
69.7063
69.7063
69.7063
69.7063
69.7063
69.7063
69.7063
69.7063
69.7063
69.7063
69.7063
69.7063
69.7063
69.7063
69.7063
69.7063
69.7063
69.7063
69.7063
69.7063
69.7063
69.7063
69.7063
69.7063
69.7063
69.7063
69.7063
69.7063
69.7063
69.7063
69.7063
69.7063
69.7063
69.7063
69.7063
69.7063
69.7063
69.7063
69.7063
69.7063
69.7063
69.7063
69.7063
69.7063
69.7063
69.7063
69.7063
69.7063
69.7063
69.7063
69.7063
69.7063
69.7063
69.7063
69.7063
69.7063
69.7063
69.7063
69.7063
69.7063
69.7063
69.7063
69.7063
69.7063
69.7063
69.7063
69.7063
69.7063
69.7063
69.7063
69.7063
69.7063
69.7063
69.7063
69.7063
69.7063
69.7063
69.7063
69.7063
69.7063
69.7063
69.7063
69.7063
69.7063
69.7063
69.7063
69.7063
69.7063
69.7063
69.7063
69.7063
69.7063
69.7063
69.7063
69.7063
69.7063
69.7063
69.7063
69.7063
69.7063
69.7063
69.7063
69.7063
69.7063
69.7063
69.7063
69.7063
69.7063
69.7063
69.7063
69.7063
69.7063
69.7063
69.7063
69.7063
69.7063
69.7063
69.7063
69.7063
69.7063
69.7063
69.7063
69.7063
69.7063
69.7063
69.7063
69.7063
69.7063
69.7063
69.7063
69.7063
69.7063
69.7063
69.7063
69.7063
69.7063
69.7063
69.7063
69.7063
69.7063
69.7063
69.7063
69.7063
69.7063
69.7063
69.7063
69.7063
69.7063
69.7063
69.7063
69.7063
69.7063
69.7063
69.7063
69.7063
69.7063
69.7063
69.7063
69.7063
69.7063
69.7063
69.7063
69.7063
69.7063
69.7063
69.7063
69.7063
69.7063
69.7063
69.7063
69.7063
69.7063
69.7063
69.7063
69.7063
69.7063
69.7063
69.7063
69.7063
69.7063
69.7063
69.7063
69.7063
69.7063
69.7063
69.7063
69.7063
69.7063
69.7063
69.7063
69.7063
69.7063
69.7063
69.7063
69.7063
69.7063
69.7063
69.7063
69.7063
69.7063
69.7063
69.7063
69.7063
69.7063
69.7063
69.7063
69.7063
69.7063
69.7063
69.7063
69.7063
69.7063
69.7063
69.7063
69.7063
69.7063
69.7063
69.7063
69.7063
69.7063
69.7063
69.7063
69.7063
69.7063
69.7063
69.7063
69.7063
69.7063
69.7063
69.7063
69.7063
69.7063
69.7063
69.7063
69.7063
69.7063
69.7063
69.7063
69.7063
69.7063
69.7063
69.7063
69.7063
69.7063
69.7063
69.7063
69.7063
69.7063
69.7063
69.7063
69.7063
69.7063
69.7063
69.7063
69.7063
69.7063
69.7063
69.7063
69.7063
69.7063
69.7063
69.7063
69.7063
69.7063
69.7063
69.7063
69.7063
69.7063
69.7063
69.7063
69.7063
69.7063
69.7063
69.7063
69.7063
69.7063
69.7063
69.7063
69.7063
69.7063
69.7063
69.7063
69.7063
69.7063
69.7063
69.7063
69.7063
69.7063
69.7063
69.7063
69.7063
69.7063
69.7063
69.7063
69.7063
69.7063
69.7063
69.7063
69.7063
69.7063
69.7063
69.7063
69.7063
69.7063
69.7063
69.7063
69.7063
69.7063
69.7063
69.7063
69.7063
69.7063
69.7063
69.7063
69.7063
69.7063
69.7063
69.7063
69.7063
69.7063
69.7063
69.7063
69.7063
69.7063
69.7063
69.7063
69.7063
69.7063
69.7063
69.7063
69.7063
69.7063
69.7063
69.7063
69.7063
69.7063
69.7063
69.7063
69.7063
69.7063
69.7063
69.7063
69.7063
69.7063
69.7063
69.7063
69.7063
69.7063
69.7063
69.7063
69.7063
69.7063
69.7063
69.7063
69.7063
69.7063
69.7063
69.7063
69.7063
69.7063
69.7063
69.7063
69.7063
69.7063
69.7063
69.7063
69.7063
69.7063
69.7063
69.7063
69.7063
69.7063
69.7063
69.7063
69.7063
69.7063
69.7063
69.7063
69.7063
69.7063
69.7063
69.7063
69.7063
69.7063
69.7063
69.7063
69.7063
69.7063
69.7063
69.7063
69.7063
69.7063
69.7063
69.7063
69.7063
69.7063
69.7063
69.7063
69.7063
69.7063
69.7063
69.7063
69.7063
69.7063
69.7063
69.7063
69.7063
69.7063
69.7063
69.7063
69.7063
69.7063
69.7063
69.7063
69.7063
69.7063
69.7063
69.7063
69.7063
69.7063
69.7063
69.7063
69.7063
69.7063
69.7063
69.7063
69.7063
69.7063
69.7063
69.7063
69.7063
69.7063
69.7063
69.7063
69.7063
69.7063
69.7063
69.7063
69.7063
69.7063
69.7063
69.7063
69.7063
69.7063
69.7063
69.7063
69.7063
69.7063
69.7063
69.7063
69.7063
69.7063
69.7063
69.7063
69.7063
69.7063
69.7063
69.7063
69.7063
69.7063
69.7063
69.7063
69.7063
69.7063
69.7063
69.7063
69.7063
69.7063
69.7063
69.7063
69.7063
69.7063
69.7063
69.7063
69.7063
69.7063
69.7063
69.7063
69.7063
69.7063
69.7063
69.7063
69.7063
69.7063
69.7063
69.7063
69.7063
69.7063
69.7063
69.7063
69.7063
69.7063
69.7063
69.7063
69.7063
69.7063
69.7063
69.7063
69.7063
69.7063
69.7063
69.7063
69.7063
69.7063
69.7063
69.7063
69.7063
69.7063
69.7063
69.7063
69.7063
69.7063
69.7063
69.7063
69.7063
69.7063
69.7063
69.7063
69.7063
69.7063
69.7063
69.7063
69.7063
69.7063
69.7063
69.7063
69.7063
69.7063
69.7063
69.7063
69.7063
69.7063
69.7063
69.7063
69.7063
69.7063
69.7063
69.7063
69.7063
69.7063
69.7063
69.7063
69.7063
69.7063
69.7063
69.7063
69.7063
69.7063
69.7063
69.7063
69.7063
69.7063
69.7063
69.7063
69.7063
69.7063
69.7063
69.7063
69.7063
69.7063
69.7063
69.7063
69.7063
69.7063
69.7063
69.7063
69.7063
69.7063
69.7063
69.7063
69.7063
69.7063
69.7063
69.7063
69.7063
69.7063
69.7063
69.7063
69.7063
69.7063
69.7063
69.7063
69.7063
69.7063
69.7063
69.7063
69.7063
69.7063
69.7063
69.7063
69.7063
69.7063
69.7063
69.7063
69.7063
69.7063
69.7063
69.7063
69.7063
69.7063
69.7063
69.7063
69.7063
69.7063
69.7063
69.7063
69.7063
69.7063
69.7063
69.7063
69.7063
69.7063
69.7063
69.7063
69.7063
69.7063
69.7063
69.7063
69.7063
69.7063
69.7063
69.7063
69.7063
69.7063
69.7063
69.7063
69.7063
69.7063
69.7063
69.7063
69.7063
69.7063
69.7063
69.7063
69.7063
69.7063
69.7063
69.7063
69.7063
69.7063
69.7063
69.7063
69.7063
69.7063
69.7063
69.7063
69.7063
69.7063
69.7063
69.7063
69.7063
69.7063
69.7063
69.7063
69.7063
69.7063
69.7063
69.7063
69.7063
69.7063
69.7063
69.7063
69.7063
69.7063
69.7063
69.7063
69.7063
69.7063
69.7063
69.7063
69.7063
69.7063
69.7063
69.7063
69.7063
69.7063
69.7063
69.7063
69.7063
69.7063
69.7063
69.7063
69.7063
69.7063
69.7063
69.7063
69.7063
69.7063
69.7063
69.7063
69.7063
69.7063
69.7063
69.7063
69.7063
69.7063
69.7063
69.7063
69.7063
69.7063
69.7063
69.7063
69.7063
69.7063
69.7063
69.7063
69.7063
69.7063
69.7063
69.7063
69.7063
69.7063
69.7063
69.7063
69.7063
69.7063
69.7063
69.7063
69.7063
69.7063
69.7063
69.7063
69.7063
69.7063
69.7063
69.7063
69.7063
69.7063
69.7063
69.7063
69.7063
69.7063
69.7063
69.7063
69.7063
69.7063
69.7063
69.7063
69.7063
69.7063
69.7063
69.7063
69.7063
69.7063
69.7063
69.7063
69.7063
69.7063
69.7063
69.7063
69.7063
69.7063
69.7063
69.7063
69.7063
69.7063
69.7063
69.7063
69.7063
69.7063
69.7063
69.7063
69.7063
69.7063
69.7063
69.7063
69.7063
69.7063
69.7063
69.7063
69.7063
69.7063
69.7063
69.7063
69.7063
69.7063
69.7063
69.7063
69.7063
69.7063
69.7063
69.7063
69.7063
69.7063
69.7063
69.7063
69.7063
69.7063
69.7063
69.7063
69.7063
69.7063
69.7063
69.7063
69.7063
69.7063
69.7063
69.7063
69.7063
69.7063
69.7063
69.7063
69.7063
69.7063
69.7063
69.7063
69.7063
69.7063
69.7063
69.7063
69.7063
69.7063
69.7063
69.7063
69.7063
69.7063
69.7063
69.7063
69.7063
69.7063
69.7063
69.7063
69.7063
69.7063
69.7063
69.7063
69.7063
69.7063
69.7063
69.7063
69.7063
69.7063
69.7063
69.7063
69.7063
69.7063
69.7063
69.7063
69.7063
69.7063
69.7063
69.7063
69.7063
69.7063
69.7063
69.7063
69.7063
69.7063
69.7063
69.7063
69.7063
69.7063
69.7063
69.7063
69.7063
69.7063
69.7063
69.7063
69.7063
69.7063
69.7063
69.7063
69.7063
69.7063
69.7063
69.7063
69.7063
69.7063
69.7063
69.7063
69.7063
69.7063
69.7063
69.7063
69.7063
69.7063
69.7063
69.7063
69.7063
69.7063
69.7063
69.7063
69.7063
69.7063
69.7063
69.7063
69.7063
69.7063
69.7063
69.7063
69.7063
69.7063
69.7063
69.7063
69.7063
69.7063
69.7063
69.7063
69.7063
69.7063
69.7063
69.7063
69.7063
69.7063
69.7063
69.7063
69.7063
69.7063
69.7063
69.7063
69.7063
69.7063
69.7063
69.7063
69.7063
69.7063
69.7063
69.7063
69.7063
69.7063
69.7063
69.7063
69.7063
69.7063
69.7063
69.7063
69.7063
69.7063
69.7063
69.7063
69.7063
69.7063
69.7063
69.7063
69.7063
69.7063
69.7063
69.7063
69.7063
69.7063
69.7063
69.7063
69.7063
69.7063
69.7063
69.7063
69.7063
69.7063
69.7063
69.7063
69.7063
69.7063
69.7063
69.7063
69.7063
69.7063
69.7063
69.7063
69.7063
69.7063
69.7063
69.7063
69.7063
69.7063
69.7063
69.7063
69.7063
69.7063
69.7063
69.7063
69.7063
69.7063
69.7063
69.7063
69.7063
69.7063
69.7063
69.7063
69.7063
69.7063
69.7063
69.7063
69.7063
69.7063
69.7063
69.7063
69.7063
69.7063
69.7063
69.7063
69.7063
69.7063
69.7063
69.7063
69.7063
69.7063
69.7063
69.7063
69.7063
69.7063
69.7063
69.7063
69.7063
69.7063
69.7063
69.7063
69.7063
69.7063
69.7063
69.7063
69.7063
69.7063
69.7063
69.7063
69.7063
69.7063
69.7063
69.7063
69.7063
69.7063
69.7063
69.7063
69.7063
69.7063
69.7063
69.7063
69.7063
69.7063
69.7063
69.7063
69.7063
69.7063
69.7063
69.7063
69.7063
69.7063
69.7063
69.7063
69.7063
69.7063
69.7063
69.7063
69.7063
69.7063
69.7063
69.7063
69.7063
69.7063
69.7063
69.7063
69.7063
69.7063
69.7063
69.7063
69.7063
69.7063
69.7063
69.7063
69.7063
69.7063
69.7063
69.7063
69.7063
69.7063
69.7063
69.7063
69.7063
69.7063
69.7063
69.7063
69.7063
69.7063
69.7063
69.7063
69.7063
69.7063
69.7063
69.7063
69.7063
69.7063
69.7063
69.7063
69.7063
69.7063
69.7063
69.7063
69.7063
69.7063
69.7063
69.7063
69.7063
69.7063
69.7063
69.7063
69.7063
69.7063
69.7063
69.7063
69.7063
69.7063
69.7063
69.7063
69.7063
69.7063
69.7063
69.7063
69.7063
69.7063
69.7063
69.7063
69.7063
69.7063
69.7063
69.7063
69.7063
69.7063
69.7063
69.7063
69.7063
69.7063
69.7063
69.7063
69.7063
69.7063
69.7063
69.7063
69.7063
69.7063
69.7063
69.7063
69.7063
69.7063
69.7063
69.7063
69.7063
69.7063
69.7063
69.7063
69.7063
69.7063
69.7063
69.7063
69.7063
69.7063
69.7063
69.7063
69.7063
69.7063
69.7063
69.7063
69.7063
69.7063
69.7063
69.7063
69.7063
69.7063
69.7063
69.7063
69.7063
69.7063
69.7063
69.7063
69.7063
69.7063
69.7063
69.7063
69.7063
69.7063
69.7063
69.7063
69.7063
69.7063
69.7063
69.7063
69.7063
69.7063
69.7063
69.7063
69.7063
69.7063
69.7063
69.7063
69.7063
69.7063
69.7063
69.7063
69.7063
69.7063
69.7063
69.7063
69.7063
69.7063
69.7063
69.7063
69.7063
69.7063
69.7063
69.7063
69.7063
69.7063
69.7063
69.7063
69.7063
69.7063
69.7063
69.7063
69.7063
69.7063
69.7063
69.7063
69.7063
69.7063
69.7063
69.7063
69.7063
69.7063
69.7063
69.7063
69.7063
69.7063
69.7063
69.7063
69.7063
69.7063
69.7063
69.7063
69.7063
69.7063
69.7063
69.7063
69.7063
69.7063
69.7063
69.7063
69.7063
69.7063
69.7063
69.7063
69.7063
69.7063
69.7063
69.7063
69.7063
69.7063
69.7063
69.7063
69.7063
69.7063
69.7063
69.7063
69.7063
69.7063
69.7063
69.7063
69.7063
69.7063
69.7063
69.7063
69.7063
69.7063
69.7063
69.7063
69.7063
69.7063
69.7063
69.7063
69.7063
69.7063
69.7063
69.7063
69.7063
69.7063
69.7063
69.7063
69.7063
69.7063
69.7063
69.7063
69.7063
69.7063
69.7063
69.7063
69.7063
69.7063
69.7063
69.7063
69.7063
69.7063
69.7063
69.7063
69.7063
69.7063
69.7063
69.7063
69.7063
69.7063
69.7063
69.7063
69.7063
69.7063
69.7063
69.7063
69.7063
69.7063
69.7063
69.7063
69.7063
69.7063
69.7063
69.7063
69.7063
69.7063
69.7063
69.7063
69.7063
69.7063
69.7063
69.7063
69.7063
69.7063
69.7063
69.7063
69.7063
69.7063
69.7063
69.7063
69.7063
69.7063
69.7063
69.7063
69.7063
69.7063
69.7063
69.7063
69.7063
69.7063
69.7063
69.7063
69.7063
69.7063
69.7063
69.7063
69.7063
69.7063
69.7063
69.7063
69.7063
69.7063
69.7063
69.7063
69.7063
69.7063
69.7063
69.7063
69.7063
69.7063
69.7063
69.7063
69.7063
69.7063
69.7063
69.7063
69.7063
69.7063
69.7063
69.7063
69.7063
69.7063
69.7063
69.7063
69.7063
69.7063
69.7063
69.7063
69.7063
69.7063
69.7063
69.7063
69.7063
69.7063
69.7063
69.7063
69.7063
69.7063
69.7063
69.7063
69.7063
69.7063
69.7063
69.7063
69.7063
69.7063
69.7063
69.7063
69.7063
69.7063
69.7063
69.7063
69.7063
69.7063
69.7063
69.7063
69.7063
69.7063
69.7063
69.7063
69.7063
69.7063
69.7063
69.7063
69.7063
69.7063
69.7063
69.7063
69.7063
69.7063
69.7063
69.7063
69.7063
69.7063
69.7063
69.7063
69.7063
69.7063
69.7063
69.7063
69.7063
69.7063
69.7063
69.7063
69.7063
69.7063
69.7063
69.7063
69.7063
69.7063
69.7063
69.7063
69.7063
69.7063
69.7063
69.7063
69.7063
69.7063
69.7063
69.7063
69.7063
69.7063
69.7063
69.7063
69.7063
69.7063
69.7063
69.7063
69.7063
69.7063
69.7063
69.7063
69.7063
69.7063
69.7063
69.7063
69.7063
69.7063
69.7063
69.7063
69.7063
69.7063
69.7063
69.7063
69.7063
69.7063
69.7063
69.7063
69.7063
69.7063
69.7063
69.7063
69.7063
69.7063
69.7063
69.7063
69.7063
69.7063
69.7063
69.7063
69.7063
69.7063
69.7063
69.7063
69.7063
69.7063
69.7063
69.7063
69.7063
69.7063
69.7063
69.7063
69.7063
69.7063
69.7063
69.7063
69.7063
69.7063
69.7063
69.7063
69.7063
69.7063
69.7063
69.7063
69.7063
69.7063
69.7063
69.7063
69.7063
69.7063
69.7063
69.7063
69.7063
69.7063
69.7063
69.7063
69.7063
69.7063
69.7063
69.7063
69.7063
69.7063
69.7063
69.7063
69.7063
69.7063
69.7063
69.7063
69.7063
69.7063
69.7063
69.7063
69.7063
69.7063
69.7063
69.7063
69.7063
69.7063
69.7063
69.7063
69.7063
69.7063
69.7063
69.7063
69.7063
69.7063
69.7063
69.7063
69.7063
69.7063
69.7063
69.7063
69.7063
69.7063
69.7063
69.7063
69.7063
69.7063
69.7063
69.7063
69.7063
69.7063
69.7063
69.7063
69.7063
69.7063
69.7063
69.7063
69.7063
69.7063
69.7063
69.7063
69.7063
69.7063
69.7063
69.7063
69.7063
69.7063
69.7063
69.7063
69.7063
69.7063
69.7063
69.7063
69.7063
69.7063
69.7063
69.7063
69.7063
69.7063
69.7063
69.7063
69.7063
69.7063
69.7063
69.7063
69.7063
69.7063
69.7063
69.7063
69.7063
69.7063
69.7063
69.7063
69.7063
69.7063
69.7063
69.7063
69.7063
69.7063
69.7063
69.7063
69.7063
69.7063
69.7063
69.7063
69.7063
69.7063
69.7063
69.7063
69.7063
69.7063
69.7063
69.7063
69.7063
69.7063
69.7063
69.7063
69.7063
69.7063
69.7063
69.7063
69.7063
69.7063
69.7063
69.7063
69.7063
69.7063
69.7063
69.7063
69.7063
69.7063
69.7063
69.7063
69.7063
69.7063
69.7063
69.7063
69.7063
69.7063
69.7063
69.7063
69.7063
69.7063
69.7063
69.7063
69.7063
69.7063
69.7063
69.7063
69.7063
69.7063
69.7063
69.7063
69.7063
69.7063
69.7063
69.7063
69.7063
69.7063
69.7063
69.7063
69.7063
69.7063
69.7063
69.7063
69.7063
69.7063
69.7063
69.7063
69.7063
69.7063
69.7063
69.7063
69.7063
69.7063
69.7063
69.7063
69.7063
69.7063
69.7063
69.7063
69.7063
69.7063
69.7063
69.7063
69.7063
69.7063
69.7063
69.7063
69.7063
69.7063
69.7063
69.7063
69.7063
69.7063
69.7063
69.7063
69.7063
69.7063
69.7063
69.7063
69.7063
69.7063
69.7063
69.7063
69.7063
69.7063
69.7063
69.7063
69.7063
69.7063
69.7063
69.7063
69.7063
69.7063
69.7063
69.7063
69.7063
69.7063
69.7063
69.7063
69.7063
69.7063
69.7063
69.7063
69.7063
69.7063
69.7063
69.7063
69.7063
69.7063
69.7063
69.7063
69.7063
69.7063
69.7063
69.7063
69.7063
69.7063
69.7063
69.7063
69.7063
69.7063
69.7063
69.7063
69.7063
69.7063
69.7063
69.7063
69.7063
69.7063
69.7063
69.7063
69.7063
69.7063
69.7063
69.7063
69.7063
69.7063
69.7063
69.7063
69.7063
69.7063
69.7063
69.7063
69.7063
69.7063
69.7063
69.7063
69.7063
69.7063
69.7063
69.7063
69.7063
69.7063
69.7063
69.7063
69.7063
69.7063
69.7063
69.7063
69.7063
69.7063
69.7063
69.7063
69.7063
69.7063
69.7063
69.7063
69.7063
69.7063
69.7063
69.7063
69.7063
69.7063
69.7063
69.7063
69.7063
69.7063
69.7063
69.7063
69.7063
69.7063
69.7063
69.7063
69.7063
69.7063
69.7063
69.7063
69.7063
69.7063
69.7063
69.7063
69.7063
69.7063
69.7063
69.7063
69.7063
69.7063
69.7063
69.7063
69.7063
69.7063
69.7063
69.7063
69.7063
69.7063
69.7063
69.7063
69.7063
69.7063
69.7063
69.7063
69.7063
69.7063
69.7063
69.7063
69.7063
69.7063
69.7063
69.7063
69.7063
69.7063
69.7063
69.7063
69.7063
69.7063
69.7063
69.7063
69.7063
69.7063
69.7063
69.7063
69.7063
69.7063
69.7063
69.7063
69.7063
69.7063
69.7063
69.7063
69.7063
69.7063
69.7063
69.7063
69.7063
69.7063
69.7063
69.7063
69.7063
69.7063
69.7063
69.7063
69.7063
69.7063
69.7063
69.7063
69.7063
69.7063
69.7063
69.7063
69.7063
69.7063
69.7063
69.7063
69.7063
69.7063
69.7063
69.7063
69.7063
69.7063
69.7063
69.7063
69.7063
69.7063
69.7063
69.7063
69.7063
69.7063
69.7063
69.7063
69.7063
69.7063
69.7063
69.7063
69.7063
69.7063
69.7063
69.7063
69.7063
69.7063
69.7063
69.7063
69.7063
69.7063
69.7063
69.7063
69.7063
69.7063
69.7063
69.7063
69.7063
69.7063
69.7063
69.7063
69.7063
69.7063
69.7063
69.7063
69.7063
69.7063
69.7063
69.7063
69.7063
69.7063
69.7063
69.7063
69.7063
69.7063
69.7063
69.7063
69.7063
69.7063
69.7063
69.7063
69.7063
69.7063
69.7063
69.7063
69.7063
69.7063
69.7063
69.7063
69.7063
69.7063
69.7063
69.7063
69.7063
69.7063
69.7063
69.7063
69.7063
69.7063
69.7063
69.7063
69.7063
69.7063
69.7063
69.7063
69.7063
69.7063
69.7063
69.7063
69.7063
69.7063
69.7063
69.7063
69.7063
69.7063
69.7063
69.7063
69.7063
69.7063
69.7063
69.7063
69.7063
69.7063
69.7063
69.7063
69.7063
69.7063
69.7063
69.7063
69.7063
69.7063
69.7063
69.7063
69.7063
69.7063
69.7063
69.7063
69.7063
69.7063
69.7063
69.7063
69.7063
69.7063
69.7063
69.7063
69.7063
69.7063
69.7063
69.7063
69.7063
69.7063
69.7063
69.7063
69.7063
69.7063
69.7063
69.7063
69.7063
69.7063
69.7063
69.7063
69.7063
69.7063
69.7063
69.7063
69.7063
69.7063
69.7063
69.7063
69.7063
69.7063
69.7063
69.7063
69.7063
69.7063
69.7063
69.7063
69.7063
69.7063
69.7063
69.7063
69.7063
69.7063
69.7063
69.7063
69.7063
69.7063
69.7063
69.7063
69.7063
69.7063
69.7063
69.7063
69.7063
69.7063
69.7063
69.7063
69.7063
69.7063
69.7063
69.7063
69.7063
69.7063
69.7063
69.7063
69.7063
69.7063
69.7063
69.7063
69.7063
69.7063
69.7063
69.7063
69.7063
69.7063
69.7063
69.7063
69.7063
69.7063
69.7063
69.7063
69.7063
69.7063
69.7063
69.7063
69.7063
69.7063
69.7063
69.7063
69.7063
69.7063
69.7063
69.7063
69.7063
69.7063
69.7063
69.7063
69.7063
69.7063
69.7063
69.7063
69.7063
69.7063
69.7063
69.7063
69.7063
69.7063
69.7063
69.7063
69.7063
69.7063
69.7063
69.7063
69.7063
69.7063
69.7063
69.7063
69.7063
69.7063
69.7063
69.7063
69.7063
69.7063
69.7063
69.7063
69.7063
69.7063
69.7063
69.7063
69.7063
69.7063
69.7063
69.7063
69.7063
69.7063
69.7063
69.7063
69.7063
69.7063
69.7063
69.7063
69.7063
69.7063
69.7063
69.7063
69.7063
69.7063
69.7063
69.7063
69.7063
69.7063
69.7063
69.7063
69.7063
69.7063
69.7063
69.7063
69.7063
69.7063
69.7063
69.7063
69.7063
69.7063
69.7063
69.7063
69.7063
69.7063
69.7063
69.7063
69.7063
69.7063
69.7063
69.7063
69.7063
69.7063
69.7063
69.7063
69.7063
69.7063
69.7063
69.7063
69.7063
69.7063
69.7063
69.7063
69.7063
69.7063
69.7063
69.7063
69.7063
69.7063
69.7063
69.7063
69.7063
69.7063
69.7063
69.7063
69.7063
69.7063
69.7063
69.7063
69.7063
69.7063
69.7063
69.7063
69.7063
69.7063
69.7063
69.7063
69.7063
69.7063
69.7063
69.7063
69.7063
69.7063
69.7063
69.7063
69.7063
69.7063
69.7063
69.7063
69.7063
69.7063
69.7063
69.7063
69.7063
69.7063
69.7063
69.7063
69.7063
69.7063
69.7063
69.7063
69.7063
69.7063
69.7063
69.7063
69.7063
69.7063
69.7063
69.7063
69.7063
69.7063
69.7063
69.7063
69.7063
69.7063
69.7063
69.7063
69.7063
69.7063
69.7063
69.7063
69.7063
69.7063
69.7063
69.7063
69.7063
69.7063
69.7063
69.7063
69.7063
69.7063
69.7063
69.7063
69.7063
69.7063
69.7063
69.7063
69.7063
69.7063
69.7063
69.7063
69.7063
69.7063
69.7063
69.7063
69.7063
69.7063
69.7063
69.7063
69.7063
69.7063
69.7063
69.7063
69.7063
69.7063
69.7063
69.7063
69.7063
69.7063
69.7063
69.7063
69.7063
69.7063
69.7063
69.7063
69.7063
69.7063
69.7063
69.7063
69.7063
69.7063
69.7063
69.7063
69.7063
69.7063
69.7063
69.7063
69.7063
69.7063
69.7063
69.7063
69.7063
69.7063
69.7063
69.7063
69.7063
69.7063
69.7063
69.7063
69.7063
69.7063
69.7063
69.7063
69.7063
69.7063
69.7063
69.7063
69.7063
69.7063
69.7063
69.7063
69.7063
69.7063
69.7063
69.7063
69.7063
69.7063
69.7063
69.7063
69.7063
69.7063
69.7063
69.7063
69.7063
69.7063
69.7063
69.7063
69.7063
69.7063
69.7063
69.7063
69.7063
69.7063
69.7063
69.7063
69.7063
69.7063
69.7063
69.7063
69.7063
69.7063
69.7063
69.7063
69.7063
69.7063
69.7063
69.7063
69.7063
69.7063
69.7063
69.7063
69.7063
69.7063
69.7063
69.7063
69.7063
69.7063
69.7063
69.7063
69.7063
69.7063
69.7063
69.7063
69.7063
69.7063
69.7063
69.7063
69.7063
69.7063
69.7063
69.7063
69.7063
69.7063
69.7063
69.7063
69.7063
69.7063
69.7063
69.7063
69.7063
69.7063
69.7063
69.7063
69.7063
69.7063
69.7063
69.7063
69.7063
69.7063
69.7063
69.7063
69.7063
69.7063
69.7063
69.7063
69.7063
69.7063
69.7063
69.7063
69.7063
69.7063
69.7063
69.7063
69.7063
69.7063
69.7063
69.7063
69.7063
69.7063
69.7063
69.7063
69.7063
69.7063
69.7063
69.7063
69.7063
69.7063
69.7063
69.7063
69.7063
69.7063
69.7063
69.7063
69.7063
69.7063
69.7063
69.7063
69.7063
69.7063
69.7063
69.7063
69.7063
69.7063
69.7063
69.7063
69.7063
69.7063
69.7063
69.7063
69.7063
69.7063
69.7063
69.7063
69.7063
69.7063
69.7063
69.7063
69.7063
69.7063
69.7063
69.7063
69.7063
69.7063
69.7063
69.7063
69.7063
69.7063
69.7063
69.7063
69.7063
69.7063
69.7063
69.7063
69.7063
69.7063
69.7063
69.7063
69.7063
69.7063
69.7063
69.7063
69.7063
69.7063
69.7063
69.7063
69.7063
69.7063
69.7063
69.7063
69.7063
69.7063
69.7063
69.7063
69.7063
69.7063
69.7063
69.7063
69.7063
69.7063
69.7063
69.7063
69.7063
69.7063
69.7063
69.7063
69.7063
69.7063
69.7063
69.7063
69.7063
69.7063
69.7063
69.7063
69.7063
69.7063
69.7063
69.7063
69.7063
69.7063
69.7063
69.7063
69.7063
69.7063
69.7063
69.7063
69.7063
69.7063
69.7063
69.7063
69.7063
69.7063
69.7063
69.7063
69.7063
69.7063
69.7063
69.7063
69.7063
69.7063
69.7063
69.7063
69.7063
69.7063
69.7063
69.7063
69.7063
69.7063
69.7063
69.7063
69.7063
69.7063
69.7063
69.7063
69.7063
69.7063
69.7063
69.7063
69.7063
69.7063
69.7063
69.7063
69.7063
69.7063
69.7063
69.7063
69.7063
69.7063
69.7063
69.7063
69.7063
69.7063
69.7063
69.7063
69.7063
69.7063
69.7063
69.7063
69.7063
69.7063
69.7063
69.7063
69.7063
69.7063
69.7063
69.7063
69.7063
69.7063
69.7063
69.7063
69.7063
69.7063
69.7063
69.7063
69.7063
69.7063
69.7063
69.7063
69.7063
69.7063
69.7063
69.7063
69.7063
69.7063
69.7063
69.7063
69.7063
69.7063
69.7063
69.7063
69.7063
69.7063
69.7063
69.7063
69.7063
69.7063
69.7063
69.7063
69.7063
69.7063
69.7063
69.7063
69.7063
69.7063
69.7063
69.7063
69.7063
69.7063
69.7063
69.7063
69.7063
69.7063
69.7063
69.7063
69.7063
69.7063
69.7063
69.7063
69.7063
69.7063
69.7063
69.7063
69.7063
69.7063
69.7063
69.7063
69.7063
69.7063
69.7063
69.7063
69.7063
69.7063
69.7063
69.7063
69.7063
69.7063
69.7063
69.7063
69.7063
69.7063
69.7063
69.7063
69.7063
69.7063
69.7063
69.7063
69.7063
69.7063
69.7063
69.7063
69.7063
69.7063
69.7063
69.7063
69.7063
69.7063
69.7063
69.7063
69.7063
69.7063
69.7063
69.7063
69.7063
69.7063
69.7063
69.7063
69.7063
69.7063
69.7063
69.7063
69.7063
69.7063
69.7063
69.7063
69.7063
69.7063
69.7063
69.7063
69.7063
69.7063
69.7063
69.7063
69.7063
69.7063
69.7063
69.7063
69.7063
69.7063
69.7063
69.7063
69.7063
69.7063
69.7063
69.7063
69.7063
69.7063
69.7063
69.7063
69.7063
69.7063
69.7063
69.7063
69.7063
69.7063
69.7063
69.7063
69.7063
69.7063
69.7063
69.7063
69.7063
69.7063
69.7063
69.7063
69.7063
69.7063
69.7063
69.7063
69.7063
69.7063
69.7063
69.7063
69.7063
69.7063
69.7063
69.7063
69.7063
69.7063
69.7063
69.7063
69.7063
69.7063
69.7063
69.7063
69.7063
69.7063
69.7063
69.7063
69.7063
69.7063
69.7063
69.7063
69.7063
69.7063
69.7063
69.7063
69.7063
69.7063
69.7063
69.7063
69.7063
69.7063
69.7063
69.7063
69.7063
69.7063
69.7063
69.7063
69.7063
69.7063
69.7063
69.7063
69.7063
69.7063
69.7063
69.7063
69.7063
69.7063
69.7063
69.7063
69.7063
69.7063
69.7063
69.7063
69.7063
69.7063
69.7063
69.7063
69.7063
69.7063
69.7063
69.7063
69.7063
69.7063
69.7063
69.7063
69.7063
69.7063
69.7063
69.7063
69.7063
69.7063
69.7063
69.7063
69.7063
69.7063
69.7063
69.7063
69.7063
69.7063
69.7063
69.7063
69.7063
69.7063
69.7063
69.7063
69.7063
69.7063
69.7063
69.7063
69.7063
69.7063
69.7063
69.7063
69.7063
69.7063
69.7063
69.7063
69.7063
69.7063
69.7063
69.7063
69.7063
69.7063
69.7063
69.7063
69.7063
69.7063
69.7063
69.7063
69.7063
69.7063
69.7063
69.7063
69.7063
69.7063
69.7063
69.7063
69.7063
69.7063
69.7063
69.7063
69.7063
69.7063
69.7063
69.7063
69.7063
69.7063
69.7063
69.7063
69.7063
69.7063
69.7063
69.7063
69.7063
69.7063
69.7063
69.7063
69.7063
69.7063
69.7063
69.7063
69.7063
69.7063
69.7063
69.7063
69.7063
69.7063
69.7063
69.7063
69.7063
69.7063
69.7063
69.7063
69.7063
69.7063
69.7063
69.7063
69.7063
69.7063
69.7063
69.7063
69.7063
69.7063
69.7063
69.7063
69.7063
69.7063
69.7063
69.7063
69.7063
69.7063
69.7063
69.7063
69.7063
69.7063
69.7063
69.7063
69.7063
69.7063
69.7063
69.7063
69.7063
69.7063
69.7063
69.7063
69.7063
69.7063
69.7063
69.7063
69.7063
69.7063
69.7063
69.7063
69.7063
69.7063
69.7063
69.7063
69.7063
69.7063
69.7063
69.7063
69.7063
69.7063
69.7063
69.7063
69.7063
69.7063
69.7063
69.7063
69.7063
69.7063
69.7063
69.7063
69.7063
69.7063
69.7063
69.7063
69.7063
69.7063
69.7063
69.7063
69.7063
69.7063
69.7063
69.7063
69.7063
69.7063
69.7063
69.7063
69.7063
69.7063
69.7063
69.7063
69.7063
69.7063
69.7063
69.7063
69.7063
69.7063
69.7063
69.7063
69.7063
69.7063
69.7063
69.7063
69.7063
69.7063
69.7063
69.7063
69.7063
69.7063
69.7063
69.7063
69.7063
69.7063
69.7063
69.7063
69.7063
69.7063
69.7063
69.7063
69.7063
69.7063
69.7063
69.7063
69.7063
69.7063
69.7063
69.7063
69.7063
69.7063
69.7063
69.7063
69.7063
69.7063
69.7063
69.7063
69.7063
69.7063
69.7063
69.7063
69.7063
69.7063
69.7063
69.7063
69.7063
69.7063
69.7063
69.7063
69.7063
69.7063
69.7063
69.7063
69.7063
69.7063
69.7063
69.7063
69.7063
69.7063
69.7063
69.7063
69.7063
69.7063
69.7063
69.7063
69.7063
69.7063
69.7063
69.7063
69.7063
69.7063
69.7063
69.7063
69.7063
69.7063
69.7063
69.7063
69.7063
69.7063
69.7063
69.7063
69.7063
69.7063
69.7063
69.7063
69.7063
69.7063
69.7063
69.7063
69.7063
69.7063
69.7063
69.7063
69.7063
69.7063
69.7063
69.7063
69.7063
69.7063
69.7063
69.7063
69.7063
69.7063
69.7063
69.7063
69.7063
69.7063
69.7063
69.7063
69.7063
69.7063
69.7063
69.7063
69.7063
69.7063
69.7063
69.7063
69.7063
69.7063
69.7063
69.7063
69.7063
69.7063
69.7063
69.7063
69.7063
69.7063
69.7063
69.7063
69.7063
69.7063
69.7063
69.7063
69.7063
69.7063
69.7063
69.7063
69.7063
69.7063
69.7063
69.7063
69.7063
69.7063
69.7063
69.7063
69.7063
69.7063
69.7063
69.7063
69.7063
69.7063
69.7063
69.7063
69.7063
69.7063
69.7063
69.7063
69.7063
69.7063
69.7063
69.7063
69.7063
69.7063
69.7063
69.7063
69.7063
69.7063
69.7063
69.7063
69.7063
69.7063
69.7063
69.7063
69.7063
69.7063
69.7063
69.7063
69.7063
69.7063
69.7063
69.7063
69.7063
69.7063
69.7063
69.7063
69.7063
69.7063
69.7063
69.7063
69.7063
69.7063
69.7063
69.7063
69.7063
69.7063
69.7063
69.7063
69.7063
69.7063
69.7063
69.7063
69.7063
69.7063
69.7063
69.7063
69.7063
69.7063
69.7063
69.7063
69.7063
69.7063
69.7063
69.7063
69.7063
69.7063
69.7063
69.7063
69.7063
69.7063
69.7063
69.7063
69.7063
69.7063
69.7063
69.7063
69.7063
69.7063
69.7063
69.7063
69.7063
69.7063
69.7063
69.7063
69.7063
69.7063
69.7063
69.7063
69.7063
69.7063
69.7063
69.7063
69.7063
69.7063
69.7063
69.7063
69.7063
69.7063
69.7063
69.7063
69.7063
69.7063
69.7063
69.7063
69.7063
69.7063
69.7063
69.7063
69.7063
69.7063
69.7063
69.7063
69.7063
69.7063
69.7063
69.7063
69.7063
69.7063
69.7063
69.7063
69.7063
69.7063
69.7063
69.7063
69.7063
69.7063
69.7063
69.7063
69.7063
69.7063
69.7063
69.7063
69.7063
69.7063
69.7063
69.7063
69.7063
69.7063
69.7063
69.7063
69.7063
69.7063
69.7063
69.7063
69.7063
69.7063
69.7063
69.7063
69.7063
69.7063
69.7063
69.7063
69.7063
69.7063
69.7063
69.7063
69.7063
69.7063
69.7063
69.7063
69.7063
69.7063
69.7063
69.7063
69.7063
69.7063
69.7063
69.7063
69.7063
69.7063
69.7063
69.7063
69.7063
69.7063
69.7063
69.7063
69.7063
69.7063
69.7063
69.7063
69.7063
69.7063
69.7063
69.7063
69.7063
69.7063
69.7063
69.7063
69.7063
69.7063
69.7063
69.7063
69.7063
69.7063
69.7063
69.7063
69.7063
69.7063
69.7063
69.7063
69.7063
69.7063
69.7063
69.7063
69.7063
69.7063
69.7063
69.7063
69.7063
69.7063
69.7063
69.7063
69.7063
69.7063
69.7063
69.7063
69.7063
69.7063
69.7063
69.7063
69.7063
69.7063
69.7063
69.7063
69.7063
69.7063
69.7063
69.7063
69.7063
69.7063
69.7063
69.7063
69.7063
69.7063
69.7063
69.7063
69.7063
69.7063
69.7063
69.7063
69.7063
69.7063
69.7063
69.7063
69.7063
69.7063
69.7063
69.7063
69.7063
69.7063
69.7063
69.7063
69.7063
69.7063
69.7063
69.7063
69.7063
69.7063
69.7063
69.7063
69.7063
69.7063
69.7063
69.7063
69.7063
69.7063
69.7063
69.7063
69.7063
69.7063
69.7063
69.7063
69.7063
69.7063
69.7063
69.7063
69.7063
69.7063
69.7063
69.7063
69.7063
69.7063
69.7063
69.7063
69.7063
69.7063
69.7063
69.7063
69.7063
69.7063
69.7063
69.7063
69.7063
69.7063
69.7063
69.7063
69.7063
69.7063
69.7063
69.7063
69.7063
69.7063
69.7063
69.7063
69.7063
69.7063
69.7063
69.7063
69.7063
69.7063
69.7063
69.7063
69.7063
69.7063
69.7063
69.7063
69.7063
69.7063
69.7063
69.7063
69.7063
69.7063
69.7063
69.7063
69.7063
69.7063
69.7063
69.7063
69.7063
69.7063
69.7063
69.7063
69.7063
69.7063
69.7063
69.7063
69.7063
69.7063
69.7063
69.7063
69.7063
69.7063
69.7063
69.7063
69.7063
69.7063
69.7063
69.7063
69.7063
69.7063
69.7063
69.7063
69.7063
69.7063
69.7063
69.7063
69.7063
69.7063
69.7063
69.7063
69.7063
69.7063
69.7063
69.7063
69.7063
69.7063
69.7063
69.7063
69.7063
69.7063
69.7063
69.7063
69.7063
69.7063
69.7063
69.7063
69.7063
69.7063
69.7063
69.7063
69.7063
69.7063
69.7063
69.7063
69.7063
69.7063
69.7063
69.7063
69.7063
69.7063
69.7063
69.7063
69.7063
69.7063
69.7063
69.7063
69.7063
69.7063
69.7063
69.7063
69.7063
69.7063
69.7063
69.7063
69.7063
69.7063
69.7063
69.7063
69.7063
69.7063
69.7063
69.7063
69.7063
69.7063
69.7063
69.7063
69.7063
69.7063
69.7063
69.7063
69.7063
69.7063
69.7063
69.7063
69.7063
69.7063
69.7063
69.7063
69.7063
69.7063
69.7063
69.7063
69.7063
69.7063
69.7063
69.7063
69.7063
69.7063
69.7063
69.7063
69.7063
69.7063
69.7063
69.7063
69.7063
69.7063
69.7063
69.7063
69.7063
69.7063
69.7063
69.7063
69.7063
69.7063
69.7063
69.7063
69.7063
69.7063
69.7063
69.7063
69.7063
69.7063
69.7063
69.7063
69.7063
69.7063
69.7063
69.7063
69.7063
69.7063
69.7063
69.7063
69.7063
69.7063
69.7063
69.7063
69.7063
69.7063
69.7063
69.7063
69.7063
69.7063
69.7063
69.7063
69.7063
69.7063
69.7063
69.7063
69.7063
69.7063
69.7063
69.7063
69.7063
69.7063
69.7063
69.7063
69.7063
69.7063
69.7063
69.7063
69.7063
69.7063
69.7063
69.7063
69.7063
69.7063
69.7063
69.7063
69.7063
69.7063
69.7063
69.7063
69.7063
69.7063
69.7063
69.7063
69.7063
69.7063
69.7063
69.7063
69.7063
69.7063
69.7063
69.7063
69.7063
69.7063
69.7063
69.7063
69.7063
69.7063
69.7063
69.7063
69.7063
69.7063
69.7063
69.7063
69.7063
69.7063
69.7063
69.7063
69.7063
69.7063
69.7063
69.7063
69.7063
69.7063
69.7063
69.7063
69.7063
69.7063
69.7063
69.7063
69.7063
69.7063
69.7063
69.7063
69.7063
69.7063
69.7063
69.7063
69.7063
69.7063
69.7063
69.7063
69.7063
69.7063
69.7063
69.7063
69.7063
69.7063
69.7063
69.7063
69.7063
69.7063
69.7063
69.7063
69.7063
69.7063
69.7063
69.7063
69.7063
69.7063
69.7063
69.7063
69.7063
69.7063
69.7063
69.7063
69.7063
69.7063
69.7063
69.7063
69.7063
69.7063
69.7063
69.7063
69.7063
69.7063
69.7063
69.7063
69.7063
69.7063
69.7063
69.7063
69.7063
69.7063
69.7063
69.7063
69.7063
69.7063
69.7063
69.7063
69.7063
69.7063
69.7063
69.7063
69.7063
69.7063
69.7063
69.7063
69.7063
69.7063
69.7063
69.7063
69.7063
69.7063
69.7063
69.7063
69.7063
69.7063
69.7063
69.7063
69.7063
69.7063
69.7063
69.7063
69.7063
69.7063
69.7063
69.7063
69.7063
69.7063
69.7063
69.7063
69.7063
69.7063
69.7063
69.7063
69.7063
69.7063
69.7063
69.7063
69.7063
69.7063
69.7063
69.7063
69.7063
69.7063
69.7063
69.7063
69.7063
69.7063
69.7063
69.7063
69.7063
69.7063
69.7063
69.7063
69.7063
69.7063
69.7063
69.7063
69.7063
69.7063
69.7063
69.7063
69.7063
69.7063
69.7063
69.7063
69.7063
69.7063
69.7063
69.7063
69.7063
69.7063
69.7063
69.7063
69.7063
69.7063
69.7063
69.7063
69.7063
69.7063
69.7063
69.7063
69.7063
69.7063
69.7063
69.7063
69.7063
69.7063
69.7063
69.7063
69.7063
69.7063
69.7063
69.7063
69.7063
69.7063
69.7063
69.7063
69.7063
69.7063
69.7063
69.7063
69.7063
69.7063
69.7063
69.7063
69.7063
69.7063
69.7063
69.7063
69.7063
69.7063
69.7063
69.7063
69.7063
69.7063
69.7063
69.7063
69.7063
69.7063
69.7063
69.7063
69.7063
69.7063
69.7063
69.7063
69.7063
69.7063
69.7063
69.7063
69.7063
69.7063
69.7063
69.7063
69.7063
69.7063
69.7063
69.7063
69.7063
69.7063
69.7063
69.7063
69.7063
69.7063
69.7063
69.7063
69.7063
69.7063
69.7063
69.7063
69.7063
69.7063
69.7063
69.7063
69.7063
69.7063
69.7063
69.7063
69.7063
69.7063
69.7063
69.7063
69.7063
69.7063
69.7063
69.7063
69.7063
69.7063
69.7063
69.7063
69.7063
69.7063
69.7063
69.7063
69.7063
69.7063
69.7063
69.7063
69.7063
69.7063
69.7063
69.7063
69.7063
69.7063
69.7063
69.7063
69.7063
69.7063
69.7063
69.7063
69.7063
69.7063
69.7063
69.7063
69.7063
69.7063
69.7063
69.7063
69.7063
69.7063
69.7063
69.7063
69.7063
69.7063
69.7063
69.7063
69.7063
69.7063
69.7063
69.7063
69.7063
69.7063
69.7063
69.7063
69.7063
69.7063
69.7063
69.7063
69.7063
69.7063
69.7063
69.7063
69.7063
69.7063
69.7063
69.7063
69.7063
69.7063
69.7063
69.7063
69.7063
69.7063
69.7063
69.7063
69.7063
69.7063
69.7063
69.7063
69.7063
69.7063
69.7063
69.7063
69.7063
69.7063
69.7063
69.7063
69.7063
69.7063
69.7063
69.7063
69.7063
69.7063
69.7063
69.7063
69.7063
69.7063
69.7063
69.7063
69.7063
69.7063
69.7063
69.7063
69.7063
69.7063
69.7063
69.7063
69.7063
69.7063
69.7063
69.7063
69.7063
69.7063
69.7063
69.7063
69.7063
69.7063
69.7063
69.7063
69.7063
69.7063
69.7063
69.7063
69.7063
69.7063
69.7063
69.7063
69.7063
69.7063
69.7063
69.7063
69.7063
69.7063
69.7063
69.7063
69.7063
69.7063
69.7063
69.7063
69.7063
69.7063
69.7063
69.7063
69.7063
69.7063
69.7063
69.7063
69.7063
69.7063
69.7063
69.7063
69.7063
69.7063
69.7063
69.7063
69.7063
69.7063
69.7063
69.7063
69.7063
69.7063
69.7063
69.7063
69.7063
69.7063
69.7063
69.7063
69.7063
69.7063
69.7063
69.7063
69.7063
69.7063
69.7063
69.7063
69.7063
69.7063
69.7063
69.7063
69.7063
69.7063
69.7063
69.7063
69.7063
69.7063
69.7063
69.7063
69.7063
69.7063
69.7063
69.7063
69.7063
69.7063
69.7063
69.7063
69.7063
69.7063
69.7063
69.7063
69.7063
69.7063
69.7063
69.7063
69.7063
69.7063
69.7063
69.7063
69.7063
69.7063
69.7063
69.7063
69.7063
69.7063
69.7063
69.7063
69.7063
69.7063
69.7063
69.7063
69.7063
69.7063
69.7063
69.7063
69.7063
69.7063
69.7063
69.7063
69.7063
69.7063
69.7063
69.7063
69.7063
69.7063
69.7063
69.7063
69.7063
69.7063
69.7063
69.7063
69.7063
69.7063
69.7063
69.7063
69.7063
69.7063
69.7063
69.7063
69.7063
69.7063
69.7063
69.7063
69.7063
69.7063
69.7063
69.7063
69.7063
69.7063
69.7063
69.7063
69.7063
69.7063
69.7063
69.7063
69.7063
69.7063
69.7063
69.7063
69.7063
69.7063
69.7063
69.7063
69.7063
69.7063
69.7063
69.7063
69.7063
69.7063
69.7063
69.7063
69.7063
69.7063
69.7063
69.7063
69.7063
69.7063
69.7063
69.7063
69.7063
69.7063
69.7063
69.7063
69.7063
69.7063
69.7063
69.7063
69.7063
69.7063
69.7063
69.7063
69.7063
69.7063
69.7063
69.7063
69.7063
69.7063
69.7063
69.7063
69.7063
69.7063
69.7063
69.7063
69.7063
69.7063
69.7063
69.7063
69.7063
69.7063
69.7063
69.7063
69.7063
69.7063
69.7063
69.7063
69.7063
69.7063
69.7063
69.7063
69.7063
69.7063
69.7063
69.7063
69.7063
69.7063
69.7063
69.7063
69.7063
69.7063
69.7063
69.7063
69.7063
69.7063
69.7063
69.7063
69.7063
69.7063
69.7063
69.7063
69.7063
69.7063
69.7063
69.7063
69.7063
69.7063
69.7063
69.7063
69.7063
69.7063
69.7063
69.7063
69.7063
69.7063
69.7063
69.7063
69.7063
69.7063
69.7063
69.7063
69.7063
69.7063
69.7063
69.7063
69.7063
69.7063
69.7063
69.7063
69.7063
69.7063
69.7063
69.7063
69.7063
69.7063
69.7063
69.7063
69.7063
69.7063
69.7063
69.7063
69.7063
69.7063
69.7063
69.7063
69.7063
69.7063
69.7063
69.7063
69.7063
69.7063
69.7063
69.7063
69.7063
69.7063
69.7063
69.7063
69.7063
69.7063
69.7063
69.7063
69.7063
69.7063
69.7063
69.7063
69.7063
69.7063
69.7063
69.7063
69.7063
69.7063
69.7063
69.7063
69.7063
69.7063
69.7063
69.7063
69.7063
69.7063
69.7063
69.7063
69.7063
69.7063
69.7063
69.7063
69.7063
69.7063
69.7063
69.7063
69.7063
69.7063
69.7063
69.7063
69.7063
69.7063
69.7063
69.7063
69.7063
69.7063
69.7063
69.7063
69.7063
69.7063
69.7063
69.7063
69.7063
69.7063
69.7063
69.7063
69.7063
69.7063
69.7063
69.7063
69.7063
69.7063
69.7063
69.7063
69.7063
69.7063
69.7063
69.7063
69.7063
69.7063
69.7063
69.7063
69.7063
69.7063
69.7063
69.7063
69.7063
69.7063
69.7063
69.7063
69.7063
69.7063
69.7063
69.7063
69.7063
69.7063
69.7063
69.7063
69.7063
69.7063
69.7063
69.7063
69.7063
69.7063
69.7063
69.7063
69.7063
69.7063
69.7063
69.7063
69.7063
69.7063
69.7063
69.7063
69.7063
69.7063
69.7063
69.7063
69.7063
69.7063
69.7063
69.7063
69.7063
69.7063
69.7063
69.7063
69.7063
69.7063
69.7063
69.7063
69.7063
69.7063
69.7063
69.7063
69.7063
69.7063
69.7063
69.7063
69.7063
69.7063
69.7063
69.7063
69.7063
69.7063
69.7063
69.7063
69.7063
69.7063
69.7063
69.7063
69.7063
69.7063
69.7063
69.7063
69.7063
69.7063
69.7063
69.7063
69.7063
69.7063
69.7063
69.7063
69.7063
69.7063
69.7063
69.7063
69.7063
69.7063
69.7063
69.7063
69.7063
69.7063
69.7063
69.7063
69.7063
69.7063
69.7063
69.7063
69.7063
69.7063
69.7063
69.7063
69.7063
69.7063
69.7063
69.7063
69.7063
69.7063
69.7063
69.7063
69.7063
69.7063
69.7063
69.7063
69.7063
69.7063
69.7063
69.7063
69.7063
69.7063
69.7063
69.7063
69.7063
69.7063
69.7063
69.7063
69.7063
69.7063
69.7063
69.7063
69.7063
69.7063
69.7063
69.7063
69.7063
69.7063
69.7063
69.7063
69.7063
69.7063
69.7063
69.7063
69.7063
69.7063
69.7063
69.7063
69.7063
69.7063
69.7063
69.7063
69.7063
69.7063
69.7063
69.7063
69.7063
69.7063
69.7063
69.7063
69.7063
69.7063
69.7063
69.7063
69.7063
69.7063
69.7063
69.7063
69.7063
69.7063
69.7063
69.7063
69.7063
69.7063
69.7063
69.7063
69.7063
69.7063
69.7063
69.7063
69.7063
69.7063
69.7063
69.7063
69.7063
69.7063
69.7063
69.7063
69.7063
69.7063
69.7063
69.7063
69.7063
69.7063
69.7063
69.7063
69.7063
69.7063
69.7063
69.7063
69.7063
69.7063
69.7063
69.7063
69.7063
69.7063
69.7063
69.7063
69.7063
69.7063
69.7063
69.7063
69.7063
69.7063
69.7063
69.7063
69.7063
69.7063
69.7063
69.7063
69.7063
69.7063
69.7063
69.7063
69.7063
69.7063
69.7063
69.7063
69.7063
69.7063
69.7063
69.7063
69.7063
69.7063
69.7063
69.7063
69.7063
69.7063
69.7063
69.7063
69.7063
69.7063
69.7063
69.7063
69.7063
69.7063
69.7063
69.7063
69.7063
69.7063
69.7063
69.7063
69.7063
69.7063
69.7063
69.7063
69.7063
69.7063
69.7063
69.7063
69.7063
69.7063
69.7063
69.7063
69.7063
69.7063
69.7063
69.7063
69.7063
69.7063
69.7063
69.7063
69.7063
69.7063
69.7063
69.7063
69.7063
69.7063
69.7063
69.7063
69.7063
69.7063
69.7063
69.7063
69.7063
69.7063
69.7063
69.7063
69.7063
69.7063
69.7063
69.7063
69.7063
69.7063
69.7063
69.7063
69.7063
69.7063
69.7063
69.7063
69.7063
69.7063
69.7063
69.7063
69.7063
69.7063
69.7063
69.7063
69.7063
69.7063
69.7063
69.7063
69.7063
69.7063
69.7063
69.7063
69.7063
69.7063
69.7063
69.7063
69.7063
69.7063
69.7063
69.7063
69.7063
69.7063
69.7063
69.7063
69.7063
69.7063
69.7063
69.7063
69.7063
69.7063
69.7063
69.7063
69.7063
69.7063
69.7063
69.7063
69.7063
69.7063
69.7063
69.7063
69.7063
69.7063
69.7063
69.7063
69.7063
69.7063
69.7063
69.7063
69.7063
69.7063
69.7063
69.7063
69.7063
69.7063
69.7063
69.7063
69.7063
69.7063
69.7063
69.7063
69.7063
69.7063
69.7063
69.7063
69.7063
69.7063
69.7063
69.7063
69.7063
69.7063
69.7063
69.7063
69.7063
69.7063
69.7063
69.7063
69.7063
69.7063
69.7063
69.7063
69.7063
69.7063
69.7063
69.7063
69.7063
69.7063
69.7063
69.7063
69.7063
69.7063
69.7063
69.7063
69.7063
69.7063
69.7063
69.7063
69.7063
69.7063
69.7063
69.7063
69.7063
69.7063
69.7063
69.7063
69.7063
69.7063
69.7063
69.7063
69.7063
69.7063
69.7063
69.7063
69.7063
69.7063
69.7063
69.7063
69.7063
69.7063
69.7063
69.7063
69.7063
69.7063
69.7063
69.7063
69.7063
69.7063
69.7063
69.7063
69.7063
69.7063
69.7063
69.7063
69.7063
69.7063
69.7063
69.7063
69.7063
69.7063
69.7063
69.7063
69.7063
69.7063
69.7063
69.7063
69.7063
69.7063
69.7063
69.7063
69.7063
69.7063
69.7063
69.7063
69.7063
69.7063
69.7063
69.7063
69.7063
69.7063
69.7063
69.7063
69.7063
69.7063
69.7063
69.7063
69.7063
69.7063
69.7063
69.7063
69.7063
69.7063
69.7063
69.7063
69.7063
69.7063
69.7063
69.7063
69.7063
69.7063
69.7063
69.7063
69.7063
69.7063
69.7063
69.7063
69.7063
69.7063
69.7063
69.7063
69.7063
69.7063
69.7063
69.7063
69.7063
69.7063
69.7063
69.7063
69.7063
69.7063
69.7063
69.7063
69.7063
69.7063
69.7063
69.7063
69.7063
69.7063
69.7063
69.7063
69.7063
69.7063
69.7063
69.7063
69.7063
69.7063
69.7063
69.7063
69.7063
69.7063
69.7063
69.7063
69.7063
69.7063
69.7063
69.7063
69.7063
69.7063
69.7063
69.7063
69.7063
69.7063
69.7063
69.7063
69.7063
69.7063
69.7063
69.7063
69.7063
69.7063
69.7063
69.7063
69.7063
69.7063
69.7063
69.7063
69.7063
69.7063
69.7063
69.7063
69.7063
69.7063
69.7063
69.7063
69.7063
69.7063
69.7063
69.7063
69.7063
69.7063
69.7063
69.7063
69.7063
69.7063
69.7063
69.7063
69.7063
69.7063
69.7063
69.7063
69.7063
69.7063
69.7063
69.7063
69.7063
69.7063
69.7063
69.7063
69.7063
69.7063
69.7063
69.7063
69.7063
69.7063
69.7063
69.7063
69.7063
69.7063
69.7063
69.7063
69.7063
69.7063
69.7063
69.7063
69.7063
69.7063
69.7063
69.7063
69.7063
69.7063
69.7063
69.7063
69.7063
69.7063
69.7063
69.7063
69.7063
69.7063
69.7063
69.7063
69.7063
69.7063
69.7063
69.7063
69.7063
69.7063
69.7063
69.7063
69.7063
69.7063
69.7063
69.7063
69.7063
69.7063
69.7063
69.7063
69.7063
69.7063
69.7063
69.7063
69.7063
69.7063
69.7063
69.7063
69.7063
69.7063
69.7063
69.7063
69.7063
69.7063
69.7063
69.7063
69.7063
69.7063
69.7063
69.7063
69.7063
69.7063
69.7063
69.7063
69.7063
69.7063
69.7063
69.7063
69.7063
69.7063
69.7063
69.7063
69.7063
69.7063
69.7063
69.7063
69.7063
69.7063
69.7063
69.7063
69.7063
69.7063
69.7063
69.7063
69.7063
69.7063
69.7063
69.7063
69.7063
69.7063
69.7063
69.7063
69.7063
69.7063
69.7063
69.7063
69.7063
69.7063
69.7063
69.7063
69.7063
69.7063
69.7063
69.7063
69.7063
69.7063
69.7063
69.7063
69.7063
69.7063
69.7063
69.7063
69.7063
69.7063
69.7063
69.7063
69.7063
69.7063
69.7063
69.7063
69.7063
69.7063
69.7063
69.7063
69.7063
69.7063
69.7063
69.7063
69.7063
69.7063
69.7063
69.7063
69.7063
69.7063
69.7063
69.7063
69.7063
69.7063
69.7063
69.7063
69.7063
69.7063
69.7063
69.7063
69.7063
69.7063
69.7063
69.7063
69.7063
69.7063
69.7063
69.7063
69.7063
69.7063
69.7063
69.7063
69.7063
69.7063
69.7063
69.7063
69.7063
69.7063
69.7063
69.7063
69.7063
69.7063
69.7063
69.7063
69.7063
69.7063
69.7063
69.7063
69.7063
69.7063
69.7063
69.7063
69.7063
69.7063
69.7063
69.7063
69.7063
69.7063
69.7063
69.7063
69.7063
69.7063
69.7063
69.7063
69.7063
69.7063
69.7063
69.7063
69.7063
69.7063
69.7063
69.7063
69.7063
69.7063
69.7063
69.7063
69.7063
69.7063
69.7063
69.7063
69.7063
69.7063
69.7063
69.7063
69.7063
69.7063
69.7063
69.7063
69.7063
69.7063
69.7063
69.7063
69.7063
69.7063
69.7063
69.7063
69.7063
69.7063
69.7063
69.7063
69.7063
69.7063
69.7063
69.7063
69.7063
69.7063
69.7063
69.7063
69.7063
69.7063
69.7063
69.7063
69.7063
69.7063
69.7063
69.7063
69.7063
69.7063
69.7063
69.7063
69.7063
69.7063
69.7063
69.7063
69.7063
69.7063
69.7063
69.7063
69.7063
69.7063
69.7063
69.7063
69.7063
69.7063
69.7063
69.7063
69.7063
69.7063
69.7063
69.7063
69.7063
69.7063
69.7063
69.7063
69.7063
69.7063
69.7063
69.7063
69.7063
69.7063
69.7063
69.7063
69.7063
69.7063
69.7063
69.7063
69.7063
69.7063
69.7063
69.7063
69.7063
69.7063
69.7063
69.7063
69.7063
69.7063
69.7063
69.7063
69.7063
69.7063
69.7063
69.7063
69.7063
69.7063
69.7063
69.7063
69.7063
69.7063
69.7063
69.7063
69.7063
69.7063
69.7063
69.7063
69.7063
69.7063
69.7063
69.7063
69.7063
69.7063
69.7063
69.7063
69.7063
69.7063
69.7063
69.7063
69.7063
69.7063
69.7063
69.7063
69.7063
69.7063
69.7063
69.7063
69.7063
69.7063
69.7063
69.7063
69.7063
69.7063
69.7063
69.7063
69.7063
69.7063
69.7063
69.7063
69.7063
69.7063
69.7063
69.7063
69.7063
69.7063
69.7063
69.7063
69.7063
69.7063
69.7063
69.7063
69.7063
69.7063
69.7063
69.7063
69.7063
69.7063
69.7063
69.7063
69.7063
69.7063
69.7063
69.7063
69.7063
69.7063
69.7063
69.7063
69.7063
69.7063
69.7063
69.7063
69.7063
69.7063
69.7063
69.7063
69.7063
69.7063
69.7063
69.7063
69.7063
69.7063
69.7063
69.7063
69.7063
69.7063
69.7063
69.7063
69.7063
69.7063
69.7063
69.7063
69.7063
69.7063
69.7063
69.7063
69.7063
69.7063
69.7063
69.7063
69.7063
69.7063
69.7063
69.7063
69.7063
69.7063
69.7063
69.7063
69.7063
69.7063
69.7063
69.7063
69.7063
69.7063
69.7063
69.7063
69.7063
69.7063
69.7063
69.7063
69.7063
69.7063
69.7063
69.7063
69.7063
69.7063
69.7063
69.7063
69.7063
69.7063
69.7063
69.7063
69.7063
69.7063
69.7063
69.7063
69.7063
69.7063
69.7063
69.7063
69.7063
69.7063
69.7063
69.7063
69.7063
69.7063
69.7063
69.7063
69.7063
69.7063
69.7063
69.7063
69.7063
69.7063
69.7063
69.7063
69.7063
69.7063
69.7063
69.7063
69.7063
69.7063
69.7063
69.7063
69.7063
69.7063
69.7063
69.7063
69.7063
69.7063
69.7063
69.7063
69.7063
69.7063
69.7063
69.7063
69.7063
69.7063
69.7063
69.7063
69.7063
69.7063
69.7063
69.7063
69.7063
69.7063
69.7063
69.7063
69.7063
69.7063
69.7063
69.7063
69.7063
69.7063
69.7063
69.7063
69.7063
69.7063
69.7063
69.7063
69.7063
69.7063
69.7063
69.7063
69.7063
69.7063
69.7063
69.7063
69.7063
69.7063
69.7063
69.7063
69.7063
69.7063
69.7063
69.7063
69.7063
69.7063
69.7063
69.7063
69.7063
69.7063
69.7063
69.7063
69.7063
69.7063
69.7063
69.7063
69.7063
69.7063
69.7063
69.7063
69.7063
69.7063
69.7063
69.7063
69.7063
69.7063
69.7063
69.7063
69.7063
69.7063
69.7063
69.7063
69.7063
69.7063
69.7063
69.7063
69.7063
69.7063
69.7063
69.7063
69.7063
69.7063
69.7063
69.7063
69.7063
69.7063
69.7063
69.7063
69.7063
69.7063
69.7063
69.7063
69.7063
69.7063
69.7063
69.7063
69.7063
69.7063
69.7063
69.7063
69.7063
69.7063
69.7063
69.7063
69.7063
69.7063
69.7063
69.7063
69.7063
69.7063
69.7063
69.7063
69.7063
69.7063
69.7063
69.7063
69.7063
69.7063
69.7063
69.7063
69.7063
69.7063
69.7063
69.7063
69.7063
69.7063
69.7063
69.7063
69.7063
69.7063
69.7063
69.7063
69.7063
69.7063
69.7063
69.7063
69.7063
69.7063
69.7063
69.7063
69.7063
69.7063
69.7063
69.7063
69.7063
69.7063
69.7063
69.7063
69.7063
69.7063
69.7063
69.7063
69.7063
69.7063
69.7063
69.7063
69.7063
69.7063
69.7063
69.7063
69.7063
69.7063
69.7063
69.7063
69.7063
69.7063
69.7063
69.7063
69.7063
69.7063
69.7063
69.7063
69.7063
69.7063
69.7063
69.7063
69.7063
69.7063
69.7063
69.7063
69.7063
69.7063
69.7063
69.7063
69.7063
69.7063
69.7063
69.7063
69.7063
69.7063
69.7063
69.7063
69.7063
69.7063
69.7063
69.7063
69.7063
69.7063
69.7063
69.7063
69.7063
69.7063
69.7063
69.7063
69.7063
69.7063
69.7063
69.7063
69.7063
69.7063
69.7063
69.7063
69.7063
69.7063
69.7063
69.7063
69.7063
69.5141
69.5141
69.5141
69.5141
69.5141
69.5141
69.5141
69.5141
69.5141
69.5141
69.5141
69.5141
69.5141
69.5141
69.5141
69.5141
69.5141
69.5141
69.5141
69.5141
69.5141
69.5141
69.5141
69.5141
69.5141
69.5141
69.5141
69.5141
69.5141
69.5141
69.5141
69.5141
69.5141
69.5141
69.5141
69.5141
69.5141
69.5141
69.5141
69.5141
69.5141
69.5141
69.5141
69.5141
69.5141
69.5141
69.5141
69.5141
69.5141
69.5141
69.5141
69.5141
69.5141
69.5141
69.5141
69.5141
69.5141
69.5141
69.5141
69.5141
69.5141
69.5141
69.5141
69.5141
69.5141
69.5141
69.5141
69.5141
69.5141
69.5141
69.5141
69.5141
69.5141
69.5141
69.5141
69.5141
69.5141
69.5141
69.5141
69.5141
69.5141
69.5141
69.5141
69.5141
69.5141
69.5141
69.5141
69.5141
69.5141
69.5141
69.5141
69.5141
69.5141
69.5141
69.5141
69.5141
69.5141
69.5141
69.5141
69.5141
69.5141
69.5141
69.5141
69.5141
69.5141
69.5141
69.5141
69.5141
69.5141
69.5141
69.5141
69.5141
69.5141
69.5141
69.5141
69.5141
69.5141
69.5141
69.5141
69.5141
69.5141
69.5141
69.5141
69.5141
69.5141
69.5141
69.5141
69.5141
69.5141
69.5141
69.5141
69.5141
69.5141
69.5141
69.5141
69.5141
69.5141
69.5141
69.5141
69.5141
69.5141
69.5141
69.5141
69.5141
69.5141
69.5141
69.5141
69.5141
69.5141
69.5141
69.5141
69.5141
69.5141
69.5141
69.5141
69.5141
69.5141
69.5141
69.5141
69.5141
69.5141
69.5141
69.5141
69.5141
69.5141
69.5141
69.5141
69.5141
69.5141
69.5141
69.5141
69.5141
69.5141
69.5141
69.5141
69.5141
69.5141
69.5141
69.5141
69.5141
69.5141
69.5141
69.5141
69.5141
69.5141
69.5141
69.5141
69.5141
69.5141
69.5141
69.5141
69.5141
69.5141
69.5141
69.5141
69.5141
69.5141
69.5141
69.5141
69.5141
69.5141
69.5141
69.5141
69.5141
69.5141
69.5141
69.5141
69.5141
69.5141
69.5141
69.5141
69.5141
69.5141
69.5141
69.5141
69.5141
69.5141
69.5141
69.5141
69.5141
69.5141
69.5141
69.5141
69.5141
69.5141
69.5141
69.5141
69.5141
69.5141
69.5141
69.5141
69.5141
69.5141
69.5141
69.5141
69.5141
69.5141
69.5141
69.5141
69.5141
69.5141
69.5141
69.5141
69.5141
69.5141
69.5141
69.5141
69.5141
69.5141
69.5141
69.5141
69.5141
69.5141
69.5141
69.5141
69.5141
69.5141
69.5141
69.5141
69.5141
69.5141
69.5141
69.5141
69.5141
69.5141
69.5141
69.5141
69.5141
69.5141
69.5141
69.5141
69.5141
69.5141
69.5141
69.5141
69.5141
69.5141
69.5141
69.5141
69.5141
69.5141
69.5141
69.5141
69.5141
69.5141
69.5141
69.5141
69.5141
69.5141
69.5141
69.5141
69.5141
69.5141
69.5141
69.5141
69.5141
69.5141
69.5141
69.5141
69.5141
69.5141
69.5141
69.5141
69.5141
69.5141
69.5141
69.5141
69.5141
69.5141
69.5141
69.5141
69.5141
69.5141
69.5141
69.5141
69.5141
69.5141
69.5141
69.5141
69.5141
69.5141
69.5141
69.5141
69.5141
69.5141
69.5141
69.5141
69.5141
69.5141
69.5141
69.5141
69.5141
69.5141
69.5141
69.5141
69.5141
69.5141
69.5141
69.5141
69.5141
69.5141
69.5141
69.5141
69.5141
69.5141
69.5141
69.5141
69.5141
69.5141
69.5141
69.5141
69.5141
69.5141
69.5141
69.5141
69.5141
69.5141
69.5141
69.5141
69.5141
69.5141
69.5141
69.5141
69.5141
69.5141
69.5141
69.5141
69.5141
69.5141
69.5141
69.5141
69.5141
69.5141
69.5141
69.5141
69.5141
69.5141
69.5141
69.5141
69.5141
69.5141
69.5141
69.5141
69.5141
69.5141
69.5141
69.5141
69.5141
69.5141
69.5141
69.5141
69.5141
69.5141
69.5141
69.5141
69.5141
69.5141
69.5141
69.5141
69.5141
69.5141
69.5141
69.5141
69.5141
69.5141
69.5141
69.5141
69.5141
69.5141
69.5141
69.5141
69.5141
69.5141
69.5141
69.5141
69.5141
69.5141
69.5141
69.5141
69.5141
69.5141
69.5141
69.5141
69.5141
69.5141
69.5141
69.5141
69.5141
69.5141
69.5141
69.5141
69.5141
69.5141
69.5141
69.5141
69.5141
69.5141
69.5141
69.5141
69.5141
69.5141
69.5141
69.5141
69.5141
69.5141
69.5141
69.5141
69.5141
69.5141
69.5141
69.5141
69.5141
69.5141
69.5141
69.5141
69.5141
69.5141
69.5141
69.5141
69.5141
69.5141
69.5141
69.5141
69.5141
69.5141
69.5141
69.5141
69.5141
69.5141
69.5141
69.5141
69.5141
69.5141
69.5141
69.5141
69.5141
69.5141
69.5141
69.5141
69.5141
69.5141
69.5141
69.5141
69.5141
69.5141
69.5141
69.5141
69.5141
69.5141
69.5141
69.5141
69.5141
69.5141
69.5141
69.5141
69.5141
69.5141
69.5141
69.5141
69.5141
69.5141
69.5141
69.5141
69.5141
69.5141
69.5141
69.5141
69.5141
69.5141
69.5141
69.5141
69.5141
69.5141
69.5141
69.5141
69.5141
69.5141
69.5141
69.5141
69.5141
69.5141
69.5141
69.5141
69.5141
69.5141
69.5141
69.5141
69.5141
69.5141
69.5141
69.5141
69.5141
69.5141
69.5141
69.5141
69.5141
69.5141
69.5141
69.5141
69.5141
69.5141
69.5141
69.5141
69.5141
69.5141
69.5141
69.5141
69.5141
69.5141
69.5141
69.5141
69.5141
69.5141
69.5141
69.5141
69.5141
69.5141
69.5141
69.5141
69.5141
69.5141
69.5141
69.5141
69.5141
69.5141
69.5141
69.5141
69.5141
69.5141
69.5141
69.5141
69.5141
69.5141
69.5141
69.5141
69.5141
69.5141
69.5141
69.5141
69.5141
69.5141
69.5141
69.5141
69.5141
69.5141
69.5141
69.5141
69.5141
69.5141
69.5141
69.5141
69.5141
69.5141
69.5141
69.5141
69.5141
69.5141
69.5141
69.5141
69.5141
69.5141
69.5141
69.5141
69.5141
69.5141
69.5141
69.5141
69.5141
69.5141
69.5141
69.5141
69.5141
69.5141
69.5141
69.5141
69.5141
69.5141
69.5141
69.5141
69.5141
69.5141
69.5141
69.5141
69.5141
69.5141
69.5141
69.5141
69.5141
69.5141
69.5141
69.5141
69.5141
69.5141
69.5141
69.5141
69.5141
69.5141
69.5141
69.5141
69.5141
69.5141
69.5141
69.5141
69.5141
69.5141
69.5141
69.5141
69.5141
69.5141
69.5141
69.5141
69.5141
69.5141
69.5141
69.5141
69.5141
69.5141
69.5141
69.5141
69.5141
69.5141
69.5141
69.5141
69.5141
69.5141
69.5141
69.5141
69.5141
69.5141
69.5141
69.5141
69.5141
69.5141
69.5141
69.5141
69.5141
69.5141
69.5141
69.5141
69.5141
69.5141
69.5141
69.5141
69.5141
69.5141
69.5141
69.5141
69.5141
69.5141
69.5141
69.5141
69.5141
69.5141
69.5141
69.5141
69.5141
69.5141
69.5141
69.5141
69.5141
69.5141
69.5141
69.5141
69.5141
69.5141
69.5141
69.5141
69.5141
69.5141
69.5141
69.5141
69.5141
69.5141
69.5141
69.5141
69.5141
69.5141
69.5141
69.5141
69.5141
69.5141
69.5141
69.5141
69.5141
69.5141
69.5141
69.5141
69.5141
69.5141
69.5141
69.5141
69.5141
69.5141
69.5141
69.5141
69.5141
69.5141
69.5141
69.5141
69.5141
69.5141
69.5141
69.5141
69.5141
69.5141
69.5141
69.5141
69.5141
69.5141
69.5141
69.5141
69.5141
69.5141
69.5141
69.5141
69.5141
69.5141
69.5141
69.5141
69.5141
69.5141
69.5141
69.5141
69.5141
69.5141
69.5141
69.5141
69.5141
69.5141
69.5141
69.5141
69.5141
69.5141
69.5141
69.5141
69.5141
69.5141
69.5141
69.5141
69.5141
69.5141
69.5141
69.5141
69.5141
69.5141
69.5141
69.5141
69.5141
69.5141
69.5141
69.5141
69.5141
69.5141
69.5141
69.5141
69.5141
69.5141
69.5141
69.5141
69.5141
69.5141
69.5141
69.5141
69.5141
69.5141
69.5141
69.5141
69.5141
69.5141
69.5141
69.5141
69.5141
69.5141
69.5141
69.5141
69.5141
69.5141
69.5141
69.5141
69.5141
69.5141
69.5141
69.5141
69.5141
69.5141
69.5141
69.5141
69.5141
69.5141
69.5141
69.5141
69.5141
69.5141
69.5141
69.5141
69.5141
69.5141
69.5141
69.5141
69.5141
69.5141
69.5141
69.5141
69.5141
69.5141
69.5141
69.5141
69.5141
69.5141
69.5141
69.5141
69.5141
69.5141
69.5141
69.5141
69.5141
69.5141
69.5141
69.5141
69.5141
69.5141
69.5141
69.5141
69.5141
69.5141
69.5141
69.5141
69.5141
69.5141
69.5141
69.5141
69.5141
69.5141
69.5141
69.5141
69.5141
69.5141
69.5141
69.5141
69.5141
69.5141
69.5141
69.5141
69.5141
69.5141
69.5141
69.5141
69.5141
69.5141
69.5141
69.5141
69.5141
69.5141
69.5141
69.5141
69.5141
69.5141
69.5141
69.5141
69.5141
69.5141
69.5141
69.5141
69.5141
69.5141
69.5141
69.5141
69.5141
69.5141
69.5141
69.5141
69.5141
69.5141
69.5141
69.5141
69.5141
69.5141
69.5141
69.5141
69.5141
69.5141
69.5141
69.5141
69.5141
69.5141
69.5141
69.5141
69.5141
69.5141
69.5141
69.5141
69.5141
69.5141
69.5141
69.5141
69.5141
69.5141
69.5141
69.5141
69.5141
69.5141
69.5141
69.5141
69.5141
69.5141
69.5141
69.5141
69.5141
69.5141
69.5141
69.5141
69.5141
69.5141
69.5141
69.5141
69.5141
69.5141
69.5141
69.5141
69.5141
69.5141
69.5141
69.5141
69.5141
69.5141
69.5141
69.5141
69.5141
69.5141
69.5141
69.5141
69.5141
69.5141
69.5141
