410.609
403.215
394.743
385.922
383.723
371.558
346.375
346.375
337.026
336.948
329.383
323.237
314.797
309.117
309.117
303.107
302.793
301.147
293.644
289.935
288.723
285.481
284.012
280.94
279.782
275.544
270.841
267.969
267.969
261.736
260.489
257.461
250.034
250.034
248.118
247.362
242.19
241.485
241.485
236.768
234.61
229.077
229.077
227.862
226.026
221.852
221.147
216.087
215.649
214.636
211.181
209.939
208.756
207.318
206.538
203.276
199.21
197.513
196.557
194.496
193.536
192.83
192.365
191.611
191.611
189.331
187.618
187.618
187.618
186.512
186.512
184.239
181.662
181.094
181.094
181.094
181.094
179.889
178.33
178.33
176.81
176.81
176.045
175.927
172.592
169.634
169.634
167.667
167.667
167.667
166.918
165.376
165.376
163.752
163.752
163.752
163.752
163.248
163.248
163.248
162.855
158.033
157.86
157.458
156.379
154.816
154.18
153.41
152.774
152.529
152.287
151.672
150.938
150.081
149.724
149.412
146.215
146.215
146.215
145.644
145.644
145.34
144.324
144.324
142.743
142.743
141.698
141.698
141.151
140.694
138.953
138.953
138.809
138.67
138.295
138.295
138.295
137.424
136.955
136.955
136.942
135.98
135.98
135.579
135.579
135.117
134.581
133.491
133.029
131.79
131.79
131.254
130.555
130.064
129.084
129.084
129.084
128.67
127.972
127.972
126.145
126.145
125.844
125.844
125.844
125.796
125.486
124.364
123.144
123.144
122.418
122.418
122.166
121.713
121.509
121.509
121.509
121.219
121.219
118.416
118.126
117.39
116.937
115.269
115.269
115.269
113.789
113.789
113.37
113.37
112.442
113.042
112.399
112.071
112.071
112.071
112.071
110.778
110.778
110.778
110.778
110.778
110.778
110.778
110.778
110.194
110.194
109.644
109.644
107.939
107.556
107.556
107.556
107.556
106.64
106.354
106.354
106.354
106.354
106.216
106.216
104.666
104.455
104.398
104.398
103.689
103.016
102.935
102.719
102.251
101.331
101.331
101.207
99.6098
99.6098
99.4861
98.5128
98.5128
98.5128
98.5128
98.2836
97.7771
97.7771
97.7771
97.7771
98.2836
98.2836
98.2836
98.2836
98.0836
98.0836
98.0836
98.0836
98.0836
98.0836
98.0836
98.0836
97.5863
97.5863
97.5863
97.5863
96.8788
96.8788
96.8788
96.8788
96.8788
96.8788
96.8788
96.8788
96.8653
96.8653
96.8653
96.5802
95.4465
95.4465
95.3479
95.3479
95.3479
95.3479
94.9409
94.9409
94.9409
94.9409
94.9409
94.8024
94.8024
94.8024
94.7366
94.7366
94.5734
94.4955
94.1926
94.0869
94.0869
94.0869
94.0869
94.0869
93.7006
93.7006
93.7006
93.7006
93.7006
93.7006
93.1645
93.1645
93.1645
93.1645
93.1645
92.9235
92.9235
92.794
92.794
92.7457
92.2646
91.8941
91.8941
91.8941
91.8941
91.7956
91.8941
91.8941
91.5355
91.5355
91.5355
91.437
91.5355
91.2652
91.2652
91.2652
91.2652
91.2423
91.2423
91.2423
91.2423
91.2423
91.2423
91.2423
90.9279
90.9279
90.0928
90.0928
87.5342
87.5342
87.5342
87.5342
87.5342
87.5342
87.325
87.325
87.325
87.325
87.325
87.325
87.325
87.325
87.325
86.6913
86.6913
86.6913
86.6913
86.6913
86.6913
86.6913
86.6913
86.6913
86.6913
86.6913
86.4238
86.4238
86.4238
86.4238
86.4238
86.4238
86.2315
86.2315
86.2315
86.1709
86.1709
85.9065
85.9065
85.9065
85.8887
85.1431
85.1431
85.1431
85.1431
84.6311
84.6311
84.6311
84.6311
84.6311
84.6311
84.6311
84.6311
84.6311
84.5325
84.4532
84.4532
84.4532
84.4532
84.4532
83.9052
83.9052
83.9052
83.9052
83.9052
83.9052
83.7419
83.7419
83.7419
83.7419
83.7419
83.4479
82.9854
82.9854
82.9854
82.9854
82.9854
82.9854
82.9854
82.9854
82.9854
82.9854
82.9854
82.6961
82.6961
82.6961
82.6961
82.6961
82.6961
82.6961
82.6961
82.6961
82.6961
82.6961
82.6961
82.6961
82.6961
82.6961
82.6961
82.6961
82.6961
82.6961
82.6961
82.6961
82.6961
82.6961
82.6961
82.6961
82.6961
82.6961
82.6961
82.6961
82.6961
82.6961
82.6961
82.549
82.549
82.549
82.1615
82.1615
82.1615
81.8594
81.8594
81.7123
81.7123
81.7123
81.7123
81.7123
81.7123
81.1067
81.1067
81.1067
81.1067
81.1067
81.1067
81.1067
81.1067
81.1067
80.8937
80.8937
80.8937
80.8937
80.8937
80.8937
80.8511
80.8511
80.8511
80.8068
80.8068
80.8068
80.8068
80.8068
80.2352
80.2352
80.2352
80.2352
80.2352
80.2352
80.2352
80.2347
80.2347
80.2347
80.2347
80.2347
80.2347
80.2347
80.2347
80.2347
80.2347
80.2347
80.2347
80.2347
80.2347
80.2347
80.1926
80.1926
80.1926
80.1926
80.1926
80.1926
80.1926
80.1926
80.1926
79.9386
79.9386
79.6753
79.6753
79.6753
79.6753
79.6753
79.6753
79.6753
79.6753
79.6753
79.6753
79.6753
79.6753
79.6753
79.6753
79.6753
79.6753
79.6753
79.6753
79.6753
79.6753
79.1958
79.1958
79.1958
79.1958
79.1958
79.1958
78.6037
78.6037
78.6037
78.6037
78.6037
78.6037
78.6037
78.6037
78.6037
78.5761
78.5761
78.5761
78.5761
78.5761
78.5761
78.5761
78.5761
78.5761
78.5761
78.5761
78.1442
78.1442
78.1442
78.1442
78.0777
78.0777
78.0777
78.0777
78.0777
78.0777
78.0777
77.4537
77.4537
77.4537
77.4537
77.4537
77.4537
77.4537
77.4537
77.4537
77.4537
77.4537
77.4537
77.4537
77.4537
77.4127
77.4127
77.4127
77.4127
77.4127
77.4127
77.4127
77.4127
77.4127
77.4127
77.4127
77.4127
77.4127
76.76
76.76
76.76
76.76
76.76
76.76
76.76
76.76
76.76
76.76
76.76
76.76
76.76
76.76
76.76
76.76
76.76
76.76
76.76
76.76
76.76
76.76
76.76
76.76
76.76
76.76
76.76
76.76
76.76
76.76
76.76
76.76
76.76
76.76
76.76
76.76
76.76
76.76
76.76
76.76
76.76
76.76
76.76
76.76
76.76
76.76
76.76
76.4058
76.4058
76.4058
76.4058
76.4058
76.4058
76.4058
76.4058
76.4058
76.4058
76.4058
76.4058
76.4058
76.4058
76.4058
76.4058
76.4058
76.4058
76.4058
76.4058
76.4058
76.4058
76.4058
76.4058
76.4058
75.787
75.787
75.787
75.787
75.787
75.787
75.787
75.787
75.787
75.787
75.787
75.787
75.787
75.787
75.787
75.787
75.787
75.787
75.787
75.787
75.787
75.787
75.787
75.787
75.787
75.787
75.787
75.7314
75.7314
75.6678
75.6678
75.6678
75.6678
75.226
75.226
75.226
75.226
75.226
75.226
75.226
75.226
75.226
75.226
75.226
75.226
75.226
75.226
75.226
75.226
75.226
75.226
75.2201
75.2201
75.2201
75.2201
75.2201
75.2201
75.2201
75.2201
75.2201
75.2201
75.2201
75.2201
75.2201
75.2201
75.2201
75.2201
75.2201
75.2201
75.2201
75.2201
75.2201
75.0681
75.0681
75.0681
75.0681
75.0681
75.0681
75.0236
75.0236
75.0236
75.0236
75.0236
75.0236
75.0236
75.0236
75.0056
75.0056
75.0056
74.9836
74.9836
74.9836
74.9836
74.9836
74.9836
74.9836
74.9836
74.9836
74.9836
74.9836
74.9836
74.9836
74.9836
74.9836
74.9836
74.9836
74.9836
74.9836
74.9836
74.9836
74.9836
74.9836
74.9007
74.9007
74.9007
74.9007
74.9007
74.9007
74.9007
74.9007
74.9007
74.9007
74.9007
74.9007
74.9007
74.9007
74.9007
74.9007
74.9007
74.9007
74.9007
74.9007
74.9007
74.9007
74.9007
74.9007
74.9007
74.9007
74.9007
74.9007
74.9007
74.9007
74.9007
74.9007
74.9007
74.9007
74.9007
74.9007
74.9007
74.9007
74.9007
74.9007
74.9007
74.7763
74.7763
74.7763
74.7763
74.7763
74.7763
74.7763
74.7763
74.7763
74.7763
74.7763
74.7763
74.7763
74.7763
74.7763
74.7763
74.7763
74.7763
74.7763
74.7763
74.7763
74.7763
74.7763
74.7763
74.7763
74.7763
74.7763
74.7763
74.7763
74.7763
74.7763
74.7763
74.7763
74.7763
74.7763
74.7763
74.7763
74.7763
74.7763
74.7763
74.7763
74.7763
74.7763
74.7763
74.7763
74.7763
74.7763
74.7763
74.7763
74.7763
74.7763
74.7763
74.7763
74.7763
74.7763
74.7763
74.7763
74.7763
74.7763
74.7763
74.7763
74.3844
74.3844
74.3844
74.3844
74.3844
74.3844
74.3844
74.3844
74.3844
74.3844
74.3844
74.3844
74.3844
74.3844
74.3844
74.3844
74.3844
74.3844
74.3844
74.3844
74.3844
74.3844
74.3844
74.3844
74.3844
74.3844
74.3844
74.3844
74.3844
74.3844
74.3844
74.3844
74.3844
74.3844
74.3844
74.3844
74.3844
74.3844
74.3844
74.3844
74.3844
74.3844
73.9082
73.9082
73.9082
73.9082
73.9082
73.9082
73.9082
73.9082
73.9082
73.9082
73.9082
73.9082
73.9082
73.9082
73.9082
73.9082
73.9082
73.9082
73.9082
73.9082
73.9082
73.9082
73.9082
73.9082
73.9082
73.9082
73.9082
73.9082
73.9082
73.9082
73.9082
73.9082
73.9082
73.9082
73.9082
73.9082
73.9082
73.9082
73.9082
73.9082
73.9082
73.9082
73.9082
73.9082
73.9082
73.9082
73.9082
73.9082
73.9082
73.9082
73.9082
73.9082
73.9082
73.9082
73.9082
73.9082
73.9082
73.9082
73.9082
73.9082
73.9082
73.9082
73.9082
73.9082
73.9082
73.9082
73.9082
73.9082
73.9082
73.9082
73.9082
73.9082
73.9082
73.9082
73.9082
73.9082
73.9082
73.7872
73.7872
73.7872
73.7872
73.7872
73.7872
73.7872
73.7872
73.7872
73.7872
73.7872
73.7872
73.7872
73.7872
73.7872
73.7872
73.7872
73.7872
73.7872
73.7872
73.7872
73.7872
73.7872
73.7872
73.7872
73.7872
73.7872
73.7872
73.7872
73.7872
73.7872
73.7872
73.7872
73.7872
73.7872
73.7872
73.7872
73.7872
73.7872
73.7872
73.7872
73.7872
73.7872
73.7872
73.7872
73.7872
73.7872
73.329
73.329
73.329
73.329
73.329
73.329
73.329
73.329
73.329
73.329
73.329
73.329
73.329
73.329
73.329
73.329
73.329
73.329
73.329
73.329
73.329
73.329
73.329
73.329
73.329
73.329
73.329
73.329
73.329
73.329
73.329
73.329
73.329
73.329
73.1397
73.1397
73.1397
73.1397
73.1397
73.1397
73.1397
73.1397
73.1397
73.1397
73.1397
73.1397
73.1397
73.1397
73.1397
73.1397
73.1397
73.1397
73.1397
73.1397
73.1397
73.1397
73.1397
73.1397
73.1397
73.1397
73.1397
73.1397
73.1397
73.1397
73.1397
73.1397
73.1397
73.1397
73.1397
73.1397
73.1397
73.1397
73.1397
73.1397
73.1397
73.1397
73.1397
73.1397
73.1397
73.1397
73.1397
73.1397
73.1397
73.1397
73.1397
73.1397
73.1397
73.1397
73.1397
73.1397
73.1397
73.1397
73.1397
73.1397
73.1397
73.1397
73.1397
73.1397
73.1397
73.1397
73.1397
73.0594
73.0594
73.0594
73.0594
73.0594
73.0594
73.0594
72.9957
72.9957
72.9957
72.9957
72.9957
72.9957
72.9957
72.9957
72.9957
72.9957
72.9957
72.9957
72.9957
72.9418
72.9418
72.9418
72.9418
72.8584
72.8584
72.8584
72.8584
72.8584
72.8584
72.8584
72.8584
72.8584
72.8584
72.8584
72.7885
72.7885
72.7885
72.7885
72.7885
72.7885
72.7885
72.7885
72.7885
72.7885
72.7885
72.7885
72.7885
72.7885
72.7885
72.7885
72.7885
72.7885
72.7885
72.7885
72.7885
72.7885
72.7885
72.7885
72.7885
72.7885
72.7885
72.7885
72.7885
72.7885
72.7885
72.7885
72.1534
72.1534
72.1534
72.1534
72.1534
72.1534
72.1534
72.1534
72.1534
72.1534
72.1534
72.1534
72.1534
72.1534
72.1534
72.1534
72.1534
72.1272
72.1272
72.1272
72.1272
72.1272
72.1272
72.1272
72.1272
72.1272
72.1272
72.1272
72.1272
72.1272
72.1272
72.1272
72.1272
72.1272
72.1272
72.1272
72.1272
72.1272
72.1272
72.1272
72.1272
72.1272
72.1272
72.1272
72.0565
72.0565
72.0565
72.0565
72.0565
72.0565
72.0565
72.0565
72.0565
72.0565
72.0565
72.0565
72.0565
72.0565
72.0565
72.0565
72.0565
72.0565
72.0565
71.9828
71.9828
71.9828
71.9828
71.9828
71.9828
71.9828
71.9828
71.9828
71.9828
71.9828
71.9828
71.9828
71.9828
71.9828
71.9828
71.9828
71.9828
71.9828
71.9828
71.9828
71.9828
71.9828
71.9828
71.9828
71.9828
71.9828
71.9828
71.9828
71.9828
71.9828
71.9828
71.9828
71.9828
71.9828
71.9828
71.9828
71.9828
71.9828
71.9828
71.9828
71.6473
71.6473
71.6292
71.6292
71.6292
71.6292
71.6292
71.6292
71.6292
71.6292
71.6292
71.6292
71.6292
71.6292
71.6292
71.6292
71.6292
71.6292
71.6292
71.6292
71.6292
71.6292
71.6292
71.6292
71.6292
71.6292
71.6292
71.6292
71.6292
71.6292
71.6292
71.6292
71.6292
71.6292
71.6292
71.6292
71.6292
71.6292
71.6292
71.6292
71.6292
71.6292
71.6292
71.6292
71.6292
71.6292
71.6292
71.6292
71.6292
71.6292
71.6292
71.6292
71.6292
71.6292
71.6292
71.6292
71.6292
71.6292
71.6292
71.6292
71.6292
71.6292
71.6292
71.6292
71.6292
71.6292
71.6292
71.6292
71.6292
71.6292
71.6292
71.6292
71.6292
71.6292
71.6292
71.6292
71.6292
71.6292
71.6292
71.6292
71.6292
71.6292
71.6292
71.6292
71.6292
71.6292
71.6292
71.6292
71.6292
71.6292
71.6292
71.6292
71.6292
71.6292
71.6292
71.6292
71.6292
71.6292
71.6292
71.6292
71.6292
71.6292
71.6292
71.6292
71.6292
71.6292
71.6292
71.6292
71.6292
71.6292
71.6292
71.6292
71.6292
71.6292
71.6292
71.6292
71.6292
71.6292
71.6292
71.6292
71.6292
71.6292
71.6292
71.6292
71.6292
71.6292
71.6292
71.6292
71.6292
71.6292
71.6292
71.6292
71.6292
71.6292
71.6292
71.6292
71.6292
71.6292
71.6292
71.6292
71.6292
71.6292
71.6292
71.6292
71.6292
71.6292
71.6292
71.6292
71.6292
71.6292
71.6292
71.6292
71.6292
71.6292
71.6292
71.6292
71.6292
71.6292
71.6292
71.6292
71.6292
71.6292
71.6292
71.6292
71.6292
71.6292
71.6292
71.6292
71.6292
71.6292
71.6292
71.6292
71.6292
71.6292
71.6292
71.6292
71.6292
71.6292
71.6292
71.6292
71.49
71.49
71.49
71.49
71.49
71.49
71.49
71.49
71.49
71.49
71.49
71.49
71.49
71.49
71.49
71.49
71.49
71.4051
71.4051
71.4051
71.4051
71.4051
71.4051
71.4051
71.4051
71.4051
71.4051
71.4051
71.4051
71.4051
71.4051
71.4051
71.4051
71.4051
71.4051
71.4051
71.4051
71.4051
71.4051
71.4051
71.4051
71.4051
71.4051
71.4051
71.4051
71.4051
71.4051
71.4051
71.4051
71.4051
71.4051
71.4051
71.4051
71.4051
71.4051
71.4051
71.4051
71.4051
71.4051
71.4051
71.4051
71.4051
71.4051
71.4051
71.4051
71.4051
71.4051
71.4051
71.4051
71.4051
71.4051
71.2158
71.2158
71.2158
71.2158
71.2158
71.2158
71.2158
71.2158
71.2158
71.2158
71.2158
71.2158
71.2158
71.2158
71.2158
71.2158
71.2158
71.2158
71.2158
71.2158
71.2158
71.2158
71.2158
71.2158
71.2158
71.2158
71.2158
71.2158
71.2158
71.2158
71.2158
71.2158
71.2158
71.2158
71.2158
71.2158
71.2158
71.2158
71.2158
71.2158
71.2158
71.2158
71.2158
71.2158
71.2158
71.2158
71.2158
71.2158
71.2158
71.2158
71.2158
71.2158
71.2158
71.2158
71.2158
71.2158
71.2158
71.2158
71.2158
71.2158
71.2158
71.2158
71.2158
71.2158
71.2158
71.2158
71.2158
71.2158
71.2158
71.2158
71.2158
71.2158
71.2158
71.2158
71.2158
71.2158
71.2158
71.2158
71.2158
71.2158
71.2158
71.2158
71.2158
71.2158
71.2158
71.2158
71.2158
71.2158
71.2158
71.2158
71.2158
71.2158
71.2158
71.2158
71.2158
71.2158
71.2158
71.2158
71.2158
71.2158
71.2158
71.2158
71.2158
71.2158
71.2158
71.2158
71.2158
71.2158
71.2158
71.2158
71.2158
71.2158
71.2158
71.2158
71.2158
71.2158
71.2158
71.2158
71.2158
71.2158
71.2158
71.2158
71.2158
71.2158
71.2158
71.2158
71.2158
71.2158
71.2158
71.2158
71.2158
71.2158
71.2158
71.2158
71.2158
71.2158
71.2158
71.2158
71.2158
71.2158
71.2158
71.2158
71.2158
71.2158
71.2158
71.2158
71.2158
71.2158
71.2158
71.2158
71.2158
71.2158
71.2158
71.2158
71.2158
71.2158
71.2158
71.2158
71.2158
71.2158
71.2158
71.2158
71.2158
71.2158
71.2158
71.2158
71.2158
71.2158
71.2158
71.2158
71.2158
71.2158
71.2158
71.2158
71.2158
71.2158
71.2158
71.2158
71.2158
71.2158
71.2158
71.2158
71.2158
71.2158
71.2158
71.2158
71.2158
71.2158
71.2158
71.2158
71.2158
71.2158
71.2158
71.2158
71.2158
71.2158
71.2158
71.2158
71.2158
71.2158
71.2158
71.2158
71.2158
71.2158
71.2158
71.2158
71.2158
71.2158
71.2158
71.2158
71.2158
71.2158
71.2158
71.2158
71.2158
71.2158
71.2158
71.2158
71.2158
71.2158
71.2158
71.2158
71.2158
71.2158
71.2158
71.2158
71.2158
71.2158
71.2158
71.2158
71.2158
71.2158
71.2158
71.2158
71.2158
71.2158
71.2158
71.2158
71.2158
71.2158
71.2158
71.2158
71.2158
71.2158
71.2158
71.2158
71.2158
71.2158
71.2158
71.2158
71.2158
71.2158
71.2158
71.2158
71.2158
71.2158
71.2158
71.2158
71.2158
71.2158
71.2158
71.2158
71.2158
71.2158
71.2158
71.2158
71.2158
71.2158
71.2158
71.2158
71.2158
71.2158
71.2158
71.2158
71.2158
71.2158
71.2158
71.2158
71.2158
71.2158
71.2158
71.2158
71.2158
71.2158
71.2158
71.2158
71.2158
71.2158
71.2158
71.2158
71.2158
71.2158
71.2158
71.2158
71.2158
71.2158
71.2158
71.2158
71.2158
71.2158
71.2158
71.2158
71.2158
71.2158
71.2158
71.2158
71.2158
71.2158
71.2158
71.2158
71.2158
71.2158
71.2158
71.2158
71.2158
71.2158
71.2158
71.2158
71.2158
71.2158
71.2158
71.2158
71.2158
71.2158
71.2158
71.2158
71.2158
71.2158
71.2158
71.2158
71.2158
71.2158
71.2158
71.2158
71.2158
71.2158
71.2158
71.2158
71.2158
71.2158
71.2158
71.2158
71.2158
71.2158
71.2158
71.2158
71.2158
71.2158
71.2158
71.2158
71.2158
71.2158
71.2158
71.2158
71.2158
71.2158
71.2158
71.2158
71.2158
71.2158
71.2158
71.2158
71.2158
71.2158
71.2158
71.2158
71.2158
71.2158
71.2158
71.2158
71.2158
71.2158
71.2158
71.2158
71.2158
71.2158
71.2158
71.2158
71.2158
71.2158
71.2158
71.2158
71.2158
71.2158
71.2158
71.2158
71.2158
71.2158
71.2158
71.2158
71.2158
71.2158
71.2158
71.2158
71.2158
71.2158
71.2158
71.2158
71.2158
71.2158
71.2158
71.2158
71.2158
71.2158
71.2158
71.2158
71.2158
71.2158
71.2158
71.2158
71.2158
71.2158
71.2158
71.2158
71.2158
71.2158
71.2158
71.2158
71.2158
71.2158
71.2158
71.2158
71.2158
71.2158
71.2158
71.2158
71.2158
71.2158
71.2158
71.2158
71.2158
71.2158
71.2158
71.2158
71.2158
71.2158
71.2158
71.2158
71.2158
71.2158
71.2158
71.2158
71.2158
71.2158
71.2158
71.2158
71.2158
71.2158
71.2158
71.2158
71.2158
71.2158
71.2158
71.2158
71.2158
71.2158
71.2158
71.2158
71.2158
71.2158
71.2158
71.2158
71.2158
71.2158
71.2158
71.2158
71.2158
71.2158
71.2158
71.2158
71.2158
71.2158
71.2158
71.2158
71.2158
71.2158
71.2158
71.1857
71.1857
70.9769
70.9769
70.9769
70.9769
70.9769
70.9769
70.9769
70.9769
70.9769
70.9769
70.9769
70.9769
70.9769
70.9769
70.9769
70.9769
70.9769
70.9769
70.9769
70.9769
70.9769
70.9769
70.9769
70.9769
70.9769
70.9769
70.9769
70.9769
70.9769
70.9769
70.9769
70.9769
70.9769
70.9769
70.9769
70.9769
70.9769
70.9769
70.9769
70.9769
70.9769
70.9769
70.9769
70.9769
70.9769
70.9769
70.9769
70.9769
70.9769
70.9769
70.9769
70.9769
70.9769
70.9769
70.9769
70.9769
70.9769
70.9769
70.9769
70.9769
70.9769
70.9769
70.9769
70.9769
70.9769
70.9769
70.9769
70.9769
70.9769
70.9769
70.9769
70.9769
70.9769
70.9769
70.9769
70.9769
70.9769
70.9769
70.9769
70.9769
70.9769
70.9769
70.9769
70.9769
70.9769
70.9769
70.9769
70.9769
70.9769
70.9769
70.9769
70.9769
70.9769
70.9769
70.9769
70.9769
70.9769
70.9769
70.9769
70.9769
70.9769
70.9769
70.9769
70.9769
70.9769
70.9769
70.9769
70.9769
70.9769
70.9769
70.9769
70.8813
70.8813
70.8813
70.8813
70.8813
70.8813
70.8813
70.8813
70.8813
70.8813
70.8813
70.8813
70.8813
70.8813
70.8813
70.8813
70.8813
70.8813
70.8813
70.8813
70.8813
70.8813
70.8813
70.8813
70.8813
70.8813
70.8813
70.8813
70.8813
70.8813
70.8813
70.8813
70.8813
70.8813
70.8813
70.8813
70.8813
70.8813
70.8813
70.8813
70.8813
70.8813
70.8813
70.8813
70.8813
70.8813
70.8813
70.8813
70.8813
70.8813
70.8813
70.8813
70.8813
70.8813
70.8813
70.8813
70.8813
70.8813
70.8813
70.8813
70.8813
70.8813
70.8813
70.8813
70.8813
70.8813
70.8813
70.8813
70.8813
70.8813
70.8813
70.8813
70.8813
70.8813
70.8813
70.8813
70.8813
70.8813
70.8813
70.8813
70.8813
70.8813
70.8813
70.8813
70.8813
70.8813
70.8813
70.8813
70.8813
70.8813
70.8813
70.8813
70.8813
70.8813
70.8813
70.8813
70.8813
70.8813
70.8813
70.8813
70.8813
70.8813
70.8813
70.8813
70.8813
70.8813
70.8813
70.8813
70.8813
70.8813
70.8813
70.8813
70.8813
70.8813
70.8813
70.8813
70.8813
70.8813
70.8813
70.8813
70.8813
70.8813
70.8813
70.8813
70.8813
70.8813
70.8813
70.8813
70.8813
70.8813
70.8813
70.8813
70.8813
70.8813
70.8813
70.8813
70.8813
70.8813
70.8813
70.8813
70.8813
70.8813
70.8813
70.8813
70.8813
70.8813
70.8813
70.8813
70.8813
70.8813
70.8813
70.8813
70.8813
70.8813
70.8813
70.8813
70.8813
70.8813
70.8813
70.8813
70.8813
70.8813
70.8813
70.8813
70.8813
70.8813
70.8813
70.8813
70.8813
70.8813
70.8813
70.8813
70.8813
70.8813
70.8813
70.8813
70.8813
70.8813
70.8813
70.8813
70.8813
70.8813
70.8813
70.8813
70.8813
70.8813
70.8813
70.8813
70.8813
70.8813
70.8813
70.8813
70.8813
70.8813
70.8813
70.8813
70.8813
70.8813
70.8813
70.8813
70.8813
70.8813
70.8813
70.8813
70.8813
70.8813
70.8813
70.8813
70.8813
70.8813
70.8813
70.8813
70.8813
70.8813
70.8813
70.8813
70.8813
70.8813
70.8813
70.8813
70.8813
70.8813
70.8813
70.8813
70.8813
70.8813
70.8813
70.8813
70.8813
70.8813
70.8813
70.8813
70.8813
70.8813
70.8813
70.8813
70.8813
70.8813
70.8813
70.8813
70.8813
70.8813
70.8813
70.8813
70.8813
70.8813
70.8813
70.8813
70.8813
70.8813
70.8813
70.8813
70.8813
70.8813
70.8813
70.8813
70.8813
70.8813
70.8813
70.8813
70.8813
70.8813
70.8813
70.8813
70.8813
70.8813
70.8813
70.8813
70.8813
70.8813
70.8813
70.8813
70.8813
70.8813
70.8813
70.8813
70.8813
70.8813
70.8813
70.8813
70.8813
70.8813
70.8813
70.8813
70.8813
70.8813
70.8813
70.8813
70.8813
70.8813
70.8813
70.8813
70.8813
70.8813
70.8813
70.8813
70.8813
70.8813
70.8813
70.8813
70.8521
70.8521
70.8521
70.8521
70.8521
70.8521
70.8521
70.8521
70.8521
70.8521
70.8521
70.8521
70.8521
70.8521
70.8521
70.8521
70.8521
70.8521
70.8521
70.8521
70.8521
70.8521
70.8521
70.8521
70.8521
70.8521
70.8521
70.8521
70.8521
70.8521
70.8521
70.8521
70.8521
70.8521
70.8521
70.8521
70.8521
70.8521
70.8521
70.8521
70.8521
70.8521
70.8521
70.8521
70.8521
70.8521
70.8521
70.8521
70.8521
70.8521
70.8521
70.8521
70.8521
70.8521
70.8521
70.8521
70.8521
70.8521
70.8521
70.8521
70.8521
70.8521
70.8521
70.8521
70.8521
70.8521
70.8521
70.8521
70.8521
70.8521
70.8521
70.8521
70.8521
70.8521
70.8521
70.8521
70.8521
70.8521
70.8521
70.8521
70.8521
70.8521
70.8521
70.8521
70.8521
70.8521
70.8521
70.8521
70.8521
70.8521
70.8521
70.8521
70.8521
70.8521
70.8521
70.8521
70.8521
70.8521
70.8521
70.8521
70.8521
70.8521
70.8521
70.8521
70.8521
70.8521
70.8521
70.8521
70.8521
70.8521
70.8521
70.8521
70.8521
70.8521
70.8521
70.8521
70.8521
70.8521
70.8521
70.8521
70.8521
70.8521
70.8521
70.8521
70.7996
70.7996
70.7996
70.7996
70.7996
70.7996
70.7996
70.7996
70.7996
70.7996
70.7996
70.7996
70.7996
70.7996
70.7996
70.7996
70.7996
70.7996
70.7996
70.7996
70.7996
70.7996
70.7996
70.7996
70.7996
70.7996
70.7996
70.7996
70.7996
70.7996
70.7996
70.7996
70.7996
70.7996
70.7996
70.7996
70.7996
70.7996
70.7996
70.7996
70.7996
70.7996
70.7996
70.7996
70.7996
70.7996
70.7996
70.7996
70.7996
70.7996
70.7996
70.7996
70.7996
70.7996
70.7996
70.7996
70.7996
70.7996
70.7996
70.7996
70.7996
70.7996
70.7996
70.7996
70.7996
70.7996
70.7996
70.7996
70.7996
70.7996
70.7996
70.7996
70.7996
70.7996
70.7996
70.7996
70.7996
70.7996
70.7996
70.7996
70.7996
70.7996
70.7772
70.7772
70.7772
70.7772
70.7772
70.7772
70.7772
70.7772
70.7772
70.7772
70.7772
70.7772
70.7772
70.7772
70.7772
70.7772
70.7772
70.7772
70.7772
70.7772
70.7772
70.7772
70.5556
70.5556
70.5556
70.5556
70.5556
70.5556
70.5556
70.5556
70.5556
70.5556
70.5556
70.5556
70.5556
70.5556
70.5556
70.5556
70.5556
70.3921
70.3921
70.3921
70.3921
70.3921
70.3921
70.3921
70.3921
70.3921
70.3921
70.3921
70.3921
70.3921
70.3921
70.3921
70.3921
70.3921
70.3921
70.3921
70.3921
70.3921
70.3921
70.3921
70.3921
70.3921
70.3921
70.3921
70.3921
70.3921
70.3921
70.3921
70.3921
70.3921
70.3921
70.3921
70.3921
70.3921
70.3921
70.3921
70.3921
70.3921
70.3921
70.3921
70.3921
70.3921
70.3921
70.3921
70.3921
70.3921
70.3921
70.3921
70.3921
70.3921
70.3921
70.3921
70.3921
70.3921
70.3921
70.3921
70.3921
70.3921
70.3921
70.3921
70.3921
70.3921
70.3921
70.3921
70.3921
70.3921
70.3921
70.3921
70.3921
70.3921
70.3921
70.3921
70.3921
70.3921
70.3921
70.3921
70.3921
70.3921
70.3921
70.3921
70.3921
70.3921
70.3921
70.3921
70.3921
70.3921
70.3921
70.3921
70.3921
70.3921
70.3921
70.3921
70.3921
70.3921
70.3921
70.3921
70.3921
70.3921
70.3921
70.3921
70.3921
70.3921
70.3921
70.3921
70.3921
70.3921
70.3921
70.3921
70.3921
70.3921
70.3921
70.3921
70.3921
70.3921
70.3921
70.3921
70.3921
70.3921
70.3921
70.3921
70.3921
70.3921
70.3921
70.3921
70.3921
70.3921
70.3921
70.3921
70.3921
70.3921
70.3921
70.3921
70.3921
70.3921
70.3921
70.3921
70.3921
70.3921
70.3921
70.3921
70.3921
70.3921
70.3921
70.3921
70.3921
70.3921
70.3921
70.3921
70.3921
70.3921
70.3921
70.3921
70.3921
70.3921
70.3921
70.3921
70.3921
70.3921
70.3921
70.3921
70.3921
70.3921
70.3921
70.3921
70.3921
70.3921
70.3921
70.3921
70.3921
70.3921
70.3921
70.3921
70.3921
70.3921
70.3921
70.3921
70.3921
70.3921
70.3921
70.3921
70.3921
70.3921
70.3921
70.3921
70.3921
70.3921
70.3921
70.3921
70.3921
70.3921
70.3921
70.3921
70.3921
70.3921
70.3921
70.3921
70.3921
70.3921
70.3921
70.3921
70.3921
70.3921
70.3921
70.3921
70.3921
70.3921
70.3921
70.3921
70.3921
70.3921
70.3921
70.3921
70.3921
70.3921
70.3921
70.3921
70.3729
70.3729
70.3729
70.3729
70.3729
70.3729
70.3729
70.3729
70.3729
70.3729
70.3729
70.3729
70.3729
70.3729
70.2076
70.2076
70.2076
70.2076
70.2076
70.2076
70.2076
70.2076
70.2076
70.2076
70.2076
70.2076
70.2076
70.2076
70.2076
70.2076
70.2076
70.2076
70.2076
70.2076
70.2076
70.2076
70.2076
70.2076
70.2076
70.2076
70.2076
70.2076
70.2076
70.2076
70.2076
70.2076
70.2076
70.2076
70.2076
70.2076
70.2076
70.2076
70.2076
70.2076
70.2076
70.2076
70.2076
70.2076
70.2076
70.2076
70.2076
70.2076
70.2076
70.2076
70.2076
70.2076
70.2076
70.2076
70.2076
70.2076
70.2076
70.2076
70.2076
70.2076
70.2076
70.2076
70.2076
70.2076
70.2076
70.2076
70.2076
70.2076
70.2076
70.2076
70.2076
70.2076
70.2076
70.2076
70.2076
70.2076
70.2076
70.2076
70.2076
70.2076
70.2076
70.2076
70.2076
70.2076
70.2076
70.2076
70.2076
70.2076
70.2076
70.2076
70.2076
70.2076
70.2076
70.2076
70.2076
70.2076
70.2076
70.2076
70.2076
70.2076
70.2076
70.2076
70.2076
70.2076
70.2076
70.2076
70.2076
70.2053
70.2053
70.2053
70.2053
70.2053
70.2053
70.2053
70.2053
70.2053
70.2053
70.2053
70.2053
70.2053
70.2053
70.2053
70.2053
70.2053
70.2053
70.2053
70.2053
70.2053
70.2053
70.2053
70.2053
70.2053
70.2053
70.2053
70.2053
70.2053
70.2053
70.2053
70.2053
70.2053
70.2053
70.2053
70.2053
70.2053
70.2053
70.2053
70.2053
70.2053
70.2053
70.2053
70.2053
70.2053
70.2053
70.2053
70.2053
70.2053
70.2053
70.2053
70.2053
70.2053
70.2053
70.2053
70.2053
70.2053
70.2053
70.2053
70.2053
70.2053
70.2053
70.2053
70.2053
70.2053
70.2053
70.2053
70.2053
70.2053
70.2053
70.2053
70.2053
70.2053
70.2053
70.2053
70.2053
70.2053
70.2053
70.0612
69.5717
69.5717
69.5717
69.4275
69.4275
69.4275
69.4275
69.4275
69.4275
69.4275
69.4275
69.4275
69.4275
69.4275
69.4275
69.4275
69.4275
69.4275
69.4275
69.4275
69.4275
69.4275
69.4275
69.4275
69.4275
69.4275
69.4275
69.4275
69.4275
69.4275
69.4275
69.4275
69.4275
69.4275
69.4275
69.4275
69.4275
69.4275
69.4275
69.4275
69.4275
69.4275
69.4275
69.4275
69.4275
69.4275
69.4275
69.4275
69.4275
69.4275
69.4275
69.4275
69.4275
69.4275
69.4275
69.4275
69.4275
69.4275
69.4275
69.4275
69.4275
69.4275
69.4275
69.4275
69.4275
69.4275
69.4275
69.4275
69.4275
69.4275
69.4275
69.4275
69.4275
69.4275
69.4275
69.4275
69.4275
69.4275
69.4275
69.4275
69.4275
69.4275
69.4275
69.4275
69.4275
69.4275
69.4275
69.4275
69.4275
69.4275
69.4275
69.4275
69.4275
69.4275
69.4275
69.4275
69.4275
69.4275
69.4275
69.4275
69.4275
69.4275
69.4275
69.4275
69.4275
69.4275
69.4275
69.4275
69.4275
69.4275
69.4275
69.4275
69.4275
69.4275
69.4275
69.4275
69.4275
69.4275
69.4275
69.4275
69.4275
69.4275
69.4275
69.4275
69.4275
69.4275
69.4275
69.4275
69.4275
69.4275
69.4275
69.4275
69.4275
69.4275
69.4275
69.4275
69.4275
69.4275
69.4275
69.4275
69.4275
69.4275
69.4275
69.4275
69.4275
69.4275
69.4275
69.4275
69.4275
69.4275
69.4275
69.4275
69.4275
69.4275
69.4275
69.4275
69.4275
69.4275
69.4275
69.4275
69.4275
69.4275
69.4275
69.4275
69.4275
69.4275
69.4275
69.4275
69.4275
69.4275
69.4275
69.4275
69.4275
69.4275
69.4275
69.4275
69.4275
69.4275
69.4275
69.4275
69.4275
69.4275
69.4275
69.4275
69.4275
69.4275
69.4275
69.4275
69.4275
69.4275
69.4275
69.4275
69.4275
69.4275
69.4275
69.4275
69.4275
69.4275
69.4275
69.4275
69.4275
69.4275
69.4275
69.4275
69.4275
69.4275
69.4275
69.4275
69.4275
69.4275
69.4275
69.4275
69.4275
69.4275
69.4275
69.4275
69.4275
69.4275
69.4275
69.4275
69.4275
69.4275
69.4275
69.4275
69.4275
69.4275
69.4275
69.4275
69.4275
69.4275
69.4275
69.4275
69.4275
69.4275
69.4275
69.4275
69.4275
69.4275
69.4275
69.4275
69.4275
69.4275
69.4275
69.4275
69.4275
69.4275
69.4275
69.4275
69.4275
69.4275
69.4275
69.4275
69.4275
69.4275
69.4275
69.4275
69.4275
69.4275
69.4275
69.4275
69.4275
69.4275
69.4275
69.4275
69.4275
69.4275
69.4275
69.4275
69.4275
69.4275
69.4275
69.4275
69.4275
69.4275
69.4275
69.4275
69.4275
69.4275
69.4275
69.4275
69.4275
69.4275
69.4275
69.4275
69.4275
69.4275
69.4275
69.4275
69.4275
69.4275
69.4275
69.4275
69.4275
69.4275
69.4275
69.4275
69.4275
69.4275
69.4275
69.4275
69.4275
69.4275
69.4275
69.4275
69.4275
69.4275
69.4275
69.4275
69.4275
69.4275
69.4275
69.4275
69.4275
69.4275
69.4275
69.4275
69.4275
69.4275
69.4275
69.4275
69.4275
69.4275
69.4275
69.4275
69.4275
69.4275
69.4275
69.4275
69.4275
69.4275
69.4275
69.4275
69.4275
69.4275
69.4275
69.4275
69.4275
69.4275
69.4275
69.4275
69.4275
69.4275
69.4275
69.4275
69.4275
69.4275
69.4275
69.4275
69.4275
69.4275
69.4275
69.4275
69.4275
69.4275
69.4275
69.4275
69.4275
69.4275
69.4275
69.4275
69.4275
69.4275
69.4275
69.4275
69.4275
69.4275
69.4275
69.4275
69.4275
69.4275
69.4275
69.4275
69.4275
69.4275
69.4275
69.4275
69.4275
69.4275
69.4275
69.4275
69.4275
69.4275
69.4275
69.4275
69.4275
69.4275
69.4275
69.4275
69.4275
69.4275
69.4275
69.4275
69.4275
69.4275
69.4275
69.4275
69.4275
69.4275
69.4275
69.4275
69.4275
69.4275
69.4275
69.4275
69.4275
69.4275
69.4275
69.4275
69.4275
69.4275
69.4275
69.4275
69.4275
69.4275
69.4275
69.4275
69.4275
69.4275
69.4275
69.4275
69.4275
69.4275
69.4275
69.4275
69.4275
69.4275
69.4275
69.4275
69.4275
69.4275
69.4275
69.4275
69.4275
69.4275
69.4275
69.4275
69.4275
69.4275
69.4275
69.4275
69.4275
69.4275
69.4275
69.4275
69.4275
69.4275
69.4275
69.4275
69.4275
69.4275
69.4275
69.4275
69.4275
69.4275
69.4275
69.4275
69.4275
69.4275
69.4275
69.4275
69.4275
69.4275
69.4275
69.4275
69.4275
69.4275
69.4275
69.4275
69.4275
69.4275
69.4275
69.4275
69.4275
69.4275
69.4275
69.4275
69.4275
69.4275
69.4275
69.4275
69.4275
69.4275
69.4275
69.4275
69.4275
69.4275
69.4275
69.4275
69.4275
69.4275
69.4275
69.4275
69.4275
69.4275
69.4275
69.4275
69.4275
69.4275
69.4275
69.4275
69.4275
69.4275
68.9049
68.9049
68.9049
68.9049
68.9049
68.9049
68.9049
68.9049
68.9049
68.9049
68.9049
68.9049
68.9049
68.9049
68.9049
68.9049
68.9049
68.9049
68.9049
68.9049
68.9049
68.9049
68.9049
68.9049
68.9049
68.9049
68.9049
68.9049
68.9049
68.9049
68.9049
68.9049
68.9049
68.9049
68.9049
68.9049
68.9049
68.9049
68.9049
68.9049
68.9049
68.9049
68.9049
68.9049
68.9049
68.9049
68.9049
68.9049
68.9049
68.9049
68.9049
68.9049
68.9049
68.9049
68.9049
68.9049
68.9049
68.9049
68.9049
68.9049
68.9049
68.9049
68.9049
68.9049
68.9049
68.9049
68.9049
68.9049
68.9049
68.9049
68.9049
68.9049
68.9049
68.9049
68.9049
68.9049
68.9049
68.9049
68.9049
68.9049
68.9049
68.9049
68.9049
68.9049
68.9049
68.9049
68.9049
68.9049
68.9049
68.9049
68.9049
68.9049
68.9049
68.9049
68.9049
68.9049
68.9049
68.9049
68.9049
68.9049
68.9049
68.9049
68.9049
68.9049
68.9049
68.9049
68.9049
68.9049
68.9049
68.9049
68.9049
68.9049
68.9049
68.9049
68.9049
68.9049
68.9049
68.9049
68.9049
68.9049
68.9049
68.9049
68.9049
68.9049
68.9049
68.9049
68.9049
68.9049
68.9049
68.9049
68.9049
68.9049
68.9049
68.9049
68.9049
68.9049
68.9049
68.9049
68.9049
68.9049
68.9049
68.9049
68.9049
68.9049
68.9049
68.9049
68.9049
68.9049
68.9049
68.9049
68.9049
68.9049
68.9049
68.9049
68.9049
68.9049
68.9049
68.9049
68.9049
68.9049
68.9049
68.9049
68.9049
68.9049
68.9049
68.9049
68.9049
68.9049
68.9049
68.9049
68.9049
68.9049
68.9049
68.9049
68.9049
68.9049
68.9049
68.9049
68.9049
68.9049
68.9049
68.9049
68.9049
68.9049
68.9049
68.9049
68.9049
68.9049
68.9049
68.9049
68.9049
68.9049
68.9049
68.9049
68.9049
68.9049
68.9049
68.9049
68.9049
68.9049
68.9049
68.9049
68.9049
68.9049
68.9049
68.9049
68.9049
68.9049
68.9049
68.9049
68.9049
68.9049
68.9049
68.9049
68.9049
68.9049
68.9049
68.9049
68.9049
68.9049
68.9049
68.9049
68.9049
68.9049
68.9049
68.9049
68.9049
68.9049
68.9049
68.9049
68.9049
68.9049
68.9049
68.9049
68.9049
68.9049
68.9049
68.9049
68.9049
68.9049
68.9049
68.9049
68.9049
68.9049
68.9049
68.9049
68.9049
68.9049
68.9049
68.9049
68.9049
68.9049
68.9049
68.9049
68.9049
68.9049
68.9049
68.9049
68.9049
68.9049
68.9049
68.9049
68.9049
68.9049
68.9049
68.9049
68.9049
68.9049
68.9049
68.9049
68.9049
68.9049
68.9049
68.9049
68.9049
68.9049
68.9049
68.9049
68.9049
68.9049
68.9049
68.9049
68.9049
68.9049
68.9049
68.9049
68.9049
68.9049
68.9049
68.9049
68.9049
68.9049
68.9049
68.9049
68.9049
68.9049
68.9049
68.9049
68.9049
68.9049
68.9049
68.9049
68.9049
68.9049
68.9049
68.9049
68.9049
68.9049
68.9049
68.9049
68.9049
68.9049
68.9049
68.9049
68.9049
68.9049
68.9049
68.9049
68.9049
68.9049
68.9049
68.9049
68.9049
68.9049
68.9049
68.9049
68.9049
68.9049
68.9049
68.9049
68.9049
68.9049
68.9049
68.9049
68.9049
68.9049
68.9049
68.9049
68.9049
68.9049
68.9049
68.9049
68.9049
68.9049
68.9049
68.9049
68.9049
68.9049
68.9049
68.9049
68.9049
68.9049
68.9049
68.9049
68.9049
68.9049
68.9049
68.9049
68.9049
68.9049
68.9049
68.9049
68.9049
68.9049
68.9049
68.9049
68.9049
68.9049
68.9049
68.9049
68.9049
68.9049
68.9049
68.9049
68.9049
68.9049
68.9049
68.9049
68.9049
68.9049
68.9049
68.9049
68.9049
68.9049
68.9049
68.9049
68.9049
68.9049
68.9049
68.9049
68.9049
68.9049
68.9049
68.9049
68.9049
68.9049
68.9049
68.9049
68.9049
68.9049
68.9049
68.9049
68.9049
68.9049
68.9049
68.9049
68.9049
68.9049
68.9049
68.9049
68.9049
68.9049
68.9049
68.9049
68.9049
68.9049
68.9049
68.9049
68.9049
68.9049
68.9049
68.9049
68.9049
68.9049
68.9049
68.9049
68.9049
68.9049
68.9049
68.9049
68.9049
68.9049
68.9049
68.9049
68.9049
68.9049
68.9049
68.9049
68.9049
68.9049
68.9049
68.9049
68.9049
68.9049
68.9049
68.9049
68.9049
68.9049
68.9049
68.9049
68.9049
68.9049
68.9049
68.9049
68.9049
68.9049
68.9049
68.9049
68.9049
68.9049
68.9049
68.9049
68.9049
68.9049
68.9049
68.9049
68.9049
68.9049
68.9049
68.9049
68.9049
68.9049
68.9049
68.9049
68.9049
68.9049
68.9049
68.9049
68.9049
68.9049
68.9049
68.9049
68.9049
68.9049
68.9049
68.9049
68.9049
68.9049
68.9049
68.9049
68.9049
68.9049
68.9049
68.9049
68.9049
68.9049
68.9049
68.9049
68.9049
68.9049
68.9049
68.9049
68.9049
68.9049
68.9049
68.9049
68.9049
68.9049
68.9049
68.9049
68.9049
68.9049
68.9049
68.9049
68.9049
68.9049
68.9049
68.9049
68.9049
68.9049
68.9049
68.9049
68.9049
68.9049
68.9049
68.9049
68.9049
68.9049
68.9049
68.9049
68.9049
68.9049
68.9049
68.9049
68.9049
68.9049
68.9049
68.9049
68.9049
68.9049
68.9049
68.9049
68.9049
68.9049
68.9049
68.9049
68.9049
68.9049
68.9049
68.9049
68.9049
68.9049
68.9049
68.9049
68.9049
68.9049
68.9049
68.9049
68.9049
68.9049
68.9049
68.9049
68.9049
68.9049
68.9049
68.9049
68.9049
68.9049
68.9049
68.9049
68.9049
68.9049
68.9049
68.9049
68.9049
68.9049
68.9049
68.9049
68.9049
68.9049
68.9049
68.9049
68.9049
68.9049
68.9049
68.9049
68.9049
68.9049
68.9049
68.9049
68.9049
68.9049
68.9049
68.9049
68.9049
68.9049
68.9049
68.9049
68.9049
68.9049
68.9049
68.9049
68.9049
68.9049
68.9049
68.9049
68.9049
68.9049
68.9049
68.9049
68.9049
68.9049
68.9049
68.9049
68.9049
68.9049
68.9049
68.9049
68.9049
68.9049
68.9049
68.9049
68.9049
68.9049
68.9049
68.9049
68.9049
68.9049
68.9049
68.9049
68.9049
68.9049
68.9049
68.9049
68.9049
68.9049
68.9049
68.9049
68.9049
68.9049
68.9049
68.9049
68.9049
68.9049
68.9049
68.9049
68.9049
68.9049
68.9049
68.9049
68.9049
68.9049
68.9049
68.9049
68.9049
68.9049
68.9049
68.9049
68.9049
68.9049
68.9049
68.9049
68.9049
68.9049
68.9049
68.9049
68.9049
68.9049
68.9049
68.9049
68.9049
68.9049
68.9049
68.9049
68.9049
68.9049
68.9049
68.9049
68.9049
68.9049
68.9049
68.9049
68.9049
68.9049
68.9049
68.9049
68.9049
68.9049
68.9049
68.9049
68.9049
68.9049
68.9049
68.9049
68.9049
68.9049
68.9049
68.9049
68.9049
68.9049
68.9049
68.9049
68.9049
68.9049
68.9049
68.9049
68.9049
68.9049
68.9049
68.9049
68.9049
68.9049
68.9049
68.9049
68.9049
68.9049
68.9049
68.9049
68.9049
68.9049
68.9049
68.9049
68.9049
68.9049
68.9049
68.9049
68.9049
68.9049
68.9049
68.9049
68.9049
68.9049
68.9049
68.9049
68.9049
68.9049
68.9049
68.9049
68.9049
68.9049
68.9049
68.9049
68.9049
68.9049
68.9049
68.9049
68.9049
68.9049
68.9049
68.9049
68.9049
68.9049
68.9049
68.9049
68.9049
68.9049
68.9049
68.9049
68.9049
68.9049
68.9049
68.9049
68.9049
68.9049
68.9049
68.9049
68.9049
68.9049
68.9049
68.9049
68.9049
68.9049
68.9049
68.9049
68.9049
68.9049
68.9049
68.9049
68.9049
68.9049
68.9049
68.9049
68.9049
68.9049
68.9049
68.9049
68.9049
68.9049
68.9049
68.9049
68.9049
68.9049
68.9049
68.9049
68.9049
68.9049
68.9049
68.9049
68.9049
68.9049
68.9049
68.9049
68.9049
68.9049
68.9049
68.9049
68.9049
68.9049
68.9049
68.9049
68.9049
68.9049
68.9049
68.9049
68.9049
68.9049
68.9049
68.9049
68.9049
68.9049
68.9049
68.9049
68.9049
68.9049
68.9049
68.9049
68.9049
68.9049
68.9049
68.9049
68.9049
68.9049
68.9049
68.9049
68.9049
68.9049
68.9049
68.9049
68.9049
68.9049
68.9049
68.9049
68.9049
68.9049
68.9049
68.9049
68.9049
68.9049
68.9049
68.9049
68.9049
68.9049
68.9049
68.9049
68.9049
68.9049
68.9049
68.9049
68.9049
68.9049
68.9049
68.9049
68.9049
68.9049
68.9049
68.9049
68.9049
68.9049
68.9049
68.9049
68.9049
68.9049
68.9049
68.9049
68.9049
68.9049
68.9049
68.9049
68.9049
68.9049
68.9049
68.9049
68.9049
68.9049
68.9049
68.9049
68.9049
68.9049
68.9049
68.9049
68.9049
68.9049
68.9049
68.9049
68.9049
68.9049
68.9049
68.9049
68.9049
68.9049
68.9049
68.9049
68.9049
68.9049
68.9049
68.9049
68.9049
68.9049
68.9049
68.9049
68.9049
68.9049
68.9049
68.9049
68.9049
68.9049
68.9049
68.9049
68.9049
68.9049
68.9049
68.9049
68.9049
68.9049
68.9049
68.9049
68.9049
68.9049
68.9049
68.9049
68.9049
68.9049
68.9049
68.9049
68.9049
68.9049
68.9049
68.9049
68.9049
68.9049
68.9049
68.9049
68.9049
68.9049
68.9049
68.9049
68.9049
68.9049
68.9049
68.9049
68.9049
68.9049
68.9049
68.9049
68.9049
68.9049
68.9049
68.9049
68.9049
68.9049
68.9049
68.9049
68.9049
68.9049
68.9049
68.9049
68.9049
68.9049
68.9049
68.9049
68.9049
68.9049
68.9049
68.9049
68.9049
68.9049
68.9049
68.9049
68.9049
68.9049
68.9049
68.9049
68.9049
68.9049
68.9049
68.9049
68.9049
68.9049
68.9049
68.9049
68.9049
68.9049
68.9049
68.9049
68.9049
68.9049
68.9049
68.9049
68.9049
68.9049
68.9049
68.9049
68.9049
68.9049
68.9049
68.9049
68.9049
68.9049
68.9049
68.9049
68.9049
68.9049
68.9049
68.9049
68.9049
68.9049
68.9049
68.9049
68.9049
68.9049
68.9049
68.9049
68.9049
68.9049
68.9049
68.9049
68.9049
68.9049
68.9049
68.9049
68.9049
68.9049
68.9049
68.9049
68.9049
68.9049
68.9049
68.9049
68.9049
68.9049
68.9049
68.9049
68.9049
68.9049
68.9049
68.9049
68.9049
68.9049
68.9049
68.9049
68.9049
68.9049
68.9049
68.9049
68.9049
68.9049
68.9049
68.9049
68.9049
68.9049
68.9049
68.9049
68.9049
68.9049
68.9049
68.9049
68.9049
68.9049
68.9049
68.9049
68.9049
68.9049
68.9049
68.9049
68.9049
68.9049
68.9049
68.9049
68.9049
68.9049
68.9049
68.9049
68.9049
68.9049
68.9049
68.9049
68.9049
68.9049
68.9049
68.9049
68.9049
68.9049
68.9049
68.9049
68.9049
68.9049
68.9049
68.9049
68.9049
68.9049
68.9049
68.9049
68.9049
68.9049
68.9049
68.9049
68.9049
68.9049
68.9049
68.9049
68.9049
68.9049
68.9049
68.9049
68.9049
68.9049
68.9049
68.9049
68.9049
68.9049
68.9049
68.9049
68.9049
68.9049
68.9049
68.9049
68.9049
68.9049
68.9049
68.9049
68.9049
68.9049
68.9049
68.9049
68.9049
68.9049
68.9049
68.9049
68.9049
68.9049
68.9049
68.9049
68.9049
68.9049
68.9049
68.9049
68.9049
68.9049
68.9049
68.9049
68.9049
68.9049
68.9049
68.9049
68.9049
68.9049
68.9049
68.9049
68.9049
68.9049
68.9049
68.9049
68.9049
68.9049
68.9049
68.9049
68.9049
68.9049
68.9049
68.9049
68.9049
68.9049
68.9049
68.9049
68.9049
68.9049
68.9049
68.9049
68.9049
68.9049
68.9049
68.9049
68.9049
68.9049
68.9049
68.9049
68.9049
68.9049
68.9049
68.9049
68.9049
68.9049
68.9049
68.9049
68.9049
68.9049
68.9049
68.9049
68.9049
68.9049
68.9049
68.9049
68.9049
68.9049
68.9049
68.9049
68.9049
68.9049
68.9049
68.9049
68.9049
68.9049
68.9049
68.9049
68.9049
68.9049
68.9049
68.9049
68.9049
68.9049
68.9049
68.9049
68.9049
68.9049
68.9049
68.9049
68.9049
68.9049
68.9049
68.9049
68.9049
68.9049
68.9049
68.9049
68.9049
68.9049
68.9049
68.9049
68.9049
68.9049
68.9049
68.9049
68.9049
68.9049
68.9049
68.9049
68.9049
68.9049
68.9049
68.9049
68.9049
68.9049
68.9049
68.9049
68.9049
68.9049
68.9049
68.9049
68.9049
68.9049
68.9049
68.9049
68.9049
68.9049
68.9049
68.9049
68.9049
68.9049
68.9049
68.9049
68.9049
68.9049
68.9049
68.9049
68.9049
68.9049
68.9049
68.9049
68.9049
68.9049
68.9049
68.9049
68.9049
68.9049
68.9049
68.9049
68.9049
68.9049
68.9049
68.9049
68.9049
68.9049
68.9049
68.9049
68.9049
68.9049
68.9049
68.9049
68.9049
68.9049
68.9049
68.9049
68.9049
68.9049
68.9049
68.9049
68.9049
68.9049
68.9049
68.9049
68.9049
68.9049
68.9049
68.9049
68.9049
68.9049
68.9049
68.9049
68.9049
68.9049
68.9049
68.9049
68.9049
68.9049
68.9049
68.9049
68.9049
68.9049
68.9049
68.9049
68.9049
68.9049
68.9049
68.9049
68.9049
68.9049
68.9049
68.9049
68.9049
68.9049
68.9049
68.9049
68.9049
68.9049
68.9049
68.9049
68.9049
68.9049
68.9049
68.9049
68.9049
68.9049
68.9049
68.9049
68.9049
68.9049
68.9049
68.9049
68.9049
68.9049
68.9049
68.9049
68.9049
68.9049
68.9049
68.9049
68.9049
68.9049
68.9049
68.9049
68.9049
68.9049
68.9049
68.9049
68.9049
68.9049
68.9049
68.9049
68.9049
68.9049
68.9049
68.9049
68.9049
68.9049
68.9049
68.9049
68.9049
68.9049
68.9049
68.9049
68.9049
68.9049
68.9049
68.9049
68.9049
68.9049
68.9049
68.9049
68.9049
68.9049
68.9049
68.9049
68.9049
68.9049
68.9049
68.9049
68.9049
68.9049
68.9049
68.9049
68.9049
68.9049
68.9049
68.9049
68.9049
68.9049
68.9049
68.9049
68.9049
68.9049
68.9049
68.9049
68.9049
68.9049
68.9049
68.9049
68.9049
68.9049
68.9049
68.9049
68.9049
68.9049
68.9049
68.9049
68.9049
68.9049
68.9049
68.9049
68.9049
68.9049
68.9049
68.9049
68.9049
68.9049
68.9049
68.9049
68.9049
68.9049
68.9049
68.9049
68.9049
68.9049
68.9049
68.9049
68.9049
68.9049
68.9049
68.9049
68.9049
68.9049
68.9049
68.9049
68.9049
68.9049
68.9049
68.9049
68.9049
68.9049
68.9049
68.9049
68.9049
68.9049
68.9049
68.9049
68.9049
68.9049
68.9049
68.9049
68.9049
68.9049
68.9049
68.9049
68.9049
68.9049
68.9049
68.9049
68.9049
68.9049
68.9049
68.9049
68.9049
68.9049
68.9049
68.9049
68.9049
68.9049
68.9049
68.9049
68.9049
68.9049
68.9049
68.9049
68.9049
68.9049
68.9049
68.9049
68.9049
68.9049
68.9049
68.9049
68.9049
68.9049
68.9049
68.9049
68.9049
68.9049
68.9049
68.9049
68.9049
68.9049
68.9049
68.9049
68.9049
68.9049
68.9049
68.9049
68.9049
68.9049
68.9049
68.9049
68.9049
68.9049
68.9049
68.9049
68.9049
68.9049
68.9049
68.9049
68.9049
68.9049
68.9049
68.9049
68.9049
68.9049
68.9049
68.9049
68.9049
68.9049
68.9049
68.9049
68.9049
68.9049
68.9049
68.9049
68.9049
68.9049
68.9049
68.9049
68.9049
68.9049
68.9049
68.9049
68.9049
68.9049
68.9049
68.9049
68.9049
68.9049
68.9049
68.9049
68.9049
68.9049
68.9049
68.9049
68.9049
68.9049
68.9049
68.9049
68.9049
68.9049
68.9049
68.9049
68.9049
68.9049
68.9049
68.9049
68.9049
68.9049
68.9049
68.9049
68.9049
68.9049
68.9049
68.9049
68.9049
68.9049
68.9049
68.9049
68.9049
68.9049
68.9049
68.9049
68.9049
68.9049
68.9049
68.9049
68.9049
68.9049
68.9049
68.9049
68.9049
68.9049
68.9049
68.9049
68.9049
68.9049
68.9049
68.9049
68.9049
68.9049
68.9049
68.9049
68.9049
68.9049
68.9049
68.9049
68.9049
68.9049
68.9049
68.9049
68.9049
68.9049
68.9049
68.9049
68.9049
68.9049
68.9049
68.9049
68.9049
68.9049
68.9049
68.9049
68.9049
68.9049
68.9049
68.9049
68.9049
68.9049
68.9049
68.9049
68.9049
68.9049
68.9049
68.9049
68.9049
68.9049
68.9049
68.9049
68.9049
68.9049
68.9049
68.9049
68.9049
68.9049
68.9049
68.9049
68.9049
68.9049
68.9049
68.9049
68.9049
68.9049
68.9049
68.9049
68.9049
68.9049
68.9049
68.9049
68.9049
68.9049
68.9049
68.9049
68.9049
68.9049
68.9049
68.9049
68.9049
68.9049
68.9049
68.9049
68.9049
68.9049
68.9049
68.9049
68.9049
68.9049
68.9049
68.9049
68.9049
68.9049
68.9049
68.9049
68.9049
68.9049
68.9049
68.9049
68.9049
68.9049
68.9049
68.9049
68.9049
68.9049
68.9049
68.9049
68.9049
68.9049
68.9049
68.9049
68.9049
68.9049
68.9049
68.9049
68.9049
68.9049
68.9049
68.9049
68.9049
68.9049
68.9049
68.9049
68.9049
68.9049
68.9049
68.9049
68.9049
68.9049
68.9049
68.9049
68.9049
68.9049
68.9049
68.9049
68.9049
68.9049
68.9049
68.9049
68.9049
68.9049
68.9049
68.9049
68.9049
68.9049
68.9049
68.9049
68.9049
68.9049
68.9049
68.9049
68.9049
68.9049
68.9049
68.9049
68.9049
68.9049
68.9049
68.9049
68.9049
68.9049
68.9049
68.9049
68.9049
68.9049
68.9049
68.9049
68.9049
68.9049
68.9049
68.9049
68.9049
68.9049
68.9049
68.9049
68.9049
68.9049
68.9049
68.9049
68.9049
68.9049
68.9049
68.9049
68.9049
68.9049
68.9049
68.9049
68.9049
68.9049
68.9049
68.9049
68.9049
68.9049
68.9049
68.9049
68.9049
68.9049
68.9049
68.9049
68.9049
68.9049
68.9049
68.9049
68.9049
68.9049
68.9049
68.9049
68.9049
68.9049
68.9049
68.9049
68.9049
68.9049
68.9049
68.9049
68.9049
68.9049
68.9049
68.9049
68.9049
68.9049
68.9049
68.9049
68.9049
68.9049
68.9049
68.9049
68.9049
68.9049
68.9049
68.9049
68.9049
68.9049
68.9049
68.9049
68.9049
68.9049
68.9049
68.9049
68.9049
68.9049
68.9049
68.9049
68.9049
68.9049
68.9049
68.9049
68.9049
68.9049
68.9049
68.9049
68.9049
68.9049
68.9049
68.9049
68.9049
68.9049
68.9049
68.9049
68.9049
68.9049
68.9049
68.9049
68.9049
68.9049
68.9049
68.9049
68.9049
68.9049
68.9049
68.9049
68.9049
68.9049
68.9049
68.9049
68.9049
68.9049
68.9049
68.9049
68.9049
68.9049
68.9049
68.9049
68.9049
68.9049
68.9049
68.9049
68.9049
68.9049
68.9049
68.9049
68.9049
68.9049
68.9049
68.9049
68.9049
68.9049
68.9049
68.9049
68.9049
68.9049
68.9049
68.9049
68.9049
68.9049
68.9049
68.9049
68.9049
68.9049
68.9049
68.9049
68.9049
68.9049
68.9049
68.9049
68.9049
68.9049
68.9049
68.9049
68.9049
68.9049
68.9049
68.9049
68.9049
68.9049
68.9049
68.9049
68.9049
68.9049
68.9049
68.9049
68.9049
68.9049
68.9049
68.9049
68.9049
68.9049
68.9049
68.9049
68.9049
68.9049
68.9049
68.9049
68.9049
68.9049
68.9049
68.9049
68.9049
68.9049
68.9049
68.9049
68.9049
68.9049
68.9049
68.9049
68.9049
68.9049
68.9049
68.9049
68.9049
68.9049
68.9049
68.9049
68.9049
68.9049
68.9049
68.9049
68.9049
68.9049
68.9049
68.9049
68.9049
68.9049
68.9049
68.9049
68.9049
68.9049
68.9049
68.9049
68.9049
68.9049
68.9049
68.9049
68.9049
68.9049
68.9049
68.9049
68.9049
68.9049
68.9049
68.9049
68.9049
68.9049
68.9049
68.9049
68.9049
68.9049
68.9049
68.9049
68.9049
68.9049
68.9049
68.9049
68.9049
68.9049
68.9049
68.9049
68.9049
68.9049
68.9049
68.9049
68.9049
68.9049
68.9049
68.9049
68.9049
68.9049
68.9049
68.9049
68.9049
68.9049
68.9049
68.9049
68.9049
68.9049
68.9049
68.9049
68.9049
68.9049
68.9049
68.9049
68.9049
68.9049
68.9049
68.9049
68.9049
68.9049
68.9049
68.9049
68.9049
68.9049
68.9049
68.9049
68.9049
68.9049
68.9049
68.9049
68.9049
68.9049
68.9049
68.9049
68.9049
68.9049
68.9049
68.9049
68.9049
68.9049
68.9049
68.9049
68.9049
68.9049
68.9049
68.9049
68.9049
68.9049
68.9049
68.9049
68.9049
68.9049
68.9049
68.9049
68.9049
68.9049
68.9049
68.9049
68.9049
68.9049
68.9049
68.9049
68.9049
68.9049
68.9049
68.9049
68.9049
68.9049
68.9049
68.9049
68.9049
68.9049
68.9049
68.9049
68.9049
68.9049
68.9049
68.9049
68.9049
68.9049
68.9049
68.9049
68.9049
68.9049
68.9049
68.9049
68.9049
68.9049
68.9049
68.9049
68.9049
68.9049
68.9049
68.9049
68.9049
68.9049
68.9049
68.9049
68.9049
68.9049
68.9049
68.9049
68.9049
68.9049
68.9049
68.9049
68.9049
68.9049
68.9049
68.9049
68.9049
68.9049
68.9049
68.9049
68.9049
68.9049
68.9049
68.9049
68.9049
68.9049
68.9049
68.9049
68.9049
68.9049
68.9049
68.9049
68.9049
68.9049
68.9049
68.9049
68.9049
68.9049
68.9049
68.9049
68.9049
68.9049
68.9049
68.9049
68.9049
68.9049
68.9049
68.9049
68.9049
68.9049
68.9049
68.9049
68.9049
68.9049
68.9049
68.9049
68.9049
68.9049
68.9049
68.9049
68.9049
68.9049
68.9049
68.9049
68.9049
68.9049
68.9049
68.9049
68.9049
68.9049
68.9049
68.9049
68.9049
68.9049
68.9049
68.9049
68.9049
68.9049
68.9049
68.9049
68.9049
68.9049
68.9049
68.9049
68.9049
68.9049
68.9049
68.9049
68.9049
68.9049
68.9049
68.9049
68.9049
68.9049
68.9049
68.9049
68.9049
68.9049
68.9049
68.9049
68.9049
68.9049
68.9049
68.9049
68.9049
68.9049
68.9049
68.9049
68.9049
68.9049
68.9049
68.9049
68.9049
68.9049
68.9049
68.9049
68.9049
68.9049
68.9049
68.9049
68.9049
68.9049
68.9049
68.9049
68.9049
68.9049
68.9049
68.9049
68.9049
68.9049
68.9049
68.9049
68.9049
68.9049
68.9049
68.9049
68.9049
68.9049
68.9049
68.9049
68.9049
68.9049
68.9049
68.9049
68.9049
68.9049
68.9049
68.9049
68.9049
68.9049
68.9049
68.9049
68.9049
68.9049
68.9049
68.9049
68.9049
68.9049
68.9049
68.9049
68.9049
68.9049
68.9049
68.9049
68.9049
68.9049
68.9049
68.9049
68.9049
68.9049
68.9049
68.9049
68.9049
68.9049
68.9049
68.9049
68.9049
68.9049
68.9049
68.9049
68.9049
68.9049
68.9049
68.9049
68.9049
68.9049
68.9049
68.9049
68.9049
68.9049
68.9049
68.9049
68.9049
68.9049
68.9049
68.9049
68.9049
68.9049
68.9049
68.9049
68.9049
68.9049
68.9049
68.9049
68.9049
68.9049
68.9049
68.9049
68.9049
68.9049
68.9049
68.9049
68.9049
68.9049
68.9049
68.9049
68.9049
68.9049
68.9049
68.9049
68.9049
68.9049
68.9049
68.9049
68.9049
68.9049
68.9049
68.9049
68.9049
68.9049
68.9049
68.9049
68.9049
68.9049
68.9049
68.9049
68.9049
68.9049
68.9049
68.9049
68.9049
68.9049
68.9049
68.9049
68.9049
68.9049
68.9049
68.9049
68.9049
68.9049
68.9049
68.9049
68.9049
68.9049
68.9049
68.9049
68.9049
68.9049
68.9049
68.9049
68.9049
68.9049
68.9049
68.9049
68.9049
68.9049
68.9049
68.9049
68.9049
68.9049
68.9049
68.9049
68.9049
68.9049
68.9049
68.9049
68.9049
68.9049
68.9049
68.9049
68.9049
68.9049
68.9049
68.9049
68.9049
68.9049
68.9049
68.9049
68.9049
68.9049
68.9049
68.9049
68.9049
68.9049
68.9049
68.9049
68.9049
68.9049
68.9049
68.9049
68.9049
68.9049
68.9049
68.9049
68.9049
68.9049
68.9049
68.9049
68.9049
68.9049
68.9049
68.9049
68.9049
68.9049
68.9049
68.9049
68.9049
68.9049
68.9049
68.9049
68.9049
68.9049
68.9049
68.9049
68.9049
68.9049
68.9049
68.9049
68.9049
68.9049
68.9049
68.9049
68.9049
68.9049
68.9049
68.9049
68.9049
68.9049
68.9049
68.9049
68.9049
68.9049
68.9049
68.9049
68.9049
68.9049
68.9049
68.9049
68.9049
68.9049
68.9049
68.9049
68.9049
68.9049
68.9049
68.9049
68.9049
68.9049
68.9049
68.9049
68.9049
68.9049
68.9049
68.9049
68.9049
68.9049
68.9049
68.9049
68.9049
68.9049
68.9049
68.9049
68.9049
68.9049
68.9049
68.9049
68.9049
68.9049
68.9049
68.9049
68.9049
68.9049
68.9049
68.9049
68.9049
68.9049
68.9049
68.9049
68.9049
68.9049
68.9049
68.9049
68.9049
68.9049
68.9049
68.9049
68.9049
68.9049
68.9049
68.9049
68.9049
68.9049
68.9049
68.9049
68.9049
68.9049
68.9049
68.9049
68.9049
68.9049
68.9049
68.9049
68.9049
68.9049
68.9049
68.9049
68.9049
68.9049
68.9049
68.9049
68.9049
68.9049
68.9049
68.9049
68.9049
68.9049
68.9049
68.9049
68.9049
68.9049
68.9049
68.9049
68.9049
68.9049
68.9049
68.9049
68.9049
68.9049
68.9049
68.9049
68.9049
68.9049
68.9049
68.9049
68.9049
68.9049
68.9049
68.9049
68.9049
68.9049
68.9049
68.9049
68.9049
68.9049
68.9049
68.9049
68.9049
68.9049
68.9049
68.9049
68.9049
68.9049
68.9049
68.9049
68.9049
68.9049
68.9049
68.9049
68.9049
68.9049
68.9049
68.9049
68.9049
68.9049
68.9049
68.9049
68.9049
68.9049
68.9049
68.9049
68.9049
68.9049
68.9049
68.9049
68.9049
68.9049
68.9049
68.9049
68.9049
68.9049
68.9049
68.9049
68.9049
68.9049
68.9049
68.9049
68.9049
68.9049
68.9049
68.9049
68.9049
68.9049
68.9049
68.9049
68.9049
68.9049
68.9049
68.9049
68.9049
68.9049
68.9049
68.9049
68.9049
68.9049
68.9049
68.9049
68.9049
68.9049
68.9049
68.9049
68.9049
68.9049
68.9049
68.9049
68.9049
68.9049
68.9049
68.9049
68.9049
68.9049
68.9049
68.9049
68.9049
68.9049
68.9049
68.9049
68.9049
68.9049
68.9049
68.9049
68.9049
68.9049
68.9049
68.9049
68.9049
68.9049
68.9049
68.9049
68.9049
68.9049
68.9049
68.9049
68.9049
68.9049
68.9049
68.9049
68.9049
68.9049
68.9049
68.9049
68.9049
68.9049
68.9049
68.9049
68.9049
68.9049
68.9049
68.9049
68.9049
68.9049
68.9049
68.9049
68.9049
68.9049
68.9049
68.9049
68.9049
68.9049
68.9049
68.9049
68.9049
68.9049
68.9049
68.9049
68.9049
68.9049
68.9049
68.9049
68.9049
68.9049
68.9049
68.9049
68.9049
68.9049
68.9049
68.9049
68.9049
68.9049
68.9049
68.9049
68.9049
68.9049
68.9049
68.9049
68.9049
68.9049
68.9049
68.9049
68.9049
68.9049
68.9049
68.9049
68.9049
68.9049
68.9049
68.9049
68.9049
68.9049
68.9049
68.8755
68.8755
68.8755
68.8755
68.8755
68.8755
68.8755
68.8755
68.8755
68.8755
68.8755
68.8755
68.8755
68.8755
68.8755
68.8755
68.8755
68.8755
68.8755
68.8755
68.8755
68.8755
68.8755
68.8755
68.8755
68.8755
68.8755
68.8755
68.8755
68.8755
68.8755
68.8755
68.8755
68.8755
68.8755
68.8755
68.8755
68.8755
68.8755
68.8755
68.8755
68.8755
68.8755
68.8755
68.8755
68.8755
68.8755
68.8755
68.8755
68.8755
68.8755
68.8755
68.8755
68.8755
68.8755
68.8755
68.8755
68.8755
68.8755
68.8755
68.8755
68.8755
68.8755
68.8755
68.8755
68.8755
68.8755
68.8755
68.8755
68.8755
68.8755
68.8755
68.8755
68.8755
68.8755
68.8755
68.8755
68.8755
68.8755
68.8755
68.8755
68.8755
68.8755
68.8755
68.8755
68.8755
68.8755
68.8755
68.8755
68.8755
68.8755
68.8755
68.8755
68.8755
68.8755
68.8755
68.8755
68.8755
68.8755
68.8755
68.8755
68.8755
68.8755
68.8755
68.8755
68.8755
68.8755
68.8755
68.8755
68.8755
68.8755
68.8755
68.8755
68.8755
68.8755
68.8755
68.8755
68.8755
68.8755
68.8755
68.8755
68.8755
68.8755
68.8755
68.8755
68.8755
68.8755
68.8755
68.8755
68.8755
68.8755
68.8755
68.8755
68.8755
68.8755
68.8755
68.8755
68.8755
68.8755
68.8755
68.8755
68.8755
68.8755
68.8755
68.8755
68.8755
68.8755
68.8755
68.8755
68.8755
68.8755
68.8755
68.8755
68.8755
68.8755
68.8755
68.8755
68.8755
68.8755
68.8755
68.8755
68.8755
68.8755
68.8755
68.8755
68.8755
68.8755
68.8755
68.8755
68.8755
68.8755
68.8755
68.8755
68.8755
68.8755
68.8755
68.8755
68.8755
68.8755
68.8755
68.8755
68.8755
68.8755
68.8755
68.8755
68.8755
68.8755
68.8755
68.8755
68.8755
68.8755
68.8755
68.8755
68.8755
68.8755
68.8755
68.8755
68.8755
68.8755
68.8755
68.8755
68.8755
68.8755
68.8755
68.8755
68.8755
68.8755
68.8755
68.8755
68.8755
68.8755
68.8755
68.8755
68.8755
68.8755
68.8755
68.8755
68.8755
68.8755
68.8755
68.8755
68.8755
68.8755
68.8755
68.8755
68.8755
68.8755
68.8755
68.8755
68.8755
68.8755
68.8755
68.8755
68.8755
68.8755
68.8755
68.8755
68.8755
68.8755
68.8755
68.8755
68.8755
68.8755
68.8755
68.8755
68.8755
68.8755
68.8755
68.8755
68.8755
68.8755
68.8755
68.8755
68.8755
68.8755
68.8755
68.8755
68.8755
68.8755
68.8755
68.8755
68.8755
68.8755
68.8755
68.8755
68.8755
68.8755
68.8755
68.8755
68.8755
68.8755
68.8755
68.8755
68.8755
68.8755
68.8755
68.8755
68.8755
68.8755
68.8755
68.8755
68.8755
68.8755
68.8755
68.8755
68.8755
68.8755
68.8755
68.8755
68.8755
68.8755
68.8755
68.8755
68.8755
68.8755
68.8755
68.8755
68.8755
68.8755
68.8755
68.8755
68.8755
68.8755
68.8755
68.8755
68.8755
68.8755
68.8755
68.8755
68.8755
68.8755
68.8755
68.8755
68.8755
68.8755
68.8755
68.8755
68.8755
68.8755
68.8755
68.8755
68.8755
68.8755
68.8755
68.8755
68.8755
68.8755
68.8755
68.8755
68.8755
68.8755
68.8755
68.8755
68.8755
68.8755
68.8755
68.8755
68.8755
68.8755
68.8755
68.8755
68.8755
68.8755
68.8755
68.8755
68.8755
68.8755
68.8755
68.8755
68.8755
68.8755
68.8755
68.8755
68.8755
68.8755
68.8755
68.8755
68.8755
68.8755
68.8755
68.8755
68.8755
68.8755
68.8755
68.8755
68.8755
68.8755
68.8755
68.8755
68.8755
68.8755
68.8755
68.8755
68.8755
68.8755
68.8755
68.8755
68.8755
68.8755
68.8755
68.8755
68.8755
68.8755
68.8755
68.8755
68.8755
68.8755
68.8755
68.8755
68.8755
68.8755
68.8755
68.8755
68.8755
68.8755
68.8755
68.8755
68.8755
68.8755
68.8755
68.8755
68.8755
68.8755
68.8755
68.8755
68.8755
68.8755
68.8755
68.8755
68.8755
68.8755
68.8755
68.8755
68.8755
68.8755
68.8755
68.8755
68.8755
68.8755
68.8755
68.8755
68.8755
68.8755
68.8755
68.8755
68.8755
68.8755
68.8755
68.8755
68.8755
68.8755
68.8755
68.8755
68.8755
68.8755
68.8755
68.8755
68.8755
68.8755
68.8755
68.8755
68.8755
68.8755
68.8755
68.8755
68.8755
68.8755
68.8755
68.8755
68.8755
68.8755
68.8755
68.8755
68.8755
68.8755
68.8755
68.8755
68.8755
68.8755
68.8755
68.8755
68.8755
68.8755
68.8755
68.8755
68.8755
68.8755
68.8755
68.8755
68.8755
68.8755
68.8755
68.8755
68.8755
68.8755
68.8755
68.8755
68.8755
68.8755
68.8755
68.8755
68.8755
68.8755
68.8755
68.8755
68.8755
68.8755
68.8755
68.8755
68.8755
68.8755
68.8755
68.8755
68.8755
68.8755
68.8755
68.8755
68.8755
68.8755
68.8755
68.8755
68.8755
68.8755
68.8755
68.8755
68.8755
68.8755
68.8755
68.8755
68.8755
68.8755
68.8755
68.8755
68.8755
68.8755
68.8755
68.8755
68.8755
68.8755
68.8755
68.8755
68.8755
68.8755
68.8755
68.8755
68.8755
68.8755
68.8755
68.8755
68.8755
68.8755
68.8755
68.8755
68.8755
68.8755
68.8755
68.8755
68.8755
68.8755
68.8755
68.8755
68.8755
68.8755
68.8755
68.8755
68.8755
68.8755
68.8755
68.8755
68.8755
68.8755
68.8755
68.8755
68.8755
68.8755
68.8755
68.8755
68.8755
68.8755
68.8755
68.8755
68.8755
68.8755
68.8755
68.8755
68.8755
68.8755
68.8755
68.8755
68.8755
68.8755
68.8755
68.8755
68.8755
68.8755
68.8755
68.8755
68.8755
68.8755
68.8755
68.8755
68.8755
68.8755
68.8755
68.8755
68.8755
68.8755
68.8755
68.8755
68.8755
68.8755
68.8755
68.8755
68.8755
68.8755
68.8755
68.8755
68.8755
68.8755
68.8755
68.8755
68.8755
68.8755
68.8755
68.8755
68.8755
68.8755
68.8755
68.8755
68.8755
68.8755
68.8755
68.8755
68.8755
68.8755
68.8755
68.8755
68.8755
68.8755
68.8755
68.8755
68.8755
68.8755
68.8755
68.8755
68.8755
68.8755
68.8755
68.8755
68.8755
68.8755
68.8755
68.8755
68.8755
68.8755
68.8755
68.8755
68.8755
68.8755
68.8755
68.8755
68.8755
68.8755
68.8755
68.8755
68.8755
68.8755
68.8755
68.8755
68.8755
68.8755
68.8755
68.8755
68.8755
68.8755
68.8755
68.8755
68.8755
68.8755
68.8755
68.8755
68.8755
68.8755
68.8755
68.8755
68.8755
68.8755
68.8755
68.8755
68.8755
68.8755
68.8755
68.8755
68.8755
68.8755
68.8755
68.8755
68.8755
68.8755
68.8755
68.8755
68.8755
68.8755
68.8755
68.8755
68.8755
68.8755
68.8755
68.8755
68.8755
68.8755
68.8755
68.8755
68.8755
68.8755
68.8755
68.8755
68.8755
68.8755
68.8755
68.8755
68.8755
68.8755
68.8755
68.8755
68.8755
68.8755
68.8755
68.8755
68.8755
68.8755
68.8755
68.8755
68.8755
68.8755
68.8755
68.8755
68.8755
68.8755
68.8755
68.8755
68.8755
68.8755
68.8755
68.8755
68.8755
68.8755
68.8755
68.8755
68.8755
68.8755
68.8755
68.8755
68.8755
68.8755
68.8755
68.8755
68.8755
68.8755
68.8755
68.8755
68.8755
68.8755
68.8755
68.8755
68.8755
68.8755
68.8755
68.8755
68.8755
68.8755
68.8755
68.8755
68.8755
68.8755
68.8755
68.8755
68.8755
68.8755
68.8755
68.8755
68.8755
68.8755
68.8755
68.8755
68.8755
68.8755
68.8755
68.8755
68.8755
68.8755
68.8755
68.8755
68.8755
68.8755
68.8755
68.8755
68.8755
68.8755
68.8755
68.8755
68.8755
68.8755
68.8755
68.8755
68.8755
68.8755
68.8755
68.8755
68.8755
68.8755
68.8755
68.8755
68.8755
68.8755
68.8755
68.8755
68.8755
68.8755
68.8755
68.8755
68.8755
68.8755
68.8755
68.8755
68.8755
68.8755
68.8755
68.8755
68.8755
68.8755
68.8755
68.8755
68.8755
68.8755
68.8755
68.8755
68.8755
68.8755
68.8755
68.8755
68.8755
68.8755
68.8755
68.8755
68.8755
68.8755
68.8755
68.8755
68.8755
68.8755
68.8755
68.8755
68.8755
68.8755
68.8755
68.8755
68.8755
68.8755
68.8755
68.8755
68.8755
68.8755
68.8755
68.8755
68.8755
68.8755
68.8755
68.8755
68.8755
68.8755
68.8755
68.8755
68.8755
68.8755
68.8755
68.8755
68.8755
68.8755
68.8755
68.8755
68.8755
68.8755
68.8755
68.8755
68.8755
68.8755
68.8755
68.8755
68.8755
68.8755
68.8755
68.8755
68.8755
68.8755
68.8755
68.8755
68.8755
68.8755
68.8755
68.8755
68.8755
68.8755
68.8755
68.8755
68.8755
68.8755
68.8755
68.8755
68.8755
68.8755
68.8755
68.8755
68.8755
68.8755
68.8755
68.8755
68.8755
68.8755
68.8755
68.8755
68.8755
68.8755
68.8755
68.8755
68.8755
68.8755
68.8755
68.8755
68.8755
68.8755
68.8755
68.8755
68.8755
68.8755
68.8755
68.8755
68.8755
68.8755
68.8755
68.8755
68.8755
68.8755
68.8755
68.8755
68.8755
68.8755
68.8755
68.8755
68.8755
68.8755
68.8755
68.8755
68.8755
68.8755
68.8755
68.8755
68.8755
68.8755
68.8755
68.8755
68.8755
68.8755
68.8755
68.8755
68.8755
68.8755
68.8755
68.8755
68.8755
68.8755
68.8755
68.8755
68.8755
68.8755
68.8755
68.8755
68.8755
68.8755
68.8755
68.8755
68.8755
68.8755
68.8755
68.8755
68.8755
68.8755
68.8755
68.8755
68.8755
68.8755
68.8755
68.8755
68.8755
68.8755
68.8755
68.8755
68.8755
68.8755
68.8755
68.8755
68.8755
68.8755
68.8755
68.8755
68.8755
68.8755
68.8755
68.8755
68.8755
68.8755
68.8755
68.8755
68.8755
68.8755
68.8755
68.8755
68.8755
68.8755
68.8755
68.8755
68.8755
68.8755
68.8755
68.8755
68.8755
68.8755
68.8755
68.8755
68.8755
68.8755
68.8755
68.8755
68.8755
68.8755
68.8755
68.8755
68.8755
68.8755
68.8755
68.8755
68.8755
68.8755
68.8755
68.8755
68.8755
68.8755
68.8755
68.8755
68.8755
68.8755
68.8755
68.8755
68.8755
68.8755
68.8755
68.8755
68.8755
68.8755
68.8755
68.8755
68.8755
68.8755
68.8755
68.8755
68.8755
68.8755
68.8755
68.8755
68.8755
68.8755
68.8755
68.8755
68.8755
68.8755
68.8755
68.8755
68.8755
68.8755
68.8755
68.8755
68.8755
68.8755
68.8755
68.8755
68.8755
68.8755
68.8755
68.8755
68.8755
68.8755
68.8755
68.8755
68.8755
68.8755
68.8755
68.8755
68.8755
68.8755
68.8755
68.8755
68.8755
68.8755
68.8755
68.8755
68.8755
68.8755
68.8755
68.8755
68.8755
68.8755
68.8755
68.8755
68.8755
68.8755
68.8755
68.8755
68.8755
68.8755
68.8755
68.8755
68.8755
68.8755
68.8755
68.8755
68.8755
68.8755
68.8755
68.8755
68.8755
68.8755
68.8755
68.8755
68.8755
68.8755
68.8755
68.8755
68.8755
68.8755
68.8755
68.8755
68.8755
68.8755
68.8755
68.8755
68.8755
68.8755
68.8755
68.8755
68.8755
68.8755
68.8755
68.8755
68.8755
68.8755
68.8755
68.8755
68.8755
68.8755
68.8755
68.8755
68.8755
68.8755
68.8755
68.8755
68.8755
68.8755
68.8755
68.8755
68.8755
68.8755
68.8755
68.8755
68.8755
68.8755
68.8755
68.8755
68.8755
68.8755
68.8755
68.8755
68.8755
68.8755
68.8755
68.8755
68.8755
68.8755
68.8755
68.8755
68.8755
68.8755
68.8755
68.8755
68.8755
68.8755
68.8755
68.8755
68.8755
68.8755
68.8755
68.8755
68.8755
68.8755
68.8755
68.8755
68.8755
68.8755
68.8755
68.8755
68.8755
68.8755
68.8755
68.8755
68.8755
68.8755
68.8755
68.8755
68.8755
68.8755
68.8755
68.8755
68.8755
68.8755
68.8755
68.8755
68.8755
68.8755
68.8755
68.8755
68.8755
68.8755
68.8755
68.8755
68.8755
68.8755
68.8755
68.8755
68.8755
68.8755
68.8755
68.8755
68.8755
68.8755
68.8755
68.8755
68.8755
68.8755
68.8755
68.8755
68.8755
68.8755
68.8755
68.8755
68.8755
68.8755
68.8755
68.8755
68.8755
68.8755
68.8755
68.8755
68.8755
68.8755
68.8755
68.8755
68.8755
68.8755
68.8755
68.8755
68.8755
68.8755
68.8755
68.8755
68.8755
68.8755
68.8755
68.8755
68.8755
68.8755
68.8755
68.8755
68.8755
68.8755
68.8755
68.8755
68.8755
68.8755
68.8755
68.8755
68.8755
68.8755
68.8755
68.8755
68.8755
68.8755
68.8755
68.8755
68.8755
68.8755
68.8755
68.8755
68.8755
68.8755
68.8755
68.8755
68.8755
68.8755
68.8755
68.8755
68.8755
68.8755
68.8755
68.8755
68.8755
68.8755
68.8755
68.8755
68.8755
68.8755
68.8755
68.8755
68.8755
68.8755
68.8755
68.8755
68.8755
68.8755
68.8755
68.8755
68.8755
68.8755
68.8755
68.8755
68.8755
68.8755
68.8755
68.8755
68.8755
68.8755
68.8755
68.8755
68.8755
68.8755
68.8755
68.8755
68.8755
68.8755
68.8755
68.8755
68.8755
68.8755
68.8755
68.8755
68.8755
68.8755
68.8755
68.8755
68.8755
68.8755
68.8755
68.8755
68.8755
68.8755
68.8755
68.8755
68.8755
68.8755
68.8755
68.8755
68.8755
68.8755
68.8755
68.8755
68.8755
68.8755
68.8755
68.8755
68.8755
68.8755
68.8755
68.8755
68.8755
68.8755
68.8755
68.8755
68.8755
68.8755
68.8755
68.8755
68.8755
68.8755
68.8755
68.8755
68.8755
68.8755
68.8755
68.8755
68.8755
68.8755
68.8755
68.8755
68.8755
68.8755
68.8755
68.8755
68.8755
68.8755
68.8755
68.8755
68.8755
68.8755
68.8755
68.8755
68.8755
68.8755
68.8755
68.8755
68.8755
68.8755
68.8755
68.8755
68.8755
68.8755
68.8755
68.8755
68.8755
68.8755
68.8755
68.8755
68.8755
68.8755
68.8755
68.8755
68.8755
68.8755
68.8755
68.8755
68.8755
68.8755
68.8755
68.8755
68.8755
68.8755
68.8755
68.8755
68.8755
68.8755
68.8755
68.8755
68.8755
68.8755
68.8755
68.8755
68.8755
68.8755
68.8755
68.8755
68.8755
68.8755
68.8755
68.8755
68.8755
68.8755
68.8755
68.8755
68.8755
68.8755
68.8755
68.8755
68.8755
68.8755
68.8755
68.8755
68.8755
68.8755
68.8755
68.8755
68.8755
68.8755
68.8755
68.8755
68.8755
68.8755
68.8755
68.8755
68.8755
68.8755
68.8755
68.8755
68.8755
68.8755
68.8755
68.8755
68.8755
68.8755
68.8755
68.8755
68.8755
68.8755
68.8755
68.8755
68.8755
68.8755
68.8755
68.8755
68.8755
68.8755
68.8755
68.8755
68.8755
68.8755
68.8755
68.8755
68.8755
68.8755
68.8755
68.8755
68.8755
68.8755
68.8755
68.8755
68.8755
68.8755
68.8755
68.8755
68.8755
68.8755
68.8755
68.8755
68.8755
68.8755
68.8755
68.8755
68.8755
68.8755
68.8755
68.8755
68.8755
68.8755
68.8755
68.8755
68.8755
68.8755
68.8755
68.8755
68.8755
68.8755
68.8755
68.8755
68.8755
68.8755
68.8755
68.8755
68.8755
68.8755
68.8755
68.8755
68.8755
68.8755
68.8755
68.8755
68.8755
68.8755
68.8755
68.8755
68.8755
68.8755
68.8755
68.8755
68.8755
68.8755
68.8755
68.8755
68.8755
68.8755
68.8755
68.8755
68.8755
68.8755
68.8755
68.8755
68.8755
68.8755
68.8755
68.8755
68.8755
68.8755
68.8755
68.8755
68.8755
68.8755
68.8755
68.8755
68.8755
68.8755
68.8755
68.8755
68.8755
68.8755
68.8755
68.8755
68.8755
68.8755
68.8755
68.8755
68.8755
68.8755
68.8755
68.8755
68.8755
68.8755
68.8755
68.8755
68.8755
68.8755
68.8755
68.8755
68.8755
68.8755
68.8755
68.8755
68.8755
68.8755
68.8755
68.8755
68.8755
68.8755
68.8755
68.8755
68.8755
68.8755
68.8755
68.8755
68.8755
68.8755
68.8755
68.8755
68.8755
68.8755
68.8755
68.8755
68.8755
68.8755
68.8755
68.8755
68.8755
68.8755
68.8755
68.8755
68.8755
68.8755
68.8755
68.8755
68.8755
68.8755
68.8755
68.8755
68.8755
68.8755
68.8755
68.8755
68.8755
68.8755
68.8755
68.8755
68.8755
68.8755
68.8755
68.8755
68.8755
68.8755
68.8755
68.8755
68.8755
68.8755
68.8755
68.8755
68.8755
68.8755
68.8755
68.8755
68.8755
68.8755
68.8755
68.8755
68.8755
68.8755
68.8755
68.8755
68.8755
68.8755
68.8755
68.8755
68.8755
68.8755
68.8755
68.8755
68.8755
68.8755
68.8755
68.8755
68.8755
68.8755
68.8755
68.8755
68.8755
68.8755
68.8755
68.8755
68.8755
68.8755
68.8755
68.8755
68.8755
68.8755
68.8755
68.8755
68.8755
68.8755
68.8755
68.8755
68.8755
68.8755
68.8755
68.8755
68.8755
68.8755
68.8755
68.8755
68.8755
68.8755
68.8755
68.8755
68.8755
68.8755
68.8755
68.8755
68.8755
68.8755
68.8755
68.8755
68.8755
68.8755
68.8755
68.8755
68.8755
68.8755
68.8755
68.8755
68.8755
68.8755
68.8755
68.8755
68.8755
68.8755
68.8755
68.8755
68.8755
68.8755
68.8755
68.8755
68.8755
68.8755
68.8755
68.8755
68.8755
68.8755
68.8755
68.8755
68.8755
68.8755
68.8755
68.8755
68.8755
68.8755
68.8755
68.8755
68.8755
68.8755
68.8755
68.8755
68.8755
68.8755
68.8755
68.8755
68.8755
68.8755
68.8755
68.8755
68.8755
68.8755
68.8755
68.8755
68.8755
68.8755
68.8755
68.8755
68.8755
68.8755
68.8755
68.8755
68.8755
68.8755
68.8755
68.8755
68.8755
68.8755
68.8755
68.8755
68.8755
68.8755
68.8755
68.8755
68.8755
68.8755
68.8755
68.8755
68.8755
68.8755
68.8755
68.8755
68.8755
68.8755
68.8755
68.8755
68.8755
68.8755
68.8755
68.8755
68.8755
68.8755
68.8755
68.8755
68.8755
68.8755
68.8755
68.8755
68.8755
68.8755
68.8755
68.8755
68.8755
68.8755
68.8755
68.8755
68.8755
68.8755
68.8755
68.8755
68.8755
68.8755
68.8755
68.8755
68.8755
68.8755
68.8755
68.8755
68.8755
68.8755
68.8755
68.8755
68.8755
68.8755
68.8755
68.8755
68.8755
68.8755
68.8755
68.8755
68.8755
68.8755
68.8755
68.8755
68.8755
68.8755
68.8755
68.8755
68.8755
68.8755
68.8755
68.8755
68.8755
68.8755
68.8755
68.8755
68.8755
68.8755
68.8755
68.8755
68.8755
68.8755
68.8755
68.8755
68.8755
68.8755
68.8755
68.8755
68.8755
68.8755
68.8755
68.8755
68.8755
68.8755
68.8755
68.8755
68.8755
68.8755
68.8755
68.8755
68.8755
68.8755
68.8755
68.8755
68.8755
68.8755
68.8755
68.8755
68.8755
68.8755
68.8755
68.8755
68.8755
68.8755
68.8755
68.8755
68.8755
68.8755
68.8755
68.8755
68.8755
68.8755
68.8755
68.8755
68.8755
68.8755
68.8755
68.8755
68.8755
68.8755
68.8755
68.8755
68.8755
68.8755
68.8755
68.8755
68.8755
68.8755
68.8755
68.8755
68.8755
68.8755
68.8755
68.8755
68.8755
68.8755
68.8755
68.8755
68.8755
68.8755
68.8755
68.8755
68.8755
68.8755
68.8755
68.8755
68.8755
68.8755
68.8755
68.8755
68.8755
68.8755
68.8755
68.8755
68.8755
68.8755
68.8755
68.8755
68.8755
68.8755
68.8755
68.8755
68.8755
68.8755
68.8755
68.8755
68.8755
68.8755
68.8755
68.8755
68.8755
68.8755
68.8755
68.8755
68.8755
68.8755
68.8755
68.8755
68.8755
68.8755
68.8755
68.8755
68.8755
68.8755
68.8755
68.8755
68.8755
68.8755
68.8755
68.8755
68.8755
68.8755
68.8755
68.8755
68.8755
68.8755
68.8755
68.8755
68.8755
68.8755
68.8755
68.8755
68.8755
68.8755
68.8755
68.8755
68.8755
68.8755
68.8755
68.8755
68.8755
68.8755
68.8755
68.8755
68.8755
68.8755
68.8755
68.8755
68.8755
68.8755
68.8755
68.8755
68.8755
68.8755
68.8755
68.8755
68.8755
68.8755
68.8755
68.8755
68.8755
68.8755
68.8755
68.8755
68.8755
68.8755
68.8755
68.8755
68.8755
68.8755
68.8755
68.8755
68.8755
68.8755
68.8755
68.8755
68.8755
68.8755
68.8755
68.8755
68.8755
68.8755
68.8755
68.8755
68.8755
68.8755
68.8755
68.8755
68.8755
68.8755
68.8755
68.8755
68.8755
68.8755
68.8755
68.8755
68.8755
68.8755
68.8755
68.8755
68.8755
68.8755
68.8755
68.8755
68.8755
68.8755
68.8755
68.8755
68.8755
68.8755
68.8755
68.8755
68.8755
68.8755
68.8755
68.8755
68.8755
68.8755
68.8755
68.8755
68.8755
68.8755
68.8755
68.8755
68.8755
68.8755
68.8755
68.8755
68.8755
68.8755
68.8755
68.8755
68.8755
68.8755
68.8755
68.8755
68.8755
68.8755
68.8755
68.8755
68.8755
68.8755
68.8755
68.8755
68.8755
68.8755
68.8755
68.8755
68.8755
68.8755
68.8755
68.8755
68.8755
68.8755
68.8755
68.8755
68.8755
68.8755
68.8755
68.8755
68.8755
68.8755
68.8755
68.8755
68.8755
68.8755
68.8755
68.8755
68.8755
68.8755
68.8755
68.8755
68.8755
68.8755
68.8755
68.8755
68.8755
68.8755
68.8755
68.8755
68.8755
68.8755
68.8755
68.8755
68.8755
68.8755
68.8755
68.8755
68.8755
68.8755
68.8755
68.8755
68.8755
68.8755
68.8755
68.8755
68.8755
68.8755
68.8755
68.8755
68.8755
68.8755
68.8755
68.8755
68.8755
68.8755
68.8755
68.8755
68.8755
68.8755
68.8755
68.8755
68.8755
68.8755
68.8755
68.8755
68.8755
68.8755
68.8755
68.8755
68.8755
68.8755
68.8755
68.8755
68.8755
68.8755
68.8755
68.8755
68.8755
68.8755
68.8755
68.8755
68.8755
68.8755
68.8755
68.8755
68.8755
68.8755
68.8755
68.8755
68.8755
68.8755
68.8755
68.8755
68.8755
68.8755
68.8755
68.8755
68.8755
68.8755
68.8755
68.8755
68.8755
68.8755
68.8755
68.8755
68.8755
68.8755
68.8755
68.8755
68.8755
68.8755
68.8755
68.8755
68.8755
68.8755
68.8755
68.8755
68.8755
68.8755
68.8755
68.8755
68.8755
68.8755
68.8755
68.8755
68.8755
68.8755
68.8755
68.8755
68.8755
68.8755
68.8755
68.8755
68.8755
68.8755
68.8755
68.8755
68.8755
68.8755
68.8755
68.8755
68.8755
68.8755
68.8755
68.8755
68.8755
68.8755
68.8755
68.8755
68.8755
68.8755
68.8755
68.8755
68.8755
68.8755
68.8755
68.8755
68.8755
68.8755
68.8755
68.8755
68.8755
68.8755
68.8755
68.8755
68.8755
68.8755
68.8755
68.8755
68.8755
68.8755
68.8755
68.8755
68.8755
68.8755
68.8755
68.8755
68.8755
68.8755
68.8755
68.8755
68.8755
68.8755
68.8755
68.8755
68.8755
68.8755
68.8755
68.8755
68.8755
68.8755
68.8755
68.8755
68.8755
68.8755
68.8755
68.8755
68.8755
68.8755
68.8755
68.8755
68.8755
68.8755
68.8755
68.8755
68.8755
68.8755
68.8755
68.8755
68.8755
68.8755
68.8755
68.8755
68.8755
68.8755
68.8755
68.8755
68.8755
68.8755
68.8755
68.8755
68.8755
68.8755
68.8755
68.8755
68.8755
68.8755
68.8755
68.8755
68.8755
68.8755
68.8755
68.8755
68.8755
68.8755
68.8755
68.8755
68.8755
68.8755
68.8755
68.8755
68.8755
68.8755
68.8755
68.8755
68.8755
68.8755
68.8755
68.8755
68.8755
68.8755
68.8755
68.8755
68.8755
68.8755
68.8755
68.8755
68.8755
68.8755
68.8755
68.8755
68.8755
68.8755
68.8755
68.8755
68.8755
68.8755
68.8755
68.8755
68.8755
68.8755
68.8755
68.8755
68.8755
68.8755
68.8755
68.8755
68.8755
68.8755
68.8755
68.8755
68.8755
68.8755
68.8755
68.8755
68.8755
68.8755
68.8755
68.8755
68.8755
68.8755
68.8755
68.8755
68.8755
68.8755
68.8755
68.8755
68.8755
68.8755
68.8755
68.8755
68.8755
68.8755
68.8755
68.8755
68.8755
68.8755
68.8755
68.8755
68.8755
68.8755
68.8755
68.8755
68.8755
68.8755
68.8755
68.8755
68.8755
68.8755
68.8755
68.8755
68.8755
68.8755
68.8755
68.8755
68.8755
68.8755
68.8755
68.8755
68.8755
68.8755
68.8755
68.8755
68.8755
68.8755
68.8755
68.8755
68.8755
68.8755
68.8755
68.8755
68.8755
68.8755
68.8755
68.8755
68.8755
68.8755
68.8755
68.8755
68.8755
68.8755
68.8755
68.8755
68.8755
68.8755
68.8755
68.8755
68.8755
68.8755
68.8755
68.8755
68.8755
68.8755
68.8755
68.8755
68.8755
68.8755
68.8755
68.8755
68.8755
68.8755
68.8755
68.8755
68.8755
68.8755
68.8755
68.8755
68.8755
68.8755
68.8755
68.8755
68.8755
68.8755
68.8755
68.8755
68.8755
68.8755
68.8755
68.8755
68.8755
68.8755
68.8755
68.8755
68.8755
68.8755
68.8755
68.8755
68.8755
68.8755
68.8755
68.8755
68.8755
68.8755
68.8755
68.8755
68.8755
68.8755
68.8755
68.8755
68.8755
68.8755
68.8755
68.8755
68.8755
68.8755
68.8755
68.8755
68.8755
68.8755
68.8755
68.8755
68.8755
68.8755
68.8755
68.8755
68.8755
68.8755
68.8755
68.8755
68.8755
68.8755
68.8755
68.8755
68.8755
68.8755
68.8755
68.8755
68.8755
68.8755
68.8755
68.8755
68.8755
68.8755
68.8755
68.8755
68.8755
68.8755
68.8755
68.8755
68.8755
68.8755
68.8755
68.8755
68.8755
68.8755
68.8755
68.8755
68.8755
68.8755
68.8755
68.8755
68.8755
68.8755
68.8755
68.8755
68.8755
68.8755
68.8755
68.8755
68.8755
68.8755
68.8755
68.8755
68.8755
68.8755
68.8755
68.8755
68.8755
68.8755
68.8755
68.8755
68.8755
68.8755
68.8755
68.8755
68.8755
68.8755
68.8755
68.8755
68.8755
68.8755
68.8755
68.8755
68.8755
68.8755
68.8755
68.8755
68.8755
68.8755
68.8755
68.8755
68.8755
68.8755
68.8755
68.8755
68.8755
68.8755
68.8755
68.8755
68.8755
68.8755
68.8755
68.8755
68.8755
68.8755
68.8755
68.8755
68.8755
68.8755
68.8755
68.8755
68.8755
68.8755
68.8755
68.8755
68.8755
68.8755
68.8755
68.8755
68.8755
68.8755
68.8755
68.8755
68.8755
68.8755
68.8755
68.8755
68.8755
68.8755
68.8755
68.8755
68.8755
68.8755
68.8755
68.8755
68.8755
68.8755
68.8755
68.8755
68.8755
68.8755
68.8755
68.8755
68.8755
68.8755
68.8755
68.8755
68.8755
68.8755
68.8755
68.8755
68.8755
68.8755
68.8755
68.8755
68.8755
68.8755
68.8755
68.8755
68.8755
68.8755
68.8755
68.8755
68.8755
68.8755
68.8755
68.8755
68.8755
68.8755
68.8755
68.8755
68.8755
68.8755
68.8755
68.8755
68.8755
68.8755
68.8755
68.8755
68.8755
68.8755
68.8755
68.8755
68.8755
68.8755
68.8755
68.8755
68.8755
68.8755
68.8755
68.8755
68.8755
68.8755
68.8755
68.8755
68.8755
68.8755
68.8755
68.8755
68.8755
68.8755
68.8755
68.8755
68.8755
68.8755
68.8755
68.8755
68.8755
68.8755
68.8755
68.8755
68.8755
68.8755
68.8755
68.8755
68.8755
68.8755
68.8755
68.8755
68.8755
68.8755
68.8755
68.8755
68.8755
68.8755
68.8755
68.8755
68.8755
68.8755
68.8755
68.8755
68.8755
68.8755
68.8755
68.8755
68.8755
68.8755
68.8755
68.8755
68.8755
68.8755
68.8755
68.8755
68.8755
68.8755
68.8755
68.8755
68.8755
68.8755
68.8755
68.8755
68.8755
68.8755
68.8755
68.8755
68.8755
68.8755
68.8755
68.8755
68.8755
68.8755
68.8755
68.8755
68.8755
68.8755
68.8755
68.8755
68.8755
68.8755
68.8755
68.8755
68.8755
68.8755
68.8755
68.8755
68.8755
68.8755
68.8755
68.8755
68.8755
68.8755
68.8755
68.8755
68.8755
68.8755
68.8755
68.8755
68.8755
68.8755
68.8755
68.8755
68.8755
68.8755
68.8755
68.8755
68.8755
68.8755
68.8755
68.8755
68.8755
68.8755
68.8755
68.8755
68.8755
68.8755
68.8755
68.8755
68.8755
68.8755
68.8755
68.8755
68.8755
68.8755
68.8755
68.8755
68.8755
68.8755
68.8755
68.8755
68.8755
68.8755
68.8755
68.8755
68.8755
68.8755
68.8755
68.8755
68.8755
68.8755
68.8755
68.8755
68.8755
68.8755
68.8755
68.8755
68.8755
68.8755
68.8755
68.8755
68.8755
68.8755
68.8755
68.8755
68.8755
68.8755
68.8755
68.8755
68.8755
68.8755
68.8755
68.8755
68.8755
68.8755
68.8755
68.8755
68.8755
68.8755
68.8755
68.8755
68.8755
68.8755
68.8755
68.8755
68.8755
68.8755
68.8755
68.8755
68.8755
68.8755
68.8755
68.8755
68.8755
68.8755
68.8755
68.8755
68.8755
68.8755
68.8755
68.8755
68.8755
68.8755
68.8755
68.8755
68.8755
68.8755
68.8755
68.8755
68.8755
68.8755
68.8755
68.8755
68.8755
68.8755
68.8755
68.8755
68.8755
68.8755
68.8755
68.8755
68.8755
68.8755
68.8755
68.8755
68.8755
68.8755
68.8755
68.8755
68.8755
68.8755
68.8755
68.8755
68.8755
68.8755
68.8755
68.8755
68.8755
68.8755
68.8755
68.8755
68.8755
68.8755
68.8755
68.8755
68.8755
68.8755
68.8755
68.8755
68.8755
68.8755
68.8755
68.8755
68.8755
68.8755
68.8755
68.8755
68.8755
68.8755
68.8755
68.8755
68.8755
68.8755
68.8755
68.8755
68.8755
68.8755
68.8755
68.8755
68.8755
68.8755
68.8755
68.8755
68.8755
68.8755
68.8755
68.8755
68.8755
68.8755
68.8755
68.8755
68.8755
68.8755
68.8755
68.8755
68.8755
68.8755
68.8755
68.8755
68.8755
68.8755
68.8755
68.8755
68.8755
68.8755
68.8755
68.8755
68.8755
68.8755
68.8755
68.8755
68.8755
68.8755
68.8755
68.8755
68.8755
68.8755
68.8755
68.8755
68.8755
68.8755
68.8755
68.8755
68.8755
68.8755
68.8755
68.8755
68.8755
68.8755
68.8755
68.8755
68.8755
68.8755
68.8755
68.8755
68.8755
68.8755
68.8755
68.8755
68.8755
68.8755
68.8755
68.8755
68.8755
68.8755
68.8755
68.8755
68.8755
68.8755
68.8755
68.8755
68.8755
68.8755
68.8755
68.8755
68.8755
68.8755
68.8755
68.8755
68.8755
68.8755
68.8755
68.8755
68.8755
68.8755
68.8755
68.8755
68.8755
68.8755
68.8755
68.8755
68.8755
68.8755
68.8755
68.8755
68.8755
68.8755
68.8755
68.8755
68.8755
68.8755
68.8755
68.8755
68.8755
68.8755
68.8755
68.8755
68.8755
68.8755
68.8755
68.8755
68.8755
68.8755
68.8755
68.8755
68.8755
68.8755
68.8755
68.8755
68.8755
68.8755
68.8755
68.8755
68.8755
68.8755
68.8755
68.8755
68.8755
68.8755
68.8755
68.8755
68.8755
68.8755
68.8755
68.8755
68.8755
68.8755
68.8755
68.8755
68.8755
68.8755
68.8755
68.8755
68.8755
68.8755
68.8755
68.8755
68.8755
68.8755
68.8755
68.8755
68.8755
68.8755
68.8755
68.8755
68.8755
68.8755
68.8755
68.8755
68.8755
68.8755
68.8755
68.8755
68.8755
68.8755
68.8755
68.8755
68.8755
68.8755
68.8755
68.8755
68.8755
68.8755
68.8755
68.8755
68.8755
68.8755
68.8755
68.8755
68.8755
68.8755
68.8755
68.8755
68.8755
68.8755
68.8755
68.8755
68.8755
68.8755
68.8755
68.8755
68.8755
68.8755
68.8755
68.8755
68.8755
68.8755
68.8755
68.8755
68.8755
68.8755
68.8755
68.8755
68.8755
68.8755
68.8755
68.8755
68.8755
68.8755
68.8755
68.8755
68.8755
68.8755
68.8755
68.8755
68.8755
68.8755
68.8755
68.8755
68.8755
68.8755
68.8755
68.8755
68.8755
68.8755
68.8755
68.8755
68.8755
68.8755
68.8755
68.8755
68.8755
68.8755
68.8755
68.8755
68.8755
68.8755
68.8755
68.8755
68.8755
68.8755
68.8755
68.8755
68.8755
68.8755
68.8755
68.8755
68.8755
68.8755
68.8755
68.8755
68.8755
68.8755
68.8755
68.8755
68.8755
68.8755
68.8755
68.8755
68.8755
68.8755
68.8755
68.8755
68.8755
68.8755
68.8755
68.8755
68.8755
68.8755
68.8755
68.8755
68.8755
68.8755
68.8755
68.8755
68.8755
68.8755
68.8755
68.8755
68.8755
68.8755
68.8755
68.8755
68.8755
68.8755
68.8755
68.8755
68.8755
68.8755
68.8755
68.8755
68.8755
68.8755
68.8755
68.8755
68.8755
68.8755
68.8755
68.8755
68.8755
68.8755
68.8755
68.8755
68.8755
68.8755
68.8755
68.8755
68.8755
68.8755
68.8755
68.8755
68.8755
68.8755
68.8755
68.8755
68.8755
68.8755
68.8755
68.8755
68.8755
68.8755
68.8755
68.8755
68.8755
68.8755
68.8755
68.8755
68.8755
68.8755
68.8755
68.8755
68.8755
68.8755
68.8755
68.8755
68.8755
68.8755
68.8755
68.8755
68.8755
68.8755
68.8755
68.8755
68.8755
68.8755
68.8755
68.8755
68.8755
68.8755
68.8755
68.8755
68.8755
68.8755
68.8755
68.8755
68.8755
68.8755
68.8755
68.8755
68.8755
68.8755
68.8755
68.8755
68.8755
68.8755
68.8755
68.8755
68.8755
68.8755
68.8755
68.8755
68.8755
68.8755
68.8755
68.8755
68.8755
68.8755
68.8755
68.8755
68.8755
68.8755
68.8755
68.8755
68.8755
68.8755
68.8755
68.8755
68.8755
68.8755
68.8755
68.8755
68.8755
68.8755
68.8755
68.8755
68.8755
68.8755
68.8755
68.8755
68.8755
68.8755
68.8755
68.8755
68.8755
68.8755
68.8755
68.8755
68.8755
68.8755
68.8755
68.8755
68.8755
68.8755
68.8755
68.8755
68.8755
68.8755
68.8755
68.8755
68.8755
68.8755
68.8755
68.8755
68.8755
68.8755
68.8755
68.8755
68.8755
68.8755
68.8755
68.8755
68.8755
68.8755
68.8755
68.8755
68.8755
68.8755
68.8755
68.8755
68.8755
68.8755
68.8755
68.8755
68.8755
68.8755
68.8755
68.8755
68.8755
68.8755
68.8755
68.8755
68.8755
68.8755
68.8755
68.8755
68.8755
68.8755
68.8755
68.8755
68.8755
68.8755
68.8755
68.8755
68.8755
68.8755
68.8755
68.8755
68.8755
68.8755
68.8755
68.8755
68.8755
68.8755
68.8755
68.8755
68.8755
68.8755
68.8755
68.8755
68.8755
68.8755
68.8755
68.8755
68.8755
68.8755
68.8755
68.8755
68.8755
68.8755
68.8755
68.8755
68.8755
68.8755
68.8755
68.8755
68.8755
68.8755
68.8755
68.8755
68.8755
68.8755
68.8755
68.8755
68.8755
68.8755
68.8755
68.8755
68.8755
68.8755
68.8755
68.8755
68.8755
68.8755
68.8755
68.8755
68.8755
68.8755
68.8755
68.8755
68.8755
68.8755
68.8755
68.8755
68.8755
68.8755
68.8755
68.8755
68.8755
68.8755
68.8755
68.8755
68.8755
68.8755
68.8755
68.8755
68.8755
68.8755
68.8755
68.8755
68.8755
68.8755
68.8755
68.8755
68.8755
68.8755
68.8755
68.8755
68.8755
68.8755
68.8755
68.8755
68.8755
68.8755
68.8755
68.8755
68.8755
68.8755
68.8755
68.8755
68.8755
68.8755
68.8755
68.8755
68.8755
68.8755
68.8755
68.8755
68.8755
68.8755
68.8755
68.8755
68.8755
68.8755
68.8755
68.8755
68.8755
68.8755
68.8755
68.8755
68.8755
68.8755
68.8755
68.8755
68.8755
68.8755
68.8755
68.8755
68.8755
68.8755
68.8755
68.8755
68.8755
68.8755
68.8755
68.8755
68.8755
68.8755
68.8755
68.8755
68.8755
68.8755
68.8755
68.8755
68.8755
68.8755
68.8755
68.8755
68.8755
68.8755
68.8755
68.8755
68.8755
68.8755
68.8755
68.8755
68.8755
68.8755
68.8755
68.8755
68.8755
68.8755
68.8755
68.8755
68.8755
68.8755
68.8755
68.8755
68.8755
68.8755
68.8755
68.8755
68.8755
68.8755
68.8755
68.8755
68.8755
68.8755
68.8755
68.8755
68.8755
68.8755
68.8755
68.8755
68.8755
