411.307
387.74
378.421
378.291
369.408
356.697
348.492
339.684
339.684
335.476
327.455
327.629
324.095
320.059
318.395
314.359
312.468
309.531
306.179
304.55
302.815
296.277
294.724
292.489
290.177
285.946
278.97
273.329
272.76
271.971
266.712
262.593
259.668
258.392
254.874
253.32
249.415
248.116
243.684
242.008
240.554
239.086
235.822
235.111
231.528
227.815
223.182
222.714
221.613
220.359
220.207
217.96
216.885
214.368
213.312
213.312
212.692
212.221
211.276
210.175
208.367
208.137
207.666
206.399
205.572
204.87
203.834
203.823
202.262
200.815
199.442
195.816
192.694
191.662
189.339
189.339
188.121
188.121
184.514
184.503
183.274
181.442
181.442
179.895
176.143
175.496
175.396
175.396
174.447
172.63
171.648
171.648
171.183
170.884
169.636
169.636
168.945
167.053
165.547
165.547
165.22
164.895
161.078
160.751
160.751
160.751
160.751
160.042
157.966
157.724
157.261
157.261
157.261
156.087
156.041
154.993
154.662
152.056
152.056
152.056
152.008
147.741
147.665
147.665
147.526
147.526
147.526
146.378
146.22
146.22
144.978
144.909
144.909
144.909
144.909
144.677
144.387
143.516
141.014
141.014
140.22
140.22
139.591
138.242
136.824
136.824
136.824
136.363
136.363
135.173
135.173
134.123
133.838
133.427
131.98
130.645
130.614
129.533
129.533
129.533
129.533
129.533
128.777
128.777
128.777
126.054
125.629
125.629
125.397
125.31
125.078
125.078
123.602
123.248
123.248
123.248
122.906
122.264
122.015
122.015
121.232
121.232
121.232
121.012
119.887
119.492
118.552
118.552
118.298
118.298
118.298
118.008
117.112
116.411
116.411
115.476
115.476
115.476
115.436
115.189
115.025
115.025
115.025
115.025
115.025
111.407
111.407
111.407
111.407
111.407
111.407
111.331
111.158
111.158
111.156
110.913
110.664
110.589
109.318
107.977
107.977
106.418
106.418
106.418
105.361
105.361
105.361
105.361
105.266
104.509
104.509
104.263
103.929
103.782
103.152
102.672
102.672
102.188
102.188
101.982
101.982
101.757
99.6399
99.6399
99.6399
98.9296
98.5286
98.5286
98.5286
98.5286
98.5286
98.2824
98.2824
98.2824
98.2824
98.2128
97.8991
97.8991
96.0095
96.0095
96.0095
96.0095
95.8661
95.8661
95.8661
95.2264
95.2264
95.2264
95.2264
95.1796
94.3705
94.1566
94.1098
93.1701
93.1501
93.0138
93.0138
93.0138
93.0138
92.8923
92.8923
92.8923
92.4411
92.4411
92.3783
92.3783
92.3583
92.3583
92.1816
92.1816
91.3821
90.1156
90.1156
89.7823
89.7823
89.7823
89.7823
89.7823
89.7823
89.4853
89.4853
89.1095
89.1095
89.1095
89.1095
88.3855
88.3855
88.3855
88.3855
88.3855
88.3855
88.3855
88.3855
87.9015
87.9015
87.9015
87.4788
87.4788
87.4788
87.2012
87.2012
87.2012
87.2012
86.4501
86.1725
86.1725
86.1725
85.0833
85.0833
85.0833
85.0833
85.0833
85.0833
85.0833
85.0833
84.9852
84.9852
84.9852
84.9852
84.9852
84.9852
84.9852
84.6921
84.6921
84.6921
84.0479
84.0479
84.0479
84.0479
84.0479
84.0479
84.0479
84.0479
83.6083
83.6083
83.6083
83.6083
83.6083
83.472
83.472
83.472
83.472
83.472
83.472
83.472
83.472
83.472
83.472
83.472
83.277
83.277
83.277
82.1254
82.1254
82.1254
82.1254
82.0164
82.0164
82.0164
82.0164
82.0164
82.0164
82.0164
82.0164
81.7597
81.7597
81.7597
81.7597
81.7597
81.7597
81.7597
81.7597
81.7573
81.7573
81.7573
81.7025
81.7025
81.7025
81.7025
81.3287
81.3287
81.3287
81.3287
81.3287
81.0601
81.0601
81.0601
81.0601
81.0601
81.0601
81.0601
81.0601
81.0601
80.8365
80.8365
80.8365
80.7906
80.7906
80.7906
80.7906
80.7906
80.7906
80.7906
80.7906
80.3002
80.3002
80.3002
80.2429
80.2429
80.2429
80.2429
80.2429
80.1423
80.085
79.8677
79.8677
79.8677
79.8677
79.8677
79.8677
79.8677
79.8677
79.8677
79.8677
79.8677
79.3162
79.3162
79.3162
79.3162
79.3162
79.3162
79.3162
79.3162
79.3162
79.3162
79.3162
79.3162
79.3162
79.3162
79.3162
79.3162
79.3162
79.3162
79.3162
79.3162
79.3162
79.3162
79.3162
78.6803
78.6803
78.6803
78.6803
78.6803
78.6803
78.6803
78.6179
78.6179
78.6179
78.6179
78.6179
78.6179
78.5021
78.5021
78.5021
78.5021
78.5021
78.5021
78.5021
78.5021
78.5021
78.5021
78.5021
78.5021
78.5021
78.5021
78.5021
78.5021
78.5021
78.4659
78.4659
78.4659
78.218
78.218
78.218
78.218
78.218
78.218
78.218
78.218
78.218
78.218
78.218
78.218
78.218
78.218
78.218
78.218
78.218
78.218
78.218
78.218
78.218
78.218
78.1605
78.1011
78.1011
78.1011
78.1011
78.1011
78.1011
78.1011
78.1011
78.0437
78.0437
78.0437
78.0437
78.0437
78.0437
78.0437
78.0437
78.0437
78.0437
78.0437
78.0437
78.0437
78.0437
78.0437
78.0069
78.0069
78.0069
78.0069
77.6618
77.6618
77.625
77.3993
77.2773
76.6697
76.6697
76.6697
76.6697
76.6283
76.6283
76.6283
76.6283
76.6283
76.6283
76.6283
76.6283
76.6283
76.6283
76.6283
76.6283
76.6283
76.6283
76.6283
76.6283
76.6283
76.6283
76.6283
76.6283
76.6283
76.6283
76.6283
76.6283
76.6283
76.6283
76.6283
76.6283
76.6283
76.6283
76.6283
76.6283
76.6283
76.6283
76.6283
76.6283
76.6283
76.6283
76.6283
76.6283
76.6283
76.6283
76.6283
76.6283
76.6283
76.6283
76.3995
76.3995
76.1992
75.9703
75.9703
75.9703
75.9703
75.9703
75.9703
75.9703
75.9703
75.9703
75.9703
75.8662
75.8662
75.7444
75.6403
75.1063
75.1063
75.1063
75.0426
75.0426
74.6645
74.6645
74.6645
74.6645
74.6645
74.6645
74.6645
74.6645
74.6645
74.6645
74.6645
74.6645
74.6645
74.6645
74.6645
74.6645
74.6645
74.6645
74.6645
74.6645
74.6645
74.6645
74.6645
74.6645
74.6645
74.6645
74.6645
74.6645
74.6645
74.6645
74.6645
74.6645
74.6645
74.6645
74.6645
74.6538
74.6538
74.6538
74.6538
74.1863
74.1863
74.1863
74.1863
74.1863
74.1863
74.1863
74.1863
74.1863
74.1863
74.0205
74.0205
74.0205
74.0205
74.0205
74.0205
74.0205
74.0205
74.0205
74.0205
74.0205
74.0205
74.0205
74.0205
74.0205
74.0205
74.0205
74.0205
74.0205
74.0205
74.0205
74.0205
74.0205
74.0205
74.0205
74.0205
74.0205
74.0205
74.0205
74.0205
74.0205
74.0205
74.0098
74.0098
74.0098
74.0098
74.0098
74.0098
74.0098
74.0098
74.0098
73.9678
73.9678
73.9678
73.9678
73.9678
73.9678
73.7591
73.7591
73.7591
73.7591
73.7591
73.7591
73.7591
73.7591
73.7591
73.7591
73.7591
73.7591
73.7591
73.7591
73.7591
73.7591
73.7591
73.7591
73.7591
73.7591
73.7591
73.7591
73.6759
73.6759
73.6759
73.6759
73.6759
73.6759
73.6759
73.6759
73.6759
73.4728
73.4728
73.4728
73.4728
73.4728
73.4728
73.4728
73.4728
73.4728
73.4728
73.4728
73.4728
73.4728
73.4728
73.4728
73.4728
73.4728
73.4728
73.4728
73.4728
73.4728
73.4728
73.4728
73.4728
73.4728
73.4728
73.4728
73.4728
73.4728
73.4728
73.4728
73.4728
73.4728
73.4728
73.4728
73.4728
73.4728
73.4728
73.4728
73.4728
72.8289
72.8289
72.8289
72.8289
72.8289
72.8289
72.8289
72.8289
72.8289
72.8289
72.8289
72.8289
72.8289
72.8289
72.8289
72.8289
72.8289
72.8289
72.8289
72.8289
72.8289
72.8289
72.8289
72.8289
72.8289
72.8289
72.8289
72.8289
72.8289
72.8289
72.8289
72.8289
72.8289
72.8289
72.8289
72.8289
72.8289
72.8289
72.8289
72.8289
72.8289
72.8289
72.8289
72.8289
72.8289
72.8289
72.8289
72.8289
72.8089
72.8089
72.8089
72.8089
72.8089
72.8089
72.8089
72.8089
72.8089
72.8089
72.8089
72.8089
72.8089
72.8089
72.8089
72.8089
72.8089
72.8089
72.8089
72.8089
72.8089
72.8089
72.8089
72.8089
72.8089
72.8089
72.8089
72.8089
72.8089
72.8089
72.8089
72.8089
72.8089
72.8089
72.8089
72.8089
72.8089
72.8089
72.8089
72.8089
72.8089
72.8089
72.8089
72.8089
72.8089
72.8089
72.8089
72.8089
72.8089
72.8089
72.8089
72.8089
72.8089
72.8089
72.8089
72.8089
72.8089
72.8089
72.8089
72.8089
72.8089
72.8089
72.8089
72.8089
72.8089
72.8089
72.8089
72.8089
72.8089
72.8089
72.8089
72.8089
72.8089
72.8089
72.8089
72.8089
72.8089
72.8089
72.8089
72.8089
72.8089
72.8089
72.8089
72.8089
72.8089
72.8089
72.8089
72.8089
72.8089
72.8089
72.8089
72.8089
72.8089
72.8089
72.8089
72.8089
72.8089
72.8089
72.8089
72.8089
72.8089
72.8089
72.8089
72.8089
72.8089
72.8089
72.8089
72.8089
72.8089
72.8089
72.8089
72.8089
72.8089
72.8089
72.8089
72.8089
72.8089
72.7983
72.7983
72.6848
72.638
72.638
72.638
72.638
72.638
72.638
72.638
72.638
72.638
72.638
72.638
72.638
72.638
72.638
72.638
72.638
72.638
72.638
72.638
72.638
72.638
72.638
72.638
72.638
72.638
72.638
72.638
72.638
72.638
72.638
72.638
72.638
72.638
72.638
72.638
72.638
72.638
72.638
72.638
72.638
72.638
72.638
72.638
72.638
72.638
72.638
72.638
72.638
72.638
72.638
72.638
72.638
72.638
72.638
72.638
72.638
72.638
72.638
72.638
72.638
72.638
72.638
72.638
72.638
72.638
72.638
72.638
72.638
72.638
72.638
72.638
72.638
72.638
72.638
72.638
72.638
72.638
72.638
72.638
72.638
72.638
72.638
72.638
72.638
72.638
72.638
72.638
72.638
72.638
72.638
72.638
72.638
72.638
72.638
72.638
72.638
72.638
72.638
72.638
72.638
72.638
72.638
72.638
72.638
72.638
72.323
72.323
72.323
72.323
72.323
72.323
72.323
72.323
72.323
72.323
72.323
72.323
72.323
72.323
72.323
72.323
72.323
72.323
72.323
72.323
72.323
72.323
72.323
72.323
72.323
72.323
72.323
72.323
72.323
72.323
72.323
72.323
72.323
72.323
72.323
72.323
72.323
72.323
72.323
72.323
72.323
72.323
72.323
72.323
72.323
72.323
72.323
72.323
72.323
72.323
72.323
72.323
72.323
72.323
72.323
72.323
72.323
72.323
72.323
72.323
72.323
72.323
72.323
72.323
72.323
72.323
72.323
72.323
72.323
72.323
72.323
72.323
72.323
72.323
72.323
72.323
72.323
72.323
72.323
72.323
72.323
72.323
72.323
72.323
72.323
72.323
72.323
72.323
72.323
72.323
72.323
72.323
72.323
72.323
72.323
72.323
72.323
72.323
72.323
72.323
72.323
72.323
72.323
72.323
72.323
72.323
72.323
72.323
72.323
72.323
72.323
72.323
72.323
72.323
72.323
72.323
72.323
72.323
72.323
72.323
72.323
72.323
72.323
72.323
72.323
72.323
72.323
72.323
72.323
72.323
72.323
72.323
72.323
72.323
72.323
72.323
72.323
72.323
72.323
72.323
72.323
72.323
72.323
72.323
72.323
72.323
72.323
72.323
72.323
72.323
72.323
72.323
72.323
72.323
72.323
72.323
72.323
72.323
72.323
72.323
72.323
72.323
72.323
72.323
72.323
72.323
72.323
72.323
72.323
72.323
72.323
72.323
72.323
72.323
72.323
72.323
72.323
72.323
72.323
72.323
72.323
72.323
72.323
72.323
72.323
72.323
72.323
72.323
72.323
72.323
72.323
72.323
72.323
72.323
72.323
72.323
72.323
72.323
72.323
72.323
72.323
72.323
72.323
72.323
72.323
72.323
72.2507
72.2507
72.2507
72.2507
72.2507
72.2507
72.2507
72.2507
72.2507
72.2507
72.2507
72.2507
72.2507
72.2507
72.2507
72.2507
72.2507
72.2507
72.2507
72.2507
72.2507
72.2507
72.2507
72.2507
72.2507
72.2507
72.2507
72.2507
72.2507
72.2507
72.2507
72.2507
72.2507
72.2507
72.2507
72.2507
72.2507
72.2507
72.2507
72.2507
72.2507
72.2507
72.2507
72.2507
72.2507
72.2507
72.2507
72.2507
72.2507
72.2507
72.2406
72.2406
72.2406
72.2406
72.2406
72.2406
72.2406
72.2406
72.2406
72.2406
72.2406
72.2406
72.2406
72.2406
72.2406
72.2406
72.2406
72.2406
72.2406
72.2406
72.2406
72.2406
72.2406
72.2406
72.2406
72.2406
72.2406
72.2406
72.2406
72.2406
72.2406
72.2406
72.2406
72.2406
72.2406
72.2406
72.2406
72.2406
72.2406
72.2406
72.2406
72.2406
72.2406
72.2406
72.2406
72.2406
72.2406
72.2406
72.2406
72.2406
72.2406
72.2406
72.2406
72.2406
72.2406
72.2406
72.2406
72.2406
72.2406
72.2406
72.2406
72.2406
72.2406
72.2406
72.2406
72.2406
72.2406
72.2406
72.2406
72.2406
72.2406
72.2406
72.2406
72.2406
72.2406
72.2406
72.2406
72.2406
72.2406
72.2406
72.2406
72.2406
72.2406
72.2406
72.2406
72.2406
72.2406
72.2406
72.2406
72.2406
72.2406
72.2406
72.2406
72.2406
72.2406
72.2406
72.2406
72.2406
72.2406
72.2406
72.2406
72.2406
72.2406
72.2406
72.2406
72.2406
72.2406
72.2406
72.2406
72.2406
72.2406
72.2406
72.2406
72.2406
72.2406
72.2406
72.2406
72.2406
72.2406
72.2406
72.2406
72.2406
72.2406
72.2406
72.2406
72.2406
72.2406
72.2406
72.2406
72.2406
72.2406
72.2406
72.2406
72.2406
72.2406
72.2406
72.2406
72.2406
72.2406
72.2406
72.2406
72.2406
72.2406
72.2406
72.2406
72.2406
72.2406
72.2406
72.2406
72.2406
72.2406
72.2406
72.2406
72.2406
72.2406
72.2406
72.2406
72.2406
72.2406
72.2406
72.2406
72.2406
72.2406
72.2406
72.2406
72.2406
72.2406
72.2406
72.2406
72.2406
72.2406
72.2406
72.2406
72.2406
72.2406
72.2406
72.2406
72.2406
72.2406
72.2406
72.2406
72.2406
72.2406
72.2406
72.2406
72.2406
72.2406
72.2406
72.2406
72.2406
72.2406
72.2406
72.2406
72.2406
72.2406
72.2406
72.2406
72.2406
72.2406
72.2406
72.2406
72.2406
72.2406
72.2406
72.2406
72.2406
72.2406
72.2406
72.2406
72.2406
72.2406
72.2406
72.2406
72.2406
72.2406
72.2406
72.2406
72.2406
72.2406
72.2406
72.2406
72.2406
72.2406
72.2406
72.2406
72.2406
72.2406
72.2406
72.2406
72.2406
72.2406
72.2406
72.2406
72.2406
72.2406
72.2406
72.2406
72.2406
72.2406
72.2406
72.2406
72.2406
72.2406
72.2406
72.2406
72.2406
72.2406
72.2406
72.2406
72.2406
72.2406
72.2406
72.2406
72.2406
72.2406
72.2406
72.2406
72.2406
72.2406
72.2406
72.2406
72.2406
72.2406
72.2406
72.2406
72.2406
72.2406
72.2406
72.2406
72.2406
72.2406
72.2406
72.2406
72.2406
72.2406
72.2406
72.2406
72.2406
72.2406
72.2406
72.2406
72.2406
72.2406
72.2406
72.2406
72.2406
72.2406
72.2406
72.2406
72.2406
72.2406
72.2406
72.2406
72.2406
72.2406
72.2406
72.2406
72.2406
72.2406
72.2406
72.2406
72.2406
72.2406
72.2406
72.2406
72.2406
72.2406
72.2406
72.2406
72.2406
72.2406
72.2406
72.2406
72.2406
72.2406
72.2406
72.2406
72.2406
72.2406
72.2406
72.2406
72.2406
72.2406
72.2406
72.2406
72.2406
72.2406
72.2406
72.2406
72.2406
72.2406
72.2406
72.2406
72.2406
72.2406
72.2406
72.2406
72.2406
72.2406
72.2406
72.2406
72.2406
72.2406
72.2406
72.2406
72.2406
72.2406
72.2406
72.2406
72.2406
72.2406
72.2406
72.2406
72.2406
72.2406
72.2406
72.2406
72.2406
72.2406
72.2406
72.2406
72.2406
72.2406
72.2406
72.2406
72.2406
72.2406
72.2406
72.2406
72.2406
72.2406
72.2406
72.2406
72.2406
72.2406
72.2406
72.2406
72.2406
72.2406
72.2406
72.2406
72.2406
72.2406
72.2406
72.2406
72.2406
72.2406
72.2406
72.2406
72.2406
72.2406
72.2406
72.2406
72.2406
72.2406
72.2406
72.2406
72.2406
72.2406
72.2406
72.2406
72.2406
72.2406
72.2406
72.2406
72.2406
72.2406
72.2406
72.2406
72.2406
72.2406
72.2406
72.2406
72.2406
72.2406
72.2406
72.2406
72.2406
72.2406
72.2406
72.2406
72.2406
72.2406
72.2406
72.2406
72.2406
72.2406
72.2406
72.2406
72.2406
72.2406
72.2406
72.2406
72.2406
72.2406
72.2406
72.2406
72.2406
72.2406
72.2406
72.2406
72.2406
72.2406
72.2406
72.2406
72.2406
72.2406
72.2406
72.2406
72.2406
72.2406
72.2406
72.2406
72.2406
72.2406
72.2406
72.2406
72.2406
72.2406
72.2406
72.2406
72.2406
72.2406
72.2406
72.2406
72.2406
72.2406
72.2406
72.2406
72.2406
72.2406
72.2406
72.2406
72.2406
72.2406
72.2406
72.2406
72.2406
72.2406
72.2406
72.2406
72.2406
72.2406
72.2406
72.2406
72.2406
72.2406
72.2406
72.2406
72.2406
72.2406
72.2406
72.2406
72.2406
72.2406
72.2406
72.2406
72.2406
72.2406
72.2406
72.2406
72.2406
72.2406
72.2406
72.2406
72.2406
72.2406
72.2406
72.2406
72.2406
72.2406
72.2406
72.2406
72.2406
72.2406
72.2406
72.2406
72.2406
72.2406
72.2406
72.2406
72.2406
72.2406
72.2406
72.2406
72.2406
72.2406
72.2406
72.2406
72.2406
72.2406
72.2406
72.2406
72.2406
72.2406
72.2406
72.2406
72.2406
72.2406
72.2406
72.2406
72.2406
72.2406
72.2406
72.2406
72.2406
72.2406
72.2406
72.2406
72.2406
72.2406
72.2406
72.2406
72.2406
72.2406
72.2406
72.2406
72.2406
72.2406
72.2406
72.2406
72.2406
72.2406
72.2406
72.2406
72.2406
72.2406
72.2406
72.2406
72.2406
72.2406
72.2406
72.2406
72.2406
72.2406
72.2406
72.2406
72.2406
72.2406
72.2406
72.2406
72.2406
72.2406
72.2406
72.2406
72.2406
72.2406
72.2406
72.2406
72.2406
72.2406
72.2406
72.2406
72.2406
72.2406
72.2406
72.2406
72.2406
72.2406
72.2406
72.2406
72.2406
72.2406
72.2406
72.2406
72.2406
72.2406
72.2406
72.2406
72.2406
72.2406
72.2406
72.2406
72.2406
72.2406
72.2406
72.2406
72.2406
72.2406
72.2406
72.2406
72.2406
72.2406
72.2406
72.2406
72.2406
72.2406
72.2406
72.2406
72.2406
72.2406
72.2406
72.2406
72.2406
72.2406
72.2406
72.2406
72.2406
72.2406
72.2406
72.2406
72.2406
72.2406
72.2406
72.2406
72.2406
72.2406
72.2406
72.2406
72.2406
72.2406
72.2406
72.2406
72.2406
72.2406
72.2406
72.2406
72.2406
72.2406
72.2406
72.2406
72.2406
72.2406
72.2406
72.2406
72.2406
72.2406
72.2406
72.2406
72.2406
72.2406
72.2406
72.2406
72.2406
72.2406
72.2406
72.2406
72.2406
72.2406
72.2406
72.2406
72.2406
72.2406
72.2406
72.2406
72.2406
72.2406
72.2406
72.2406
72.2406
72.2406
72.2406
72.2406
72.2406
72.2406
72.2406
72.2406
72.2406
72.2406
72.2406
72.2406
72.2406
72.2406
72.2406
72.2406
72.2406
72.2406
72.2406
72.2406
72.2406
72.2406
72.2406
72.2406
72.2406
72.2406
72.2406
72.2406
72.2406
72.2406
72.2406
72.2406
72.2406
72.2406
72.2406
72.2406
72.2406
72.2406
72.2406
72.2406
72.2406
72.2406
72.2406
72.2406
72.2406
72.2406
72.2406
72.2406
72.2406
72.2406
72.2406
72.2406
72.2406
72.2406
72.2406
72.2406
72.2406
72.2406
72.2406
72.2406
72.2406
72.2406
72.2406
72.2406
72.2406
72.2406
72.2406
72.2406
72.2406
72.2406
72.2406
72.2406
72.2406
72.2406
72.2406
72.2406
72.2406
72.2406
72.2406
72.2406
72.2406
72.2406
72.2406
72.2406
72.2406
72.2406
72.2406
72.2406
72.2406
72.2406
72.2406
72.2406
72.2406
72.2406
72.2406
72.2406
72.2406
72.2406
72.2406
72.2406
72.2406
72.2406
72.2406
72.2406
72.2406
72.2406
72.2406
72.2406
72.2406
72.2406
72.2406
72.2406
72.2406
72.2406
72.2406
72.2406
72.2406
72.2406
72.2406
72.2406
72.2406
72.2406
72.2406
72.2406
72.2406
72.2406
72.2406
72.2406
72.2406
72.2406
72.2406
72.2406
72.2406
72.2406
72.2406
72.2406
72.2406
72.2406
72.2406
72.2406
72.2406
72.2406
72.2406
72.2406
72.2406
72.2406
72.2406
72.2406
72.2406
72.2406
72.2406
72.2406
72.2406
72.2406
72.2406
72.2406
72.2406
72.2406
72.2406
72.2406
72.2406
72.2406
72.2406
72.2406
72.2406
72.2406
72.2406
72.2406
72.2406
72.2406
72.2406
72.2406
72.2406
72.2406
72.2406
72.2406
72.2406
72.2406
72.2406
72.2406
72.2406
72.2406
72.2406
72.2406
72.2406
72.2406
72.2406
72.2406
72.2406
72.2406
72.2406
72.2406
72.2406
72.2406
72.2406
72.2406
72.2406
72.2406
72.2406
72.2406
72.2406
72.2406
72.2406
72.2406
72.2406
72.2406
72.2406
72.2406
72.2406
72.2406
72.2406
72.2406
72.2406
72.2406
72.2406
72.2406
72.2406
72.2406
72.2406
72.2406
72.2406
72.2406
72.2406
72.2406
72.2406
72.2406
72.2406
72.2406
72.2406
72.2406
72.2406
72.2406
72.2406
72.2406
72.2406
72.2406
72.2406
72.2406
72.2406
72.2406
72.2406
72.2406
72.0523
72.0523
72.0523
72.0523
72.0523
72.0523
72.0523
72.0523
72.0523
72.0523
72.0523
72.0523
72.0523
72.0523
72.0523
72.0523
72.0523
72.0523
72.0523
72.0523
72.0523
72.0523
72.0523
72.0523
72.0523
72.0523
72.0523
72.0523
72.0523
72.0523
72.0523
72.0523
72.0523
72.0523
72.0523
72.0523
72.0523
72.0523
72.0523
72.0523
72.0523
72.0523
72.0523
72.0523
72.0523
72.0523
72.0523
72.0523
72.0523
72.0523
72.0523
72.0523
72.0523
72.0523
72.0523
72.0523
72.0523
72.0523
72.0523
72.0523
72.0523
72.0523
72.0523
72.0523
72.0523
72.0523
72.0523
72.0523
72.0523
72.0523
72.0523
72.0523
72.0523
72.0523
72.0523
72.0523
72.0523
72.0523
72.0523
72.0523
72.0523
72.0523
72.0523
72.0523
72.0523
72.0523
72.0523
72.0523
72.0523
72.0523
72.0523
72.0523
72.0523
72.0523
72.0523
72.0523
72.0523
72.0523
72.0523
72.0523
72.0523
72.0523
72.0523
72.0523
72.0523
72.0523
72.0523
72.0523
72.0523
72.0523
72.0523
72.0523
72.0523
72.0523
72.0523
72.0523
72.0523
72.0523
72.0523
72.0523
72.0523
72.0523
72.0523
72.0523
72.0523
72.0523
72.0523
72.0523
72.0523
72.0523
72.0523
72.0523
72.0523
72.0523
72.0523
72.0523
72.0523
72.0523
72.0523
72.0523
72.0523
72.0523
72.0523
72.0523
72.0523
72.0523
72.0523
72.0523
72.0523
72.0523
72.0523
72.0523
72.0523
72.0523
72.0523
72.0523
72.0523
72.0523
72.0523
72.0523
72.0523
72.0523
72.0523
72.0523
72.0523
72.0523
72.0523
72.0523
72.0523
72.0523
72.0523
72.0523
72.0523
72.0523
72.0523
72.0523
72.0523
72.0523
72.0523
72.0523
72.0523
72.0523
72.0523
72.0523
72.0523
72.0523
72.0523
72.0523
72.0523
72.0523
72.0523
72.0523
72.0523
72.0523
72.0523
72.0523
72.0523
72.0523
72.0523
72.0523
72.0523
72.0523
72.0523
72.0523
72.0523
72.0523
72.0523
72.0523
72.0523
72.0523
72.0523
72.0523
72.0523
72.0523
72.0523
72.0523
72.0523
72.0523
72.0523
72.0523
72.0523
72.0523
72.0523
72.0523
72.0523
72.0523
72.0523
72.0523
72.0523
72.0523
72.0523
72.0523
72.0523
72.0523
72.0523
72.0523
72.0523
72.0523
72.0523
72.0523
72.0523
72.0523
72.0523
72.0523
72.0523
72.0523
72.0523
72.0523
72.0523
72.0523
72.0523
72.0523
72.0523
72.0523
72.0523
72.0523
72.0523
72.0523
72.0523
72.0523
72.0523
72.0523
72.0523
72.0523
72.0523
72.0523
72.0523
72.0523
72.0523
72.0523
72.0523
72.0523
72.0523
72.0523
72.0523
72.0523
72.0523
72.0523
72.0523
72.0523
72.0523
72.0523
72.0523
72.0523
72.0523
72.0523
72.0523
72.0523
72.0523
72.0523
72.0523
72.0523
72.0523
72.0523
72.0523
72.0523
72.0523
72.0523
72.0523
72.0523
72.0523
72.0523
72.0523
72.0523
72.0523
72.0523
72.0523
72.0523
72.0523
72.0523
72.0523
72.0523
72.0523
72.0523
72.0523
72.0523
72.0523
72.0523
72.0523
72.0523
72.0523
72.0523
72.0523
72.0523
72.0523
72.0523
72.0523
72.0523
72.0523
72.0523
72.0523
72.0523
72.0523
72.0523
72.0523
72.0523
72.0523
72.0523
72.0523
72.0523
72.0523
72.0523
72.0523
72.0523
72.0523
72.0523
72.0523
72.0523
72.0523
72.0523
72.0523
72.0523
72.0523
72.0523
72.0523
72.0523
72.0523
72.0523
72.0523
72.0523
72.0523
72.0523
72.0523
72.0523
72.0523
72.0523
72.0523
72.0523
72.0523
72.0523
72.0523
72.0523
72.0523
72.0523
72.0523
72.0523
72.0523
72.0523
72.0523
72.0523
72.0523
72.0523
72.0523
72.0523
72.0523
72.0523
72.0523
72.0523
72.0523
72.0523
72.0523
72.0523
72.0523
72.0523
72.0523
72.0523
72.0523
72.0523
72.0523
72.0523
72.0523
72.0523
72.0523
72.0523
72.0523
72.0523
72.0523
72.0523
72.0523
72.0523
72.0523
72.0523
72.0523
72.0523
72.0523
72.0523
72.0523
72.0523
72.0523
72.0523
72.0523
72.0523
72.0523
72.0523
72.0523
72.0523
72.0523
72.0523
72.0523
72.0523
72.0523
72.0523
72.0523
72.0523
72.0523
72.0523
72.0523
72.0523
72.0523
72.0523
72.0523
72.0523
72.0523
72.0523
72.0523
72.0523
72.0523
72.0523
72.0523
72.0523
72.0523
72.0523
72.0523
72.0523
72.0523
72.0523
72.0523
72.0523
72.0523
72.0523
72.0523
72.0523
72.0523
72.0523
72.0523
72.0523
72.0523
72.0523
72.0523
72.0523
72.0523
72.0523
72.0523
72.0523
72.0523
72.0523
72.0523
72.0523
72.0523
72.0523
72.0523
72.0523
72.0523
72.0523
72.0523
72.0523
72.0523
72.0523
72.0523
72.0523
72.0523
72.0523
72.0523
72.0523
72.0523
72.0523
72.0523
72.0523
72.0523
72.0523
72.0523
72.0523
72.0523
72.0523
72.0523
72.0523
72.0523
72.0523
72.0523
72.0523
72.0523
72.0523
72.0523
72.0523
72.0523
72.0523
72.0523
72.0523
72.0523
72.0523
72.0523
72.0523
72.0523
72.0523
72.0523
72.0523
72.0523
72.0523
72.0523
72.0523
72.0523
72.0523
72.0523
72.0523
72.0523
72.0523
72.0523
72.0523
72.0523
72.0523
72.0523
72.0523
72.0523
72.0523
72.0523
72.0523
72.0523
72.0523
72.0523
72.0523
72.0523
72.0523
72.0523
72.0523
72.0523
72.0523
72.0523
72.0523
72.0523
72.0523
72.0523
72.0523
72.0523
72.0523
72.0523
72.0523
72.0523
72.0523
72.0523
72.0523
72.0523
72.0523
72.0523
72.0523
72.0523
72.0523
72.0523
72.0523
72.0523
72.0523
72.0523
72.0523
72.0523
72.0523
72.0523
72.0523
72.0523
72.0523
72.0523
72.0523
72.0523
72.0523
72.0523
72.0523
72.0523
72.0523
72.0523
72.0523
72.0523
72.0523
72.0523
72.0523
72.0523
72.0523
72.0523
72.0523
72.0523
72.0523
72.0523
72.0523
72.0523
72.0523
72.0523
72.0523
72.0523
72.0523
72.0523
72.0523
72.0523
72.0523
72.0523
72.0523
72.0523
72.0523
72.0523
72.0523
72.0523
72.0523
72.0523
72.0523
72.0523
72.0523
72.0523
72.0523
72.0523
72.0523
72.0523
72.0523
72.0523
72.0523
72.0523
72.0523
72.0523
72.0523
72.0523
72.0523
72.0523
72.0523
72.0523
72.0523
72.0523
72.0523
72.0523
72.0523
72.0523
72.0523
72.0523
72.0523
72.0523
72.0523
72.0523
72.0523
72.0523
72.0523
72.0523
72.0523
72.0523
72.0523
72.0523
72.0523
72.0523
72.0523
72.0523
72.0523
72.0523
72.0523
72.0523
72.0523
72.0523
72.0523
72.0523
72.0523
72.0523
72.0523
72.0523
72.0523
72.0523
72.0523
72.0523
72.0523
72.0523
72.0523
72.0523
72.0523
72.0523
72.0523
72.0523
72.0523
72.0523
72.0523
72.0523
72.0523
72.0523
72.0523
72.0523
72.0523
72.0523
72.0523
72.0523
72.0523
72.0523
72.0523
72.0523
72.0523
72.0523
72.0523
72.0523
72.0523
72.0523
72.0523
72.0523
72.0523
72.0523
72.0523
72.0523
72.0523
72.0523
72.0523
72.0523
72.0523
72.0523
72.0523
72.0523
72.0523
72.0523
72.0523
72.0523
72.0523
72.0523
72.0523
72.0523
72.0523
72.0523
72.0523
72.0523
72.0523
72.0523
72.0523
72.0523
72.0523
72.0523
72.0523
72.0523
72.0523
72.0523
72.0523
72.0523
72.0523
72.0523
72.0523
72.0523
72.0523
72.0523
72.0523
72.0523
72.0523
72.0523
72.0523
72.0523
72.0523
72.0523
72.0523
72.0523
72.0523
72.0523
72.0523
72.0523
72.0523
72.0523
72.0523
72.0523
72.0523
72.0523
72.0523
72.0523
72.0523
72.0523
72.0523
72.0523
72.0523
72.0523
72.0523
72.0523
72.0523
72.0523
72.0523
72.0523
72.0523
72.0523
72.0523
72.0523
72.0523
72.0523
72.0523
72.0523
72.0523
72.0523
72.0523
72.0523
72.0523
72.0523
72.0523
72.0523
72.0523
72.0523
72.0523
72.0523
72.0523
72.0523
72.0523
72.0523
72.0523
72.0523
72.0523
72.0523
72.0523
72.0523
72.0523
72.0523
72.0523
72.0523
72.0523
72.0523
72.0523
72.0523
72.0523
72.0523
72.0523
72.0523
72.0523
72.0523
72.0523
72.0523
72.0523
72.0523
72.0523
72.0523
72.0523
72.0523
72.0523
72.0523
72.0523
72.0523
72.0523
72.0523
72.0523
72.0523
72.0523
72.0523
72.0523
72.0523
72.0523
72.0523
72.0523
72.0523
72.0523
72.0523
72.0523
72.0523
72.0523
72.0523
72.0523
72.0523
72.0523
72.0523
72.0523
72.0523
72.0523
72.0523
72.0523
72.0523
72.0523
72.0523
72.0523
72.0523
72.0523
72.0523
72.0523
72.0523
72.0523
72.0523
72.0523
72.0523
72.0523
72.0523
72.0523
72.0523
72.0523
72.0523
72.0523
72.0523
72.0523
72.0523
72.0523
72.0523
72.0523
72.0523
72.0523
72.0523
72.0523
72.0523
72.0523
72.0523
72.0523
72.0523
72.0523
72.0523
72.0523
72.0523
72.0523
72.0523
72.0523
72.0523
72.0523
72.0523
72.0523
72.0523
72.0523
72.0523
72.0523
72.0523
72.0523
72.0523
72.0523
72.0523
72.0523
72.0523
72.0523
72.0523
72.0523
72.0523
72.0523
72.0523
72.0523
72.0523
72.0523
72.0523
72.0523
72.0523
72.0523
72.0523
72.0523
72.0523
72.0523
72.0523
72.0523
72.0523
72.0523
72.0523
72.0523
72.0523
72.0523
72.0523
72.0523
72.0523
72.0523
72.0523
72.0523
72.0523
72.0523
72.0523
72.0523
72.0523
72.0523
72.0523
72.0523
72.0523
72.0523
72.0523
72.0523
72.0523
72.0523
72.0523
72.0523
72.0523
72.0523
72.0523
72.0523
72.0523
72.0523
72.0523
72.0523
72.0523
72.0523
72.0523
72.0523
72.0523
72.0523
72.0523
72.0523
72.0523
72.0523
72.0523
72.0523
72.0523
72.0523
72.0523
72.0523
72.0523
72.0523
72.0523
72.0523
72.0523
72.0523
72.0523
72.0523
72.0523
72.0523
72.0523
72.0523
72.0523
72.0523
72.0523
72.0523
72.0523
72.0523
72.0523
72.0523
72.0523
72.0523
72.0523
72.0523
72.0523
72.0523
72.0523
72.0523
72.0523
72.0523
72.0523
72.0523
72.0523
72.0523
72.0523
72.0523
72.0523
72.0523
72.0523
72.0523
72.0523
72.0523
72.0523
72.0523
72.0523
72.0523
72.0523
72.0523
72.0523
72.0523
72.0523
72.0523
72.0523
72.0523
72.0523
72.0523
72.0523
72.0523
72.0523
72.0523
72.0523
72.0523
72.0523
72.0523
72.0523
72.0523
72.0523
72.0523
72.0523
72.0523
72.0523
72.0523
72.0523
72.0523
72.0523
72.0523
72.0523
72.0523
72.0523
72.0523
72.0523
72.0523
72.0523
72.0523
72.0523
72.0523
72.0523
72.0523
72.0523
72.0523
72.0523
72.0523
72.0523
72.0523
72.0523
72.0523
72.0523
72.0523
72.0523
72.0523
72.0523
72.0523
72.0523
72.0523
72.0523
72.0523
72.0523
72.0523
72.0523
72.0523
72.0523
72.0523
72.0523
72.0523
72.0523
72.0523
72.0523
72.0523
72.0523
72.0523
72.0523
72.0523
72.0523
72.0523
72.0523
72.0523
72.0523
72.0523
72.0523
72.0523
72.0523
72.0523
72.0523
72.0523
72.0523
72.0523
72.0523
72.0523
72.0523
72.0523
72.0523
72.0523
72.0523
72.0523
72.0523
72.0523
72.0523
72.0523
72.0523
72.0523
72.0523
72.0523
72.0523
72.0523
72.0523
72.0523
72.0523
72.0523
72.0523
72.0523
72.0523
72.0523
72.0523
72.0523
72.0523
72.0523
72.0523
72.0523
72.0523
72.0523
72.0523
72.0523
72.0523
72.0523
72.0523
72.0523
72.0523
72.0523
72.0523
72.0523
72.0523
72.0523
72.0523
72.0523
72.0523
72.0523
72.0523
72.0523
72.0523
72.0523
72.0523
72.0523
72.0523
72.0523
72.0523
72.0523
72.0523
72.0523
72.0523
72.0523
72.0523
72.0523
72.0523
72.0523
72.0523
72.0523
72.0523
72.0523
72.0523
72.0523
72.0523
72.0523
72.0523
72.0523
72.0523
72.0523
72.0523
72.0523
72.0523
72.0523
72.0523
72.0523
72.0523
72.0523
72.0523
72.0523
72.0523
72.0523
72.0523
72.0523
72.0523
72.0523
72.0523
72.0523
72.0523
72.0523
72.0523
72.0523
72.0523
72.0523
72.0523
72.0523
72.0523
72.0523
72.0523
72.0523
72.0523
72.0523
72.0523
72.0523
72.0523
72.0523
72.0523
72.0523
72.0523
72.0523
72.0523
72.0523
72.0523
72.0523
72.0523
72.0523
72.0523
72.0523
72.0523
72.0523
72.0523
72.0523
72.0523
72.0523
72.0523
72.0523
72.0523
72.0523
72.0523
72.0523
72.0523
72.0523
72.0523
72.0523
72.0523
72.0523
72.0523
72.0523
72.0523
72.0523
72.0523
72.0523
72.0523
72.0523
72.0523
72.0523
72.0523
72.0523
72.0523
72.0523
72.0523
72.0523
72.0523
72.0523
72.0523
72.0523
72.0523
72.0523
72.0523
72.0523
72.0523
72.0523
72.0523
72.0523
72.0523
72.0523
72.0523
72.0523
72.0523
72.0523
72.0523
72.0523
72.0523
72.0523
72.0523
72.0523
72.0523
72.0523
72.0523
72.0523
72.0523
72.0523
72.0523
72.0523
72.0523
72.0523
72.0523
72.0523
72.0523
72.0523
72.0523
72.0523
72.0523
72.0523
72.0523
72.0523
72.0523
72.0523
72.0523
72.0523
72.0523
72.0523
72.0523
72.0523
72.0523
72.0523
72.0523
72.0523
72.0523
72.0523
72.0523
72.0523
72.0523
72.0523
72.0523
72.0523
72.0523
72.0523
72.0523
72.0523
72.0523
72.0523
72.0523
72.0523
72.0523
72.0523
72.0523
72.0523
72.0523
72.0523
72.0523
72.0523
72.0523
72.0523
72.0523
72.0523
72.0523
72.0523
72.0523
72.0523
72.0523
72.0523
72.0523
72.0523
72.0523
72.0523
72.0523
72.0523
72.0523
72.0523
72.0523
72.0523
72.0523
72.0523
72.0523
72.0523
72.0523
72.0523
72.0523
72.0523
72.0523
72.0523
72.0523
72.0523
72.0523
72.0523
72.0523
72.0523
72.0523
72.0523
72.0523
72.0523
72.0523
72.0523
72.0523
72.0523
72.0523
72.0523
72.0523
72.0523
72.0523
72.0523
72.0523
72.0523
72.0523
72.0523
72.0523
72.0523
72.0523
72.0523
72.0523
72.0523
72.0523
72.0523
72.0523
72.0523
72.0523
72.0523
72.0523
72.0523
72.0523
72.0523
72.0523
72.0523
72.0523
72.0523
72.0523
72.0523
72.0523
72.0523
72.0523
72.0523
72.0523
72.0523
72.0523
72.0523
72.0523
72.0523
72.0523
72.0523
72.0523
72.0523
72.0523
72.0523
72.0523
72.0523
72.0523
72.0523
72.0523
72.0523
72.0523
72.0523
72.0523
72.0523
72.0523
72.0523
72.0523
72.0523
72.0523
72.0523
72.0523
72.0523
72.0523
72.0523
72.0523
72.0523
72.0523
72.0523
72.0523
72.0523
72.0523
72.0523
72.0523
72.0523
72.0523
72.0523
72.0523
72.0523
72.0523
72.0523
72.0523
72.0523
72.0523
72.0523
72.0523
72.0523
72.0523
72.0523
72.0523
72.0523
72.0523
72.0523
72.0523
72.0523
72.0523
72.0523
72.0523
72.0523
72.0523
72.0523
72.0523
72.0523
72.0523
72.0523
72.0523
72.0523
72.0523
72.0523
72.0523
72.0523
72.0523
72.0523
72.0523
72.0523
72.0523
72.0523
72.0523
72.0523
72.0523
72.0523
72.0523
72.0523
72.0523
72.0523
72.0523
72.0523
72.0523
72.0523
72.0523
72.0523
72.0523
72.0523
72.0523
72.0523
72.0523
72.0523
72.0523
72.0523
72.0523
72.0523
72.0523
72.0523
72.0523
72.0523
72.0523
72.0523
72.0523
72.0523
72.0523
72.0523
72.0523
72.0523
72.0523
72.0523
72.0523
72.0523
72.0523
72.0523
72.0523
72.0523
72.0523
72.0523
72.0523
72.0523
72.0523
72.0523
72.0523
72.0523
72.0523
72.0523
72.0523
72.0523
72.0523
72.0523
72.0523
72.0523
72.0523
72.0523
72.0523
72.0523
72.0523
72.0523
72.0523
72.0523
72.0523
72.0523
72.0523
72.0523
72.0523
72.0523
72.0523
72.0523
72.0523
72.0523
72.0523
72.0523
72.0523
72.0523
72.0523
72.0523
72.0523
72.0523
72.0523
72.0523
72.0523
72.0523
72.0523
72.0523
72.0523
72.0523
72.0523
72.0523
72.0523
72.0523
72.0523
72.0523
72.0523
72.0523
72.0523
72.0523
72.0523
72.0523
72.0523
72.0523
72.0523
72.0523
72.0523
72.0523
72.0523
72.0523
72.0523
72.0523
72.0523
72.0523
72.0523
72.0523
72.0523
72.0523
72.0523
72.0523
72.0523
72.0523
72.0523
72.0523
72.0523
72.0523
72.0523
72.0523
72.0523
72.0523
72.0523
72.0523
72.0523
72.0523
72.0523
72.0523
72.0523
72.0523
72.0523
72.0523
72.0523
72.0523
72.0523
72.0523
72.0523
72.0523
72.0523
72.0523
72.0523
72.0523
72.0523
72.0523
72.0523
72.0523
72.0523
72.0523
72.0523
72.0523
72.0523
72.0523
72.0523
72.0523
72.0523
72.0523
72.0523
72.0523
72.0523
72.0523
72.0523
72.0523
72.0523
72.0523
72.0523
72.0523
72.0523
72.0523
72.0523
72.0523
72.0523
72.0523
72.0523
72.0523
72.0523
72.0523
72.0523
72.0523
72.0523
72.0523
72.0523
72.0523
72.0523
72.0523
72.0523
72.0523
72.0523
72.0523
72.0523
72.0523
72.0523
72.0523
72.0523
72.0523
72.0523
72.0523
72.0523
72.0523
72.0523
72.0523
72.0523
72.0523
72.0523
72.0523
72.0523
72.0523
72.0523
72.0523
72.0523
72.0523
72.0523
72.0523
72.0523
72.0523
72.0523
72.0523
72.0523
72.0523
72.0523
72.0523
72.0523
72.0523
72.0523
72.0523
72.0523
72.0523
72.0523
72.0523
72.0523
72.0523
72.0523
72.0523
72.0523
72.0523
72.0523
72.0523
72.0523
72.0523
72.0523
72.0523
72.0523
72.0523
72.0523
72.0523
72.0523
72.0523
72.0523
72.0523
72.0523
72.0523
72.0523
72.0523
72.0523
72.0523
72.0523
72.0523
72.0523
72.0523
72.0523
72.0523
72.0523
72.0523
72.0523
72.0523
72.0523
72.0523
72.0523
72.0523
72.0523
72.0523
72.0523
72.0523
72.0523
72.0523
72.0523
72.0523
72.0523
72.0523
72.0523
72.0523
72.0523
72.0523
72.0523
72.0523
72.0523
72.0523
72.0523
72.0523
72.0523
72.0523
72.0523
72.0523
72.0523
72.0523
72.0523
72.0523
72.0523
72.0523
72.0523
72.0523
72.0523
72.0523
72.0523
72.0523
72.0523
72.0523
72.0523
72.0523
72.0523
72.0523
72.0523
72.0523
72.0523
72.0523
72.0523
72.0523
72.0523
72.0523
72.0523
72.0523
72.0523
72.0523
72.0523
72.0523
72.0523
72.0523
72.0523
72.0523
72.0523
72.0523
72.0523
72.0523
72.0523
72.0523
72.0523
72.0523
72.0523
72.0523
72.0523
72.0523
72.0523
72.0523
72.0523
72.0523
72.0523
72.0523
72.0523
72.0523
72.0523
72.0523
72.0523
72.0523
72.0523
72.0523
72.0523
72.0523
72.0523
72.0523
72.0523
72.0523
72.0523
72.0523
72.0523
72.0523
72.0523
72.0523
72.0523
72.0523
72.0523
72.0523
72.0523
72.0523
72.0523
72.0523
72.0523
72.0523
72.0523
72.0523
72.0523
72.0523
72.0523
72.0523
72.0523
72.0523
72.0523
72.0523
72.0523
72.0523
72.0523
72.0523
72.0523
72.0523
72.0523
72.0523
72.0523
72.0523
72.0523
72.0523
72.0523
72.0523
72.0523
72.0523
72.0523
72.0523
72.0523
72.0523
72.0523
72.0523
72.0523
72.0523
72.0523
72.0523
72.0523
72.0523
72.0523
72.0523
72.0523
72.0523
72.0523
72.0523
72.0523
72.0523
72.0523
72.0523
72.0523
72.0523
72.0523
72.0523
72.0523
72.0523
72.0523
72.0523
72.0523
72.0523
72.0523
72.0523
72.0523
72.0523
72.0523
72.0523
72.0523
72.0523
72.0523
72.0523
72.0523
72.0523
72.0523
72.0523
72.0523
72.0523
72.0523
72.0523
72.0523
72.0523
72.0523
72.0523
72.0523
72.0523
72.0523
72.0523
72.0523
72.0523
72.0523
72.0523
72.0523
72.0523
72.0523
72.0523
72.0523
72.0523
72.0523
72.0523
72.0523
72.0523
72.0523
72.0523
72.0523
72.0523
72.0523
72.0523
72.0523
72.0523
72.0523
72.0523
72.0523
72.0523
72.0523
72.0523
72.0523
72.0523
72.0523
72.0523
72.0523
72.0523
72.0523
72.0523
72.0523
72.0523
72.0523
72.0523
72.0523
72.0523
72.0523
72.0523
72.0523
72.0523
72.0523
72.0523
72.0523
72.0523
72.0523
72.0523
72.0523
72.0523
72.0523
72.0523
72.0523
72.0523
72.0523
72.0523
72.0523
72.0523
72.0523
72.0523
72.0523
72.0523
72.0523
72.0523
72.0523
72.0523
72.0523
72.0523
72.0523
72.0523
72.0523
72.0523
72.0523
72.0523
72.0523
72.0523
72.0523
72.0523
72.0523
72.0523
72.0523
72.0523
72.0523
72.0523
72.0523
72.0523
72.0523
72.0523
72.0523
72.0523
72.0523
72.0523
72.0523
72.0523
72.0523
72.0523
72.0523
72.0523
72.0523
72.0523
72.0523
72.0523
72.0523
72.0523
72.0523
72.0523
72.0523
72.0523
72.0523
72.0523
72.0523
72.0523
72.0523
72.0523
72.0523
72.0523
72.0523
72.0523
72.0523
72.0523
72.0523
72.0523
72.0523
72.0523
72.0523
72.0523
72.0523
72.0523
72.0523
72.0523
72.0523
72.0523
72.0523
72.0523
72.0523
72.0523
72.0523
72.0523
72.0523
72.0523
72.0523
72.0523
72.0523
72.0523
72.0523
72.0523
72.0523
72.0523
72.0523
72.0523
72.0523
72.0523
72.0523
72.0523
72.0523
72.0523
72.0523
72.0523
72.0523
72.0523
72.0523
72.0523
72.0523
72.0523
72.0523
72.0523
72.0523
72.0523
72.0523
72.0523
72.0523
72.0523
72.0523
72.0523
72.0523
72.0523
72.0523
72.0523
72.0523
72.0523
72.0523
72.0523
72.0523
72.0523
72.0523
72.0523
72.0523
72.0523
72.0523
72.0523
72.0523
72.0523
72.0523
72.0523
72.0523
72.0523
72.0523
72.0523
72.0523
72.0523
72.0523
72.0523
72.0523
72.0523
72.0523
72.0523
72.0523
72.0523
72.0523
72.0523
72.0523
72.0523
72.0523
72.0523
72.0523
72.0523
72.0523
72.0523
72.0523
72.0523
72.0523
72.0523
72.0523
72.0523
72.0523
72.0523
72.0523
72.0523
72.0523
72.0523
72.0523
72.0523
72.0523
72.0523
72.0523
72.0523
72.0523
72.0523
72.0523
72.0523
72.0523
72.0523
72.0523
72.0523
72.0523
72.0523
72.0523
72.0523
72.0523
72.0523
72.0523
72.0523
72.0523
72.0523
72.0523
72.0523
72.0523
72.0523
72.0523
72.0523
72.0523
72.0523
72.0523
72.0523
72.0523
72.0523
72.0523
72.0523
72.0523
72.0523
72.0523
72.0523
72.0523
72.0523
72.0523
72.0523
72.0523
72.0523
72.0523
72.0523
72.0523
72.0523
72.0523
72.0523
72.0523
72.0523
72.0523
72.0523
72.0523
72.0523
72.0523
72.0523
72.0523
72.0523
72.0523
72.0523
72.0523
72.0523
72.0523
72.0523
72.0523
72.0523
72.0523
72.0523
72.0523
72.0523
72.0523
72.0523
72.0523
72.0523
72.0523
72.0523
72.0523
72.0523
72.0523
72.0523
72.0523
72.0523
72.0523
72.0523
72.0523
72.0523
72.0523
72.0523
72.0523
72.0523
72.0523
72.0523
72.0523
72.0523
72.0523
72.0523
72.0523
72.0523
72.0523
72.0523
72.0523
72.0523
72.0523
72.0523
72.0523
72.0523
72.0523
72.0523
72.0523
72.0523
72.0523
72.0523
72.0523
72.0523
72.0523
72.0523
72.0523
72.0523
72.0523
72.0523
72.0523
72.0523
72.0523
72.0523
72.0523
72.0523
72.0523
72.0523
72.0523
72.0523
72.0523
72.0523
72.0523
72.0523
72.0523
72.0523
72.0523
72.0523
72.0523
72.0523
72.0523
72.0523
72.0523
72.0523
72.0523
72.0523
72.0523
72.0523
72.0523
72.0523
72.0523
72.0523
72.0523
72.0523
72.0523
72.0523
72.0523
72.0523
72.0523
72.0523
72.0523
72.0523
72.0523
72.0523
72.0523
72.0523
72.0523
72.0523
72.0523
72.0523
72.0523
72.0523
72.0523
72.0523
72.0523
72.0523
72.0523
72.0523
72.0523
72.0523
72.0523
72.0523
72.0523
72.0523
72.0523
72.0523
72.0523
72.0523
72.0523
72.0523
72.0523
72.0523
72.0523
72.0523
72.0523
72.0523
72.0523
72.0523
72.0523
72.0523
72.0523
72.0523
72.0523
72.0523
72.0523
72.0523
72.0523
72.0523
72.0523
72.0523
72.0523
72.0523
72.0523
72.0523
72.0523
72.0523
72.0523
72.0523
72.0523
72.0523
72.0523
72.0523
72.0523
72.0523
72.0523
72.0523
72.0523
72.0523
72.0523
72.0523
72.0523
72.0523
72.0523
72.0523
72.0523
72.0523
72.0523
72.0523
72.0523
72.0523
72.0523
72.0523
72.0523
72.0523
72.0523
72.0523
72.0523
72.0523
72.0523
72.0523
72.0523
72.0523
72.0523
72.0523
72.0523
72.0523
72.0523
72.0523
72.0523
72.0523
72.0523
72.0523
72.0523
72.0523
72.0523
72.0523
72.0523
72.0523
72.0523
72.0523
72.0523
72.0523
72.0523
72.0523
72.0523
72.0523
72.0523
72.0523
72.0523
72.0523
72.0523
72.0523
72.0523
72.0523
72.0523
72.0523
72.0523
72.0523
72.0523
72.0523
72.0523
72.0523
72.0523
72.0523
72.0523
72.0523
72.0523
72.0523
72.0523
72.0523
72.0523
72.0523
72.0523
72.0523
72.0523
72.0523
72.0523
72.0523
72.0523
72.0523
72.0523
72.0523
72.0523
72.0523
72.0523
72.0523
72.0523
72.0523
72.0523
72.0523
72.0523
72.0523
72.0523
72.0523
72.0523
72.0523
72.0523
72.0523
72.0523
72.0523
72.0523
72.0523
72.0523
72.0523
72.0523
72.0523
72.0523
72.0523
72.0523
72.0523
72.0523
72.0523
72.0523
72.0523
72.0523
72.0523
72.0523
72.0523
72.0523
72.0523
72.0523
72.0523
72.0523
72.0523
72.0523
72.0523
72.0523
72.0523
72.0523
72.0523
72.0523
72.0523
72.0523
72.0523
72.0523
72.0523
72.0523
72.0523
72.0523
72.0523
72.0523
72.0523
72.0523
72.0523
72.0523
72.0523
72.0523
72.0523
72.0523
72.0523
72.0523
72.0523
72.0523
72.0523
72.0523
72.0523
72.0523
72.0523
72.0523
72.0523
72.0523
72.0523
72.0523
72.0523
72.0523
72.0523
72.0523
72.0523
72.0523
72.0523
72.0523
72.0523
72.0523
72.0523
72.0523
72.0523
72.0523
72.0523
72.0523
72.0523
72.0523
72.0523
72.0523
72.0523
72.0523
72.0523
72.0523
72.0523
72.0523
72.0523
72.0523
72.0523
72.0523
72.0523
72.0523
72.0523
72.0523
72.0523
72.0523
72.0523
72.0523
72.0523
72.0523
72.0523
72.0523
72.0523
72.0523
72.0523
72.0523
72.0523
72.0523
72.0523
72.0523
72.0523
72.0523
72.0523
72.0523
72.0523
72.0523
72.0523
72.0523
72.0523
72.0523
72.0523
72.0523
72.0523
72.0523
72.0523
72.0523
72.0523
72.0523
72.0523
72.0523
72.0523
72.0523
72.0523
72.0523
72.0523
72.0523
72.0523
72.0523
72.0523
72.0523
72.0523
72.0523
72.0523
72.0523
72.0523
72.0523
72.0523
72.0523
72.0523
72.0523
72.0523
72.0523
72.0523
72.0523
72.0523
72.0523
72.0523
72.0523
72.0523
72.0523
72.0523
72.0523
72.0523
72.0523
72.0523
72.0523
72.0523
72.0523
72.0523
72.0523
72.0523
72.0523
72.0523
72.0523
72.0523
72.0523
72.0523
72.0523
72.0523
72.0523
72.0523
72.0523
72.0523
72.0523
72.0523
72.0523
72.0523
72.0523
72.0523
72.0523
72.0523
72.0523
72.0523
72.0523
72.0523
72.0523
72.0523
72.0523
72.0523
72.0523
72.0523
72.0523
72.0523
72.0523
72.0523
72.0523
72.0523
72.0523
72.0523
72.0523
72.0523
72.0523
72.0523
72.0523
72.0523
72.0523
72.0523
72.0523
72.0523
72.0523
72.0523
72.0523
72.0523
72.0523
72.0523
72.0523
72.0523
72.0523
72.0523
72.0523
72.0523
72.0523
72.0523
72.0523
72.0523
72.0523
72.0523
72.0523
72.0523
72.0523
72.0523
72.0523
72.0523
72.0523
72.0523
72.0523
72.0523
72.0523
72.0523
72.0523
72.0523
72.0523
72.0523
72.0523
72.0523
72.0523
72.0523
72.0523
72.0523
72.0523
72.0523
72.0523
72.0523
72.0523
72.0523
72.0523
72.0523
72.0523
72.0523
72.0523
72.0523
72.0523
72.0523
72.0523
72.0523
72.0523
72.0523
72.0523
72.0523
72.0523
72.0523
72.0523
72.0523
72.0523
72.0523
72.0523
72.0523
72.0523
72.0523
72.0523
72.0523
72.0523
72.0523
72.0523
72.0523
72.0523
72.0523
72.0523
72.0523
72.0523
72.0523
72.0523
72.0523
72.0523
72.0523
72.0523
72.0523
72.0523
72.0523
72.0523
72.0523
72.0523
72.0523
72.0523
72.0523
72.0523
72.0523
72.0523
72.0523
72.0523
72.0523
72.0523
72.0523
72.0523
72.0523
72.0523
72.0523
72.0523
72.0523
72.0523
72.0523
72.0523
72.0523
72.0523
72.0523
72.0523
72.0523
72.0523
72.0523
72.0523
72.0523
72.0523
72.0523
72.0523
72.0523
72.0523
72.0523
72.0523
72.0523
72.0523
72.0523
72.0523
72.0523
72.0523
72.0523
72.0523
72.0523
72.0523
72.0523
72.0523
72.0523
72.0523
72.0523
72.0523
72.0523
72.0523
72.0523
72.0523
72.0523
72.0523
72.0523
72.0523
72.0523
72.0523
72.0523
72.0523
72.0523
72.0523
72.0523
72.0523
72.0523
72.0523
72.0523
72.0523
72.0523
72.0523
72.0523
72.0523
72.0523
72.0523
72.0523
72.0523
72.0523
72.0523
72.0523
72.0523
72.0523
72.0523
72.0523
72.0523
72.0523
72.0523
72.0523
72.0523
72.0523
72.0523
72.0523
72.0523
72.0523
72.0523
72.0523
72.0523
72.0523
72.0523
72.0523
72.0523
72.0523
72.0523
72.0523
72.0523
72.0523
72.0523
72.0523
72.0523
72.0523
72.0523
72.0523
72.0523
72.0523
72.0523
72.0523
72.0523
72.0523
72.0523
72.0523
72.0523
72.0523
72.0523
72.0523
72.0523
72.0523
72.0523
72.0523
72.0523
72.0523
72.0523
72.0523
72.0523
72.0523
72.0523
72.0523
72.0523
72.0523
72.0523
72.0523
72.0523
72.0523
72.0523
72.0523
72.0523
72.0523
72.0523
72.0523
72.0523
72.0523
72.0523
72.0523
72.0523
72.0523
72.0523
72.0523
72.0523
72.0523
72.0523
72.0523
72.0523
72.0523
72.0523
72.0523
72.0523
72.0523
72.0523
72.0523
72.0523
72.0523
72.0523
72.0523
72.0523
72.0523
72.0523
72.0523
72.0523
72.0523
72.0523
72.0523
72.0523
72.0523
72.0523
72.0523
72.0523
72.0523
72.0523
72.0523
72.0523
72.0523
72.0523
72.0523
72.0523
72.0523
72.0523
72.0523
72.0523
72.0523
72.0523
72.0523
72.0523
72.0523
72.0523
72.0523
72.0523
72.0523
72.0523
72.0523
72.0523
72.0523
72.0523
72.0523
72.0523
72.0523
72.0523
72.0523
72.0523
72.0523
72.0523
72.0523
72.0523
72.0523
72.0523
72.0523
72.0523
72.0523
72.0523
72.0523
72.0523
72.0523
72.0523
72.0523
72.0523
72.0523
72.0523
72.0523
72.0523
72.0523
72.0523
72.0523
72.0523
72.0523
72.0523
72.0523
72.0523
72.0523
72.0523
72.0523
72.0523
72.0523
72.0523
72.0523
72.0523
72.0523
72.0523
72.0523
72.0523
72.0523
72.0523
72.0523
72.0523
72.0523
72.0523
72.0523
72.0523
72.0523
72.0523
72.0523
72.0523
72.0523
72.0523
72.0523
72.0523
72.0523
72.0523
72.0523
72.0523
72.0523
72.0523
72.0523
72.0523
72.0523
72.0523
72.0523
72.0523
72.0523
72.0523
72.0523
72.0523
72.0523
72.0523
72.0523
72.0523
72.0523
72.0523
72.0523
72.0523
72.0523
72.0523
72.0523
72.0523
72.0523
72.0523
72.0523
72.0523
72.0523
72.0523
72.0523
72.0523
72.0523
72.0523
72.0523
72.0523
72.0523
72.0523
72.0523
72.0523
72.0523
72.0523
72.0523
72.0523
72.0523
72.0523
72.0523
72.0523
72.0523
72.0523
72.0523
72.0523
72.0523
72.0523
72.0523
72.0523
72.0523
72.0523
72.0523
72.0523
72.0523
72.0523
72.0523
72.0523
72.0523
72.0523
72.0523
72.0523
72.0523
72.0523
72.0523
72.0523
72.0523
72.0523
72.0523
72.0523
72.0523
72.0523
72.0523
72.0523
72.0523
72.0523
72.0523
72.0523
72.0523
72.0523
72.0523
72.0523
72.0523
72.0523
72.0523
72.0523
72.0523
72.0523
72.0523
72.0523
72.0523
72.0523
72.0523
72.0523
72.0523
72.0523
72.0523
72.0523
72.0523
72.0523
72.0523
72.0523
72.0523
72.0523
72.0523
72.0523
72.0523
72.0523
72.0523
72.0523
72.0523
72.0523
72.0523
72.0523
72.0523
72.0523
72.0523
72.0523
72.0523
72.0523
72.0523
72.0523
72.0523
72.0523
72.0523
72.0523
72.0523
72.0523
72.0523
72.0523
72.0523
72.0523
72.0523
72.0523
72.0523
72.0523
72.0523
72.0523
72.0523
72.0523
72.0523
72.0523
72.0523
72.0523
72.0523
72.0523
72.0523
72.0523
72.0523
72.0523
72.0523
72.0523
72.0523
72.0523
72.0523
72.0523
72.0523
72.0523
72.0523
72.0523
72.0523
72.0523
72.0523
72.0523
72.0523
72.0523
72.0523
72.0523
72.0523
72.0523
72.0523
72.0523
72.0523
72.0523
72.0523
72.0523
72.0523
72.0523
72.0523
72.0523
72.0523
72.0523
72.0523
72.0523
72.0523
72.0523
72.0523
72.0523
72.0523
72.0523
72.0523
72.0523
72.0523
72.0523
72.0523
72.0523
72.0523
72.0523
72.0523
72.0523
72.0523
72.0523
72.0523
72.0523
72.0523
72.0523
72.0523
72.0523
72.0523
72.0523
72.0523
72.0523
72.0523
72.0523
72.0523
72.0523
72.0523
72.0523
72.0523
72.0523
72.0523
72.0523
72.0523
72.0523
72.0523
72.0523
72.0523
72.0523
72.0523
72.0523
72.0523
72.0523
72.0523
72.0523
72.0523
72.0523
72.0523
72.0523
72.0523
72.0523
72.0523
72.0523
72.0523
72.0523
72.0523
72.0523
72.0523
72.0523
72.0523
72.0523
72.0523
72.0523
72.0523
72.0523
72.0523
72.0523
72.0523
72.0523
72.0523
72.0523
72.0523
72.0523
72.0523
72.0523
72.0523
72.0523
72.0523
72.0523
72.0523
72.0523
72.0523
72.0523
72.0523
72.0523
72.0523
72.0523
72.0523
72.0523
72.0523
72.0523
72.0523
72.0523
72.0523
72.0523
72.0523
72.0523
72.0523
72.0523
72.0523
72.0523
72.0523
72.0523
72.0523
72.0523
72.0523
72.0523
72.0523
72.0523
72.0523
72.0523
72.0523
72.0523
72.0523
72.0523
72.0523
72.0523
72.0523
72.0523
72.0523
72.0523
72.0523
72.0523
72.0523
72.0523
72.0523
72.0523
72.0523
72.0523
72.0523
72.0523
72.0523
72.0523
72.0523
72.0523
72.0523
72.0523
72.0523
72.0523
72.0523
72.0523
72.0523
72.0523
72.0523
72.0523
72.0523
72.0523
72.0523
72.0523
72.0523
72.0523
72.0523
72.0523
72.0523
72.0523
72.0523
72.0523
72.0523
72.0523
72.0523
72.0523
72.0523
72.0523
72.0523
72.0523
72.0523
72.0523
72.0523
72.0523
72.0523
72.0523
72.0523
72.0523
72.0523
72.0523
72.0523
72.0523
72.0523
72.0523
72.0523
72.0523
72.0523
72.0523
72.0523
72.0523
72.0523
72.0523
72.0523
72.0523
72.0523
72.0523
72.0523
72.0523
72.0523
72.0523
72.0523
72.0523
72.0523
72.0523
72.0523
72.0523
72.0523
72.0523
72.0523
72.0523
72.0523
72.0523
72.0523
72.0523
72.0523
72.0523
72.0523
72.0523
72.0523
72.0523
72.0523
72.0523
72.0523
72.0523
72.0523
72.0523
72.0523
72.0523
72.0523
72.0523
72.0523
72.0523
72.0523
72.0523
72.0523
72.0523
72.0523
72.0523
72.0523
72.0523
72.0523
72.0523
72.0523
72.0523
72.0523
72.0523
72.0523
72.0523
72.0523
72.0523
72.0523
72.0523
72.0523
72.0523
72.0523
72.0523
72.0523
72.0523
72.0523
72.0523
72.0523
72.0523
72.0523
72.0523
72.0523
72.0523
72.0523
72.0523
72.0523
72.0523
72.0523
72.0523
72.0523
72.0523
72.0523
72.0523
72.0523
72.0523
72.0523
72.0523
72.0523
72.0523
72.0523
72.0523
72.0523
72.0523
72.0523
72.0523
72.0523
72.0523
72.0523
72.0523
72.0523
72.0523
72.0523
72.0523
72.0523
72.0523
72.0523
72.0523
72.0523
72.0523
72.0523
72.0523
72.0523
72.0523
72.0523
72.0523
72.0523
72.0523
72.0523
72.0523
72.0523
72.0523
72.0523
72.0523
72.0523
72.0523
72.0523
72.0523
72.0523
72.0523
72.0523
72.0523
72.0523
72.0523
72.0523
72.0523
72.0523
72.0523
72.0523
72.0523
72.0523
72.0523
72.0523
72.0523
72.0523
72.0523
72.0523
72.0523
72.0523
72.0523
72.0523
72.0523
72.0523
72.0523
72.0523
72.0523
72.0523
72.0523
72.0523
72.0523
72.0523
72.0523
72.0523
72.0523
72.0523
72.0523
72.0523
72.0523
72.0523
72.0523
72.0523
72.0523
72.0523
72.0523
72.0523
72.0523
72.0523
72.0523
72.0523
72.0523
72.0523
72.0523
72.0523
72.0523
72.0523
72.0523
72.0523
72.0523
72.0523
72.0523
72.0523
72.0523
72.0523
72.0523
72.0523
72.0523
72.0523
72.0523
72.0523
72.0523
72.0523
72.0523
72.0523
72.0523
72.0523
72.0523
72.0523
72.0523
72.0523
72.0523
72.0523
72.0523
72.0523
72.0523
72.0523
72.0523
72.0523
72.0523
72.0523
72.0523
72.0523
72.0523
72.0523
72.0523
72.0523
72.0523
72.0523
72.0523
72.0523
72.0523
72.0523
72.0523
72.0523
72.0523
72.0523
72.0523
72.0523
72.0523
72.0523
72.0523
72.0523
72.0523
72.0523
72.0523
72.0523
72.0523
72.0523
72.0523
72.0523
72.0523
72.0523
72.0523
72.0523
72.0523
72.0523
72.0523
72.0523
72.0523
72.0523
72.0523
72.0523
72.0523
72.0523
72.0523
72.0523
72.0523
72.0523
72.0523
72.0523
72.0523
72.0523
72.0523
72.0523
72.0523
72.0523
72.0523
72.0523
72.0523
72.0523
72.0523
72.0523
72.0523
72.0523
72.0523
72.0523
72.0523
72.0523
72.0523
72.0523
72.0523
72.0523
72.0523
72.0523
72.0523
72.0523
72.0523
72.0523
72.0523
72.0523
72.0523
72.0523
72.0523
72.0523
72.0523
72.0523
72.0523
72.0523
72.0523
72.0523
72.0523
72.0523
72.0523
72.0523
72.0523
72.0523
72.0523
72.0523
72.0523
72.0523
72.0523
72.0523
72.0523
72.0523
72.0523
72.0523
72.0523
72.0523
72.0523
72.0523
72.0523
72.0523
72.0523
72.0523
72.0523
72.0523
72.0523
72.0523
72.0523
72.0523
72.0523
72.0523
72.0523
72.0523
72.0523
72.0523
72.0523
72.0523
72.0523
72.0523
72.0523
72.0523
72.0523
72.0523
72.0523
72.0523
72.0523
72.0523
72.0523
72.0523
72.0523
72.0523
72.0523
72.0523
72.0523
72.0523
72.0523
72.0523
72.0523
72.0523
72.0523
72.0523
72.0523
72.0523
72.0523
72.0523
72.0523
72.0523
72.0523
72.0523
72.0523
72.0523
72.0523
72.0523
72.0523
72.0523
72.0523
72.0523
72.0523
72.0523
72.0523
72.0523
72.0523
72.0523
72.0523
72.0523
72.0523
72.0523
72.0523
72.0523
72.0523
72.0523
72.0523
72.0523
72.0523
72.0523
72.0523
72.0523
72.0523
72.0523
72.0523
72.0523
72.0523
72.0523
72.0523
72.0523
72.0523
72.0523
72.0523
72.0523
72.0523
72.0523
72.0523
72.0523
72.0523
72.0523
72.0523
72.0523
72.0523
72.0523
72.0523
72.0523
72.0523
72.0523
72.0523
72.0523
72.0523
72.0523
72.0523
72.0523
72.0523
72.0523
72.0523
72.0523
72.0523
72.0523
72.0523
72.0523
72.0523
72.0523
72.0523
72.0523
72.0523
72.0523
72.0523
72.0523
72.0523
72.0523
72.0523
72.0523
72.0523
72.0523
72.0523
72.0523
72.0523
72.0523
72.0523
72.0523
72.0523
72.0523
72.0523
72.0523
72.0523
72.0523
72.0523
72.0523
72.0523
72.0523
72.0523
72.0523
72.0523
72.0523
72.0523
72.0523
72.0523
72.0523
72.0523
72.0523
72.0523
72.0523
72.0523
72.0523
72.0523
72.0523
72.0523
72.0523
72.0523
72.0523
72.0523
72.0523
72.0523
72.0523
72.0523
72.0523
72.0523
72.0523
72.0523
72.0523
72.0523
72.0523
72.0523
72.0523
72.0523
72.0523
72.0523
72.0523
72.0523
72.0523
72.0523
72.0523
72.0523
72.0523
72.0523
72.0523
72.0523
72.0523
72.0523
72.0523
72.0523
72.0523
72.0523
72.0523
72.0523
72.0523
72.0523
72.0523
72.0523
72.0523
72.0523
72.0523
72.0523
72.0523
72.0523
72.0523
72.0523
72.0523
72.0523
72.0523
72.0523
72.0523
72.0523
72.0523
72.0523
72.0523
72.0523
72.0523
72.0523
72.0523
72.0523
72.0523
72.0523
72.0523
72.0523
72.0523
72.0523
72.0523
72.0523
72.0523
72.0523
72.0523
72.0523
72.0523
72.0523
72.0523
72.0523
72.0523
72.0523
72.0523
72.0523
72.0523
72.0523
72.0523
72.0523
72.0523
72.0523
72.0523
72.0523
72.0523
72.0523
72.0523
72.0523
72.0523
72.0523
72.0523
72.0523
72.0523
72.0523
72.0523
72.0523
72.0523
72.0523
72.0523
72.0523
72.0523
72.0523
72.0523
72.0523
72.0523
72.0523
72.0523
72.0523
72.0523
72.0523
72.0523
72.0523
72.0523
72.0523
72.0523
72.0523
72.0523
72.0523
72.0523
72.0523
72.0523
72.0523
72.0523
72.0523
72.0523
72.0523
72.0523
72.0523
72.0523
72.0523
72.0523
72.0523
72.0523
72.0523
72.0523
72.0523
72.0523
72.0523
72.0523
72.0523
72.0523
72.0523
72.0523
72.0523
72.0523
72.0523
72.0523
72.0523
72.0523
72.0523
72.0523
72.0523
72.0523
72.0523
72.0523
72.0523
72.0523
72.0523
72.0523
72.0523
72.0523
72.0523
72.0523
72.0523
72.0523
72.0523
72.0523
72.0523
72.0523
72.0523
72.0523
72.0523
72.0523
72.0523
72.0523
72.0523
72.0523
72.0523
72.0523
72.0523
72.0523
72.0523
72.0523
72.0523
72.0523
72.0523
72.0523
72.0523
72.0523
72.0523
72.0523
72.0523
72.0523
72.0523
72.0523
72.0523
72.0523
72.0523
72.0523
72.0523
72.0523
72.0523
72.0523
72.0523
72.0523
72.0523
72.0523
72.0523
72.0523
72.0523
72.0523
72.0523
72.0523
72.0523
72.0523
72.0523
72.0523
72.0523
72.0523
72.0523
72.0523
72.0523
72.0523
72.0523
72.0523
72.0523
72.0523
72.0523
72.0523
72.0523
72.0523
72.0523
72.0523
72.0523
72.0523
72.0523
72.0523
72.0523
72.0523
72.0523
72.0523
72.0523
72.0523
72.0523
72.0523
71.9797
71.9797
71.9797
71.9797
71.9797
71.9797
71.9797
71.9797
71.9797
71.9797
71.9797
71.9797
71.9797
71.9797
71.9797
71.9797
71.7593
71.7593
71.7593
71.7593
71.7593
71.7593
71.7593
71.7593
71.7593
71.7593
71.7593
71.7593
71.7593
71.7593
71.7593
71.7593
71.7593
71.7593
71.7593
71.7593
71.7593
71.7593
71.7593
71.7593
71.7593
71.7593
71.7593
71.7593
71.7593
71.7593
71.7593
71.7593
71.7593
71.7593
71.7593
71.7593
71.7593
71.7593
71.7593
71.7593
71.7593
71.7593
71.7593
71.7593
71.7593
71.7593
71.7593
71.7593
71.7593
71.7593
71.7593
71.7593
71.7593
71.7593
71.7593
71.7593
71.7593
71.7593
71.7593
71.7593
71.7593
71.7593
71.7593
71.7593
71.7593
71.7593
71.7593
71.7593
71.7593
71.7593
71.7593
71.7593
71.7593
71.7593
71.7593
71.7593
71.7593
71.7593
71.7593
71.7593
71.7593
71.7593
71.7593
71.7593
71.7593
71.7593
71.7593
71.7593
71.7593
71.7593
71.7593
71.7593
71.7593
71.7593
71.7593
71.7593
71.7593
71.7593
71.7593
71.7593
71.7593
71.7593
71.7593
71.7593
71.7593
71.7593
71.7593
71.7593
71.7593
71.7593
71.7593
71.7593
71.7593
71.7593
71.7593
71.7593
71.7593
71.7593
71.7593
71.7593
71.7593
71.7593
71.7593
71.7593
71.7593
71.7593
71.7593
71.7593
71.7593
71.7593
71.7593
71.7593
71.7593
71.7593
71.7593
71.7593
71.7593
71.7593
71.7593
71.7593
71.7593
71.7593
71.7593
71.7593
71.7593
71.7593
71.7593
71.7593
71.7593
71.7593
71.7593
71.7593
71.7593
71.7593
71.7593
71.7593
71.7593
71.7593
71.7593
71.7593
71.7593
71.7593
71.7593
71.7593
71.7593
71.7593
71.7593
71.7593
71.7593
71.7593
71.7593
71.7593
71.7593
71.7593
71.7593
71.7593
71.7593
71.7593
71.7593
71.7593
71.7593
71.7593
71.7593
71.7593
71.7593
71.7593
71.7593
71.7593
71.7593
71.7593
71.7593
71.7593
71.7593
71.7593
71.7593
71.7593
71.7593
71.7593
71.7593
71.7593
71.7593
71.7593
71.7593
71.7593
71.7593
71.7593
71.7593
71.7593
71.7593
71.7593
71.7593
71.7593
71.7593
71.7593
71.7593
71.7593
71.7593
71.7593
71.7593
71.7593
71.7593
71.7593
71.7593
71.7593
71.7593
71.7593
71.7593
71.7593
71.7593
71.7593
71.7593
71.7593
71.7593
71.7593
71.7593
71.7593
71.7593
71.7593
71.7593
71.7593
71.7593
71.7593
71.7593
71.7593
71.7593
71.7593
71.7593
71.7593
71.7593
71.7593
71.7593
71.7593
71.7593
71.7593
71.7593
71.7593
71.7593
71.7593
71.7593
71.7593
71.7593
71.7593
71.7593
71.7593
71.7593
71.7593
71.7593
71.7593
71.7593
71.7593
71.7593
71.7593
71.7593
71.7593
71.7593
71.7593
71.7593
71.7593
71.7593
71.7593
71.7593
71.7593
71.7593
71.7593
71.7593
71.7593
71.7593
71.7593
71.7593
71.7593
71.7593
71.7593
71.7593
71.7593
71.7593
71.7593
71.7593
71.7593
71.7593
71.7593
71.7593
71.7593
71.7593
71.7593
71.7593
71.7593
71.7593
71.7593
71.7593
71.7593
71.7593
71.7593
71.7593
71.7593
71.7593
71.7593
71.7593
71.7593
71.7593
71.7593
71.7593
71.7593
71.7593
71.7593
71.7593
71.7593
71.7593
71.7593
71.7593
71.7593
71.7593
71.7593
71.7593
71.7593
71.7593
71.7593
71.7593
71.7593
71.7593
71.7593
71.7593
71.7593
71.7593
71.7593
71.7593
71.7593
71.7593
71.7593
71.7593
71.7593
71.7593
71.7593
71.7593
71.7593
71.7593
71.7593
71.7593
71.7593
71.7593
71.7593
71.7593
71.7593
71.7593
71.7593
71.7593
71.7593
71.7593
71.7593
71.7593
71.7593
71.7593
71.7593
71.7593
71.7593
71.7593
71.7593
71.7593
71.7593
71.7593
71.7593
71.7593
71.7593
71.7593
71.7593
71.7593
71.7593
71.7593
71.7593
71.7593
71.7593
71.7593
71.7593
71.7593
71.7593
71.7593
71.7593
71.7593
71.7593
71.7593
71.7593
71.7593
71.7593
71.7593
71.7593
71.7593
71.7593
71.7593
71.7593
71.7593
71.7593
71.7593
71.7593
71.7593
71.7593
71.7593
71.7593
71.7593
71.7593
71.7593
71.7593
71.7593
71.7593
71.7593
71.7593
71.7593
71.7593
71.7593
71.7593
71.7593
71.7593
71.7593
71.7593
71.7593
71.7593
71.7593
71.7593
71.7593
71.7593
71.7593
71.7593
71.7593
71.7593
71.7593
71.7593
71.7593
71.7593
71.7593
71.7593
71.7593
71.7593
71.7593
71.7593
71.7593
71.7593
71.7593
71.7593
71.7593
71.7593
71.7593
71.7593
71.7593
71.7593
71.7593
71.7593
71.7593
71.7593
71.7593
71.7593
71.7593
71.7593
71.7593
71.7593
71.7593
71.7593
71.7593
71.7593
71.7593
71.7593
71.7593
71.7593
71.7593
71.7593
71.7593
71.7593
71.7593
71.7593
71.7593
71.7593
71.7593
71.7593
71.7593
71.7593
71.7593
71.7593
71.7593
71.7593
71.7593
71.7593
71.7593
71.7593
71.7593
71.7593
71.7593
71.7593
71.7593
71.7593
71.7593
71.7593
71.7593
71.7593
71.7593
71.7593
71.7593
71.7593
71.7593
71.7593
71.7593
71.7593
71.7593
71.7593
71.7593
71.7593
71.7593
71.7593
71.7593
71.7593
71.7593
71.7593
71.7593
71.7593
71.7593
71.7593
71.7593
71.7593
71.7593
71.7593
71.7593
71.7593
71.7593
71.7593
71.7593
71.7593
71.7593
71.7593
71.7593
71.7593
71.7593
71.7593
71.7593
71.7593
71.7593
71.7593
71.7593
71.7593
71.7593
71.7593
71.7593
71.7593
71.7593
71.7593
71.7593
71.7593
71.7593
71.7593
71.7593
71.7593
71.7593
71.7593
71.7593
71.7593
71.7593
71.7593
71.7593
71.7593
71.7593
71.7593
71.7593
71.7593
71.7593
71.7593
71.7593
71.7593
71.7593
71.7593
71.7593
71.7593
71.7593
71.7593
71.7593
71.7593
71.7593
71.7593
71.7593
71.7593
71.7593
71.7593
71.7593
71.7593
71.7593
71.7593
71.7593
71.7593
71.7593
71.7593
71.7593
71.7593
71.7593
71.7593
71.7593
71.7593
71.7593
71.7593
71.7593
71.7593
71.7593
71.7593
71.7593
71.7593
71.7593
71.7593
71.7593
71.7593
71.7593
71.7593
71.7593
71.7593
71.7593
71.7593
71.7593
71.7593
71.7593
71.7593
71.7593
71.7593
71.7593
71.7593
71.7593
71.7593
71.7593
71.7593
71.7593
71.7593
71.7593
71.7593
71.7593
71.7593
71.7593
71.7593
71.7593
71.7593
71.7593
71.7593
71.7593
71.7593
71.7593
71.7593
71.7593
71.7593
71.7593
71.7593
71.7593
71.7593
71.7593
71.7593
71.7593
71.7593
71.7593
71.7593
71.7593
71.7593
71.7593
71.7593
71.7593
71.7593
71.7593
71.7593
71.7593
71.7593
71.7593
71.7593
71.7593
71.7593
71.7593
71.7593
71.7593
71.7593
71.7593
71.7593
71.7593
71.7593
71.7593
71.7593
71.7593
71.7593
71.7593
71.7593
71.7593
71.7593
71.7593
71.7593
71.7593
71.7593
71.7593
71.7593
71.7593
71.7593
71.7593
71.7593
71.7593
71.7593
71.7593
71.7593
71.7593
71.7593
71.7593
71.7593
71.7593
71.7593
71.7593
71.7593
71.7593
71.7593
71.7593
71.7593
71.7593
71.7593
71.7593
71.7593
71.7593
71.7593
71.7593
71.7593
71.7593
71.7593
71.7593
71.7593
71.7593
71.7593
71.7593
71.7593
71.7593
71.7593
71.7593
71.7593
71.7593
71.7593
71.7593
71.7593
71.7593
71.7593
71.7593
71.7593
71.7593
71.7593
71.7593
71.7593
71.7593
71.7593
71.7593
71.7593
71.7593
71.7593
71.7593
71.7593
71.7593
71.7593
71.7593
71.7593
71.7593
71.7593
71.7593
71.7593
71.7593
71.7593
71.7593
71.7593
71.7593
71.7593
71.7593
71.7593
71.7593
71.7593
71.7593
71.7593
71.7593
71.7593
71.7593
71.7593
71.7593
71.7593
71.7593
71.7593
71.7593
71.7593
71.7593
71.7593
71.7593
71.7593
71.7593
71.7593
71.7593
71.7593
71.7593
71.7593
71.7593
71.7593
71.7593
71.7593
71.7593
71.7593
71.7593
71.7593
71.7593
71.7593
71.7593
71.7593
71.7593
71.7593
71.7593
71.7593
71.7593
71.7593
71.7593
71.7593
71.7593
71.7593
71.7593
71.7593
71.7593
71.7593
71.7593
71.7593
71.7593
71.7593
71.7593
71.7593
71.7593
71.7593
71.7593
71.7593
71.7593
71.7593
71.7593
71.7593
71.7593
71.7593
71.7593
71.7593
71.7593
71.7593
71.7593
71.7593
71.7593
71.7593
71.7593
71.7593
71.7593
71.7593
71.7593
71.7593
71.7593
71.7593
71.7593
71.7593
71.7593
71.7593
71.7593
71.7593
71.7593
71.7593
71.7593
71.7593
71.7593
71.7593
71.7593
71.7593
71.7593
71.7593
71.7593
71.7593
71.7593
71.7593
71.7593
71.7593
71.7593
71.7593
71.7593
71.7593
71.7593
71.7593
71.7593
71.7593
71.7593
71.7593
71.7593
71.7593
71.7593
71.7593
71.7593
71.7593
71.7593
71.7593
71.7593
71.7593
71.7593
71.7593
71.7593
71.7593
71.7593
71.7593
71.7593
71.7593
71.7593
71.7593
71.7593
71.7593
71.7593
71.7593
71.7593
71.7593
71.7593
71.7593
71.7593
71.7593
71.7593
71.7593
71.7593
71.7593
71.7593
71.7593
71.7593
71.7593
71.7593
71.7593
71.7593
71.7593
71.7593
71.7593
71.7593
71.7593
71.7593
71.7593
71.7593
71.7593
71.7593
71.7593
71.7593
71.7593
71.7593
71.7593
71.7593
71.7593
71.7593
71.7593
71.7593
71.7593
71.7593
71.7593
71.7593
71.7593
71.7593
71.7593
71.7593
71.7593
71.7593
71.7593
71.7593
71.7593
71.7593
71.7593
71.7593
71.7593
71.7593
71.7593
71.7593
71.7593
71.7593
71.7593
71.7593
71.7593
71.7593
71.7593
71.7593
71.7593
71.7593
71.7593
71.7593
71.7593
71.7593
71.7593
71.7593
71.7593
71.7593
71.7593
71.7593
71.7593
71.7593
71.7593
71.7593
71.7593
71.7593
71.7593
71.7593
71.7593
71.7593
71.7593
71.7593
71.7593
71.7593
71.7593
71.7593
71.7593
71.7593
71.7593
71.7593
71.7593
71.7593
71.7593
71.7593
71.7593
71.7593
71.7593
71.7593
71.7593
71.7593
71.7593
71.7593
71.7593
71.7593
71.7593
71.7593
71.7593
71.7593
71.7593
71.7593
71.7593
71.7593
71.7593
71.7593
71.7593
71.7593
71.7593
71.7593
71.7593
71.7593
71.7593
71.7593
71.7593
71.7593
71.7593
71.7593
71.7593
71.7593
71.7593
71.7593
71.7593
71.7593
71.7593
71.7593
71.7593
71.7593
71.7593
71.7593
71.7593
71.7593
71.7593
71.7593
71.7593
71.7593
71.7593
71.7593
71.7593
71.7593
71.7593
71.7593
71.7593
71.7593
71.7593
71.7593
71.7593
71.7593
71.7593
71.7593
71.7593
71.7593
71.7593
71.7593
71.7593
71.7593
71.7593
71.7593
71.7593
71.7593
71.7593
71.7593
71.7593
71.7593
71.7593
71.7593
71.7593
71.7593
71.7593
71.7593
71.7593
71.7593
71.7593
71.7593
71.7593
71.7593
71.7593
71.7593
71.7593
71.7593
71.7593
71.7593
71.7593
71.7593
71.7593
71.7593
71.7593
71.7593
71.7593
71.7593
71.7593
71.7593
71.7593
71.7593
71.7593
71.7593
71.7593
71.7593
71.7593
71.7593
71.7593
71.7593
71.7593
71.7593
71.7593
71.7593
71.7593
71.7593
71.7593
71.7593
71.7593
71.7593
71.7593
71.7593
71.7593
71.7593
71.7593
71.7593
71.7593
71.7593
71.7593
71.7593
71.7593
71.7593
71.7593
71.7593
71.7593
71.7593
71.7593
71.7593
71.7593
71.7593
71.7593
71.7593
71.7593
71.7593
71.7593
71.7593
71.7593
71.7593
71.7593
71.7593
71.7593
71.7593
71.7593
71.7593
71.7593
71.7593
71.7593
71.7593
71.7593
71.7593
71.7593
71.7593
71.7593
71.7593
71.7593
71.7593
71.7593
71.7593
71.7593
71.7593
71.7593
71.7593
71.7593
71.7593
71.7593
71.7593
71.7593
71.7593
71.7593
71.7593
71.7593
71.7593
71.7593
71.7593
71.7593
71.7593
71.7593
71.7593
71.7593
71.7593
71.7593
71.7593
71.7593
71.7593
71.7593
71.7593
71.7593
71.7593
71.7593
71.7593
71.7593
71.7593
71.7593
71.7593
71.7593
71.7593
71.7593
71.7593
71.7593
71.7593
71.7593
71.7593
71.7593
71.7593
71.7593
71.7593
71.7593
71.7593
71.7593
71.7593
71.7593
71.7593
71.7593
71.7593
71.7593
71.7593
71.7593
71.7593
71.7593
71.7593
71.7593
71.7593
71.7593
71.7593
71.7593
71.7593
71.7593
71.7593
71.7593
71.7593
71.7593
71.7593
71.7593
71.7593
71.7593
71.7593
71.7593
71.7593
71.7593
71.7593
71.7593
71.7593
71.7593
71.7593
71.7593
71.7593
71.7593
71.7593
71.7593
71.7593
71.7593
71.7593
71.7593
71.7593
71.7593
71.7593
71.7593
71.7593
71.7593
71.7593
71.7593
71.7593
71.7593
71.7593
71.7593
71.7593
71.7593
71.7593
71.7593
71.7593
71.7593
71.7593
71.7593
71.7593
71.7593
71.7593
71.7593
71.7593
71.7593
71.7593
71.7593
71.7593
71.7593
71.7593
71.7593
71.7593
71.7593
71.7593
71.7593
71.7593
71.7593
71.7593
71.7593
71.7593
71.7593
71.7593
71.7593
71.7593
71.7593
71.7593
71.7593
71.7593
71.7593
71.7593
71.7593
71.7593
71.7593
71.7593
71.7593
71.7593
71.7593
71.7593
71.7593
71.7593
71.7593
71.7593
71.7593
71.7593
71.7593
71.7593
71.7593
71.7593
71.7593
71.7593
71.7593
71.7593
71.7593
71.7593
71.7593
71.7593
71.7593
71.7593
71.7593
71.7593
71.7593
71.7593
71.7593
71.7593
71.7593
71.7593
71.7593
71.7593
71.7593
71.7593
71.7593
71.7593
71.7593
71.7593
71.7593
71.7593
71.7593
71.7593
71.7593
71.7593
71.7593
71.7593
71.7593
71.7593
71.7593
71.7593
71.7593
71.7593
71.7593
71.7593
71.7593
71.7593
71.7593
71.7593
71.7593
71.7593
71.7593
71.7593
71.7593
71.7593
71.7593
71.7593
71.7593
71.7593
71.7593
71.7593
71.7593
71.7593
71.7593
71.7593
71.7593
71.7593
71.7593
71.7593
71.7593
71.7593
71.7593
71.7593
71.7593
71.7593
71.7593
71.7593
71.7593
71.7593
71.7593
71.7593
71.7593
71.7593
71.7593
71.7593
71.7593
71.7593
71.7593
71.7593
71.7593
71.7593
71.7593
71.7593
71.7593
71.7593
71.7593
71.7593
71.7593
71.7593
71.7593
71.7593
71.7593
71.7593
71.7593
71.7593
71.7593
71.7593
71.7593
71.7593
71.7593
71.7593
71.7593
71.7593
71.7593
71.7593
71.7593
71.7593
71.7593
71.7593
71.7593
71.7593
71.7593
71.7593
71.7593
71.7593
71.7593
71.7593
71.7593
71.7593
71.7593
71.7593
71.7593
71.7593
71.7593
71.7593
71.7593
71.7593
71.7593
71.7593
71.7593
71.7593
71.7593
71.7593
71.7593
71.7593
71.7593
71.7593
71.7593
71.7593
71.7593
71.7593
71.7593
71.7593
71.7593
71.7593
71.7593
71.7593
71.7593
71.7593
71.7593
71.7593
71.7593
71.7593
71.7593
71.7593
71.7593
71.7593
71.7593
71.7593
71.7593
71.7593
71.7593
71.7593
71.7593
71.7593
71.7593
71.7593
71.7593
71.7593
71.7593
71.7593
71.7593
71.7593
71.7593
71.7593
71.7593
71.7593
71.7593
71.7593
71.7593
71.7593
71.7593
71.7593
71.7593
71.7593
71.7593
71.7593
71.7593
71.7593
71.7593
71.7593
71.7593
71.7593
71.7593
71.7593
71.7593
71.7593
71.7593
71.7593
71.7593
71.7593
71.7593
71.7593
71.7593
71.7593
71.7593
71.7593
71.7593
71.7593
71.7593
71.7593
71.7593
71.7593
71.7593
71.7593
71.7593
71.7593
71.7593
71.7593
71.7593
71.7593
71.7593
71.7593
71.7593
71.7593
71.7593
71.7593
71.7593
71.7593
71.7593
71.7593
71.7593
71.7593
71.7593
71.7593
71.7593
71.7593
71.7593
71.7593
71.7593
71.7593
71.7593
71.7593
71.7593
71.7593
71.7593
71.7593
71.7593
71.7593
71.7593
71.7593
71.7593
71.7593
71.7593
71.7593
71.7593
71.7593
71.7593
71.7593
71.7593
71.7593
71.7593
71.7593
71.7593
71.7593
71.7593
71.7593
71.7593
71.7593
71.7593
71.7593
71.7593
71.7593
71.7593
71.7593
71.7593
71.7593
71.7593
71.7593
71.7593
71.7593
71.7593
71.7593
71.7593
71.7593
71.7593
71.7593
71.7593
71.7593
71.7593
71.7593
71.7593
71.7593
71.7593
71.7593
71.7593
71.7593
71.7593
71.7593
71.7593
71.7593
71.7593
71.7593
71.7593
71.7593
71.7593
71.7593
71.7593
71.7593
71.7593
71.7593
71.7593
71.7593
71.7593
71.7593
71.7593
71.7593
71.7593
71.7593
71.7593
71.7593
71.7593
71.7593
71.7593
71.7593
71.7593
71.7593
71.7593
71.7593
71.7593
71.7593
71.7593
71.7593
71.7593
71.7593
71.7593
71.7593
71.7593
71.7593
71.7593
71.7593
71.7593
71.7593
71.7593
71.7593
71.7593
71.7593
71.7593
71.7593
71.7593
71.7593
71.7593
71.7593
71.7593
71.7593
71.7593
71.7593
71.7593
71.7593
71.7593
71.7593
71.7593
71.7593
71.7593
71.7593
71.7593
71.7593
71.7593
71.7593
71.7593
71.7593
71.7593
71.7593
71.7593
71.7593
71.7593
71.7593
71.7593
71.7593
71.7593
71.7593
71.7593
71.7593
71.7593
71.7593
71.7593
71.7593
71.7593
71.7593
71.7593
71.7593
71.7593
71.7593
71.7593
71.7593
71.7593
71.7593
71.7593
71.7593
71.7593
71.7593
71.7593
71.7593
71.7593
71.7593
71.7593
71.7593
71.7593
71.7593
71.7593
71.7593
71.7593
71.7593
71.7593
71.7593
71.7593
71.7593
71.7593
71.7593
71.7593
71.7593
71.7593
71.7593
71.7593
71.7593
71.7593
71.7593
71.7593
71.7593
71.7593
71.7593
71.7593
71.7593
71.7593
71.7593
71.7593
71.7593
71.7593
71.7593
71.7593
71.7593
71.7593
71.7593
71.7593
71.7593
71.7593
71.7593
71.7593
71.7593
71.7593
71.7593
71.7593
71.7593
71.7593
71.7593
71.7593
71.7593
71.7593
71.7593
71.7593
71.7593
71.7593
71.7593
71.7593
71.7593
71.7593
71.7593
71.7593
71.7593
71.7593
71.7593
71.7593
71.7593
71.7593
71.7593
71.7593
71.7593
71.7593
71.7593
71.7593
71.7593
71.7593
71.7593
71.7593
71.7593
71.7593
71.7593
71.7593
71.7593
71.7593
71.7593
71.7593
71.7593
71.7593
71.7593
71.7593
71.7593
71.7593
71.7593
71.7593
71.7593
71.7593
71.7593
71.7593
71.7593
71.7593
71.7593
71.7593
71.7593
71.7593
71.7593
71.7593
71.7593
71.7593
71.7593
71.7593
71.7593
71.7593
71.7593
71.7593
71.7593
71.7593
71.7593
71.7593
71.7593
71.7593
71.7593
71.7593
71.7593
71.7593
71.7593
71.7593
71.7593
71.7593
71.7593
71.7593
71.7593
71.7593
71.7593
71.7593
71.7593
71.7593
71.7593
71.7593
71.7593
71.7593
71.7593
71.7593
71.7593
71.7593
71.7593
71.7593
71.7593
71.7593
71.7593
71.7593
71.7593
71.7593
71.7593
71.7593
71.7593
71.7593
71.7593
71.7593
71.7593
71.7593
71.7593
71.7593
71.7593
71.7593
71.7593
71.7593
71.7593
71.7593
71.7593
71.7593
71.7593
71.7593
71.7593
71.7593
71.7593
71.7593
71.7593
71.7593
71.7593
71.7593
71.7593
71.7593
71.7593
71.7593
71.7593
71.7593
71.7593
71.7593
71.7593
71.7593
71.7593
71.7593
71.7593
71.7593
71.7593
71.7593
71.7593
71.7593
71.7593
71.7593
71.7593
71.7593
71.7593
71.7593
71.7593
71.7593
71.7593
71.7593
71.7593
71.7593
71.7593
71.7593
71.7593
71.7593
71.7593
71.7593
71.7593
71.7593
71.7593
71.7593
71.7593
71.7593
71.7593
71.7593
71.7593
71.7593
71.7593
71.7593
71.7593
71.7593
71.7593
71.7593
71.7593
71.7593
71.7593
71.7593
71.7593
71.7593
71.7593
71.7593
71.7593
71.7593
71.7593
71.7593
71.7593
71.7593
71.7593
71.7593
71.7593
71.7593
71.7593
71.7593
71.7593
71.7593
71.7593
71.7593
71.7593
71.7593
71.7593
71.7593
71.7593
71.7593
71.7593
71.7593
71.7593
71.7593
71.7593
71.7593
71.7593
71.7593
71.7593
71.7593
71.7593
71.7593
71.7593
71.7593
71.7593
71.7593
71.7593
71.7593
71.7593
71.7593
71.7593
71.7593
71.7593
71.7593
71.7593
71.7593
71.7593
71.7593
71.7593
71.7593
71.7593
71.7593
71.7593
71.7593
71.7593
71.7593
71.7593
71.7593
71.7593
71.7593
71.7593
71.7593
71.7593
71.7593
71.7593
71.7593
71.7593
71.7593
71.7593
71.7593
71.7593
71.7593
71.7593
71.7593
71.7593
71.7593
71.7593
71.7593
71.7593
71.7593
71.7593
71.7593
71.7593
71.7593
71.7593
71.7593
71.7593
71.7593
71.7593
71.7593
71.7593
71.7593
71.7593
71.7593
71.7593
71.7593
71.7593
71.7593
71.7593
71.7593
71.7593
71.7593
71.7593
71.7593
71.7593
71.7593
71.7593
71.7593
71.7593
71.7593
71.7593
71.7593
71.7593
71.7593
71.7593
71.7593
71.7593
71.7593
71.7593
71.7593
71.7593
71.7593
71.7593
71.7593
71.7593
71.7593
71.7593
71.7593
71.7593
71.7593
71.7593
71.7593
71.7593
71.7593
71.7593
71.7593
71.7593
71.7593
71.7593
71.7593
71.7593
71.7593
71.7593
71.7593
71.7593
71.7593
71.7593
71.7593
71.7593
71.7593
71.7593
71.7593
71.7593
71.7593
71.7593
71.7593
71.7593
71.7593
71.7593
71.7593
71.7593
71.7593
71.7593
71.7593
71.7593
71.7593
71.7593
71.7593
71.7593
71.7593
71.7593
71.7593
71.7593
71.7593
71.7593
71.7593
71.7593
71.7593
71.7593
71.7593
71.7593
71.7593
71.7593
71.7593
71.7593
71.7593
71.7593
71.7593
71.7593
71.7593
71.7593
71.7593
71.7593
71.7593
71.7593
71.7593
71.7593
71.7593
71.7593
71.7593
71.7593
71.7593
71.7593
71.7593
71.7593
71.7593
71.7593
71.7593
71.7593
71.7593
71.7593
71.7593
71.7593
71.7593
71.7593
71.7593
71.7593
71.7593
71.7593
71.7593
71.7593
71.7593
71.7593
71.7593
71.7593
71.7593
71.7593
71.7593
71.7593
71.7593
71.7593
71.7593
71.7593
71.7593
71.7593
71.7593
71.7593
71.7593
71.7593
71.7593
71.7593
71.7593
71.7593
71.7593
71.7593
71.7593
71.7593
71.7593
71.7593
71.7593
71.7593
71.7593
71.7593
71.7593
71.7593
71.7593
71.7593
71.7593
71.7593
71.7593
71.7593
71.7593
71.7593
71.7593
71.7593
71.7593
71.7593
71.7593
71.7593
71.7593
71.7593
71.7593
71.7593
71.7593
71.7593
71.7593
71.7593
71.7593
71.7593
71.7593
71.7593
71.7593
71.7593
71.7593
71.7593
71.7593
71.7593
71.7593
71.7593
71.7593
71.7593
71.7593
71.7593
71.7593
71.7593
71.7593
71.7593
71.7593
71.7593
71.7593
71.7593
71.7593
71.7593
71.7593
71.7593
71.7593
71.7593
71.7593
71.7593
71.7593
71.7593
71.7593
71.7593
71.7593
71.7593
71.7593
71.7593
71.7593
71.7593
71.7593
71.7593
71.7593
71.7593
71.7593
71.7593
71.7593
71.7593
71.7593
71.7593
71.7593
71.7593
71.7593
71.7593
71.7593
71.7593
71.7593
71.7593
71.7593
71.7593
71.7593
71.7593
71.7593
71.7593
71.7593
71.7593
71.7593
71.7593
71.7593
71.7593
71.7593
71.7593
71.7593
71.7593
71.7593
71.7593
71.7593
71.7593
71.7593
71.7593
71.7593
71.7593
71.7593
71.7593
71.7593
71.7593
71.7593
71.7593
71.7593
71.7593
71.7593
71.7593
71.7593
71.7593
71.7593
71.7593
71.7593
71.7593
71.7593
71.7593
71.7593
71.7593
71.7593
71.7593
71.7593
71.7593
71.7593
71.7593
71.7593
71.7593
71.7593
71.7593
71.7593
71.7593
71.7593
71.7593
71.7593
71.7593
71.7593
71.7593
71.7593
71.7593
71.7593
71.7593
71.7593
71.7593
71.7593
71.7593
71.7593
71.7593
71.7593
71.7593
71.7593
71.7593
71.7593
71.7593
71.7593
71.7593
71.7593
71.7593
71.7593
71.7593
71.7593
71.7593
71.7593
71.7593
71.7593
71.7593
71.7593
71.7593
71.7593
71.7593
71.7593
71.7593
71.7593
71.7593
71.7593
71.7593
71.7593
71.7593
71.7593
71.7593
71.7593
71.7593
71.7593
71.7593
71.7593
71.7593
71.7593
71.7593
71.7593
71.7593
71.7593
71.7593
71.7593
71.7593
71.7593
71.7593
71.7593
71.7593
71.7593
71.7593
71.7593
71.7593
71.7593
71.7593
71.7593
71.7593
71.7593
71.7593
71.7593
71.7593
71.7593
71.7593
71.7593
71.7593
71.7593
71.7593
71.7593
71.7593
71.7593
71.7593
71.7593
71.7593
71.7593
71.7593
71.7593
71.7593
71.7593
71.7593
71.7593
71.7593
71.7593
71.7593
71.7593
71.7593
71.7593
71.7593
71.7593
71.7593
71.7593
71.7593
71.7593
71.7593
71.7593
71.7593
71.7593
71.7593
71.7593
71.7593
71.7593
71.7593
71.7593
71.7593
71.7593
71.7593
71.7593
71.7593
71.7593
71.7593
71.7593
71.7593
71.7593
71.7593
71.7593
71.7593
71.7593
71.7593
71.7593
71.7593
71.7593
71.7593
71.7593
71.7593
71.7593
71.7593
71.7593
71.7593
71.7593
71.7593
71.7593
71.7593
71.7593
71.7593
71.7593
71.7593
71.7593
71.7593
71.7593
71.7593
71.7593
71.7593
71.7593
71.7593
71.7593
71.7593
71.7593
71.7593
71.7593
71.7593
71.7593
71.7593
71.7593
71.7593
71.7593
71.7593
71.7593
71.7593
71.7593
71.7593
71.7593
71.7593
71.7593
71.7593
71.7593
71.7593
71.7593
71.7593
71.7593
71.7593
71.7593
71.7593
71.7593
71.7593
71.7593
71.7593
71.7593
71.7593
71.7593
71.7593
71.7593
71.7593
71.7593
71.7593
71.7593
71.7593
71.7593
71.7593
71.7593
71.7593
71.7593
71.7593
71.7593
71.7593
71.7593
71.7593
71.7593
71.7593
71.7593
71.7593
71.7593
71.7593
71.7593
71.7593
71.7593
71.7593
71.7593
71.7593
71.7593
71.7593
71.7593
71.7593
71.7593
71.7593
71.7593
71.7593
71.7593
71.7593
71.7593
71.7593
71.7593
71.7593
71.7593
71.7593
71.7593
71.7593
71.7593
71.7593
71.7593
71.7593
71.7593
71.7593
71.7593
71.7593
71.7593
71.7593
71.7593
71.7593
71.7593
71.7593
71.7593
71.7593
71.7593
71.7593
71.7593
71.7593
71.7593
71.7593
71.7593
71.7593
71.7593
71.7593
71.7593
71.7593
71.7593
71.7593
71.7593
71.7593
71.7593
71.7593
71.7593
71.7593
71.7593
71.7593
71.7593
71.7593
71.7593
71.7593
71.7593
71.7593
71.7593
71.7593
71.7593
71.7593
71.7593
71.7593
71.7593
71.7593
71.7593
71.7593
71.7593
71.7593
71.7593
71.7593
71.7593
71.7593
71.7593
71.7593
71.7593
71.7593
71.7593
71.7593
71.7593
71.7593
71.7593
71.7593
71.7593
71.7593
71.7593
71.7593
71.7593
71.7593
71.7593
71.7593
71.7593
71.7593
71.7593
71.7593
71.7593
71.7593
71.7593
71.7593
71.7593
71.7593
71.7593
71.7593
71.7593
71.7593
71.7593
71.7593
71.7593
71.7593
71.7593
71.7593
71.7593
71.7593
71.7593
71.7593
71.7593
71.7593
71.7593
71.7593
71.7593
71.7593
71.7593
71.7593
71.7593
71.7593
71.7593
71.7593
71.7593
71.7593
71.7593
71.7593
71.7593
71.7593
71.7593
71.7593
71.7593
71.7593
71.7593
71.7593
71.7593
71.7593
71.7593
71.7593
71.7593
71.7593
71.7593
71.7593
71.7593
71.7593
71.7593
71.7593
71.7593
71.7593
71.7593
71.7593
71.7593
71.7593
71.7593
71.7593
71.7593
71.7593
71.7593
71.7593
71.7593
71.7593
71.7593
71.7593
71.7593
71.7593
71.7593
71.7593
71.7593
71.7593
71.7593
71.7593
71.7593
71.7593
71.7593
71.7593
71.7593
71.7593
71.7593
71.7593
71.7593
71.7593
71.7593
71.7593
71.7593
71.7593
71.7593
71.7593
71.7593
71.7593
71.7593
71.7593
71.7593
71.7593
71.7593
71.7593
71.7593
71.7593
71.7593
71.7593
71.7593
71.7593
71.7593
71.7593
71.7593
71.7593
71.7593
71.7593
71.7593
71.7593
71.7593
71.7593
71.7593
71.7593
71.7593
71.7593
71.7593
71.7593
71.7593
71.7593
71.7593
71.7593
71.7593
71.7593
71.7593
71.7593
71.7593
71.7593
71.7593
71.7593
71.7593
71.7593
71.7593
71.7593
71.7593
71.7593
71.7593
71.7593
71.7593
71.7593
71.7593
71.7593
71.7593
71.7593
71.7593
71.7593
71.7593
71.7593
71.7593
71.7593
71.7593
71.7593
71.7593
71.7593
71.7593
71.7593
71.7593
71.7593
71.7593
71.7593
71.7593
71.7593
71.7593
71.7593
71.7593
71.7593
71.7593
71.7593
71.7593
71.7593
71.7593
71.7593
71.7593
71.7593
71.7593
71.7593
71.7593
71.7593
71.7593
71.7593
71.7593
71.7593
71.7593
71.7593
71.7593
71.7593
71.7593
71.7593
71.7593
71.7593
71.7593
71.7593
71.7593
71.7593
71.7593
71.7593
71.7593
71.7593
71.7593
71.7593
71.7593
71.7593
71.7593
71.7593
71.7593
71.7593
71.7593
71.7593
71.7593
71.7593
71.7593
71.7593
71.7593
71.7593
71.7593
71.7593
71.7593
71.7593
71.7593
71.7593
71.7593
71.7593
71.7593
71.7593
71.7593
71.7593
71.7593
71.7593
71.7593
71.7593
71.7593
71.7593
71.7593
71.7593
71.7593
71.7593
71.7593
71.7593
71.7593
71.7593
71.7593
71.7593
71.7593
71.7593
71.7593
71.7593
71.7593
71.7593
71.7593
71.7593
71.7593
71.7593
71.7593
71.7593
71.7593
71.7593
71.7593
71.7593
71.7593
71.7593
71.7593
71.7593
71.7593
71.7593
71.7593
71.7593
71.7593
71.7593
71.7593
71.7593
71.7593
71.7593
71.7593
71.7593
71.7593
71.7593
71.7593
71.7593
71.7593
71.7593
71.7593
71.7593
71.7593
71.7593
71.7593
71.7593
71.7593
71.7593
71.7593
71.7593
71.7593
71.7593
71.7593
71.7593
71.7593
71.7593
71.7593
71.7593
71.7593
71.7593
71.7593
71.7593
71.7593
71.7593
71.7593
71.7593
71.7593
71.7593
71.7593
71.7593
71.7593
71.7593
71.7593
71.7593
71.7593
71.7593
71.7593
71.7593
71.7593
71.7593
71.7593
71.7593
71.7593
71.7593
71.7593
71.7593
71.7593
71.7593
71.7593
71.7593
71.7593
71.7593
71.7593
71.7593
71.7593
71.7593
71.7593
71.7593
71.7593
71.7593
71.7593
71.7593
71.7593
71.7593
71.7593
71.7593
71.7593
71.7593
71.7593
71.7593
71.7593
71.7593
71.7593
71.7593
71.7593
71.7593
71.7593
71.7593
71.7593
71.7593
71.7593
71.7593
71.7593
71.7593
71.7593
71.7593
71.7593
71.7593
71.7593
71.7593
71.7593
71.7593
71.7593
71.7593
71.7593
71.7593
71.7593
71.7593
71.7593
71.7593
71.7593
71.7593
71.7593
71.7593
71.7593
71.7593
71.7593
71.7593
71.7593
71.7593
71.7593
71.7593
71.7593
71.7593
71.7593
71.7593
71.7593
71.7593
71.7593
71.7593
71.7593
71.7593
71.7593
71.7593
71.7593
71.7593
71.7593
71.7593
71.7593
71.7593
71.7593
71.7593
71.7593
71.7593
71.7593
71.7593
71.7593
71.7593
71.7593
71.7593
71.7593
71.7593
71.7593
71.7593
71.7593
71.7593
71.7593
71.7593
71.7593
71.7593
71.7593
71.7593
71.7593
71.7593
71.7593
71.7593
71.7593
71.7593
71.7593
71.7593
71.7593
71.7593
71.7593
71.7593
71.7593
71.7593
71.7593
71.7593
71.7593
71.7593
71.7593
71.7593
71.7593
71.7593
71.7593
71.7593
71.7593
71.7593
71.7593
71.7593
71.7593
71.7593
71.7593
71.7593
71.7593
71.7593
71.7593
71.7593
71.7593
71.7593
71.7593
71.7593
71.7593
71.7593
71.7593
71.7593
71.7593
71.7593
71.7593
71.7593
71.7593
71.7593
71.7593
71.7593
71.7593
71.7593
71.7593
71.7593
71.7593
71.7593
71.7593
71.7593
71.7593
71.7593
71.7593
71.7593
71.7593
71.7593
71.7593
71.7593
71.7593
71.7593
71.7593
71.7593
71.7593
71.7593
71.7593
71.7593
71.7593
71.7593
71.7593
71.7593
71.7593
71.7593
71.7593
71.7593
71.7593
71.7593
71.7593
71.7593
71.7593
71.7593
71.7593
71.7593
71.7593
71.7593
71.7593
71.7593
71.7593
71.7593
71.7593
71.7593
71.7593
71.7593
71.7593
71.7593
71.7593
71.7593
71.7593
71.7593
71.7593
71.7593
71.7593
71.7593
71.7593
71.7593
71.7593
71.7593
71.7593
71.7593
71.7593
71.7593
71.7593
71.7593
71.7593
71.7593
71.7593
71.7593
71.7593
71.7593
71.7593
71.7593
71.7593
71.7593
71.7593
71.7593
71.7593
71.7593
71.7593
71.7593
71.7593
71.7593
71.7593
71.7593
71.7593
71.7593
71.7593
71.7593
71.7593
71.7593
71.7593
71.7593
71.7593
71.7593
71.7593
71.7593
71.7593
71.7593
71.7593
71.7593
71.7593
71.7593
71.7593
71.7593
71.7593
71.7593
71.7593
71.7593
71.7593
71.7593
71.7593
71.7593
71.7593
71.7593
71.7593
71.7593
71.7593
71.7593
71.7593
71.7593
71.7593
71.7593
71.7593
71.7593
71.7593
71.7593
71.7593
71.7593
71.7593
71.7593
71.7593
71.7593
71.7593
71.7593
71.7593
71.7593
71.7593
71.7593
71.7593
71.7593
71.7593
71.7593
71.7593
71.7593
71.7593
71.7593
71.7593
71.7593
71.7593
71.7593
71.7593
71.7593
71.7593
71.7593
71.7593
71.7593
71.7593
71.7593
71.7593
71.7593
71.7593
71.7593
71.7593
71.7593
71.7593
71.7593
71.7593
71.7593
71.7593
71.7593
71.7593
71.7593
71.7593
71.7593
71.7593
71.7593
71.7593
71.7593
71.7593
71.7593
71.7593
71.7593
71.7593
71.7593
71.7593
71.7593
