476.691
460.41
446.188
433.731
424.448
416.165
406.94
397.092
387.529
380.839
375.714
371.035
367.209
363.318
356.176
350.747
344.643
339.506
334.841
330.989
327.618
323.637
319.192
315.264
312.612
309.734
306.99
303.739
303.43
301.343
299.689
295.768
293.139
289.917
286.975
283.446
280.914
277.598
273.269
270.286
265.898
262.257
259.567
256.598
253.627
251.67
250.03
247.541
244.84
241.876
240.723
238.663
239.337
238.505
237.134
234.967
231.676
227.803
223.212
221.026
217.498
215.908
214.575
213.889
213.905
213.451
214.457
213.982
212.848
210.632
207.298
204.968
204.034
202.85
201.718
199.256
197.328
196.492
195.939
194.621
192.717
191.61
189.368
189.176
188.547
186.528
183.897
182.118
181.531
180.814
178.957
178.144
177.913
175.38
173.696
172.595
171.013
171.387
169.956
168.922
167.477
167.294
167.552
165.571
166.819
167.038
165.179
163.661
160.369
158.775
157.833
157.614
157.721
157.491
157.412
156.288
154.246
152.605
152.346
151.844
150.006
148.838
147.909
147.019
145.904
146.623
146.486
146.079
143.986
142.329
142.408
142.307
143.723
141.111
139.354
138.463
138.454
136.722
136.678
135.37
134.275
134.479
134.638
132.626
132.928
133.481
132.334
131.193
130.674
130.116
128.572
128.017
127.309
127.333
125.968
126.162
124.987
123.986
122.919
122.778
122.094
121.012
120.704
119.565
118.967
119.79
118.41
117.266
116.795
116.225
114.752
115.085
116.784
115.112
115.796
115.993
115.581
114.793
114.826
114.664
113.013
112.591
112.762
112.358
112.056
111.351
110.936
110.656
111.113
110.842
110.784
110.159
110.188
111.379
111.025
111.252
110.387
110.652
109.879
109.293
106.923
106.889
106.47
107.059
106.742
106.377
106.911
106.893
104.988
106.086
105.512
103.892
102.422
102.9
102.225
102.549
101.705
101.588
101.449
101.672
100.216
101.388
100.736
100.058
100.7
100.894
100.495
100.767
100.601
98.9273
99.4631
99.6314
97.6865
99.1374
98.6327
98.342
97.7585
97.1188
96.926
96.8947
96.732
96.4048
96.6303
96.5476
95.9741
95.1858
94.9709
96.071
95.1163
95.1692
95.6754
95.0006
94.6193
95.2729
94.8559
94.7634
96.3028
95.4878
95.168
96.6094
94.9873
96.1502
97.1186
97.8953
98.2921
97.6816
97.2769
95.6099
94.4277
94.5988
93.4458
93.0296
92.8695
93.24
93.2896
93.3479
93.016
93.7259
95.1116
95.0161
95.1341
94.331
94.625
94.289
93.7522
93.859
93.363
94.0774
92.8724
91.8808
92.7787
92.1494
92.4261
93.2481
92.5411
91.9028
91.0614
91.9587
91.2805
90.9579
91.1134
91.4817
91.3403
90.0955
90.2701
90.4309
90.4107
91.867
91.6075
90.541
90.7677
92.4455
93.3005
94.4466
96.0565
95.0484
94.3951
92.5747
92.7863
93.7066
93.6942
92.8135
92.4055
90.329
90.0205
90.365
89.5677
89.2101
89.8274
90.0271
89.0066
89.8114
89.0832
89.2614
88.6348
88.5588
88.8061
88.9144
88.4927
89.2157
88.5141
89.0032
88.6073
89.0526
88.2348
88.0452
88.3014
88.4298
89.3918
88.4433
87.7345
88.7798
88.9208
87.6903
87.8479
87.2049
87.3222
87.1569
86.6374
87.4694
87.369
87.9201
87.444
86.939
88.0866
88.5782
88.4063
88.528
88.6764
89.4063
88.5747
87.1187
86.4729
86.8909
85.0311
86.0491
86.7218
87.183
87.1177
86.9361
86.4015
85.789
85.1436
86.1042
85.2936
86.9119
86.4325
86.22
85.711
87.3308
86.9497
86.8177
87.3419
87.1561
87.1651
87.0351
85.0659
85.2058
83.8123
83.6763
85.595
85.4986
86.3494
84.6249
84.7842
84.8669
84.9242
84.6302
84.3897
84.5515
84.11
84.8259
83.4381
83.8643
84.3907
84.8206
84.4297
83.964
83.362
84.3252
82.8495
82.8237
84.5171
85.3402
84.5165
83.994
83.6802
85.7759
87.0713
85.0906
84.6101
83.3745
85.0106
84.3308
84.1274
84.9441
86.4578
85.4709
84.701
86.0011
86.0588
85.2896
85.2284
84.4859
83.8088
83.4551
83.6676
84.2212
84.5876
85.3188
83.9505
83.9212
82.8792
81.788
82.3322
81.4368
80.7488
81.3528
81.5051
81.5677
80.7864
81.3642
80.7568
81.4589
82.0576
83.1999
84.2754
84.1055
85.4048
86.5618
87.8303
88.3993
88.1623
89.6968
90.9235
89.8127
89.3296
87.8556
86.7374
84.7367
83.5855
81.2439
81.9549
82.647
82.8176
83.3679
82.6385
80.9332
82.4729
82.0831
81.6778
82.0209
81.5931
81.3748
80.9203
80.1721
80.6822
81.2618
80.4877
80.2468
79.9103
79.5603
79.8491
80.0577
80.4809
80.5046
79.3145
79.0794
79.1461
79.2594
81.0364
81.0815
82.5085
82.2721
80.8199
80.3716
79.475
79.2693
78.3637
77.7631
77.4116
77.4894
77.6847
78.5438
77.4656
78.3866
77.8401
78.8467
78.8365
78.9137
77.5232
77.6367
77.0977
77.8277
77.5719
76.0769
75.9478
77.2906
77.3619
77.1017
77.2814
77.8834
78.5563
77.6348
78.6239
78.3422
77.6367
76.3869
76.41
75.9653
76.8319
77.8981
77.022
77.0677
76.397
76.2153
76.8484
76.2297
75.7055
76.4471
76.5294
76.7786
76.8523
77.5615
78.1642
76.9292
77.5873
77.3975
76.1424
76.4139
75.7737
76.8687
76.6299
77.7274
76.6381
77.2666
77.7917
78.4981
77.6363
77.2224
77.2928
76.7961
76.5337
77.1539
77.5367
76.6813
77.0985
77.2992
77.2374
78.2586
77.3852
77.4444
77.5396
76.3654
77.1702
76.4261
76.2245
77.449
77.8407
77.1487
77.205
77.9128
77.5451
77.7487
77.729
78.9394
79.1176
78.3704
77.8428
77.1252
78.2235
77.5478
78.1405
79.031
78.6233
78.4918
77.0438
78.1296
77.1691
78.6941
78.6432
78.8351
78.562
77.9478
76.8628
78.1756
77.4477
76.9908
76.7947
77.2076
77.3259
78.244
78.2645
78.1839
76.939
76.9111
76.9041
75.8158
77.1386
77.8709
78.4087
77.8507
77.7523
76.7305
76.3127
76.296
77.2969
77.5948
76.8707
77.5507
77.5238
76.6079
76.477
77.0738
76.5107
77.4851
76.75
77.2865
76.6051
76.2082
75.8743
75.0097
75.3837
75.1227
76.0227
75.981
75.9805
76.8674
77.7069
77.6825
76.442
75.7814
75.8898
76.8675
77.1142
76.3267
76.464
76.4887
77.3046
77.9005
77.9043
78.0242
78.0007
77.2537
77.371
77.8286
77.116
77.8055
76.6565
76.3694
77.2889
77.5455
77.3512
78.5584
78.1474
77.2286
76.3475
76.6852
76.6651
77.1757
76.2188
76.1427
76.3257
75.3837
76.0342
76.8457
76.5267
75.8732
75.772
75.4801
75.5235
76.6144
75.4608
75.3258
75.3284
75.3456
76.2105
77.9172
77.4819
77.0905
77.4554
77.9344
77.9464
78.7367
77.0771
77.7213
76.7996
76.2834
76.8979
75.9261
76.6377
76.8529
76.5939
77.1939
76.6382
76.1892
74.5465
74.4786
74.4207
74.2207
73.7681
74.0719
74.5623
75.066
76.0291
75.7774
74.9032
75.2513
74.3117
74.6538
74.9121
75.5822
74.8602
75.8881
75.5976
74.9616
75.5484
75.8125
75.2496
75.4394
76.0777
75.6992
75.7748
76.4397
76.5446
75.5402
74.8646
74.4221
74.6044
74.7466
75.1537
76.3006
77.1299
76.5241
76.6004
77.9245
77.0427
75.6318
75.7583
75.6109
75.2536
75.5308
75.9284
76.5857
75.8541
74.8513
74.3911
74.7626
74.849
74.1919
75.8325
75.9811
75.2718
74.5536
75.9779
76.3789
75.7884
75.7657
76.839
76.2571
76.7079
77.0682
76.8539
76.5307
77.153
75.4848
75.1539
75.8308
76.2902
76.0672
75.4563
75.1708
73.9997
74.0635
73.8103
74.1742
76.1098
75.8145
75.2635
76.2522
75.3787
74.5268
75.6187
75.6721
75.6793
74.9353
75.163
74.3059
74.8767
75.866
75.7591
75.5399
75.3447
75.7267
76.5703
75.6661
75.1191
75.7651
76.7962
76.4615
75.4403
75.6256
75.1145
76.2981
76.17
76.6147
76.5537
76.5409
76.6952
75.1862
75.3512
75.3365
76.3563
76.8697
76.2923
74.5757
75.0129
74.3159
75.7733
75.4683
74.3388
74.936
75.1168
75.2288
75.8294
75.8507
75.618
76.1823
75.5982
73.9304
73.3407
73.9654
74.8592
75.1408
76.6458
76.1314
75.2685
76.8415
77.4167
76.6893
75.8771
75.0055
74.1955
74.2176
73.3426
72.914
74.0315
73.7599
74.1803
74.6834
74.5942
74.2853
74.9854
75.1593
74.7275
75.155
76.3218
75.8814
74.6263
74.8648
74.6621
75.5386
75.3303
76.675
76.2175
77.2641
75.8059
75.2591
75.2318
75.0673
73.8339
73.7714
73.9384
74.3001
74.5406
75.2842
74.3296
73.6517
73.8195
75.0564
74.9124
74.8445
75.9265
75.802
75.2708
75.0507
74.9561
74.876
75.2053
75.5272
75.679
76.643
75.8753
75.4753
75.325
75.762
75.4491
76.586
76.4478
75.5562
76.5383
75.3338
75.2928
76.0632
75.5215
75.9615
76.6272
75.8279
75.4752
74.7823
74.4201
74.6404
73.7899
74.0143
73.8414
73.4471
74.04
74.6816
74.4654
75.1949
75.3896
75.8615
76.7205
76.3283
75.2874
76.2357
76.0553
75.8541
75.1996
75.7923
75.8119
75.1958
75.0926
74.27
75.5292
75.2185
75.3306
75.0514
74.5578
74.4844
75.46
75.6765
76.0328
76.4908
75.2391
76.42
76.2133
76.0643
76.6917
76.7916
76.0691
75.0705
75.8209
77.1122
77.001
76.1828
76.4502
76.0044
77.0661
76.67
75.4354
75.0822
75.1928
75.5534
75.9189
76.0562
76.0813
76.8159
76.54
76.5649
76.6467
76.1473
75.763
75.2156
75.1907
76.2811
76.3592
74.9893
75.1935
74.4739
75.0272
75.2667
75.7007
75.9249
75.7292
76.1581
76.5663
76.2838
76.3374
76.7663
76.9639
76.3332
76.7353
75.8965
76.451
77.2003
77.6175
76.5888
76.4672
76.1556
76.449
75.6224
76.5294
76.8556
77.0615
75.526
75.646
75.5483
75.9299
75.5813
76.1751
76.4324
76.9132
76.4095
75.9266
75.1156
75.1138
74.8589
75.965
75.8406
76.3814
76.4653
75.6428
75.7607
74.5158
73.7829
73.984
74.1547
74.542
73.7591
74.3812
74.8954
74.8965
74.8027
74.6997
75.6806
75.3939
74.6911
75.3614
76.0968
76.1098
76.1158
76.9187
77.4727
77.9981
76.9754
76.3983
75.4192
75.4062
75.6663
75.3694
76.34
76.7798
76.8218
77.1276
77.8218
77.1127
76.7862
75.8598
75.3249
75.6498
75.2554
75.2748
75.3023
76.0306
77.1282
75.9646
75.631
76.6084
75.6785
76.2416
76.9761
77.194
77.2479
77.1705
76.7821
75.6316
75.2147
74.9923
76.1381
76.3965
76.0322
75.5816
74.8249
74.6747
74.5953
74.5554
74.2068
75.278
75.8663
76.7615
75.3775
75.877
76.5917
75.3191
74.9677
75.4371
74.6201
74.8574
74.4851
74.7272
75.617
76.6603
76.527
77.0877
77.166
76.6693
76.0076
77.2956
76.4524
76.4332
76.2234
76.4533
76.6991
76.2615
75.6327
76.3432
75.02
75.0286
75.3352
75.3162
75.4303
75.4607
76.0483
75.2635
75.3014
76.1509
76.3692
75.8076
75.0847
75.3758
75.2618
74.6841
74.7015
75.8096
75.8625
75.9397
76.9232
76.6222
75.6
76.0329
75.1671
74.981
74.7195
74.988
74.4702
74.4757
75.4353
74.8675
74.4886
75.952
74.7746
75.5955
75.3113
75.5352
75.0265
74.6872
74.6459
74.124
74.341
73.4151
73.7616
74.8361
74.7423
74.3746
75.0354
75.4259
75.9339
74.4934
74.8696
74.9176
75.9929
75.3573
75.4486
76.4639
77.5516
77.1755
75.924
75.2464
76.7898
75.8002
76.0995
76.242
75.6413
75.4661
74.8212
74.8036
74.2354
74.8714
74.5494
75.2042
75.0242
75.3449
75.8013
75.818
75.4353
75.333
74.9533
74.3279
74.2287
74.9015
74.5331
74.1807
74.2896
74.6187
74.9538
74.3649
74.7809
75.2838
75.3686
76.1262
76.7279
76.9043
75.9827
75.8784
74.8536
75.3134
75.9382
74.95
74.7768
74.8847
75.5995
75.1853
75.3732
75.7618
76.6937
75.277
75.4501
75.5028
76.6455
76.8807
76.994
77.2019
75.9284
75.3069
76.0562
74.8913
75.604
75.7495
77.346
76.0442
76.0852
76.663
75.3519
74.8315
74.7073
74.9287
75.1689
74.1207
74.5631
74.8712
74.4203
74.3173
74.2185
74.2968
75.2382
75.4872
75.8803
77.1369
76.0582
75.9801
75.0319
74.4525
75.268
74.6201
75.4164
75.7756
75.3152
74.4689
75.4064
75.0289
75.1539
75.8646
75.7498
75.7991
74.9725
75.75
75.5624
74.7206
75.3623
75.6003
74.8537
74.0965
76.2323
77.0216
76.3249
75.9963
76.1223
75.9672
75.3979
74.6294
75.7349
75.2471
75.2104
74.3652
75.5092
75.1633
75.449
75.2402
75.4007
75.9099
76.425
76.9001
75.8517
76.2621
76.3388
76.2702
76.3548
76.8355
77.1365
77.6834
76.2437
76.9222
77.1378
78.3812
76.5155
76.7048
76.1515
76.135
74.7009
76.0116
76.5992
75.8895
76.7101
75.8408
74.6991
75.1837
74.8442
73.4301
74.5965
74.2154
74.0742
73.7584
74.2973
73.6633
73.7018
74.4059
74.2568
74.1576
75.4335
75.1799
76.0036
75.7256
74.7687
74.1382
73.6178
74.1565
73.5457
73.7449
73.9625
73.9334
74.4451
75.2059
75.3405
74.4442
74.4728
75.5332
74.9983
75.4573
74.5649
74.0873
75.53
77.3947
76.0652
75.9892
77.4117
77.5938
76.5596
75.8015
75.7364
75.363
77.0297
76.5702
75.3549
75.0421
75.5115
76.0653
76.8688
76.0062
75.2052
76.1522
74.7762
76.7881
75.6594
76.3771
76.5526
76.9542
77.198
77.0996
76.7043
77.3201
77.9872
77.0248
76.7648
76.493
76.4032
76.1749
76.1638
75.9296
75.951
75.8704
76.0822
75.8589
74.7199
75.1607
73.2891
73.0686
75.0569
74.7252
75.7259
76.143
76.3216
77.3449
76.1913
76.869
77.4416
77.183
76.3263
75.4184
75.2529
74.1459
75.1905
73.8963
74.1219
74.5498
75.3688
74.3939
75.3063
76.972
76.2439
76.1041
75.427
74.892
74.3295
73.9967
73.6186
74.9615
75.6485
75.2862
75.5744
75.751
76.0515
75.9664
76.1318
75.67
75.9539
76.6327
77.1383
76.6158
75.7793
76.2674
76.6871
76.0739
76.5972
74.9991
75.8222
76.3433
75.4001
76.4334
75.6404
75.596
76.0513
75.6853
74.9931
75.9125
75.4918
74.9096
75.6723
76.5045
76.4317
76.0875
75.5423
75.2329
75.4399
74.6855
75.1327
76.16
74.7047
74.8697
74.1361
73.0485
73.9773
75.6969
75.0462
75.6316
75.515
76.1002
75.9847
75.9451
75.8257
76.067
76.0363
75.006
74.8648
75.4863
75.4561
74.4721
74.2853
73.7847
73.4608
73.1028
72.1135
72.8703
73.1497
73.6336
74.0926
74.7575
75.7553
76.0376
75.2459
75.5094
74.8406
74.9126
76.2876
76.2132
76.7652
76.2227
74.6375
75.3214
74.6357
74.9606
74.2514
75.8074
75.4625
75.3075
76.4168
75.7219
75.6458
75.504
74.1274
74.066
75.0555
74.8001
75.6444
75.0272
75.8251
75.3871
73.1053
73.7589
75.0251
75.4812
76.1053
74.5788
75.626
75.6273
74.9991
75.8991
75.8774
74.6272
74.1386
75.098
75.5449
75.392
75.0189
75.9138
76.123
76.196
76.4723
75.2306
74.2309
74.5177
75.1878
75.0529
74.4844
74.6966
75.2218
74.0713
73.2467
75.3058
76.1957
75.2093
75.9484
75.4871
74.9295
74.2849
75.2651
74.8512
75.3415
75.6354
75.6329
74.7389
74.5409
74.8741
75.1218
75.7896
75.5661
75.061
75.0499
74.2151
74.6266
74.2884
74.4008
74.9002
74.4827
74.637
73.4631
72.6966
72.5045
72.4761
73.4144
73.0178
73.6815
74.1454
74.7404
74.3095
73.8529
74.1651
73.6071
74.2261
74.1452
73.2464
73.8783
74.318
74.0988
74.8735
74.3362
73.3677
73.2884
73.7792
73.0656
72.7708
72.8461
72.5685
72.5189
74.09
73.7216
75.1558
74.7785
75.7412
76.2849
76.2103
76.5528
76.0565
75.2601
75.7659
76.9944
77.3148
76.4101
75.5635
74.9103
73.0535
72.9688
72.9537
72.0637
71.9606
73.1366
73.434
73.4779
73.3153
72.8104
73.3745
73.902
74.52
74.2098
75.2726
75.636
74.6075
73.6585
74.81
73.9478
73.459
73.3983
73.418
74.7304
74.5558
73.8613
74.8935
73.9921
75.1145
74.4886
75.2738
74.7373
75.9978
75.6567
75.0108
74.6778
74.3848
74.2884
75.3097
75.1812
74.837
75.9831
75.5774
74.3576
75.8198
76.7916
76.7204
75.895
74.9379
74.5908
75.4302
76.3835
75.4523
75.8158
75.2337
74.2644
74.8008
73.7583
75.2458
74.747
74.2851
75.4844
75.538
75.4612
75.7421
75.8873
75.4442
74.5849
75.3316
75.2099
76.5259
75.9247
75.9705
75.4632
75.3947
74.7018
74.3969
74.9266
74.899
75.3999
75.2227
75.1935
74.7105
75.2831
74.8912
74.6108
75.0938
74.3706
74.0156
73.8785
74.3639
73.6089
74.1441
73.5962
74.0634
74.0916
73.5046
73.3656
74.0338
73.531
74.0186
74.7836
74.968
75.442
74.8984
74.3646
74.8402
75.8174
76.0401
75.1494
74.4446
73.5006
74.0424
75.1518
74.6845
74.5107
74.5773
74.4235
73.7587
73.8501
74.0781
73.3095
74.5064
73.3579
73.4671
73.1315
73.7654
73.9162
74.5579
74.9975
75.2078
75.1848
75.3929
74.166
73.4694
73.5707
73.4349
73.478
73.9924
73.7219
73.5618
74.4659
74.5259
74.435
75.7809
75.0785
75.3086
74.6959
75.0378
75.6453
76.2317
76.1637
76.263
76.8435
75.9484
75.8946
76.2742
76.4556
77.449
76.9288
74.4748
74.3388
74.1895
74.5808
74.2184
73.9906
74.661
74.5207
76.0378
75.7667
75.277
75.6961
74.7211
75.222
74.9144
73.6245
72.9824
72.3656
72.925
73.3422
74.0563
73.1654
73.9831
74.0183
75.2152
74.1806
74.961
75.0798
75.5918
74.6625
73.5791
73.8773
74.2485
73.4567
73.8469
73.0484
74.3977
74.3752
74.5295
74.0831
74.8518
74.7014
74.2891
73.5206
74.4897
74.8229
74.7904
74.0081
74.8993
74.8644
75.4256
74.4444
74.9262
74.6381
74.0467
73.6218
74.3706
73.5308
74.471
74.6244
74.5931
74.0167
73.4073
73.2065
73.5909
73.1802
72.8357
73.0647
74.5668
75.0124
74.8643
73.7785
74.0383
73.6467
74.5151
75.261
74.4979
73.979
73.7971
73.041
73.5201
73.0829
73.7851
73.5494
73.3525
74.8776
74.1152
74.3622
74.3846
74.1393
74.2354
75.0374
75.0337
74.786
73.9664
73.9935
74.3745
73.9241
72.8988
73.6848
74.7515
74.2796
75.0027
74.5902
74.4537
74.3702
75.0208
74.2516
73.357
74.08
74.8579
75.1398
75.3771
75.6374
75.348
73.9731
74.1219
74.2476
73.8248
73.3384
73.4029
74.0773
73.2478
73.6476
74.0967
74.8138
74.1562
74.8521
75.139
73.9818
73.4692
74.3004
74.3731
74.2126
74.4133
73.9707
74.4399
75.0336
75.2078
74.7781
74.3327
73.9161
73.4688
73.111
74.4653
74.2882
74.4818
73.9365
74.1878
73.9108
74.6637
74.7337
74.7429
75.3025
75.5122
75.2507
74.928
74.9676
75.1212
74.86
73.9791
75.5715
76.4917
75.1176
74.7698
74.1541
73.7028
74.6872
74.5252
73.4145
73.3992
73.4209
73.607
73.6886
74.6162
74.0249
73.5103
73.0916
72.9079
73.7037
74.1883
73.4491
74.049
73.9325
72.8727
73.0103
72.7102
74.0114
73.4587
73.8214
73.7821
73.6519
74.2903
74.1647
74.3741
75.3881
73.7896
72.6807
73.3275
73.5115
73.2726
73.0386
72.8561
72.0617
73.095
73.4283
72.7975
73.2461
73.5738
73.7299
74.3382
73.5195
72.921
73.4851
73.7271
73.5401
74.879
75.1977
75.2597
74.853
73.9976
74.0089
74.0092
74.259
73.7133
74.1613
75.1744
75.5032
76.1736
75.5082
76.2443
73.7426
73.8303
75.1471
75.7047
75.9298
75.1035
75.3832
74.2627
74.2561
74.8784
74.8807
74.221
74.9524
74.1715
74.8809
74.7209
74.0894
74.0956
75.3116
75.2097
75.0072
74.4903
74.6988
74.6964
75.2119
76.0507
75.0511
74.484
75.2069
74.9918
75.5789
74.13
74.3452
74.5405
74.558
74.6811
75.3475
75.4486
74.8347
74.3767
74.0898
74.9793
73.9464
74.049
73.7469
75.4884
75.7053
75.3643
74.7841
74.4659
74.6912
73.8827
75.4156
74.3145
74.1653
75.4315
74.316
74.6446
74.1122
73.4553
75.1002
74.3212
74.252
74.3628
73.7466
73.8347
73.2065
75.8307
75.0891
76.1347
76.2023
75.7627
74.9637
75.4243
75.1398
74.3354
73.2791
72.9531
72.8051
73.3337
73.0867
72.3235
72.2987
72.7856
73.2151
74.3525
74.1057
72.3815
72.3024
72.2552
72.6975
73.4307
72.9698
74.1543
73.5811
73.8072
73.8915
73.9962
74.4105
74.9147
73.6588
74.0006
74.1172
74.2195
73.4394
73.4682
74.045
73.0908
72.7591
73.3268
72.3787
72.4197
73.5289
73.6292
74.5326
75.1592
74.6895
74.705
74.3454
74.1537
74.7198
76.0213
74.3578
74.0964
73.6829
73.1926
73.6064
73.0646
72.5517
73.1862
74.2122
73.7706
74.1266
73.5257
73.5613
74.3234
72.9587
73.1335
72.691
72.7136
72.5144
72.7295
72.8235
73.1087
73.105
73.8781
74.8965
73.5086
74.3366
74.7104
73.6472
73.3897
72.0641
72.7118
72.1975
72.7419
74.353
73.6023
73.4722
73.0693
73.1078
72.3329
72.7568
72.2875
72.9049
73.6941
73.1151
73.2325
72.726
72.558
72.0179
72.8925
74.5679
74.2463
73.7904
72.9668
72.8965
72.6526
71.7498
72.1558
72.1826
72.5776
72.6331
72.45
73.1237
73.5209
74.5302
75.3833
75.2554
73.4594
73.0375
72.832
73.5875
74.0612
74.1932
73.9557
73.3873
73.2098
72.9829
73.2557
73.0216
73.0408
72.1502
72.7692
71.9404
71.8752
72.6097
72.7561
74.1941
73.4634
74.3498
75.1345
74.7226
74.3566
72.9915
74.9891
75.7151
74.9732
74.5481
73.4515
73.2276
73.0813
72.1833
72.6359
73.7177
73.2262
73.24
73.8488
74.1068
74.3124
74.7498
74.231
73.7981
73.7045
73.6046
74.1217
73.8963
73.0816
73.6086
73.1979
72.3652
72.4052
73.197
73.436
73.616
72.8447
73.8973
73.3164
73.3882
73.3557
73.2623
73.8065
73.7478
73.3772
74.6767
74.2491
74.1126
73.5223
73.2788
73.337
73.0889
73.7037
74.4284
74.2164
74.257
75.3817
75.0802
77.4596
76.2567
75.4307
73.964
74.0363
74.4032
75.0484
73.4754
73.8756
73.9335
74.8186
74.7911
74.4253
74.9878
73.8484
74.0774
72.5619
73.3751
74.1966
74.1783
74.6324
74.2147
74.1417
73.7929
74.2917
73.7166
73.4929
73.6447
74.098
74.1553
73.5666
74.2102
74.5221
74.0268
73.9503
73.8099
73.7273
74.7541
75.7164
75.7751
76.3094
75.9112
75.842
75.1083
74.779
74.5426
75.1445
73.8102
72.6828
73.458
73.7621
73.5052
73.7566
73.4538
73.4458
73.3271
73.948
72.4015
73.4525
72.9113
73.4989
73.1886
73.2845
73.8144
73.0852
72.7523
71.4834
72.3836
71.5648
72.4224
73.3789
74.4338
74.6256
75.506
76.5404
75.972
74.2595
74.4288
74.1569
74.7816
74.9022
74.7131
73.5698
72.9334
73.2838
73.6908
74.169
75.062
74.6298
73.2702
73.4567
74.5175
74.3368
74.3979
72.9142
73.1087
73.1293
72.341
72.9859
73.441
73.3612
74.2166
74.3681
73.1001
72.6247
72.9391
72.5627
72.74
73.4779
73.7903
74.2905
75.4909
73.7169
73.6217
72.9504
72.8774
72.2854
72.3219
72.2113
71.9772
71.9157
72.1522
72.1402
73.6928
72.7589
73.2792
74.2053
73.3998
73.1505
73.3496
73.2108
73.983
73.544
73.4911
72.5121
73.5368
73.4608
74.4362
75.0718
73.9632
73.8026
73.3187
74.6133
74.4149
74.5631
74.5355
73.8459
74.1919
74.5603
75.8023
76.8424
75.8542
75.2238
73.7924
74.8728
73.7353
73.088
73.6648
73.533
74.4159
74.0524
73.3851
73.9099
73.9025
74.0808
73.4908
74.31
74.1086
74.1652
73.7683
73.5248
73.8912
74.2097
74.1071
73.922
74.7746
74.8859
73.9241
73.284
72.9404
72.4671
73.4149
73.9757
74.0085
72.9079
72.2447
73.0508
72.3979
72.4458
72.0658
72.6139
73.2648
72.9704
73.1083
73.2305
73.1782
72.8845
72.4547
72.0869
72.7795
73.5265
73.8264
72.4763
72.8478
73.129
73.9236
72.3783
73.6135
72.9653
73.3798
72.9947
74.63
74.5579
74.9236
74.0941
73.751
74.5563
74.3269
74.5922
73.3176
73.9896
74.5789
73.9748
74.7583
73.671
73.4158
72.4097
74.1791
74.6733
74.5644
73.9748
73.2068
73.4628
72.9097
73.3104
72.5475
72.7271
72.9287
73.065
72.6348
73.389
73.6172
73.8082
72.933
71.5493
71.9742
72.3857
72.3084
73.5005
73.4118
73.9769
74.6535
74.5242
74.0945
73.7134
74.1652
74.3461
72.7113
72.4487
72.6815
73.915
75.1254
74.9963
75.1006
76.1526
73.2454
73.4317
73.2717
72.8607
73.4957
73.0053
73.024
73.1438
73.1838
74.5992
74.5485
73.8944
73.2333
73.6732
73.3342
73.7572
74.9132
75.3238
74.6074
72.1958
72.9314
72.7684
72.2129
73.0637
72.592
73.4816
74.1581
74.2058
74.3311
73.005
74.031
74.0432
73.9615
73.6894
73.8848
73.6013
73.7383
74.2905
74.2531
74.1762
73.0561
73.646
73.2243
73.2256
73.5821
74.0787
73.0048
73.5447
73.6991
74.3044
74.6821
74.4287
75.0586
74.6794
76.1198
76.0656
76.0016
75.9657
74.5249
74.9305
75.1214
74.1408
73.5792
73.9057
75.1268
74.2114
74.0731
72.9977
73.0737
72.4383
72.4116
72.0837
71.4136
71.8639
71.9682
71.4254
71.77
72.8224
72.8818
72.4626
73.1547
73.8205
72.999
73.9476
73.5078
73.4814
72.3056
73.0173
73.369
73.8166
73.4027
72.4026
71.9945
72.508
73.9142
74.7797
74.4828
73.5166
74.1463
73.4022
74.0008
74.785
74.6829
74.0955
73.7769
73.9445
73.8019
73.9761
73.2304
72.7584
72.6195
74.0576
73.7661
73.1758
72.6306
73.0073
72.6813
72.8101
72.4941
71.8149
72.4244
73.7779
73.694
73.7981
73.1164
72.7667
72.8076
73.5569
73.2296
73.4669
73.1003
72.6568
72.9181
72.8417
72.5503
72.4019
71.6432
72.3302
72.5583
72.3129
71.674
73.8393
73.9041
73.8186
73.394
73.689
74.7189
73.9237
73.5622
73.0735
74.0154
73.9449
73.5246
73.7699
74.037
74.0806
74.1635
74.0266
74.4261
74.7559
73.9485
73.647
74.1157
73.2409
73.3929
73.806
73.3281
73.7845
73.5108
74.3725
74.5633
74.1944
74.2973
74.1584
72.5398
73.4045
73.1008
72.0059
72.8566
73.5704
74.7026
72.9582
73.1076
73.4602
73.7458
73.5344
73.744
73.7822
72.9242
73.7684
73.7136
73.7722
73.035
72.4704
72.2925
73.5633
73.1189
73.342
74.0607
73.6984
73.9193
72.7629
72.6522
72.5478
73.0123
73.3633
72.0171
70.9567
72.4355
72.7176
71.4759
72.228
73.3593
74.7731
73.9435
73.1606
73.8556
73.5325
73.3366
73.7572
73.7172
72.5256
72.4941
72.3338
72.6096
72.5973
73.036
72.9928
72.2957
72.1937
71.5033
71.6806
72.7796
71.9112
72.2743
71.9402
72.1999
71.9333
71.605
73.1138
73.305
73.4513
73.3037
73.6733
73.2097
73.4609
73.1417
71.9164
72.7897
72.9037
73.0876
72.4858
71.8087
72.3221
73.2089
73.8225
73.8834
73.1895
73.5692
73.6824
73.5305
74.1223
73.9132
73.7614
74.059
73.4275
72.1821
71.8708
71.0939
71.674
71.6593
72.4577
71.4254
72.3773
72.9455
71.9228
71.9779
72.4939
72.8607
72.4202
72.3957
73.0416
73.1689
73.103
73.1401
73.969
74.1621
73.1775
71.3345
72.1794
72.2288
73.5115
73.8701
73.042
72.9828
73.3019
74.0901
72.9677
73.6804
74.3251
75.1946
75.7461
74.2688
72.4709
73.4284
72.5278
72.8227
73.1527
72.5286
73.1397
73.6166
73.3899
73.5009
73.3412
73.1763
73.3271
72.9834
72.4949
72.1363
71.7082
72.0092
73.0627
72.9738
73.2556
73.2555
73.178
72.747
71.8783
71.6423
72.3362
73.502
73.0784
72.3501
72.0859
74.1605
73.9365
73.4638
73.0903
73.4512
73.2974
72.6791
73.5483
73.2605
72.9274
73.1102
72.6375
72.1073
71.6852
71.2305
73.2218
72.7489
73.0015
75.4226
75.4143
75.0336
73.4747
73.9525
72.7416
71.4163
71.2154
71.4784
72.7998
71.1815
70.8443
71.8974
72.6791
72.3735
73.8502
73.2033
73.1574
73.6319
72.9965
72.7771
72.1807
71.7205
72.2387
73.2622
74.3276
73.7603
74.3945
75.7426
74.0705
73.8511
73.5128
73.1754
72.7162
72.8221
72.6124
72.488
72.6187
72.6288
72.5276
73.4653
73.304
73.645
73.0198
73.0455
71.4952
70.7658
71.732
71.5242
72.1102
73.2438
73.9292
74.1886
72.8909
73.1912
73.8349
73.7226
73.3305
72.3615
72.4227
73.7706
72.7275
72.8624
72.8026
72.5312
72.5823
73.6777
73.9375
73.7142
73.9925
73.3212
73.0379
72.2779
73.2125
73.7004
73.7539
73.564
72.8917
72.3493
72.8195
74.0821
74.7071
75.1654
74.5894
74.7592
74.2648
73.8592
74.5383
73.8777
74.1273
75.109
73.8661
72.9387
73.1845
73.6302
73.8781
74.1481
75.0073
74.1466
74.2491
74.1189
74.0638
74.2242
73.2068
74.0231
73.9759
74.6697
73.2685
73.2781
73.2484
74.1354
73.4579
73.3112
74.4385
73.4522
73.0177
74.0169
73.8084
72.9637
72.9006
73.3427
73.8414
74.7385
74.772
75.0806
74.1694
74.8307
75.7709
74.099
72.538
72.8357
72.9447
72.7739
72.9549
72.117
73.126
72.6713
73.2925
72.7498
72.7788
73.2769
73.4565
73.248
72.1055
71.5728
71.6595
72.5753
72.0815
71.4939
71.0158
72.4229
72.009
73.3564
74.3631
73.4441
73.1712
74.0128
74.8744
75.0976
73.7092
75.1766
74.5309
73.3841
72.1987
72.4527
72.7355
72.7766
72.9005
72.2353
71.9394
71.8213
73.4731
74.6096
74.8402
73.8954
74.005
73.2939
74.6712
73.4367
73.822
72.8166
72.8312
73.1869
72.7761
73.7514
74.0043
72.2056
71.8302
72.3177
72.6361
72.1741
72.0951
72.5086
71.8477
71.851
72.2407
72.6866
72.1167
73.067
71.6664
71.5178
72.4878
72.3211
73.1289
73.1735
73.0271
71.7322
71.7607
71.5741
71.2946
70.9981
71.3047
71.5666
71.3178
71.48
71.9472
73.0668
72.8636
72.5588
72.7668
72.5584
74.4325
73.6336
74.0555
75.5111
74.3503
73.5287
73.6311
74.3
74.207
72.7284
72.7096
73.1397
72.4732
72.6539
72.1458
72.6644
73.3305
72.5092
72.1452
73.2313
73.1261
72.1975
71.1324
72.6133
71.7426
72.5912
72.4316
72.1477
71.7283
72.3219
71.7375
72.1877
73.2133
73.3349
73.3441
71.7427
72.6128
73.2965
72.3626
73.347
73.2087
73.1295
71.9565
71.3626
72.1723
72.3333
72.8316
73.3001
73.8938
73.9806
73.1364
73.0545
72.9234
72.2675
73.4742
73.6879
74.2843
73.3389
73.611
72.7841
73.348
72.2009
72.8315
72.959
71.69
72.0033
74.1171
74.814
74.8991
75.2433
73.4571
73.9085
73.1375
74.104
73.9969
73.9112
73.2098
73.9458
73.6669
73.6804
73.2957
73.1635
72.7757
73.5403
73.6016
74.4203
73.9272
74.3026
74.2874
73.9032
72.4817
72.7278
71.9757
71.9832
73.091
72.1582
71.5546
72.3265
72.2192
71.8563
71.6892
71.8189
71.9609
72.4038
71.3072
72.0683
72.6292
71.4705
70.9862
71.6202
72.3962
72.6289
72.4913
72.8857
72.1614
70.9278
70.8474
70.9497
72.143
71.3818
72.1188
72.2299
70.6184
70.4654
71.0603
72.3091
72.5535
72.7895
73.5138
73.1434
73.8435
72.6888
72.4445
72.6776
73.462
74.1742
75.2882
75.7397
75.5961
75.8338
75.7746
75.4532
75.211
73.8937
72.619
72.0554
71.4137
72.7365
72.207
72.7007
73.3901
73.4511
72.5131
72.7152
74.0244
74.7741
74.0526
73.5711
73.3255
74.2467
73.1618
74.7334
74.763
74.3073
73.5992
73.225
73.1103
73.6586
74.5256
75.2137
74.8026
72.9983
73.091
73.2921
72.6257
73.5917
72.8301
73.1858
74.233
73.5367
72.5432
72.599
72.8701
71.452
71.5111
72.0709
71.2361
73.7549
73.6523
73.5135
74.0185
73.8227
74.1435
74.2193
73.3191
73.9888
73.5333
72.8591
73.5046
73.2958
73.4985
74.1566
73.9615
73.8196
73.8782
72.0895
72.9013
72.7425
72.5639
73.1167
71.9974
73.1617
72.2607
72.294
73.3381
73.4821
72.5301
73.1116
71.848
72.3117
71.7875
71.2272
71.8725
73.364
73.7814
73.4318
71.4496
71.092
71.6631
72.5151
72.657
72.6
71.9445
72.9788
73.6738
73.1665
73.0211
72.7253
73.1395
72.3063
71.882
72.2354
71.6903
73.6714
73.1618
73.6016
73.6412
73.4359
73.2876
73.2215
73.395
73.2232
72.3397
73.0377
72.6139
72.6599
72.8012
72.3747
74.0814
73.4661
73.2837
73.7974
74.0923
73.4275
73.6085
73.4068
73.9171
73.8158
73.503
72.5802
74.0049
74.063
73.4118
72.4739
72.5032
72.1079
72.0158
71.2855
73.9516
73.7069
73.5752
73.2629
75.0793
73.567
73.0095
73.4585
72.2935
72.8309
73.2361
72.5581
71.8701
71.805
71.7339
72.5012
72.7213
72.8567
73.127
73.2111
73.4124
74.0981
72.2224
73.3303
73.0943
72.8609
72.5669
72.4894
73.1202
73.0508
74.3913
73.8678
73.1928
73.5898
73.7389
73.9802
72.5896
72.5091
72.6178
71.539
72.9097
73.5701
72.8095
72.3233
72.6557
72.7628
72.1585
71.9653
72.4375
72.9974
72.4522
73.0426
72.3566
71.9645
72.381
72.7608
72.2453
71.6024
71.8598
72.1793
71.6854
72.693
72.0099
71.8334
72.6098
72.8363
72.2232
72.1774
72.8349
71.669
71.9564
71.5264
71.9635
71.4401
72.2966
70.675
70.9784
71.7485
72.1338
71.8127
72.825
72.802
73.6896
72.3636
71.9171
73.1749
72.8063
73.8213
73.1349
73.7945
73.459
73.7685
73.1075
72.1316
72.3427
71.9426
72.4024
73.0972
72.5404
72.7324
74.0543
73.3337
73.3403
71.6749
73.0145
71.9775
73.5557
72.2231
72.6353
71.6824
71.6945
71.427
71.6637
73.4786
72.8429
72.6515
73.8568
75.2645
74.5451
73.9592
74.069
73.6839
72.164
70.6197
71.4097
71.9335
72.4098
72.1375
72.9676
73.3553
73.2685
72.8531
71.746
73.5088
74.2558
73.8654
73.28
71.966
71.3667
70.2278
70.457
70.6474
70.1225
70.4044
71.2322
71.568
71.4492
72.8895
72.3894
72.543
72.99
71.5541
71.627
71.7258
71.3802
70.8161
71.481
70.9591
71.4428
72.3361
72.6785
72.1786
71.6891
71.9199
72.2178
72.4907
73.2247
71.9369
73.0224
73.2317
72.4834
72.7513
72.39
73.4995
73.1428
71.9792
72.4759
72.3707
72.8912
73.3524
73.5785
73.2187
73.3473
73.9823
73.8211
75.8902
75.3927
73.3202
73.7923
72.5871
72.9472
72.2927
72.1987
71.0297
72.4332
72.2185
73.6305
73.4288
73.5123
73.1092
73.2085
72.9774
73.8026
72.6101
72.8986
72.6182
72.6287
72.195
73.4799
72.7964
72.3582
70.9987
71.1968
71.5089
71.3369
71.8935
73.0397
71.9558
71.108
71.6929
71.8266
71.6127
73.0776
72.5676
72.0468
72.5901
72.9883
72.3587
72.9468
72.5743
72.7114
73.5744
73.0878
73.5856
73.7663
72.7704
72.9096
73.0313
73.2082
72.8559
73.6613
74.762
74.5176
72.9301
71.9819
71.9582
71.6453
71.8392
71.4154
71.5804
72.4507
72.3092
73.3897
73.0348
73.4185
73.2996
74.1568
74.0204
74.2226
73.5079
74.4012
74.4117
73.2472
73.7159
73.4262
72.8805
72.7197
71.2458
72.9768
72.5323
72.7393
73.5081
73.5286
73.0646
74.1768
73.8667
74.6011
74.3707
73.4051
73.8574
72.8933
72.7222
73.4237
72.9184
73.5152
73.0736
73.1282
73.2941
73.0457
72.8803
71.4678
72.1859
71.6389
72.7341
72.5474
73.8637
73.5586
73.1266
72.8285
72.1856
72.4314
72.4082
72.3963
72.2197
72.9607
72.6122
71.8486
71.1464
72.2214
72.7841
71.9827
72.1339
71.8287
70.7455
70.8914
72.3935
74.1231
73.5393
74.0332
74.8065
75.1522
73.9878
74.4598
74.7806
75.2489
73.3605
73.5309
73.2728
72.3507
73.2639
73.7127
73.0542
73.5943
72.6691
72.4212
72.6516
73.18
72.542
74.1187
74.459
74.0841
74.3931
73.5788
72.8556
73.2754
72.2348
72.5795
73.2654
73.6537
72.79
73.2327
72.4261
72.5769
73.6571
74.5841
74.7181
73.0049
73.5295
73.1811
73.9115
74.0255
74.1019
73.762
72.8001
72.8276
72.0916
72.4222
71.7416
71.8567
71.9803
71.2811
71.2006
71.6875
71.9107
71.5766
72.3964
71.7801
71.68
70.9254
71.4014
71.559
72.5492
72.6489
73.4137
72.536
71.9136
72.4954
72.993
73.254
72.9231
73.0879
72.0212
72.5937
72.4869
72.7939
74.5477
73.8666
73.2471
73.4114
71.243
71.6711
72.0759
72.5179
72.3767
72.6002
72.4392
72.3258
72.0512
71.9876
71.1801
70.8998
71.5613
71.6809
72.3591
71.7861
71.3429
71.3773
71.8571
73.3329
72.2146
72.3971
72.2295
71.5612
72.4615
73.6187
72.9592
71.8805
72.8298
72.981
72.6785
73.2483
73.5718
73.1148
74.0952
75.1072
73.9508
73.2246
73.1132
72.5384
72.435
73.0506
72.3565
71.7848
72.4704
73.2648
75.0077
74.6444
74.9252
73.6157
73.6639
73.7089
74.487
74.3528
74.6346
73.6128
73.6306
75.0124
73.2831
72.7274
72.7145
72.8741
73.1215
73.1079
72.3571
73.4425
73.5299
73.6023
73.5441
73.1907
73.6333
73.8136
73.432
73.6303
73.6493
74.1345
72.6549
74.0574
72.7705
72.0399
72.7336
72.4316
72.3685
72.9518
73.4575
73.7443
73.7057
74.2038
72.3191
72.3639
73.8882
73.2205
74.159
73.9946
73.7155
74.1148
74.6102
73.781
75.1744
74.794
74.1826
73.337
72.9108
72.7971
72.6816
72.0989
72.0381
71.8718
71.3785
72.4672
73.3324
73.0771
73.502
72.8007
71.9821
72.7965
70.8742
72.3795
72.9372
73.5627
74.1344
74.7254
75.648
75.4097
74.3211
73.6966
73.4224
73.8998
72.5605
72.6281
74.6227
74.32
74.7205
75.1094
75.1545
74.579
73.9278
74.4585
74.0242
75.884
76.3275
75.823
75.396
74.3594
73.4288
74.6273
74.3379
74.3787
73.3972
72.6986
71.6658
73.1331
72.9342
72.9272
72.8876
72.8958
72.5622
71.8668
72.3138
71.1808
71.4223
72.2082
72.6225
73.7991
75.1617
73.464
74.7302
75.0386
72.0983
72.7207
72.5311
72.4789
72.009
71.1975
72.2389
71.1775
71.8716
72.3515
72.2516
71.1887
72.0062
73.1575
73.4986
72.7921
72.9363
72.6791
73.6824
73.4998
72.4741
71.576
71.9377
72.051
72.5517
72.3644
72.3795
73.0039
72.9152
73.5948
73.8753
73.7452
72.5683
73.2628
72.6868
73.4594
71.6919
72.5801
72.453
71.9269
71.2675
71.9869
71.4545
71.5193
72.9576
71.7345
71.8018
72.7852
73.7005
73.4506
72.656
72.3199
72.0827
72.2031
71.9486
71.7647
71.0552
70.7536
71.3517
72.096
72.0683
72.119
71.9221
72.3167
72.3922
72.6148
73.1296
74.692
73.6891
73.1943
72.4812
73.1918
74.3401
74.0881
73.3582
72.9791
73.4235
72.7577
73.7838
73.768
73.2353
72.5449
71.1873
71.6548
72.8984
72.9041
73.8752
73.954
74.1131
74.3689
74.354
73.0745
72.609
73.3005
72.6517
74.6545
74.612
74.1619
73.8021
73.4069
73.3786
73.2076
73.61
72.9995
72.4411
71.9801
72.3414
72.8722
74.1489
74.3606
74.0076
73.8825
72.7236
73.9238
74.9919
74.1849
73.8474
74.7571
74.4528
72.5329
73.3555
72.5098
72.2187
72.458
72.3731
72.2491
72.5124
71.7577
71.2059
72.0709
71.4521
71.9361
71.6513
72.506
72.6969
72.1722
72.738
72.8642
72.8206
72.1938
72.5194
71.6024
71.6833
71.9661
71.5
71.2285
71.4197
71.1605
71.9119
71.9963
73.846
73.9249
71.8878
73.2891
72.5182
71.9585
71.6765
72.848
72.9789
73.2902
72.6202
72.2597
72.3655
73.3972
72.1245
72.054
72.7383
72.5723
72.7045
73.461
72.247
72.4949
71.9724
74.0957
73.698
73.4428
72.9301
71.68
71.5727
72.6856
72.4625
72.8363
73.701
74.062
74.132
74.6426
75.5073
75.6874
75.0432
73.3312
73.1999
74.2332
74.9186
74.8266
74.2881
73.2149
72.0071
73.0484
72.9426
73.3129
73.3478
73.6128
73.0105
73.0456
72.7177
72.6122
72.1712
73.4346
72.6095
72.6026
72.487
73.2602
73.1854
73.3373
73.4469
73.8643
74.1906
73.8573
72.8011
71.5309
71.051
71.4057
71.6338
72.8974
71.1837
71.3767
72.3575
71.6796
71.6151
73.1403
73.656
73.5696
75.0702
74.2109
73.8363
73.9549
73.493
72.5405
72.6796
72.7958
73.0539
73.4937
72.2076
71.602
73.708
75.2241
74.7148
73.1715
73.4696
73.4515
74.0755
73.7075
73.3086
71.8082
71.0171
70.9461
71.524
73.4218
73.7337
72.9676
72.4805
71.8943
71.3737
71.6929
71.6822
72.4311
72.6328
72.9897
73.117
73.1715
72.1076
73.8507
73.1968
73.7587
73.3755
73.1182
73.1421
72.4324
73.447
73.7871
73.6105
72.6817
72.7889
72.1678
72.88
72.2305
72.7828
73.6736
73.4507
73.7696
74.1786
74.2811
75.2576
76.5741
76.0799
75.4194
74.6818
73.054
73.4261
73.9209
73.2786
74.1232
74.3365
72.5085
72.2089
72.7652
73.2639
73.222
73.4547
73.3886
73.3843
72.5858
72.7174
71.9727
72.9673
72.4059
72.6541
73.4227
74.0423
72.7167
72.869
73.8351
74.7121
74.1954
73.737
73.1472
74.1099
74.0179
72.1305
71.5002
71.2314
71.8568
72.5988
71.9661
73.3921
72.7752
72.1217
70.7372
71.5063
71.5647
71.6327
71.924
72.7431
73.8684
73.358
73.6776
73.9382
73.001
72.9394
73.8394
74.5921
73.244
74.1374
73.8649
74.2361
72.2699
72.0213
72.4436
71.931
71.8348
71.8329
71.4389
71.0994
72.4021
73.1791
73.094
73.611
72.4499
72.931
72.7282
72.5855
73.4465
73.9637
75.0115
73.3881
72.6309
72.465
73.0049
71.5381
72.1665
71.6415
73.4247
73.7462
73.5805
73.6014
72.9576
73.2797
73.4881
72.3539
72.2458
71.9372
71.7568
71.5425
71.2887
72.1207
70.9201
72.3088
72.0105
72.3923
72.6556
74.0438
73.5838
74.1924
74.2
73.9813
74.373
73.6055
72.8434
72.1021
71.4908
72.121
72.3995
71.5932
72.6347
72.7494
73.3554
73.253
73.6033
73.5502
72.897
72.823
73.2839
73.7969
72.689
71.8984
72.8514
73.1776
73.5583
73.4456
73.6523
74.8846
73.4858
72.2739
72.9237
73.117
72.8836
72.2966
74.4043
73.5858
74.9357
76.1067
75.3269
75.8304
73.7533
73.501
73.8634
74.1368
74.7764
74.3076
73.724
73.9035
74.5664
73.7109
73.4644
72.8469
73.7515
74.4032
73.4306
72.3766
71.503
71.9241
71.9099
72.3624
72.1893
71.8851
72.8346
73.4129
72.1161
72.6893
72.2013
71.7446
71.9266
71.9251
73.0684
72.3573
72.8274
72.4964
72.9336
73.5192
72.8884
73.3792
73.2366
72.5111
72.3972
72.4633
73.2913
71.5706
71.2018
72.0281
71.6876
72.0578
71.7866
71.8292
71.6568
72.4103
72.1076
72.3455
71.9664
71.8893
72.0558
72.6128
71.7779
72.1376
71.7166
72.1611
72.5863
71.5364
71.8303
71.039
71.9522
73.3099
72.3396
71.8559
72.9355
73.799
73.3441
72.4295
72.9365
72.6534
72.3893
73.4642
73.4465
74.2811
74.4435
73.6553
73.5758
73.596
73.3308
73.3104
73.428
73.3426
74.0172
72.9458
73.2849
73.5149
74.0265
72.8109
72.9328
73.0454
72.8452
72.3542
72.0195
71.2042
71.5264
72.2419
72.4536
71.461
71.8119
71.3751
72.1308
74.3476
74.072
74.7228
73.0469
73.6678
73.1163
74.4661
74.3453
74.281
73.2476
72.3368
72.0846
72.2074
73.6087
72.4434
73.304
73.6908
72.5166
74.1331
73.4834
74.0948
72.8485
73.1956
73.3429
74.3209
72.7286
72.8531
72.0966
72.4902
73.2273
73.3326
72.7845
72.9935
73.3152
72.6476
73.7741
72.4129
73.3562
73.3522
73.8191
73.1364
73.0158
71.9766
71.5114
72.8876
73.3787
73.7791
73.3375
73.9966
74.5171
73.7156
73.0944
73.4146
73.6081
74.1581
74.0306
73.4235
73.0701
72.4736
72.4851
71.6331
72.5307
71.9317
72.0122
71.7877
71.2376
72.6597
72.6764
73.1356
72.2301
72.2692
71.5091
72.2542
73.434
73.5466
72.8457
71.4938
71.044
71.2446
71.6204
72.4036
71.4271
71.4314
70.8914
71.4535
71.5546
71.8794
71.3742
72.2383
72.7767
72.9958
72.1227
70.903
72.4824
72.0425
71.7401
73.5641
73.0273
72.4439
72.0042
72.719
73.5007
72.9715
74.0652
73.728
73.165
73.2846
72.8111
73.7188
73.339
73.9567
73.8432
74.1799
74.1649
73.0404
72.2806
72.1615
73.4804
73.5385
72.6931
72.0184
72.5031
71.7563
72.572
72.2712
73.0117
72.2382
72.1021
72.1313
71.8784
71.6307
72.8497
72.0446
72.7869
71.9524
71.57
72.2729
71.6042
72.1524
71.9707
72.0831
72.0801
73.3692
72.6464
74.3184
73.4407
73.358
74.053
73.5041
73.5037
73.3724
73.4755
72.4056
73.0056
73.5635
73.4457
73.3289
73.4001
72.683
72.9676
71.9521
72.0464
71.9157
72.5655
72.6217
73.628
72.3313
71.5777
72.0316
72.3686
72.2147
71.6137
71.6384
72.3951
71.9141
74.0814
73.1405
72.7432
73.5619
72.6678
73.1406
72.5451
72.3278
72.4229
72.7183
72.4991
72.6318
73.146
73.401
72.7129
73.1452
73.845
74.2939
75.1143
74.8169
75.2739
73.9451
74.102
73.5231
73.2196
73.352
73.2929
73.4563
73.9458
74.3149
73.8837
73.5501
71.4421
72.4146
72.5752
73.0277
72.2661
72.3762
73.2519
74.1666
72.8234
72.7474
73.379
73.5824
73.847
73.1926
72.7872
74.0711
73.0339
75.1781
75.4938
74.1178
72.7776
72.4707
72.5856
71.724
72.1199
72.455
72.5428
72.0883
71.9351
72.2799
72.7837
73.2329
73.6904
75.3582
74.0375
72.1247
71.853
71.8165
72.8485
73.7579
73.8106
74.2883
73.943
74.0154
75.0635
74.0868
74.5237
73.6679
73.7993
73.6259
73.0044
72.5398
73.8468
74.3029
74.0964
73.9263
73.2966
72.2992
71.5597
72.182
72.0911
73.2051
72.5453
74.1286
72.7837
72.6628
72.6446
72.5942
73.1255
73.2451
72.4874
72.6013
73.0639
73.6567
72.5136
73.3538
72.8444
72.233
72.1828
71.7345
72.406
72.0987
73.5475
73.9642
73.1224
73.0552
72.4843
72.3814
72.4114
72.4185
71.9953
72.2356
72.4875
73.4949
72.9262
72.3437
73.1691
71.8813
71.1991
72.0077
72.1421
73.1927
75.2051
74.7132
74.7261
73.9968
72.719
72.2755
71.5865
71.8314
72.9598
72.0679
71.9354
72.744
72.9738
73.0568
74.6416
74.1468
74.3298
73.6689
72.4128
74.225
74.8824
75.0977
74.41
73.8849
74.9948
73.8987
72.6176
70.6851
70.6532
71.186
70.6885
71.6563
72.0323
72.6241
72.7129
71.4204
72.2932
73.0142
72.4705
72.2412
72.5139
72.675
73.1096
73.2602
72.7771
72.9738
72.868
73.3927
72.4413
73.9782
75.0557
76.0058
75.1947
74.0711
74.8342
74.6471
75.5459
73.5109
72.3336
72.8207
73.7933
74.3373
74.2784
74.1271
73.9954
75.087
73.4954
73.0237
72.4177
71.6991
71.9297
71.9006
71.5588
72.2073
71.8621
72.0938
72.5654
73.4427
74.6494
74.2713
73.1363
72.0839
72.45
73.4443
73.3127
73.2715
73.5457
73.2793
73.1797
72.4509
71.8365
72.6333
72.0595
72.6914
71.6498
71.3807
71.6162
71.8295
71.7817
72.3053
73.1665
71.8932
71.893
72.6938
71.5509
71.3773
71.6175
71.3574
72.2525
73.2084
73.5964
73.7411
73.9535
73.2329
72.8539
72.4551
72.4602
73.2211
73.8994
74.1494
74.6705
73.9711
74.152
74.0384
73.6681
73.4038
73.7258
74.2024
74.6387
73.301
72.4294
72.4611
72.1706
73.211
74.0079
73.6205
74.5268
72.9781
73.7046
72.8932
72.9369
74.1298
73.3029
73.2644
72.424
73.4179
72.4951
72.9908
72.8382
73.6001
72.8288
72.5676
73.1054
73.441
73.9883
73.435
73.6723
72.8899
72.0567
71.3002
72.0465
72.7443
72.0472
73.5205
73.1693
72.5147
72.5238
72.2943
72.8336
73.3966
72.8279
72.9615
72.904
73.8095
74.2864
74.1007
74.0261
74.0064
74.7059
73.341
72.3967
73.6262
72.5035
72.2714
73.474
74.3031
74.1994
73.1974
72.6546
71.6398
72.3523
70.7837
70.9427
71.5557
71.8899
71.0584
71.1555
71.237
71.6189
72.7029
73.7332
73.5221
72.4665
73.0045
74.0816
75.5019
74.4516
73.5202
73.5672
73.3226
73.1163
72.383
73.3357
73.0143
73.2093
73.204
71.9281
73.2654
74.4851
73.2912
73.6166
74.665
75.009
74.4529
73.1059
73.0097
72.0425
72.594
73.1383
74.6475
74.2634
74.3971
73.6582
74.8301
75.1456
74.6291
73.8014
72.6497
72.8805
73.3727
73.0835
73.4672
72.6388
73.7366
73.0735
73.1833
73.0556
72.7087
73.3514
72.8465
72.9178
72.1714
73.0543
73.6272
73.1962
72.4966
72.6947
71.6421
73.939
73.6411
72.3207
72.4616
71.1874
71.9577
72.4125
72.974
74.465
74.1417
74.7307
75.3324
74.3989
74.2866
72.532
72.2739
73.5927
72.4239
72.5133
72.4159
72.6194
72.6603
72.5316
73.1761
72.768
72.9274
73.9147
74.1933
75.4625
74.5315
73.3658
73.5889
74.6359
73.7458
73.623
73.0808
73.5252
73.4653
74.3577
72.8149
72.1631
72.9948
74.0794
73.5599
74.3979
73.2909
73.9352
72.3089
71.4691
71.3589
72.6128
72.4769
72.746
73.3987
74.3576
74.0613
72.1241
73.0902
73.2817
73.519
73.1281
72.7329
73.5889
73.2487
73.1292
72.9781
72.5121
73.0066
73.3258
73.1959
74.3024
74.3681
73.2079
73.3113
74.0092
73.0001
72.536
72.6006
72.6356
71.3643
71.9859
71.6924
72.5976
73.567
74.0223
74.5074
73.2465
73.5841
73.7448
73.79
73.095
72.37
72.9712
72.9539
72.8815
72.5357
72.3507
71.6795
73.9332
73.5303
72.6251
72.3468
73.3136
73.8423
73.6127
72.0546
72.9227
72.0113
72.5401
71.56
73.3651
73.9752
74.1475
74.1809
74.9698
74.9217
74.6176
74.1333
72.2239
71.9076
71.6851
71.645
73.0508
72.7202
72.2448
74.7197
75.7566
75.435
74.9836
76.6546
75.5329
74.0713
73.6414
72.567
72.2098
72.0562
72.214
71.8064
72.5271
72.2473
71.2805
71.3764
71.9443
72.1661
72.1451
71.7474
72.0903
72.3019
72.9171
72.8107
72.952
72.6856
73.8194
74.0683
72.913
72.772
73.6251
73.7585
74.4284
74.1774
73.3181
74.6221
73.6548
73.007
72.9294
72.0187
71.6322
73.1004
73.1546
72.7499
72.2805
72.5188
72.4261
72.242
72.2303
72.3642
73.2528
74.837
73.4413
73.6546
74.0071
73.9032
73.4421
73.6638
74.6117
73.1622
72.9722
72.6807
72.7601
74.538
74.7315
74.8569
73.8312
73.1856
73.1278
73.4483
73.832
73.4314
73.5253
73.5909
73.6724
75.1009
74.5647
74.5192
76.0284
73.6267
73.0111
71.4843
71.5232
70.9649
71.0105
70.1118
70.1714
70.8356
71.4602
71.6757
71.5114
72.5267
73.0798
72.9582
72.7434
74.1503
73.0951
73.75
73.9488
73.856
74.4562
75.0887
75.1981
74.6212
74.9001
75.0324
75.4321
74.2339
74.3311
74.3699
73.1678
73.3618
72.9633
73.6066
72.4347
73.3019
72.8434
72.9974
73.7742
73.5485
73.7557
72.97
73.4961
72.4998
72.4068
72.8851
73.4281
73.0896
73.7502
73.0483
72.4967
72.3478
72.1217
71.8061
72.1645
72.7973
72.0823
72.1424
71.8628
72.8586
72.8694
72.5672
72.7245
72.9418
73.1734
73.8331
74.4923
73.9265
75.056
73.5386
72.9864
73.9197
72.5726
72.8613
73.6761
74.2619
72.1581
71.3667
72.8187
72.4271
71.9803
73.2855
73.5366
73.0878
73.6003
74.0972
72.9892
72.7807
72.4391
72.3775
71.8729
71.357
71.9263
71.8976
72.6165
72.1859
70.6668
71.6465
73.0547
72.8185
72.9978
73.0531
73.4195
73.1198
73.1584
72.6719
72.8644
71.0672
71.8364
71.9767
71.6004
71.7919
71.8172
72.4612
72.4676
73.5335
72.0631
72.0709
71.1332
71.7508
72.4755
72.7567
73.2418
71.7193
72.5227
72.7857
73.7116
72.997
72.8844
72.382
70.9717
71.8852
71.9166
71.3307
71.2204
70.9775
71.9651
72.108
72.2437
71.6832
71.5321
71.789
71.076
70.7863
71.8547
71.8483
73.1413
71.5999
72.4632
72.768
74.9287
74.7775
74.434
74.1541
75.0251
73.4024
73.9594
73.0606
73.6654
72.6661
73.1139
73.1577
72.5047
73.2396
73.4775
72.4768
72.6892
72.3421
73.4836
74.451
73.784
72.5744
73.6253
73.8158
72.794
73.7792
72.9227
72.5695
72.7574
72.4563
73.3469
73.7142
73.6199
72.9175
72.6293
73.3238
73.1295
73.2067
73.9105
73.8119
74.7319
74.4818
74.8533
74.6154
75.016
73.8571
73.0936
73.5031
73.1728
72.0096
71.7992
71.9745
72.8481
74.0446
72.2886
73.5348
73.2361
73.831
73.6581
73.8088
75.3295
76.238
75.2473
74.8275
73.807
73.4178
74.091
73.2245
72.5929
72.9257
73.0041
73.1185
73.0904
73.1375
72.8102
71.8246
72.1987
72.859
73.7939
73.0408
73.0816
72.2373
71.8194
71.1129
71.5391
72.2203
72.7124
71.7451
72.1089
71.8323
72.2554
71.8761
71.68
72.0001
71.5138
72.2274
72.674
73.0413
73.7262
74.3828
73.921
72.643
72.7218
72.7805
73.0402
73.6112
73.8372
73.7452
73.3898
71.9345
73.1356
72.6847
71.7309
71.629
71.8872
71.6793
72.7733
74.0707
74.3012
72.3654
72.961
71.2336
71.5353
71.2164
71.5367
72.632
71.9968
71.977
71.4056
71.9787
73.0721
73.2139
73.589
72.6391
71.8549
71.6182
71.6419
72.064
72.0186
72.9326
74.0392
74.3872
74.9163
74.4805
74.2562
74.3836
74.2399
73.3677
71.7401
72.8963
72.3936
72.0051
72.8985
71.7763
71.7618
71.6542
72.1475
71.8874
72.6971
72.1874
72.4495
72.3932
73.6068
72.9588
73.9271
73.691
75.2474
75.0767
74.7304
74.8819
73.9806
73.283
73.4245
73.4304
73.2111
73.2227
72.8836
73.6604
73.5054
73.2949
74.1391
72.5539
72.222
73.0764
74.6582
74.3568
74.6982
74.2728
73.0389
72.6815
72.7074
71.9274
71.7484
72.6378
73.3569
72.9856
72.0382
72.1723
72.1978
72.283
72.2487
72.2559
72.2008
72.4414
72.6588
71.6786
71.9906
73.0542
72.55
73.8214
73.4607
73.4028
74.0725
73.9751
74.3186
75.5182
75.0405
74.0328
74.2981
72.9756
73.3831
73.6512
73.1673
72.8783
74.2186
73.056
74.1346
73.4324
73.2035
72.6539
72.7973
72.0505
72.3507
72.8225
72.7924
72.5867
73.275
72.363
73.2276
74.3608
73.7391
73.0703
73.3566
73.0609
72.9232
72.6463
72.0998
71.6987
72.2063
73.2724
73.9307
73.8119
73.2189
72.6656
72.98
72.7244
73.175
72.6515
71.8705
72.2358
72.0546
73.1664
73.6421
74.0435
73.4589
74.5382
74.7116
74.484
73.2357
72.9434
73.21
72.167
71.7721
71.4059
71.4568
72.0373
72.2048
72.0164
71.8892
71.6718
71.8347
72.758
72.3472
71.348
71.3143
70.9728
71.5837
71.8129
71.3312
71.8278
72.3537
72.6985
72.516
72.1417
72.7683
72.9033
72.0845
73.0078
74.4524
74.4096
72.3206
72.9091
72.089
72.4309
72.5235
72.4023
74.1751
73.8378
73.2581
73.1452
73.5115
73.5468
73.4468
73.6756
73.8623
73.1166
73.3845
71.6339
71.9896
71.4498
72.1076
73.2166
72.2919
72.0029
72.7843
72.8138
71.6197
72.2882
72.8297
72.2626
72.1974
73.4508
74.3317
72.6014
73.3693
71.4137
71.8965
72.3177
71.8042
72.2598
72.2779
72.9782
72.2041
72.598
72.6017
73.8506
72.8067
72.2301
72.4931
71.793
72.0683
72.4542
73.0337
73.1114
74.1143
73.1166
73.0877
72.3399
72.9272
72.1274
71.5043
71.2797
71.6253
71.1028
70.7603
70.6605
70.803
70.7535
71.0744
72.3639
72.4372
72.799
73.3728
73.9339
73.9855
72.729
72.6161
71.5683
71.397
72.7741
71.4063
72.2297
72.8441
71.6256
72.2529
71.2082
72.5558
71.972
72.1299
72.0333
72.3346
73.1834
72.6048
72.3875
72.6264
72.4368
72.988
73.4506
72.5719
71.9173
71.9426
72.993
72.8244
71.4601
72.5895
72.4125
72.5861
72.728
73.7332
73.8549
73.3211
73.9795
72.9209
73.3468
74.3464
75.4515
74.056
73.2249
71.833
72.5582
72.6933
71.9062
71.413
72.3954
73.2501
72.685
72.0588
72.4941
73.0081
72.9127
72.2805
72.5108
73.9447
72.9867
73.2456
74.4135
76.0049
74.3056
73.7825
73.2505
73.7231
74.4301
73.3392
74.9961
75.1139
74.8785
74.5929
74.0305
73.5583
73.1787
73.8454
74.8775
73.9337
73.3837
72.9388
73.8636
72.055
71.9314
72.3153
73.2726
73.8091
73.1586
72.3506
72.9363
72.8504
73.4116
73.0255
73.2367
72.6849
72.1358
73.6313
72.7883
71.8149
72.3016
72.1955
71.2352
73.1576
72.0891
71.9469
72.1635
71.9779
70.8455
71.7954
72.8522
72.6012
73.1074
73.7309
72.4309
72.644
72.5221
72.8743
73.826
73.8091
74.3636
74.7046
73.7584
72.8219
72.7239
73.0382
71.7319
71.5122
74.2183
73.4771
73.3982
73.5062
72.6344
72.5619
72.4555
73.9072
74.0146
73.5897
72.6629
71.7711
71.9313
72.3879
73.8097
72.3549
72.0058
72.7007
73.5464
74.9911
73.7608
73.8462
73.4217
72.9883
72.2177
72.3684
72.5948
71.545
73.4197
73.402
73.586
73.5464
73.0248
72.969
71.2676
72.0097
72.1027
71.6833
71.7103
70.9706
72.3676
72.1246
72.621
72.9395
73.12
72.9194
73.4663
73.2281
73.2142
72.4825
72.1065
72.1089
72.2299
72.7577
73.5762
72.9352
72.7551
71.7223
72.161
73.7722
74.136
74.4117
75.0177
74.5095
74.9776
74.6775
74.3228
73.8132
74.3568
74.21
73.6457
73.3356
73.3059
75.1457
75.3852
73.7542
72.5038
72.965
74.0041
74.1866
73.5707
73.3501
73.7529
74.2414
73.8053
73.2482
74.0102
75.1393
75.0037
75.2119
74.8021
73.3357
73.293
72.8537
72.0573
72.6498
72.3856
72.0806
71.9458
73.0022
73.0557
72.9364
74.0151
73.9929
73.4437
73.1464
73.3731
74.4204
74.2808
73.7931
73.3846
73.4793
72.4106
71.9838
72.0166
71.6873
72.5619
71.6771
72.6974
72.9401
73.1595
72.4497
73.1932
73.0095
73.7459
73.4563
72.9758
73.1286
71.7657
72.9253
73.5392
73.0647
72.794
73.7833
74.4819
74.5891
73.3583
73.7856
72.7594
73.5116
73.4838
72.9659
71.6802
71.7251
72.4662
73.1842
72.538
71.9731
72.1977
71.0416
71.5494
73.1374
74.0294
73.4615
74.6179
75.3523
74.6029
73.5557
74.4621
74.8323
74.0789
72.8476
71.8412
72.7991
72.609
73.9328
72.4964
73.4041
73.5028
72.7794
73.2754
73.3924
73.9532
73.2728
72.7233
72.4997
73.9886
73.6908
74.9891
73.2366
72.4486
72.2074
71.5392
70.9313
71.5853
71.8744
72.7943
73.1422
72.5763
73.1792
72.8797
73.5831
73.6668
73.5388
74.6792
73.4451
72.6825
72.3088
72.7393
73.0405
72.2285
73.6953
73.3096
73.3824
73.8177
73.9769
73.2512
73.8906
73.208
72.902
72.0991
72.6687
72.075
71.9501
72.6689
73.3161
74.6298
74.3013
76.3416
75.7461
74.5997
74.3953
74.9846
74.8219
74.8542
74.5867
73.2866
73.6206
73.609
74.4998
73.7295
73.83
73.3179
73.1611
71.7652
71.7196
71.4035
71.7497
72.1711
72.8659
73.0677
73.1794
73.6471
73.3211
72.185
72.5298
72.439
71.3087
70.9355
70.6526
72.0223
72.7492
72.5226
72.3058
72.735
72.1863
71.8917
71.5953
71.6637
72.7
72.7083
73.0903
74.2185
74.1642
73.6482
73.2594
73.933
74.4842
74.0753
76.1792
75.7426
75.5094
75.2801
74.9005
73.8955
73.3085
72.067
72.1151
72.7946
73.129
73.2631
72.1294
72.9871
72.7126
72.9573
72.8034
73.0657
72.9704
72.0126
72.6654
73.2837
74.1687
73.2319
72.573
72.1665
71.6772
72.3037
73.0429
71.7657
71.5798
71.8833
72.8324
72.9312
73.4875
74.3906
73.7006
73.5486
74.6852
73.7119
73.5587
73.9893
73.4182
73.7033
73.3873
74.0485
72.9338
73.7907
73.7576
72.9298
73.7206
73.373
72.2985
73.8383
73.4745
73.685
72.8159
72.3441
72.8249
72.6328
74.1875
73.819
73.9975
74.7529
74.3388
73.6787
72.8778
73.3863
72.091
72.5381
72.2881
72.186
72.1565
72.4382
74.1783
73.8131
73.2983
72.8744
72.0276
72.8658
72.1653
71.9767
72.6796
73.4329
74.4112
74.4764
73.8525
73.2543
72.4526
72.8051
73.462
72.5439
73.0415
73.8938
72.7514
72.7115
74.1751
74.2266
73.55
73.6128
72.8363
73.8034
72.8797
72.3792
70.9834
71.3714
71.2158
70.7205
70.3538
72.466
73.5058
72.4864
71.6618
73.018
72.3324
73.2967
74.2613
73.9365
71.889
72.372
71.4209
71.9258
72.839
72.3822
72.5195
73.1846
73.7465
72.6647
72.2051
71.2911
70.8785
72.4432
73.2246
72.6284
72.9602
74.1164
72.5074
72.1231
73.6009
74.0755
73.4753
72.1622
72.2324
73.6308
74.0758
74.2237
73.304
72.9464
73.5849
72.9407
72.7351
72.1426
72.0352
72.0275
72.1546
72.489
72.1626
73.5291
72.6793
73.4454
74.11
73.57
73.3119
73.4179
72.7325
74.1195
73.443
73.667
72.7979
72.6109
72.8893
72.2203
73.1403
73.565
72.2639
72.347
72.8383
72.4922
72.3677
72.2193
71.8433
71.8229
71.2726
70.6588
71.3696
71.0354
71.1467
72.1263
73.3627
72.5262
73.305
73.9796
74.832
74.4444
75.6529
75.0454
73.4203
74.2041
74.2631
73.7082
73.2036
72.7926
72.9123
72.954
73.1694
72.7816
73.5355
73.6427
75.1814
74.4429
73.8658
74.4136
74.4267
73.1525
72.5713
72.2076
72.7934
73.1489
73.4411
74.5432
72.7615
73.1559
71.9716
71.816
71.4026
72.2335
72.8386
72.7904
72.733
73.6992
73.6922
73.3044
73.0103
73.1276
74.0013
72.8837
73.3795
73.687
72.8686
72.3876
72.2519
70.8892
71.2746
71.914
72.1288
71.3232
72.1755
71.3928
71.7357
71.8423
72.5353
72.6676
72.6955
72.717
72.8502
72.5733
72.3963
72.9853
73.169
71.9059
71.6185
72.8471
72.7009
73.909
73.6748
73.3749
73.2077
73.5509
73.7796
73.1173
73.6137
73.7847
73.9016
74.3029
74.6946
74.4051
73.3809
73.0209
72.556
72.2124
72.4847
72.7001
72.681
71.6967
71.9404
71.6756
71.7488
71.9166
71.3445
71.5981
71.3436
72.0877
72.7603
71.9886
73.2482
72.5405
72.7996
73.5953
74.1562
73.882
74.8326
74.5125
74.2426
74.2428
73.4392
72.7092
72.0103
72.9476
72.6629
72.4053
72.9691
72.7178
72.2426
73.4769
72.5501
71.909
72.4921
71.9952
70.8821
71.8264
73.0705
71.5727
71.8218
72.3147
71.699
72.4771
71.8769
72.6844
72.6215
72.8487
73.0171
73.4054
74.0277
74.3081
73.1557
72.9671
71.9136
71.1748
71.5175
71.5641
70.6991
71.0778
70.9559
71.5932
72.0747
74.1345
74.2784
73.6301
74.1574
73.7709
73.1442
73.2825
72.5283
72.339
72.1254
71.5815
73.0325
72.6231
73.0104
72.9997
71.8462
72.7383
72.3051
72.4406
72.5365
73.1639
73.2354
73.3889
74.3012
73.857
72.5286
72.3493
72.126
71.784
72.2435
73.4035
73.8572
73.4863
73.1669
72.4816
71.7448
73.1532
73.4419
73.4489
72.6535
73.7162
72.6227
72.9098
73.2194
73.9175
72.5345
72.4349
72.5773
73.0615
72.7716
71.7192
71.6297
71.4696
71.9957
72.8866
72.7287
72.1473
71.5702
72.4153
73.2917
73.904
73.0884
73.2247
72.7502
74.0019
73.6712
73.3473
73.7889
72.4282
72.2277
72.188
72.2344
72.3771
72.6512
72.0441
71.4371
71.9469
73.4093
73.6931
74.2268
74.1781
74.5864
74.7167
75.695
75.1383
73.878
73.4
72.6637
72.8328
73.8277
73.2434
71.7506
71.3941
71.8462
71.7053
72.5679
74.1501
74.4404
73.4625
73.6128
73.2514
73.3467
73.9644
73.1853
72.9226
72.7194
72.4925
71.1424
71.5089
72.4638
72.9112
73.3915
72.2773
71.3926
72.3921
72.2931
73.7387
71.8549
72.2169
72.1404
71.9532
72.4543
72.1837
72.1852
72.4703
72.9917
73.1151
72.4669
73.6385
73.1921
74.6184
75.1008
75.4631
76.4938
76.007
74.876
75.3672
74.9514
74.7673
74.7722
73.3048
73.1326
72.8929
72.5966
71.955
72.4661
72.28
72.9712
72.2579
71.4602
70.9766
70.9875
71.0001
72.2922
71.5905
72.0255
71.7003
71.7434
72.1583
73.0909
72.9876
73.9217
74.2216
73.0952
72.4449
72.4804
72.8556
73.4449
72.7483
71.3594
72.2366
71.9864
72.6497
73.2578
72.0675
73.0734
73.4291
73.3395
73.2818
74.0402
73.3911
71.549
72.7076
72.7667
73.4577
73.4621
72.9596
73.4543
73.6499
73.7899
75.1882
74.9269
74.0834
74.1532
74.59
74.5248
74.6333
72.8559
72.3966
73.3417
72.9045
73.1408
73.5572
73.4851
72.8035
72.9096
72.6162
71.7838
73.0735
72.6979
73.3125
73.6549
73.3419
72.6415
72.9788
72.6256
73.9249
75.013
74.7241
75.5488
75.2241
75.7969
76.3078
73.9646
73.824
73.7709
73.8142
73.8952
72.089
71.6978
71.1262
72.2845
71.5485
72.7214
72.5571
72.2831
72.5149
73.7487
73.0773
73.0445
72.3335
72.1637
72.1627
72.8653
73.2693
73.2097
71.5812
72.0227
71.6713
71.4234
71.3614
71.948
72.6056
72.7404
73.0624
72.568
72.8992
73.3167
73.3578
73.0932
73.4042
73.118
73.2445
73.0098
74.3867
74.7278
73.9565
75.0278
75.3801
73.3595
73.526
73.2918
72.6526
72.1785
72.6181
72.0508
72.0625
72.4758
73.43
73.2329
73.9404
72.7652
72.7273
71.8669
73.4556
73.699
73.5481
72.5395
72.1935
72.5906
72.9223
72.536
71.9362
72.0468
72.2553
72.0533
72.719
74.2756
73.9279
74.5166
74.1766
74.638
74.7152
75.0139
74.3707
73.9125
73.5446
73.6391
73.331
71.5127
71.7397
71.4423
70.8866
72.462
73.0169
72.8331
72.4655
72.7873
72.6446
72.4632
71.6254
71.151
71.3533
72.4647
71.0197
70.7367
70.131
70.5684
71.1762
71.7002
71.9635
71.8939
73.2209
72.7152
72.0448
72.0041
71.4465
72.1027
71.7723
72.6846
72.1193
71.4197
71.7982
71.9688
71.9228
71.5492
72.0192
72.9918
72.7232
72.3087
73.149
73.2534
74.1804
73.7925
72.6343
72.8332
73.3672
72.5713
72.4474
73.1175
74.1017
74.3326
73.5542
74.1938
72.8866
74.0403
73.1454
72.3273
72.6517
73.5341
72.7907
73.4139
73.3134
73.4966
72.8241
71.8338
73.5386
73.0458
72.5088
71.8521
71.6363
71.9109
73.6265
73.5488
72.9789
72.0755
73.8908
74.2506
74.3456
74.1461
71.9515
71.2934
72.5347
73.0543
73.838
72.3106
72.5692
72.0829
72.7298
73.1127
72.8811
72.8925
73.4011
73.5638
73.9516
74.6218
74.7093
73.5286
72.9194
73.5044
74.2607
74.8184
73.5866
73.5524
71.9703
72.0444
72.8789
74.0365
72.5125
72.6691
72.2948
71.7159
71.9303
71.8587
72.1865
72.2905
72.2446
73.6443
74.0465
74.1092
74.0307
72.5465
73.8384
73.9966
72.3423
72.4372
73.4186
73.8302
75.0658
74.6151
73.24
73.5087
74.0981
74.2235
73.954
71.8807
72.522
73.232
70.8788
71.8933
72.6028
72.1659
71.2398
72.2121
72.2164
72.379
72.5917
72.6951
72.6383
72.4473
73.432
73.4433
72.8945
73.1218
73.4393
73.3081
72.872
71.896
71.8828
72.9801
73.5793
72.8912
72.1589
72.1137
72.5447
72.5313
72.7463
71.2647
71.335
72.8272
73.464
73.0295
73.049
72.812
72.5903
73.2222
72.3908
72.3246
73.3939
72.8278
72.7091
73.3568
72.4443
73.3575
72.839
72.2879
71.5276
71.9827
72.7304
73.0944
72.6919
73.2999
72.6091
72.5814
72.0853
73.1328
72.7838
71.6169
72.2049
73.54
73.6148
73.9577
74.3385
74.6512
74.0091
72.3847
72.0271
72.4448
73.0645
73.5348
73.8965
73.7301
73.5392
73.341
73.864
73.2129
72.2674
71.8582
72.3928
72.6206
72.9275
73.0291
72.5474
73.4647
72.8515
73.3743
73.5184
72.1344
71.4262
72.5107
73.2019
74.6401
75.2455
74.2642
73.0641
73.1322
73.3484
73.5021
73.9064
72.9942
72.3778
72.5261
73.3677
72.6808
71.2878
71.7329
73.4076
74.1663
73.1041
74.017
72.8597
73.5664
73.4033
72.8946
73.4597
72.1873
72.7943
73.5925
72.4057
72.8032
72.6172
73.3141
73.1906
74.4884
74.3689
72.4836
71.7842
73.3981
72.4439
73.788
72.8496
72.994
72.9418
73.5093
72.0143
70.9105
71.5847
71.9677
71.5856
71.5923
71.889
73.2423
73.0521
72.2787
71.8825
72.4139
73.601
74.0313
73.3377
72.8623
72.8005
73.1045
72.9538
71.629
72.0331
73.522
73.4554
72.5734
73.1967
72.2323
72.572
71.6037
71.5821
71.5943
72.4739
71.9235
73.3079
72.9406
72.5241
73.3226
71.8809
71.4628
71.7708
72.7967
72.5406
72.5664
72.0309
71.6766
72.1436
72.3188
72.0108
71.5872
72.1516
73.0832
72.2851
71.5559
71.9249
73.1298
73.1228
73.3611
74.2094
72.8031
72.8127
72.9985
73.1736
73.0312
74.4103
74.4424
74.9344
73.9105
72.9661
73.5127
72.797
73.2231
73.7488
73.2628
72.8289
72.7923
72.9819
73.2936
73.2876
72.8494
72.5214
72.1067
72.0402
71.7197
72.7495
72.124
73.3682
73.1231
73.9766
73.9863
73.5449
73.3354
72.6357
73.0223
73.6779
73.0681
74.5774
74.1335
74.1243
73.8574
74.51
73.1999
73.0396
73.6406
72.9127
71.9867
72.2882
71.9921
72.318
72.8218
74.3214
73.9948
74.3471
73.7332
73.2359
72.5385
71.669
72.9347
73.0105
71.9484
72.5007
73.2312
72.9391
73.931
73.2573
73.3679
74.5758
74.3829
75.1266
74.7993
74.64
73.6629
74.0421
73.9621
72.3285
72.1791
72.3993
72.3551
73.144
72.9768
72.0975
72.0672
72.4977
72.6569
72.6255
72.3489
72.326
72.183
72.1438
72.8229
71.7311
72.2087
72.0228
71.5642
70.9734
71.6492
72.2395
73.8234
74.3633
73.4798
73.2945
73.0334
73.0517
73.0945
73.0429
72.2279
73.5913
72.3343
72.3658
71.8892
72.3636
72.9032
73.8124
72.3673
71.9324
71.6391
72.7082
72.0376
71.9372
72.8512
72.5806
73.1011
71.5164
72.8039
72.9339
72.3312
73.5952
74.4592
73.9611
75.4019
74.0939
73.1727
72.7053
73.0642
72.3208
72.654
72.9372
73.1476
73.0578
71.8061
72.2206
72.4531
73.8932
73.6139
73.7367
73.5107
73.638
73.1583
72.6612
72.6867
72.5926
72.4103
73.0159
73.4825
73.861
72.8716
72.358
71.9875
71.5228
72.7572
73.817
73.3579
72.2748
73.7072
73.1315
73.3402
73.6196
72.5677
72.2343
72.4276
71.9802
71.5925
72.5084
72.4541
73.2021
72.454
72.79
73.3445
73.25
72.7549
72.3355
72.514
72.933
71.3395
72.0695
71.2151
72.8862
73.5075
73.0765
72.1392
72.8968
72.5343
72.9401
72.0121
71.8678
72.4304
73.4712
73.7946
73.9647
73.5518
73.4435
72.829
73.0087
73.3329
73.5118
72.6476
73.3218
73.5895
74.1462
73.5809
72.5175
71.8739
72.1525
72.4523
71.949
72.334
72.7191
72.5303
72.0703
71.9483
71.8879
70.989
71.3913
71.7538
70.99
71.6692
71.1592
71.1662
72.2664
71.1963
71.6204
72.2708
72.7972
72.5382
73.0527
74.812
74.012
73.8004
73.2681
72.4297
72.6896
72.7282
71.2514
72.028
72.3066
71.7657
72.398
73.348
72.957
73.3238
73.5162
72.4337
71.6608
71.7002
72.5986
72.6239
73.1205
73.4836
72.5334
72.9209
72.2455
71.791
73.1713
73.461
72.9375
72.9141
73.1934
74.1819
75.176
75.421
73.8944
72.1172
71.9625
73.4968
73.0909
72.541
73.3286
73.7183
73.4797
73.0268
72.6037
73.016
74.118
74.9406
75.1035
73.9875
75.0331
73.843
73.2515
73.8861
74.6348
73.7549
73.5271
73.3684
72.551
71.9791
72.811
73.6743
72.7212
72.129
73.4879
74.1543
73.9432
73.6613
72.9007
73.1236
72.3307
72.3787
73.2515
73.449
72.6228
72.4715
73.3605
73.7111
74.5168
74.2263
73.4823
74.1533
73.8329
73.3923
73.3096
72.6063
73.2343
73.3287
72.1882
73.7516
73.1922
72.8347
72.6421
73.8284
73.4274
74.0895
74.0276
74.0395
74.3026
74.5037
74.0413
74.0431
73.0984
73.2031
72.0366
72.4659
72.9543
73.6781
72.8469
72.8605
72.276
71.7503
72.1876
73.2647
74.0907
73.9617
73.5312
73.1184
73.7121
74.1561
73.0797
72.6443
73.0395
73.4734
73.0565
71.9052
72.7295
73.8188
73.2748
72.9688
72.6428
72.4276
73.2919
73.7725
73.9463
73.6654
73.0699
73.7354
73.7246
72.6095
72.6862
71.9429
71.3958
71.6649
72.0245
72.2255
73.0905
72.9105
72.7642
73.2501
73.8295
73.2259
73.3797
72.6798
72.7235
73.4185
74.4638
73.5696
73.1046
73.4729
74.3523
74.9116
73.6644
73.6173
73.6481
72.0793
72.6177
72.7228
73.2257
72.718
72.8557
72.7781
72.7277
74.0669
73.0287
72.7236
72.2505
72.2206
72.638
72.4367
72.3587
71.5549
73.2803
73.7669
73.4011
72.8468
72.075
72.6179
72.8891
73.1747
73.2456
72.938
73.524
72.6093
72.4897
73.421
74.2284
73.5741
73.1029
73.716
74.1897
72.6004
71.9406
72.3736
71.6526
73.0412
74.8904
74.9187
74.6168
73.7194
73.8158
73.202
73.1278
72.7989
73.644
72.6697
73.2206
74.6535
74.4983
74.3341
73.4383
73.5971
73.725
72.6378
71.8896
72.4278
72.3469
72.5884
72.3763
73.485
72.9185
72.9439
73.3797
73.0641
72.1084
71.9867
71.86
72.721
71.6312
72.2402
73.2693
73.4801
73.2058
72.4356
72.3651
72.4105
71.7038
71.736
72.1179
72.087
72.5264
72.8288
72.0152
70.5957
71.4941
72.1758
73.7502
73.9643
73.0628
71.4889
72.0319
72.4029
72.2857
72.7898
72.4426
72.1861
71.9439
71.6912
72.2233
71.9131
73.0859
73.8818
73.9773
73.5629
72.9016
72.8261
73.8901
72.6016
73.4604
74.4116
74.319
74.6306
75.9181
74.9214
73.9603
74.8734
73.5688
72.977
73.1865
73.4711
73.2749
74.4138
73.1873
73.6398
73.6164
74.2049
74.8096
74.1357
74.4616
74.6601
75.5772
75.9038
74.3078
74.7494
74.655
74.557
73.5387
73.2019
73.2627
74.723
74.2408
74.2328
75.0299
74.2471
72.8843
72.8984
72.8014
73.2555
72.7593
72.898
72.2174
72.7227
73.3664
73.5549
72.9648
73.1496
73.4278
73.9874
73.3227
72.7653
73.2415
72.4005
73.0748
73.9468
73.4269
72.7701
72.3083
72.5208
73.2401
73.2661
72.532
72.4296
71.7625
73.5274
73.0624
72.3151
72.3531
71.4401
71.8603
72.5374
72.5467
71.4747
71.8773
72.7205
73.0781
73.6313
73.5706
73.3158
72.5177
73.8273
72.6178
73.8739
74.406
74.2806
73.9117
73.6938
73.0904
72.593
73.0207
73.1418
73.4789
74.3742
74.508
75.2587
73.5531
73.4203
72.871
73.1349
72.5942
72.8718
73.6749
72.3804
72.7717
72.639
73.6842
73.1245
72.7034
73.4631
74.7459
72.6876
73.2887
73.6897
74.3264
74.468
74.1544
73.976
73.2544
73.0402
72.3555
72.3927
72.5262
72.9312
71.8769
73.0987
72.4119
73.0574
74.7183
73.8613
72.6332
72.8049
72.9258
72.8329
72.8656
73.0467
72.2228
72.736
72.1029
72.3918
74.2225
74.7499
75.5534
75.6617
75.1373
75.4922
74.7506
75.9656
73.5847
72.1694
72.8831
72.5946
73.3514
73.3263
72.83
72.3779
70.9725
71.5154
73.3104
72.3706
72.7673
72.6063
72.5648
72.9493
71.9336
71.6181
72.5802
72.1565
72.3709
71.946
73.1191
72.2648
72.6534
73.0937
73.3906
73.0954
72.9467
72.7633
73.024
73.014
73.8743
73.8885
72.8558
73.8939
73.9971
74.6206
74.034
73.1472
73.7142
73.9851
73.7055
74.4327
74.5776
74.3493
74.4991
73.5941
73.2054
73.2886
72.8448
72.8887
71.8423
71.5511
72.1196
71.5905
70.9554
72.4535
72.7736
72.99
73.848
73.068
71.5015
72.2262
72.3509
72.7447
72.4081
72.5678
72.3603
71.8212
72.706
72.6236
73.4749
72.8117
72.9104
72.66
72.5785
73.9158
73.0694
72.8122
72.879
73.2466
73.2659
72.163
72.795
71.3803
71.3382
71.2751
70.6411
71.7086
71.4139
72.6804
73.7347
73.3259
74.1026
74.595
74.2173
72.6133
72.6849
72.9028
73.068
72.2933
71.7297
71.6646
71.7532
71.3837
72.6269
72.4874
73.8208
74.7179
73.5635
72.7265
72.7157
72.7749
73.1612
73.7897
73.7991
74.0013
73.2473
73.6165
74.3297
76.0464
75.6566
75.1838
75.5913
74.7637
73.1897
73.408
73.7694
73.2952
73.2809
72.8955
71.8668
73.0479
72.5263
72.4357
71.9846
71.8741
70.8848
71.4032
71.9926
73.2834
73.7128
73.8024
73.3327
74.7354
73.411
74.2613
73.6038
73.4042
74.2222
74.5661
73.5241
74.1351
74.3672
74.6852
74.7488
74.1315
73.2169
72.4076
71.9079
71.6429
72.0858
72.5152
73.1516
74.0362
75.2371
75.7097
74.9646
73.8517
74.3271
73.9959
73.2969
72.9089
72.4942
72.5395
71.9537
71.4524
72.2871
72.8631
72.2299
72.1635
71.322
71.6944
73.1442
73.6336
74.7754
75.819
75.8258
75.7942
74.9375
74.3126
72.8192
73.3793
72.9823
72.3587
73.0737
73.9271
73.1258
74.0722
73.2564
73.9828
73.5792
73.429
72.0756
71.1923
72.2249
72.2675
72.2743
71.4861
71.8406
71.9433
71.6357
72.261
72.0375
72.348
72.8032
71.5772
71.7732
71.8038
71.9538
73.0063
73.3932
73.2564
73.1068
72.68
72.7443
72.7315
73.383
72.7384
72.943
73.1773
72.8905
72.0499
72.4788
72.7648
73.2792
74.3864
73.587
72.3453
73.122
73.4487
72.9364
72.4862
72.1755
71.8995
72.7888
73.125
73.2246
73.1525
74.8799
73.5516
72.7447
72.8799
73.3149
73.6939
73.9537
73.983
73.7983
73.2303
72.9184
73.3634
72.7705
73.2728
73.6565
74.34
73.8165
73.9322
74.4145
74.3339
74.6664
74.1004
73.1332
72.5783
73.0429
73.2724
74.8479
73.5789
73.5389
72.2841
71.6997
72.2594
72.6909
72.4223
72.306
74.6133
74.5544
74.3336
74.2352
74.4159
73.7878
72.9708
72.3893
72.2062
71.444
72.1262
71.5013
72.3893
71.273
72.2657
72.8266
71.6049
72.5501
71.3757
71.3195
71.4017
71.2268
70.8756
71.5135
71.5109
71.6895
72.3431
72.7511
72.7262
72.4012
73.097
73.4996
73.4093
73.1929
73.6779
74.2024
74.0356
74.3053
72.9955
72.0508
71.7871
71.1981
72.0152
72.8705
72.9284
71.8322
72.4141
73.2311
72.6818
72.433
72.6998
73.8901
74.062
72.8068
73.7557
73.8258
73.6413
75.112
74.2378
73.8483
73.9496
74.7438
73.6574
72.4497
72.9512
72.2141
72.2707
72.579
73.5481
72.8588
72.1336
72.1948
72.0836
72.0196
71.7788
71.8198
72.1185
72.4491
73.9346
73.0367
72.5702
72.6067
74.165
75.1156
73.8803
73.3258
72.257
71.5891
73.4552
72.7306
72.6981
72.8302
72.3877
72.3209
72.7727
73.064
72.2323
72.6206
73.4651
73.6886
73.1184
71.4123
71.9665
72.2748
72.2909
71.977
72.7197
72.0575
71.7508
72.2367
71.6816
70.902
71.4147
71.0645
71.8119
72.9427
73.1821
72.6982
72.3348
71.8217
72.0111
72.3284
71.5306
72.5621
72.6977
73.1119
74.0953
73.6808
75.003
75.3264
74.8722
73.7035
73.8984
74.1097
72.8985
73.1461
73.2139
72.8339
73.2763
73.658
73.5239
73.0203
73.418
73.8387
72.2995
72.8737
73.2399
72.8468
72.7021
72.8615
72.6886
72.6337
72.0703
72.6676
71.9228
72.3042
72.0051
72.4075
72.9054
72.9895
73.5504
74.2836
73.8455
73.9391
73.3578
73.8357
74.0355
73.5904
73.1167
72.5963
73.0771
73.6965
73.4759
71.83
71.5889
72.581
72.6701
73.6238
72.2124
70.881
70.5947
71.1608
71.7743
72.5686
73.0962
72.5903
72.3071
73.8079
73.5595
72.5268
72.1406
71.7863
71.5402
71.0656
71.2483
72.1852
73.1995
75.5539
74.4937
74.8755
74.2504
72.789
72.4801
72.8693
72.5642
71.6905
71.665
71.1374
71.9101
72.1504
72.6132
72.9849
72.8087
73.2632
74.0284
73.5875
74.274
73.0285
72.8618
73.5698
73.3296
72.3857
72.7303
72.5303
73.9908
73.7518
73.681
73.5497
73.2702
72.2729
72.6932
73.9817
73.8796
74.6623
74.2914
74.1496
72.7734
71.8825
71.7422
71.9767
72.4089
72.3466
71.9029
72.3376
73.5467
73.6395
74.2133
73.4733
74.3611
73.9675
72.7769
72.0865
72.0859
71.5781
71.818
72.0433
72.4584
74.1088
74.5006
72.9728
71.7793
71.0144
72.4405
72.7363
73.6097
73.7728
73.1676
72.7237
72.4952
71.8569
72.9056
74.2786
73.8723
73.3971
72.7201
72.4616
71.8059
72.1178
72.2732
72.6557
73.0188
72.1502
71.9782
72.1196
72.1027
72.8441
72.9039
72.8825
73.0213
72.1983
72.9826
71.8085
72.1464
72.9954
71.7597
70.769
70.992
70.9199
72.2134
71.8933
73.1267
73.037
73.6287
74.654
74.4973
74.5309
73.8762
73.5812
73.6913
74.1732
73.2601
74.1638
73.7374
74.4905
74.6277
73.8476
73.549
74.3097
72.6514
72.6705
72.9716
73.544
72.3809
72.4129
72.0862
72.972
72.4282
73.2427
72.5808
73.0814
73.3293
74.3546
73.1517
73.2641
73.7917
73.048
72.8829
72.1642
72.1655
72.5393
72.1465
72.2148
71.8375
72.2252
73.8631
71.7202
72.0329
71.0879
71.8266
71.3454
71.0267
72.18
72.7367
72.5393
72.2012
71.2426
71.7413
71.3705
71.5189
71.1792
71.7209
73.3945
72.5318
72.9359
74.3436
73.4999
72.8275
73.3024
73.5825
73.9067
73.0364
74.3394
74.4446
72.9726
73.18
72.0499
72.0187
71.6761
72.0002
71.8763
71.3711
71.7103
71.282
71.2769
73.0263
72.7726
72.7114
72.4234
73.1722
73.2069
72.8676
72.6401
72.0356
72.2439
72.8049
73.4379
73.0051
73.6392
74.2048
73.7573
73.5051
74.1629
75.0827
72.9176
73.487
74.4057
73.9697
73.6349
73.8138
73.7504
73.1903
73.5011
73.338
74.5958
72.9534
72.2905
72.0167
72.8941
72.7903
72.5142
73.0416
72.6082
72.5675
72.4247
72.2734
73.1455
73.0532
72.4311
72.502
72.6927
72.2767
73.1375
73.9059
73.3187
73.1709
73.7233
73.1239
73.8799
73.2315
72.5391
71.9565
72.065
72.0665
71.0821
71.648
70.819
70.8474
71.4076
73.2677
72.921
70.938
71.3769
71.7239
72.702
72.4867
73.1325
72.2251
73.2799
74.4701
72.6766
71.8779
71.8838
71.6831
71.3348
71.4324
71.9706
73.0578
73.7362
73.1388
72.4575
71.7159
72.6598
72.6966
72.4474
72.0446
72.4982
72.9574
72.5641
72.2789
72.6039
73.5741
72.767
72.8409
73.1808
73.6707
73.4566
73.6425
72.4069
71.4952
72.0044
71.605
72.5921
73.2761
73.1548
72.5929
73.2787
73.3557
72.4424
73.3392
73.4787
72.3577
71.8426
72.2623
72.9364
74.3787
72.5254
73.5855
73.8022
73.0334
72.1176
73.3839
72.5829
72.9302
73.9328
74.031
75.701
75.9107
75.396
74.6645
73.0669
72.9427
72.7876
73.3659
73.3795
73.5051
73.1706
72.8021
72.4518
72.9322
74.3179
74.3618
74.4678
74.1908
73.1001
72.94
73.8593
74.301
74.0303
72.4458
73.4001
72.9452
72.7503
73.9246
73.3536
74.2724
74.4165
73.2123
71.9969
72.9061
72.2716
73.0741
73.0396
73.286
73.0843
72.3674
73.043
74.0738
75.0559
74.6341
75.2595
75.9929
75.0322
75.6434
75.4104
75.1341
73.4014
73.0238
72.5293
73.9467
72.629
72.4381
73.3821
72.327
72.256
72.4524
72.1662
73.7511
73.5876
73.513
72.2482
72.18
72.1301
72.5591
73.0026
72.133
71.7137
71.9169
71.7994
73.244
73.1705
73.4912
73.5831
75.1796
74.9925
73.903
72.9484
74.1596
73.619
73.0651
72.7712
72.8656
71.6303
71.9622
72.6031
74.3847
73.1514
72.9716
73.2163
72.8994
73.27
73.0472
72.2904
71.754
72.2683
72.173
72.8574
71.8144
71.4977
71.2571
71.9427
72.5495
73.4163
74.2521
73.9201
73.1353
73.3358
72.5256
72.6947
72.37
71.5413
72.0412
71.9384
72.5487
72.0561
72.6513
72.8274
72.2511
72.2933
73.0116
72.6267
72.1567
72.3628
71.8593
72.9092
72.4935
72.3316
71.514
71.5874
72.8349
71.3211
71.6054
72.3309
73.6138
72.9744
72.1418
72.7925
72.4874
72.8321
73.0428
73.2428
73.3829
73.171
73.1197
74.2811
72.7011
73.1699
72.3363
71.6237
70.8768
71.0995
71.343
72.097
71.9107
71.7827
72.4809
72.3012
73.967
74.2101
73.9905
72.8827
72.4263
72.5617
72.5299
72.0967
71.551
72.7442
72.8053
73.338
73.3705
73.2012
73.0457
72.7888
72.5858
72.2268
74.4195
74.0871
73.3044
73.1966
72.0954
72.4663
72.1745
72.3215
71.942
73.6546
73.3791
72.2331
71.9768
71.5702
70.849
72.2326
72.2834
72.2597
72.0044
72.0798
72.2996
72.5866
72.7932
72.376
73.3996
73.021
72.2779
72.1094
72.2178
71.9974
72.9635
72.6674
72.9954
71.9693
72.1654
72.239
73.0806
73.5778
73.2437
73.9502
73.8226
74.1332
73.4845
72.8114
72.2074
73.1123
73.0148
72.3031
72.4454
72.8851
72.8704
72.709
73.3034
74.3123
73.619
73.4528
72.8443
73.2756
72.3892
73.787
73.1761
73.1288
73.0289
72.2137
71.9349
72.4341
72.0166
72.4316
71.5183
71.921
73.3925
73.0294
72.5105
72.911
73.7937
73.8497
74.4589
75.0561
74.2032
73.7541
74.0578
74.0211
73.6278
73.6161
74.047
73.6155
73.1926
72.9725
71.8301
72.3094
72.4971
73.1283
72.6934
73.1967
74.5641
73.5872
74.0619
73.7098
73.6793
71.5427
71.3886
72.0452
71.6119
73.0066
72.4791
72.757
72.6173
72.5427
72.8982
72.7533
72.1632
71.7969
72.526
73.1158
72.7391
73.1597
73.7974
72.9999
72.6504
73.216
73.3518
74.31
74.5716
74.1583
73.152
72.6012
73.3959
73.0925
72.1152
72.7567
72.2947
72.0663
72.852
74.0448
72.7747
72.7888
73.5715
72.9206
73.0169
72.999
73.1593
71.917
72.4955
72.1908
72.2964
73.2367
72.9569
72.6977
71.8987
70.8341
72.3793
72.122
72.0137
72.8016
72.9109
72.711
72.0468
72.0109
72.4292
72.3668
72.0717
72.9544
72.4569
71.3381
71.776
72.971
73.6256
73.7031
73.9877
74.3977
74.5214
73.1107
72.8398
72.8385
73.1415
72.4713
71.697
72.2671
71.7953
73.264
72.9712
73.5741
72.6379
73.0646
72.9278
72.1735
72.6613
73.5046
72.9499
73.1731
73.5846
73.6408
72.9028
73.3315
73.3105
73.1436
72.9241
72.9114
73.1585
72.4792
72.4782
72.4293
72.2296
72.7745
72.8095
72.7583
73.1043
75.132
73.1196
72.5847
72.8248
73.0488
71.9585
73.6818
72.4217
72.4045
73.9087
74.5209
73.1058
73.1477
74.0687
72.7127
72.3314
72.4208
72.0043
72.3712
72.4173
72.7757
73.1236
72.979
73.0028
73.0294
73.7728
72.9826
73.1699
73.7054
73.8606
72.2181
73.3968
73.7366
72.2484
72.8703
71.7418
71.0166
71.9758
72.1849
72.2623
73.2581
72.8828
72.6482
73.3335
71.0113
72.0054
72.1916
72.6893
72.9852
71.9798
73.5372
73.5745
73.5987
72.0589
72.1325
72.0484
73.5228
73.2139
73.3356
72.477
73.6329
74.3646
73.4665
73.4101
73.0299
72.2923
73.7532
73.3334
72.3748
72.741
72.5596
72.169
72.9165
73.3861
73.5871
74.6116
75.4709
75.4546
75.267
74.4521
73.913
73.6859
72.9483
73.0199
73.2363
72.6599
72.6262
72.079
71.9986
72.4941
71.6757
71.997
71.8267
71.7997
71.9643
72.9228
73.1665
73.7407
73.7552
72.955
72.9717
73.1945
72.6997
73.7141
72.8251
73.3327
73.0839
73.0448
72.6517
72.9733
73.1914
72.9225
73.5175
72.9391
73.9425
74.0849
73.1588
74.038
73.468
73.399
72.8605
73.2145
72.6429
71.6343
72.7358
72.3697
73.5222
73.2002
73.5243
73.6098
72.3542
73.1146
73.8829
73.5234
73.4419
73.0979
72.4847
72.5351
72.4992
72.8872
72.5059
71.3194
71.8137
72.1865
73.4027
74.5568
73.9081
73.0591
72.5549
72.5659
72.5622
73.2354
72.7657
73.4646
72.8935
73.4827
73.5464
73.78
73.9219
73.1906
73.6863
74.7476
74.1372
74.3549
73.5072
72.9171
72.4886
72.2278
73.4633
72.4038
71.9647
71.6117
72.7242
72.9648
72.757
72.8945
74.3044
73.2998
73.068
72.8136
71.9174
71.7771
72.4729
73.064
72.498
72.7576
72.5024
72.0207
72.0762
72.0962
72.0437
71.5586
72.4733
72.2966
72.5682
72.8029
73.0245
73.3867
73.2608
73.0261
73.6312
73.1131
72.271
72.5455
73.0079
73.2801
72.3181
72.6188
72.3996
72.3442
71.2982
71.4345
72.1291
71.241
72.8447
72.7791
73.0644
73.5332
73.1803
73.1561
72.5684
72.8716
72.8665
72.8372
72.1643
71.5004
71.1756
71.9577
72.0133
72.5164
72.2316
72.5685
72.9927
72.7078
72.9904
72.7592
72.5839
72.2894
73.2182
73.2383
72.6751
72.7413
72.2385
71.4287
72.1779
72.5242
72.7492
73.3953
72.4366
72.125
71.5041
71.1651
71.2928
71.0951
72.0074
71.4704
72.185
72.7366
72.8997
72.3185
72.7272
73.7625
73.9409
74.4977
73.6802
73.9633
73.898
73.5001
73.5652
72.8934
72.6298
72.395
71.9567
72.6615
73.1775
72.7844
73.5655
74.8618
74.0191
73.047
73.3301
73.4912
73.2467
73.0374
74.1046
73.6803
72.7439
72.7616
72.9341
72.8561
73.1362
73.0407
73.9587
73.9109
74.1287
72.947
71.8616
72.9314
73.2307
72.9936
73.479
73.2329
72.2586
73.4083
72.622
72.6892
72.9439
73.0274
72.6687
71.7475
71.746
72.035
72.3468
71.2662
72.5029
72.3132
72.2186
72.4828
74.3786
73.2675
74.0834
73.7803
74.1355
73.1658
72.7546
73.3921
73.9593
73.4292
73.6939
74.0614
73.8386
72.5812
72.2888
73.2229
71.5296
70.6718
71.1928
73.5074
74.1881
73.5812
72.4577
73.3006
73.4951
73.6335
73.5569
72.2811
72.2764
72.4325
71.4914
71.3846
71.7803
73.4491
73.6138
73.3769
73.9025
74.0327
72.9586
72.4785
72.2084
72.5783
72.6466
72.9147
74.1284
74.6611
73.4334
71.6367
72.1258
74.0043
73.4344
73.0606
73.2748
72.4825
72.2511
72.6953
71.9027
72.222
72.6723
72.3767
74.391
74.0817
73.4835
71.9817
72.5122
73.7749
73.4605
74.2441
73.8145
74.7492
72.5939
73.0711
72.6912
72.8185
73.1853
73.3392
73.2326
74.057
72.9991
72.9898
72.0012
73.1335
72.5887
73.3102
73.4594
72.7327
73.2746
72.0493
71.2262
72.3675
72.8706
73.7444
73.0095
71.9119
71.987
72.05
72.5497
72.0133
72.6816
73.3423
74.6674
74.4299
72.9612
74.06
73.8743
74.0348
72.6246
72.329
72.4413
73.245
72.123
72.8003
72.8762
72.9636
73.2629
73.6761
72.5045
72.0102
71.3832
71.3085
71.4567
71.1143
71.5231
71.2722
71.8253
73.5492
72.3636
71.403
72.1723
72.9367
72.1244
72.236
72.2486
73.1033
73.4038
73.0871
72.8823
72.8847
72.7377
73.367
72.8765
73.0918
73.3535
73.7554
74.8138
73.7934
73.9439
74.0481
73.8792
74.3888
74.0905
74.4682
74.2987
73.6117
73.0227
73.3508
73.1283
72.2948
72.3376
72.2831
73.6073
73.3388
73.7589
73.6396
72.8358
73.8871
73.9732
74.4337
74.2618
73.3857
73.4156
73.3911
73.3452
74.2369
72.3314
73.3946
73.0271
73.0629
72.5665
72.9613
72.9929
71.6848
72.0074
73.1812
73.0458
73.5455
74.2213
74.3256
73.4415
73.8839
73.0787
71.5365
71.9551
72.1945
72.3612
72.1971
71.9446
72.5943
73.4667
74.3614
73.7952
73.7888
76.0157
74.4211
74.2914
73.9468
73.6904
73.071
73.8258
74.7657
76.2429
75.6003
75.1419
74.0059
73.3812
73.0789
73.2582
73.2212
73.3129
73.9442
73.6789
73.2384
72.6346
73.7907
72.575
72.2869
71.4573
72.5694
74.0499
74.9318
73.4091
72.8546
72.3601
72.899
72.6755
72.5837
73.5889
72.9111
71.9147
72.1419
72.8442
73.3927
73.8282
73.49
73.9416
72.5239
72.1588
72.8975
73.4788
73.7504
73.1942
73.1763
72.4097
72.5962
73.264
72.7197
73.4649
73.1987
72.5224
73.2525
73.0233
73.5773
74.4271
73.8056
73.1576
71.6879
71.5423
71.4035
70.6412
70.7526
72.475
73.6205
74.883
75.1496
73.5825
73.5447
72.691
72.086
73.2059
72.9138
71.9068
72.326
72.359
72.2917
71.9103
71.8179
73.0456
73.5816
74.0936
74.23
71.771
72.2313
73.4288
73.3048
73.2893
72.2488
72.7083
72.8899
73.0861
72.8202
72.8696
73.1836
73.1453
72.6415
72.9484
72.8035
72.2868
73.3094
72.5491
72.4421
72.1154
72.8
73.9101
73.1549
73.16
73.197
73.7875
74.4751
73.951
75.1744
75.181
74.6596
74.1342
73.6429
73.3502
73.7386
72.3474
73.9102
73.9171
73.9273
73.2885
73.7736
73.6182
73.6226
74.1487
73.1761
73.1411
73.9765
74.4805
73.493
72.4272
72.0363
72.1775
72.3658
73.2606
73.5456
74.0478
73.5808
73.8723
76.0745
74.7149
73.2245
71.6611
73.2779
72.446
73.3482
72.3918
71.0901
71.8268
72.9551
73.2601
74.9762
73.1145
72.8082
72.062
72.5917
72.7292
72.7576
72.0815
72.2498
72.0664
73.1902
73.7242
72.9839
74.176
74.0225
73.7621
73.7835
73.414
73.5166
72.8501
73.5557
73.1608
73.8562
74.2891
74.1533
73.7011
73.4881
74.1658
74.5169
73.1525
73.8556
73.814
73.9363
73.0135
72.76
73.6015
73.3911
73.3278
73.6079
73.6899
73.9418
73.883
73.7928
73.4927
72.6228
72.6809
73.0711
73.6478
73.9923
73.8177
72.8719
73.6672
72.958
73.0039
72.2813
71.902
73.0519
73.3906
72.4387
71.6253
71.5956
71.1176
71.4414
70.5263
70.8469
72.9559
72.6166
72.6961
73.1995
73.4907
72.3207
72.461
72.4583
73.2277
72.9257
73.9759
73.6664
73.7349
71.9521
71.5246
72.8411
73.2954
73.3289
73.0832
73.8928
75.0638
73.9475
74.1638
73.0086
73.0457
73.4983
73.2472
72.9622
72.8631
72.6528
71.6533
71.9269
73.2937
72.6906
72.3609
72.5411
72.9244
72.1324
72.1241
72.4816
72.5097
73.0121
72.5715
73.2562
72.2719
72.3655
72.0466
73.3805
73.8287
72.5943
73.0167
73.4192
74.3594
73.5575
74.2494
73.3577
73.0502
73.4649
73.3416
72.9491
72.7815
73.1436
72.7057
73.4387
73.3574
74.0156
73.4283
72.7522
73.1161
73.928
74.1828
75.2956
74.7667
74.5266
72.7403
72.758
72.5457
72.7624
72.3912
72.9622
73.0222
73.7761
73.6343
72.8755
73.7592
73.8448
72.4067
73.4814
72.7729
72.106
72.2355
71.4771
72.4159
72.3896
72.2873
72.0223
71.5252
73.3369
72.7769
72.5551
73.8086
73.7833
72.6501
72.3296
73.096
73.0754
73.4877
72.5845
73.516
72.8583
74.2393
73.3503
74.0093
73.4366
73.9791
73.7394
73.5073
73.0357
73.2816
72.6429
73.0796
73.4242
73.9192
73.441
75.059
73.5894
74.5039
72.5652
72.2723
72.5331
71.8501
72.2725
72.3101
72.8081
71.8239
71.1532
71.2763
72.0058
72.3973
72.0195
72.3473
73.2521
73.7105
74.7251
74.1322
73.9304
73.2005
73.4683
72.5121
72.7662
72.8365
75.2901
74.7496
74.378
74.8858
74.9383
73.85
