478.363
466.239
454.192
446.918
438.099
429.48
417.621
408.21
396.333
384.031
372.474
362.368
354.247
348.318
342.61
338.359
333.925
328.836
325.364
320.02
315.285
310.176
305.741
301.817
296.303
292.474
285.616
282.399
276.994
270.794
265.109
261.716
258.242
255.703
249.732
247.174
245.616
244.006
242.079
239.562
236.502
233.361
231.817
230.295
229.279
227.107
224.4
221.831
220.128
218.319
215.76
214.26
213.036
212.436
210.488
209.04
206.724
205.186
205.504
205.919
206.054
206.999
204.759
202.287
200.789
198.093
197.567
194.923
192.741
191.632
190.485
187.4
185.059
183.301
180.092
177.793
176.825
177.552
174.735
174.001
172.181
171.961
171.726
169.338
168.696
168.513
169.007
169.864
170.4
170.903
171.537
172.241
170.048
169.675
168.289
165.742
163.575
162.642
161.862
161.267
160.75
159.852
158.779
159.279
158.937
158.869
160.059
159.357
158.923
157.18
155.639
154.861
154.611
154.502
152.951
151.769
151.779
152.969
153.87
152.008
150.918
150.342
149.523
150.176
148.683
147.161
149.309
149.71
150.409
149.306
148.929
147.884
146.24
145.667
144.195
144.096
143.361
144.261
143.504
142.358
140.461
141.329
140.328
139.224
138.135
137.937
136.058
134.924
134.58
134.654
134.156
133.412
133.168
132.279
133.043
132.792
132.675
132.43
132.02
132.322
132.504
132.118
130.517
130.416
128.611
127.449
126.999
125.758
125.66
124.693
123.805
123.849
122.035
121.658
121.61
120.345
119.308
120.333
119.514
118.905
117.751
117.228
117.13
116.84
116.606
116.885
117.635
116.143
114.896
113.931
111.944
111.586
110.757
109.384
109.86
111.063
111.011
111.359
112.286
111.508
110.436
110.358
109.971
108.631
109.242
109.357
110.431
109.281
110.318
111.662
112.042
115.076
114.467
116.379
116.032
115.969
115.944
112.924
111.305
110.303
109.649
109.15
108.575
107.165
106.788
105.091
104.798
105.669
105.231
105.485
106.426
105.712
106.868
106.607
106.237
104.982
105.073
104.081
103.071
101.76
101.553
101.573
101.444
101.663
100.467
100.462
100.235
99.273
99.0338
99.7947
99.5271
97.8872
97.6382
98.135
97.4542
95.774
95.5665
96.2757
95.9555
95.7982
95.665
97.028
96.4581
95.5035
96.1533
95.4391
94.2277
94.9296
95.2031
95.0303
95.2626
94.6199
94.0737
95.3048
95.982
95.4872
95.0463
94.4275
95.0029
95.0434
94.404
93.9811
94.5879
94.0758
93.8239
92.7328
93.5352
93.6248
93.7245
93.9555
94.9371
94.608
93.8905
94.1573
93.6768
92.4728
92.2951
92.7321
93.0708
93.8848
92.9312
92.7025
91.9024
92.4357
92.5502
91.613
91.055
89.9484
90.5255
91.3015
91.3421
91.5498
90.8991
90.1534
89.2718
89.4742
89.1601
89.8158
90.5858
89.4487
90.1804
90.6166
89.8097
90.6722
89.8115
90.3274
89.9081
89.195
88.9963
88.2493
87.1093
87.6672
87.4372
87.547
88.7302
89.6462
89.836
87.8606
87.6597
88.0242
87.9872
89.1412
88.4448
87.2873
87.1033
86.8115
87.0705
86.969
87.1698
87.2674
87.1523
87.1718
86.8732
87.8903
87.0405
85.9791
86.0797
86.1663
85.8065
85.3343
84.9044
85.4093
85.2017
84.9308
85.5485
85.7319
84.6517
84.5712
85.0295
85.23
85.1302
85.2736
84.3176
84.613
83.8802
84.5104
85.2604
85.506
84.4595
84.5899
85.5882
86.4635
85.6094
86.1734
85.1063
84.7341
84.731
85.0088
84.714
84.8278
84.4362
84.7651
83.6556
83.568
83.7279
83.1022
82.5867
82.3681
82.7931
83.1209
83.424
83.4047
84.0002
83.7892
83.4229
83.4399
81.1274
81.623
81.9236
82.3361
84.4705
84.2353
84.59
83.3026
83.0069
82.6925
83.0207
83.5503
83.4719
83.3647
83.2092
82.2418
81.8376
82.1243
81.4218
81.4961
82.1097
82.1378
81.9053
82.4399
83.5437
83.126
83.2077
83.4245
84.1914
83.7872
83.0621
83.3142
83.1882
82.5
82.4846
82.0165
81.5562
81.5117
81.2831
81.2216
81.9568
82.2933
81.7701
83.0312
82.3386
81.7202
82.0788
82.2501
81.9551
81.3086
81.8624
82.2055
79.6262
77.6129
78.2216
77.9133
78.9031
79.5146
80.4066
80.5076
80.2876
80.791
80.6849
79.706
79.555
77.4867
77.8044
77.9323
78.2254
78.0559
77.8343
79.246
78.3572
78.6924
78.7767
78.9607
79.6431
79.8124
79.2394
79.5797
79.525
80.4718
79.9923
79.3408
79.5365
78.9319
79.761
81.8731
81.1322
80.1001
79.7644
78.598
78.9355
78.4777
78.024
78.038
78.1282
78.2926
78.7016
78.5592
79.1377
77.9873
77.1129
76.7985
76.9978
76.6179
76.0997
76.7965
77.1961
78.4676
77.9475
76.9929
76.5312
76.3976
77.199
76.4678
76.4821
77.4986
76.917
76.7299
75.8898
75.3792
76.4673
77.5837
77.3545
76.6415
76.8668
76.5662
77.2353
77.2127
78.0199
78.6806
79.1624
78.7039
78.1564
78.636
77.9494
78.3922
79.2745
78.8718
77.8147
77.7458
77.5314
78.3038
77.5961
77.6532
78.8461
78.5457
79.1321
78.6608
79.5683
79.5684
80.3021
80.3574
80.4915
78.9426
77.5542
76.9895
77.6961
77.1004
77.2706
76.7007
76.7098
78.8083
78.502
77.0588
78.8407
79.211
78.5439
78.341
78.6185
78.4484
78.4932
78.1602
77.7768
77.6144
78.3218
77.5503
78.9691
79.9606
78.2582
77.5882
76.9894
77.0708
76.792
76.8859
77.8347
77.2157
77.9854
77.8027
78.446
79.0924
77.8023
75.9535
75.3566
76.0887
76.8415
76.6218
77.932
76.6604
77.2963
77.4832
77.3204
78.1097
78.0313
77.908
75.9632
76.8196
76.9547
77.502
76.4899
75.1813
75.6232
76.7495
78.4987
77.1771
78.0401
78.3472
76.6592
76.9339
76.6982
74.9174
77.0244
76.5295
75.8478
75.6305
75.5054
75.9191
76.7195
76.0907
74.9171
74.815
74.5118
75.1963
75.2808
75.3726
76.4861
77.3505
77.1227
78.3277
77.5237
78.0479
78.535
77.762
78.3846
77.4083
77.2421
77.5054
76.9568
76.9435
76.8758
78.7064
78.654
78.8108
76.5568
76.5077
76.9787
76.707
77.4104
77.3599
76.5325
77.7913
79.6989
78.2949
78.5218
77.7349
76.0058
75.8837
75.5257
75.1434
75.3798
75.8559
75.0938
76.5431
75.5539
74.9993
75.1845
75.4955
75.2218
75.0774
75.5992
75.7346
74.7625
75.8271
78.257
77.5735
76.1585
76.0978
75.8811
76.1428
75.9334
76.3945
77.1533
76.6338
76.8916
77.3714
75.9618
75.7422
75.4607
76.0497
76.2667
76.9641
76.9366
76.8787
76.2925
76.6775
76.0091
76.3699
75.6661
74.9488
75.3495
74.9708
74.6245
74.7274
75.3919
75.5889
76.5399
75.7043
75.5831
76.4504
75.4195
75.703
75.8752
76.5865
75.8066
75.0152
76.038
75.6115
76.5382
76.3073
77.0534
76.7256
75.3268
75.4023
75.3875
76.4588
76.8301
75.5403
75.1759
74.8834
75.6684
75.406
75.6076
75.582
74.6302
74.3049
74.022
73.5166
73.7932
74.837
75.8861
75.4511
75.0664
76.1142
74.9149
75.938
76.3573
75.5388
76.5446
76.9702
76.2281
76.0074
76.2405
75.1572
74.4262
73.4007
73.5374
74.6699
74.6542
73.8734
74.8898
74.6023
74.7562
73.9132
74.2958
74.0417
73.8256
74.6472
73.2924
73.1119
72.5395
73.0679
74.1134
73.9012
74.3415
73.6146
73.7986
73.3194
74.3461
73.8526
73.8537
74.1042
73.6629
74.7124
74.7146
74.7671
74.3906
74.2247
74.6793
74.5626
75.3371
75.6108
75.0417
75.1936
75.363
75.7352
75.1401
75.3634
75.6722
75.1651
74.3432
73.4155
72.3898
72.645
73.1037
73.6102
74.3515
75.6996
76.1884
75.8968
75.2425
73.6604
73.8894
74.9946
75.5625
75.3611
76.4919
76.2515
73.9687
74.1413
73.9773
74.0429
74.6691
74.7631
75.8438
76.2985
76.5773
76.6072
76.9463
76.6317
75.8125
76.4728
75.8245
75.2783
73.8723
74.0987
73.8092
73.9776
74.4163
73.6611
73.4577
73.3521
73.3276
74.268
74.4322
75.2199
74.7597
74.4714
74.1807
74.5056
73.9574
74.519
75.6681
75.6138
75.4856
74.8951
74.3235
74.4705
74.1564
73.6748
75.3272
75.3896
75.3068
74.5903
74.7959
75.2266
75.4928
73.5706
74.037
73.8996
73.9497
74.2456
74.694
74.2781
73.3079
73.98
73.8764
75.2096
75.3237
75.3048
74.2782
73.8244
74.0173
73.767
73.5894
72.7411
73.6358
73.4227
73.9902
75.019
73.7844
74.6668
73.8503
73.6346
74.6281
75.1508
76.2565
76.6809
75.769
76.2044
76.5132
75.5683
75.023
74.3118
73.4543
73.6172
74.7316
74.5635
73.4326
73.907
73.5089
74.6545
74.2926
73.1052
73.888
74.4674
74.3707
75.1366
75.4488
75.7585
75.3961
75.4341
74.3796
74.8308
73.9902
74.0602
73.9449
73.9374
74.5064
74.8527
73.795
75.1182
74.3387
74.4616
75.2848
74.8434
73.7679
72.5486
73.2175
74.5415
74.7143
74.4492
74.7059
74.4611
74.4951
74.7515
74.8036
74.7343
74.072
74.6254
75.2364
74.9723
74.7256
74.0594
73.5976
73.8695
72.104
72.5931
72.7261
72.1271
73.2838
74.4694
73.7845
74.6033
74.0304
74.8237
74.5258
74.7309
74.0041
73.3681
73.5262
73.7433
74.6245
74.5134
74.5866
75.1242
74.8167
73.9206
73.8331
73.748
72.9926
73.1357
74.0181
74.904
75.0405
76.7687
75.4558
75.7353
74.6663
74.1409
74.0068
72.8209
72.1886
72.986
73.2215
72.7624
71.6014
73.0146
72.3952
71.974
72.2634
71.6427
72.2847
73.7741
73.8027
74.4499
73.55
73.8937
73.834
73.9783
73.5628
74.0809
72.9195
71.3661
72.1662
72.8251
72.6879
71.8846
71.5648
72.0244
72.9102
73.0769
73.7379
73.8191
73.2511
74.873
74.1713
75.324
73.7099
73.2712
73.8755
74.1602
74.689
73.5752
74.2228
75.4843
74.2095
74.4593
75.1357
73.4064
74.1602
74.7345
74.9127
76.0079
76.8368
77.9866
77.5979
79.0968
80.0876
82.2115
82.3699
81.3122
81.0684
80.0019
79.9708
78.0779
77.3974
76.4263
76.8301
75.6408
74.5353
73.8028
74.2081
73.5634
73.4148
74.4324
74.7504
74.5568
73.8322
74.9686
75.4696
74.0053
73.1694
72.925
73.4773
73.1951
73.4389
72.6785
72.2774
72.2434
73.6418
73.0786
73.5875
74.1522
73.9308
74.0648
73.6641
73.4377
73.5947
73.4539
73.4194
73.6501
74.2514
72.6785
72.1985
73.321
73.3613
74.0094
73.469
73.1839
72.973
73.8652
74.1959
73.7828
72.2376
72.1737
72.9981
74.5629
74.4213
73.3955
72.2137
72.9465
72.2196
70.7481
72.354
72.049
72.3623
72.7086
71.9072
72.5641
71.972
72.9023
73.2179
73.9738
73.449
73.0038
73.0023
71.6791
71.2238
71.7873
71.5414
72.4439
73.611
74.0277
74.1881
73.8767
72.6445
72.9187
72.291
72.3651
72.9195
74.0187
73.3519
74.1623
74.8285
73.4299
72.9341
73.2567
73.0409
72.5339
72.8433
72.6362
73.2321
73.4632
72.1873
72.0496
71.4818
71.1214
71.9924
71.8139
71.2094
71.8894
72.8318
71.8293
72.5829
73.3141
72.9149
72.7182
72.0398
72.6144
72.1434
72.4453
72.6516
72.8051
71.5126
71.7834
71.7211
72.0538
72.3874
71.864
71.2145
71.6596
71.7859
71.995
71.2343
71.941
74.0398
74.0809
74.2877
72.8719
72.7773
72.7252
73.6843
72.9231
72.8402
72.6746
72.4475
73.1276
73.1222
73.4887
73.471
73.1638
73.1478
72.9679
72.5698
72.8413
72.8842
72.0032
71.553
71.1222
72.5393
72.3343
71.7099
71.4505
72.2629
70.9177
71.6941
71.6315
70.3574
71.4407
70.2035
69.66
71.163
71.2956
71.8064
71.9693
72.4241
71.8495
71.9254
71.0798
71.0821
71.8883
72.0615
72.8265
72.68
72.4865
73.0711
73.8942
72.9102
72.6186
73.7385
73.1702
72.2326
71.975
72.314
73.0785
71.8416
72.2696
71.6423
71.6934
71.1257
72.1366
72.6721
72.4298
72.3429
71.6122
72.5083
71.1426
70.9387
70.1189
71.3427
72.1587
71.6037
71.0962
70.992
71.2708
71.8063
72.7959
73.1669
73.3688
72.9013
72.9104
71.6991
70.5246
70.8648
71.4313
72.264
71.2665
72.832
72.4197
73.0277
73.4358
72.4864
74.2925
74.8494
75.8712
75.4301
74.7945
73.7463
72.7932
73.3631
74.1926
73.5263
72.7807
72.4054
70.8655
71.0029
71.811
72.9051
72.1469
72.055
71.5354
72.1361
71.8392
71.5602
71.8087
72.4203
72.333
72.414
71.4634
71.3145
71.8401
72.6037
71.7771
72.2641
71.6812
71.9545
72.1473
72.1606
72.909
72.8571
71.9957
71.4971
71.685
71.5623
71.3573
71.3654
71.7332
72.7867
72.8676
73.2138
71.9343
72.6047
72.4435
72.4475
73.2196
71.9119
71.4837
71.7419
72.2785
72.9388
73.6645
73.3826
71.8008
72.2994
71.9124
72.7511
72.5288
72.4023
72.1829
71.9723
72.4517
73.2895
72.073
71.8524
72.6411
71.8364
71.3313
71.6758
71.0693
72.0234
71.1906
69.8914
70.1347
70.7111
70.5157
70.7037
71.1598
73.4448
72.7693
72.6866
71.6883
71.3974
71.1564
72.327
72.0459
73.13
71.7148
71.7279
71.5391
71.2788
70.2889
71.0458
71.7313
70.4285
70.7865
72.2531
72.428
72.6291
72.0591
72.3371
72.357
71.7278
71.94
71.7141
73.0102
72.948
73.5509
73.5693
74.8295
73.2638
73.3224
73.0876
72.856
73.1222
72.419
72.7788
73.0856
72.2899
71.951
72.193
73.1725
73.2035
73.4618
73.432
74.1559
73.2574
73.4916
73.5198
73.3919
74.171
73.433
73.8749
73.9392
74.4958
73.6872
74.0047
73.4365
72.545
72.1731
71.3295
71.7539
70.5779
72.3296
71.9666
71.6378
71.5433
70.8869
71.1092
71.81
72.6576
72.202
73.0092
72.2724
72.0691
73.0145
72.1479
72.5019
72.378
73.1653
72.7884
73.3063
73.8814
73.8471
72.7869
72.1504
72.4783
72.385
72.3312
72.7463
71.4544
71.3892
71.2321
71.1632
72.1268
71.5045
71.6612
71.069
71.3184
70.9106
71.2741
71.0175
71.0363
71.4216
70.7821
71.6633
73.1978
72.5179
71.2344
71.7573
71.2634
71.383
71.5829
72.7467
72.7041
74.2955
71.8139
71.7089
72.1345
71.5363
72.6729
72.5986
71.5183
71.5515
71.3026
71.6076
70.9485
72.4415
73.4794
73.7724
72.7125
73.2104
73.0477
72.5071
72.5357
72.9776
73.9714
73.5814
73.3288
73.5748
73.8515
72.8018
74.4692
73.8625
73.5196
73.0061
71.7441
72.2516
72.7305
71.7434
71.6867
70.625
71.3599
72.4145
71.5455
71.2685
72.4937
72.4292
73.881
75.0384
76.4004
74.1843
72.5179
72.631
72.7756
73.516
73.7173
72.0032
71.787
72.0499
72.2382
72.516
72.2148
72.9043
73.4225
73.2192
72.0176
72.1199
72.387
72.8608
73.6856
72.8487
73.3079
74.1094
73.7481
72.8398
73.0574
74.3372
73.9498
72.5877
72.7324
71.8246
71.9593
70.7758
71.3369
71.1383
71.9445
71.6205
71.8904
71.3985
72.3393
72.2493
72.1662
73.1811
73.5754
73.1563
72.6079
71.5154
71.7564
71.5149
71.1106
70.2983
71.0816
70.5154
70.3231
70.6718
71.0755
71.3712
71.1746
71.8568
72.323
71.5493
71.2924
72.7425
72.0848
71.8016
71.6074
72.1778
70.821
70.559
70.4959
70.1898
69.6731
70.8999
72.5684
72.8095
72.095
72.1164
71.3485
72.0932
71.1833
70.8413
70.0591
71.0773
71.274
70.4828
71.461
71.9201
71.4427
70.6231
71.0699
72.9462
72.2975
71.6382
71.1356
73.1222
72.262
73.5904
74.2094
73.6748
73.9928
73.2496
72.5615
71.5739
71.8598
71.6678
70.7542
71.4772
71.5272
71.8559
72.4222
71.6886
71.6287
71.9453
72.66
72.9982
74.5081
74.4288
74.5878
73.788
74.5637
73.2685
73.5366
73.5974
73.3217
75.0816
74.5756
74.8128
71.9238
72.5588
73.0552
72.9832
72.1201
73.0009
72.6701
72.8942
73.6148
74.015
74.5365
73.6374
72.2059
72.7071
73.1397
72.8075
71.9116
73.4789
72.7239
72.1272
73.1945
73.8393
72.8954
73.1024
74.2475
73.0112
73.6115
73.5384
72.8755
73.2285
72.2757
71.4488
72.2679
74.3471
73.4261
73.8615
72.72
72.7991
72.4696
72.7614
72.0125
71.1934
71.3766
71.154
72.2716
71.8051
71.6468
71.2784
70.6775
70.461
70.6396
71.6177
71.0886
71.4824
70.3996
71.5252
72.1848
72.2806
72.3842
72.7379
72.2993
71.654
71.4759
71.8841
71.5272
71.3485
72.5951
73.5016
74.393
73.1848
72.6017
71.616
71.3236
71.2467
71.9127
70.7958
71.394
71.2324
71.1665
72.1441
71.0198
71.748
70.905
71.1818
71.532
71.5649
70.7864
71.3104
71.5734
71.8666
72.0992
72.0466
72.2623
71.255
72.8672
71.9427
71.9393
71.6432
72.1101
73.2265
72.8671
73.345
72.4019
72.8219
73.0219
72.6781
71.8
70.9259
70.9247
72.135
72.8089
72.2369
72.4234
71.9399
72.7858
71.9592
71.2977
71.2174
71.3831
71.4035
70.7
70.1677
70.4421
70.3861
70.1599
71.4299
71.6279
70.7709
71.2688
71.7432
71.781
71.8962
71.2928
70.753
70.5837
71.2214
72.2223
71.8597
71.6547
70.6762
70.7436
71.2989
70.5691
70.9406
71.0207
71.0129
72.4934
72.6746
71.5354
71.271
73.1014
73.8851
73.1815
72.9289
72.6994
72.2797
73.4621
72.4535
73.4996
73.6387
73.288
73.6535
73.1431
72.2274
71.6937
71.3949
71.304
71.8813
73.0089
72.9708
72.9641
73.735
73.3927
73.3483
73.1764
74.5214
74.641
74.2914
72.7747
73.5842
73.4283
73.269
71.961
71.8827
71.2546
71.4944
71.5941
71.522
71.924
70.8189
71.345
71.4995
71.8523
71.6715
72.0519
72.4517
73.3405
73.0081
71.2894
71.9571
72.8368
72.6181
73.0727
71.8871
71.6865
70.7932
71.7421
71.8259
72.3663
71.9472
72.6911
72.0141
72.2537
71.19
72.0526
72.3969
72.4755
72.7325
72.3447
70.5445
71.1627
71.4121
70.8996
71.5401
70.7943
72.381
72.7191
72.2681
71.3593
71.3823
71.1985
71.1933
70.8339
71.0735
72.1744
72.1804
71.1782
71.6282
70.7783
70.64
71.387
71.9704
71.9268
72.3233
71.6271
70.961
70.1978
71.0484
70.4463
69.6077
70.2418
71.1954
71.6168
72.5796
72.0312
72.0895
72.2233
71.9973
71.5716
71.8982
73.0789
71.3869
71.9957
72.6111
73.5054
73.0899
73.5136
72.3683
73.451
73.3344
73.8043
73.3271
72.5013
73.1332
72.0756
72.8738
71.9134
71.6617
71.8065
71.8554
72.0791
71.6262
72.1763
72.0686
72.0595
70.8566
70.4682
70.4553
69.9946
70.105
70.4389
71.8219
72.3847
73.1291
72.1573
72.36
71.9418
73.3952
72.3381
72.822
73.3097
73.8266
74.079
72.5951
72.8607
72.7604
72.4535
72.2742
71.1361
70.9192
71.7981
71.386
73.0286
73.2817
72.9352
72.7373
73.8415
73.1175
73.179
72.6569
71.9859
72.1719
73.4383
72.5334
72.3115
72.266
71.3795
70.8767
71.4972
71.4987
71.8238
72.3109
71.7021
71.4514
72.0838
72.8588
71.498
71.4634
71.1802
71.7262
71.6437
71.6859
71.2977
71.7462
71.4087
71.6847
71.4166
70.7941
70.6328
71.131
71.8104
72.604
72.2309
71.2531
71.5403
71.9986
71.734
72.7183
72.6126
71.4548
72.0329
71.0179
71.2326
71.464
71.3118
70.8989
71.1569
71.5338
71.2936
70.9129
71.2251
71.8683
73.1672
72.3273
72.2859
71.2983
71.2154
71.5031
71.5276
73.1414
72.5186
71.3805
71.2534
72.1398
70.7207
71.0789
71.471
71.8735
72.0922
72.4063
72.3939
72.804
72.0184
71.7072
72.3984
71.2691
71.5635
72.0559
71.295
70.7049
71.608
70.8977
71.9935
71.8335
71.3727
71.9223
71.7247
71.7152
72.1965
72.4768
72.1365
73.4639
73.5612
73.5131
72.9666
72.8133
72.5275
74.2309
73.9325
73.2845
73.8262
73.6477
72.172
73.2254
72.5275
72.2319
71.8749
72.1405
72.2205
71.7834
71.6539
71.2817
71.7969
71.2244
71.4685
71.2682
71.1526
71.7446
71.388
72.2432
74.0078
72.9919
72.7339
71.8543
73.2842
72.3575
70.703
71.0099
71.4417
71.8387
72.3847
72.0966
70.8718
71.2635
71.2527
71.8053
72.3636
72.2234
71.4019
71.8519
72.4011
72.2933
71.7074
71.9156
72.0783
72.6234
72.0481
71.9997
72.508
72.659
72.3133
73.2961
73.0094
72.1071
72.3889
71.7531
71.1826
71.1098
72.3299
72.9776
72.1338
71.9475
70.718
72.4771
70.7963
70.8343
70.7855
70.991
71.8638
71.4054
70.569
71.8282
72.1238
72.3776
71.9809
72.5905
72.3792
72.1126
71.8169
70.9291
70.7185
70.6064
71.2988
71.3373
71.7752
72.6565
71.1724
71.5485
71.8187
71.7656
71.0564
70.6904
70.5946
71.4106
73.5232
72.7235
72.479
72.1027
71.8632
71.6592
72.1605
71.9226
73.2464
73.3106
72.9153
73.1792
72.3364
72.6339
71.1833
71.3977
70.8684
71.6666
72.8753
72.689
72.8915
73.8384
73.7137
72.7714
72.0295
72.5365
71.6314
70.8759
71.7922
72.2003
72.2871
71.227
71.3986
71.9881
72.496
71.831
72.3099
71.9653
71.4795
71.0223
71.6689
72.1227
72.572
73.2932
73.0962
72.7521
72.4815
72.2186
72.6855
72.3293
72.0911
72.6119
71.6254
71.3918
71.813
71.7126
71.6033
71.7261
70.5496
70.0186
70.448
72.2998
72.7342
72.6497
72.3658
73.8241
74.3809
73.7914
73.3419
72.0533
72.3984
72.4023
72.8162
71.9656
72.6696
72.16
71.9815
71.7072
71.2891
72.2535
73.0934
73.9776
73.7741
73.2583
73.084
72.3469
71.8972
72.208
72.5769
72.3021
70.8575
71.0717
71.7354
72.0061
71.8121
71.9852
71.8557
72.0454
71.314
71.0056
71.1312
70.1772
71.1129
72.7866
72.6406
74.5277
74.2518
75.2541
76.4998
77.3376
78.6595
80.7889
80.1122
81.1169
80.7571
80.2261
78.4176
77.6051
76.2209
74.9118
73.2315
73.8141
73.7676
74.2699
74.2598
74.6907
73.9897
72.2737
72.6432
71.9417
72.8683
72.7299
71.5863
71.971
71.5074
72.192
72.266
73.1986
72.7253
72.9962
72.067
72.8769
71.859
71.7276
70.4336
70.7123
71.1037
71.0805
71.5102
71.6111
71.9785
72.2323
72.89
72.0409
72.114
72.4853
71.8354
72.3264
72.719
71.8155
71.5909
70.9415
71.7872
72.2581
72.3983
71.574
72.9677
72.435
71.5093
72.1061
71.922
71.6568
72.0636
72.8436
72.9776
72.0999
72.3328
72.377
72.1487
70.637
71.2981
71.7219
72.0228
72.0048
71.7786
70.9347
71.121
70.852
70.7189
71.458
70.7496
71.1697
71.1815
71.081
71.2415
71.8227
72.2102
72.7851
73.1259
73.0622
72.1136
71.5644
71.1489
71.9052
71.6271
72.0022
72.1104
71.7284
72.6782
71.1004
70.9614
72.031
71.0061
71.5359
71.4989
71.7739
71.6783
70.9126
70.4448
71.1289
71.2845
70.8728
70.4095
70.3993
71.679
72.8763
71.9378
71.8378
71.1727
71.9773
72.0139
73.1509
73.6304
72.152
72.8605
72.7049
73.2632
72.4786
71.9792
71.3909
71.4417
72.5054
71.5726
72.0574
72.2461
71.6786
70.6653
71.2345
71.7703
71.8735
69.7806
69.9495
70.0908
70.588
70.7799
70.6252
72.3356
73.1921
72.1312
72.3704
71.2659
70.397
71.1097
70.6245
70.6268
69.3135
69.8639
70.1012
71.6876
71.7623
71.6673
72.6943
72.3825
71.4514
71.6752
70.98
71.1913
70.6294
70.1306
70.6615
71.8073
71.6073
71.0151
71.0655
72.2637
73.0835
73.595
74.0234
74.0002
72.7544
71.9507
72.699
71.702
70.8703
71.5978
72.0965
71.9269
71.6602
71.0182
70.6339
71.0897
69.9132
69.8084
71.3065
70.9324
71.2419
71.306
70.5101
71.7504
72.2369
71.9665
72.3626
72.7573
72.3295
71.4224
72.3212
72.5128
72.0183
72.0116
72.3592
72.1715
71.8143
72.0779
73.0672
71.8629
71.0196
71.8061
71.6797
71.5184
72.4094
73.1508
73.5228
73.1624
72.0793
73.7342
71.8852
72.2187
72.8239
73.433
72.0577
71.801
71.6912
71.9529
70.8152
70.7544
70.7611
71.8138
71.5281
71.3417
71.6323
72.8046
72.8957
72.3528
72.6544
73.5347
73.4262
72.1429
72.6634
73.1784
73.2798
72.9209
73.1269
72.6655
72.2955
72.5424
72.5818
72.3039
72.1944
72.6913
72.7447
72.5433
71.405
71.5761
71.3066
72.044
72.5375
73.3949
72.7612
73.149
73.2848
72.9507
73.3501
72.8866
73.3267
73.311
73.2816
72.1788
71.3088
70.8062
71.2974
71.5753
71.6719
71.646
70.9048
71.0779
70.712
72.4563
72.4301
71.8302
71.7894
71.7038
72.2567
72.162
72.3507
71.9111
72.0362
71.95
72.5637
72.8212
74.1782
73.0199
73.1143
72.3382
71.026
72.0615
72.6059
72.2279
70.9212
70.6463
71.2804
72.3017
72.2132
72.8849
72.4043
73.6148
72.6975
74.0292
76.0894
74.7413
72.2673
72.7574
73.2276
71.9175
72.6359
73.3689
72.2945
71.3857
71.1241
71.6601
71.2934
72.1247
71.6789
72.6168
72.4617
73.3642
73.3123
72.7762
73.1811
72.1768
72.3505
72.2116
72.5505
72.3046
72.5868
72.3895
72.2423
73.4394
73.5295
72.6734
73.3413
72.193
71.6243
71.7786
71.368
70.2453
70.4571
70.5623
70.7747
70.484
70.6772
70.4278
71.3302
70.7367
69.9146
70.5118
71.5434
71.6282
71.8546
71.221
71.0893
71.3155
70.3767
70.2392
70.5105
70.5277
70.4615
71.3577
70.6999
71.2808
71.2244
70.6733
72.0927
71.7884
72.7198
72.4674
72.9477
72.6517
72.2584
71.3845
71.3758
70.9517
71.5515
71.0679
72.5856
71.1522
70.2112
69.7891
70.6133
70.2874
70.7575
71.5155
71.9289
71.4945
70.7068
71.0618
71.6271
72.0313
72.2254
72.9394
72.051
71.904
72.0617
72.6842
72.7387
72.9984
71.9258
71.9299
72.3612
72.146
71.9673
71.9527
71.6032
71.5162
71.6165
72.5231
71.1286
71.5035
71.7296
71.6307
71.911
71.4661
71.2089
71.4431
72.239
71.2297
72.3959
72.6286
72.0459
72.1825
70.4259
70.6222
71.51
71.076
70.5499
70.1732
70.0102
71.1159
71.4307
70.7797
71.6408
71.5646
71.3022
72.8278
71.7325
72.0953
71.2141
70.9164
71.2665
71.2159
70.843
70.8483
71.6137
71.4834
70.9386
71.2239
71.0362
70.7343
70.4216
69.5077
70.2791
71.3846
71.0924
70.787
70.8931
69.6356
70.0862
70.9984
71.8583
71.0255
70.3185
70.4667
71.7328
71.4184
71.7613
70.4126
70.795
70.4978
70.41
70.1585
69.7163
70.7961
70.9243
71.5883
71.9961
71.1073
71.4679
71.5831
71.8706
72.6483
71.288
72.0727
71.6871
71.1535
70.8757
70.4095
69.9695
71.0497
71.4219
72.5878
73.0912
73.0891
71.8719
71.9247
72.6887
73.0869
72.0436
72.7609
71.9968
70.2506
70.9141
70.2065
71.3934
70.3091
70.7749
71.2574
70.6005
70.2126
70.8299
69.9432
70.6315
71.6051
71.9644
71.4348
69.5328
70.3085
70.2518
71.2848
71.017
70.971
71.8054
73.2489
73.3418
71.1702
70.9047
70.1208
70.507
70.8361
70.4381
71.921
72.6963
72.2816
71.671
70.0604
70.9283
71.2036
70.909
70.388
72.0057
70.9868
71.966
72.6748
71.9169
71.5107
71.9318
70.8262
70.5106
71.142
70.6884
71.441
71.739
73.8747
73.0007
72.3131
71.45
72.2733
72.3551
72.6905
71.4272
70.7641
71.0169
71.9688
72.6438
72.0913
71.2469
70.6625
70.7292
70.8634
71.3778
71.6981
72.0473
70.7915
70.5021
70.6859
70.7027
70.7463
71.9939
71.8088
71.8185
72.9408
72.9687
72.9098
72.8865
73.224
73.234
72.9361
72.7489
73.123
72.3101
72.7436
72.0885
70.958
70.7747
70.2341
69.7525
70.4705
71.6857
71.9999
71.3035
72.6702
72.6124
70.8336
71.674
71.8214
69.583
70.3001
71.4949
70.5467
70.9576
70.8552
70.6175
70.6317
70.0341
70.9649
70.9599
70.019
69.7528
70.5618
70.8005
70.6411
70.4229
71.1453
71.8672
70.9868
71.8167
72.9167
71.0284
70.6204
69.9574
69.5292
69.7437
70.2333
70.6819
71.1908
70.7847
71.1287
72.0231
72.0587
71.268
71.5565
72.5185
71.7231
71.7693
71.8778
73.5613
73.491
72.9467
72.9924
72.508
71.2248
70.8197
72.5732
71.8996
72.8525
72.5494
71.5783
71.6038
71.9272
71.5685
70.2727
70.177
71.1677
71.3338
71.6803
71.0922
71.26
70.42
70.0859
69.5123
70.3753
69.7684
69.6879
70.8572
71.0836
71.8746
72.5822
72.7991
72.6573
73.0428
73.1127
73.0797
71.4824
71.5226
71.4669
72.1332
73.0481
73.8491
73.2056
73.3188
72.7246
70.5405
71.0803
70.9015
71.6567
71.9049
72.7502
71.5217
70.8905
71.3625
71.5886
71.5572
71.6967
72.8717
72.2717
71.7784
72.4121
72.4167
72.8889
72.0939
71.3938
71.7243
72.0311
72.5519
72.301
71.9736
72.3924
71.1644
70.0585
70.3451
70.9965
69.8628
69.8062
69.8135
70.0726
69.8484
70.0308
70.0977
70.2818
70.3151
70.3512
71.3385
71.4035
70.8435
71.8315
72.7668
72.4317
71.1261
71.6824
72.5637
72.711
72.4312
71.8628
71.824
71.3197
71.098
70.7508
71.6318
71.3727
72.7734
72.1772
71.0033
71.3807
69.4568
69.8942
70.3648
70.1309
69.8046
70.1959
71.6709
71.8661
71.5512
71.8213
71.6799
70.7487
71.4416
70.522
71.2278
70.4739
71.2806
71.2602
70.3448
70.9545
70.853
72.0626
71.1788
71.6296
71.5655
71.0531
70.595
71.4569
72.7204
72.3801
73.0516
71.8153
71.4132
71.9865
71.2634
70.975
70.9876
70.2654
69.0827
70.3302
70.6762
70.9061
70.4207
70.086
69.9815
71.0971
70.7954
71.2426
72.7808
72.227
72.3224
71.684
71.2793
71.0175
71.3783
71.7128
72.5294
71.0671
71.2493
71.5741
70.4848
71.2557
70.7679
70.9692
69.7493
69.8425
70.2303
71.5635
70.9421
71.4507
71.1313
70.4696
70.5309
70.675
70.7353
70.7117
71.3768
71.6578
71.0208
70.9754
72.2846
72.6223
73.4027
72.9861
72.0093
72.4313
72.6816
71.1399
70.8283
71.6227
71.1156
71.2855
70.8124
70.9909
70.6204
71.45
71.2982
70.8305
70.2707
69.8195
71.2646
70.6009
71.248
70.9016
70.138
71.001
72.416
72.1683
72.5595
72.7302
73.5969
73.2787
72.4149
72.3513
73.1451
73.6754
72.5686
71.1985
70.5887
71.3043
72.4245
71.9447
71.0287
71.9851
71.9678
71.6776
70.9569
70.794
70.7203
71.4012
71.3166
70.8148
71.0601
70.4047
71.5491
71.5922
72.559
73.1882
73.7321
73.7539
74.5395
74.5613
75.0445
74.7528
76.2564
77.2851
77.3605
78.507
78.2041
78.4363
76.3422
75.3719
74.9868
75.5046
73.9873
73.223
72.5985
72.3498
72.6189
72.4968
71.78
71.7222
70.8814
71.2851
71.1001
72.1885
71.8296
71.0524
71.607
71.3595
71.018
71.1636
71.5751
71.7673
71.2958
71.315
71.7953
70.9077
71.7504
70.7164
72.1631
72.1553
71.8762
72.1405
71.665
72.2165
71.1291
71.0241
70.1115
71.0401
71.4608
71.4044
71.3216
72.1207
71.0043
70.2111
69.3963
69.9089
69.4704
68.7681
69.0979
69.6927
69.9401
70.1343
70.1682
71.2471
70.6798
70.8029
70.2015
70.8016
70.2606
70.2175
70.6739
71.588
70.3935
70.4118
71.0209
70.9027
71.1111
70.6634
71.1831
71.5999
71.4728
72.2522
72.6574
71.7679
70.3377
71.258
70.2405
70.1071
71.9296
72.1267
71.3485
71.4163
71.9585
70.7531
70.687
71.1027
71.897
71.8481
71.5113
71.9816
70.9796
70.5967
69.9684
70.367
70.3184
70.8485
71.3401
72.1198
70.2728
70.4673
70.0446
71.2918
71.0778
70.5279
70.9632
70.9485
70.3682
70.2036
70.2991
69.7629
70.3773
69.9176
70.366
71.0914
70.296
69.6584
69.6088
69.8088
70.2256
70.5346
70.242
69.9478
70.744
70.3967
71.0242
71.171
70.5351
70.3645
70.0518
71.1443
70.9333
70.7657
70.9666
70.9255
69.3925
69.4432
69.8156
70.1173
71.1033
70.3241
70.9287
71.4464
71.9472
72.527
73.0575
72.0733
71.5625
71.294
70.4238
70.1834
69.8675
69.9579
70.3222
71.5426
71.2314
71.6263
71.4891
70.558
70.5619
70.8002
71.5028
70.473
70.8401
70.2241
70.6056
71.9938
72.3091
71.8295
71.1349
69.8247
70.8816
70.4431
71.0382
70.7629
70.1925
69.8885
69.6923
69.7423
69.9074
70.6871
69.7022
71.2804
72.0536
71.6485
71.6416
71.5535
71.0289
71.264
72.039
71.8054
70.4109
69.5268
69.0495
69.5228
70.4437
70.6062
69.999
70.774
70.1805
71.0882
70.9806
71.2713
71.3047
72.1142
72.4185
72.2095
71.2288
71.1368
70.7832
70.3305
70.9541
70.9673
70.7388
73.0304
72.9435
72.6921
72.5054
72.3071
71.545
72.4865
71.492
70.9614
71.3651
70.9422
71.0119
71.739
71.7376
70.5925
71.1587
71.2408
71.5348
72.4512
72.1408
72.0473
71.0489
71.0015
70.6773
70.7574
70.8024
70.635
71.35
71.2495
70.3151
69.6124
69.677
69.2511
70.2148
71.2842
71.7452
71.5178
71.4252
70.591
70.3716
71.1488
71.4635
71.6756
71.826
71.124
70.4754
70.2794
70.4343
70.5779
70.6705
70.8618
70.5302
71.1623
71.4855
72.5257
70.1169
70.6095
70.9119
70.488
70.8491
69.8186
71.1457
70.8288
71.9015
70.2346
71.3888
70.4576
70.7197
71.6384
71.0461
71.5674
71.1055
70.2913
69.4115
70.2364
70.0506
70.7592
71.0698
70.6491
70.291
69.7035
70.943
70.9627
70.5608
69.6902
69.1864
70.2576
71.4495
71.8702
72.8267
72.4011
72.9963
73.1688
71.561
71.1899
71.6573
70.9
70.6092
70.0073
70.836
71.0637
70.8104
71.2269
70.5451
71.2366
71.3072
71.5368
71.6617
71.4276
70.4449
71.4666
72.4664
70.9371
70.3781
69.9145
69.5927
69.0103
69.2126
69.4947
68.9604
67.9887
69.1646
69.7386
69.3115
69.7385
71.0035
71.2601
70.7743
71.1417
71.5939
69.7828
70.8168
70.1957
70.658
70.3141
70.6239
72.0397
72.3435
71.6505
70.5338
71.0012
70.3636
71.032
72.005
71.7438
71.0428
70.5672
70.6414
70.4112
69.3568
69.7
70.2078
70.2197
69.9979
70.6241
70.0241
70.3565
70.0235
69.7349
70.4996
69.8513
70.1115
70.0651
70.3978
70.0699
69.6292
69.1821
69.9908
68.7119
68.6039
68.9448
69.4434
69.7561
71.1007
71.1338
71.2937
70.6952
70.0105
70.6576
71.9229
70.6667
71.2506
70.7156
71.3937
71.5919
71.9208
72.0565
72.0724
72.1608
71.9583
70.3268
70.3596
70.369
69.9734
69.1281
69.7443
69.8901
70.2444
69.6386
69.75
70.0114
69.9573
70.3002
70.5682
72.0558
72.0385
71.3742
71.8375
72.115
70.8553
70.5579
69.9881
69.2476
70.4682
69.8882
70.1384
69.9475
71.2579
71.834
70.2693
69.2384
68.9302
70.0105
70.0044
69.0933
69.6804
69.8548
70.0955
70.5677
71.8529
70.552
71.4399
71.1731
70.4825
70.5214
69.0249
69.2139
69.5176
69.3824
70.2479
70.8671
70.1422
69.5824
69.1745
70.4273
69.9239
70.3411
71.304
71.92
72.4849
72.5082
73.734
72.6104
72.1546
72.7617
72.1159
71.3668
71.7549
70.928
70.9287
70.3012
69.791
69.6675
70.9665
70.218
70.9029
71.5372
70.7989
70.1953
71.1049
70.5633
70.1078
70.3285
70.6465
71.4356
70.4804
70.1149
70.6619
70.3237
70.9206
70.8927
72.119
71.4086
71.2916
70.6112
71.1035
70.2542
70.1653
70.2648
70.2508
70.5006
70.8311
70.0373
70.2491
70.4507
70.9831
70.7512
71.7641
71.7706
72.8439
72.4352
71.3897
71.3858
70.5989
71.5584
73.1852
72.3289
72.2364
72.0115
72.2152
72.8149
71.4014
71.8833
72.0325
71.1812
70.9103
70.5335
70.5454
70.1564
69.7435
70.9466
70.1836
69.5623
69.965
69.6822
71.7072
71.6678
72.1727
71.396
72.1146
71.5596
70.9745
70.1812
70.4002
69.72
70.1233
70.1866
70.5376
70.4044
69.9306
69.7233
69.6496
70.7583
71.8883
71.0951
72.1763
72.9022
72.6589
72.6214
73.2926
72.3529
71.9289
72.6389
72.1149
71.2171
71.402
71.7036
72.4127
71.4148
70.7105
69.885
70.2982
68.7961
69.3777
69.8858
69.8526
69.9516
69.818
69.2285
69.6272
71.225
71.6087
70.662
71.424
71.4729
70.4108
70.1664
70.6037
70.0138
71.1773
70.5331
70.6214
69.9866
69.6766
71.0335
71.4839
69.586
68.9455
69.2318
71.0197
70.8765
70.464
69.8888
69.5665
70.5793
70.6353
70.3482
69.4231
69.161
69.5618
69.63
69.402
70.7035
70.6983
70.4816
70.5659
71.1103
71.4747
70.9649
70.3097
70.5136
70.599
71.1399
72.3537
71.7224
70.8035
70.6861
70.3105
70.9226
71.5666
69.6841
70.5015
69.0459
70.4514
69.9377
69.6999
70.9834
69.9705
68.9805
69.1412
69.5034
69.7142
70.9728
71.6455
71.6304
71.0032
70.7069
69.8353
71.1754
72.3014
72.1959
73.1636
72.8679
73.0256
72.6215
71.337
71.0977
70.6066
69.5598
70.6991
70.0903
70.1217
70.6633
72.1729
72.0057
70.6697
70.3856
71.6234
70.8884
71.7291
71.3373
70.2967
69.8334
69.5292
70.005
70.7894
71.1227
72.2532
71.2376
71.0656
70.422
70.7285
70.2324
70.4123
72.2373
70.8319
71.2186
71.4905
70.9914
71.5009
71.5513
71.404
71.5707
70.7677
69.8075
69.4358
69.2334
69.982
68.9385
69.384
69.2127
69.8653
69.7191
69.3078
68.9337
68.7478
68.6559
68.5023
69.5396
69.3212
69.1916
70.1849
70.7313
69.9093
68.781
69.3783
69.5758
70.3086
70.8502
70.525
69.4704
70.1443
70.4061
71.6924
71.9929
71.5987
71.6654
71.6662
72.8562
73.2071
71.2228
71.7572
71.0278
71.3946
70.9723
70.5671
70.9334
71.2601
71.1172
70.9498
70.7654
71.5781
71.2162
70.5748
70.5345
70.8686
70.5064
71.1939
71.4359
72.3341
71.8347
72.0007
70.9675
71.193
71.2135
71.0705
70.8271
71.2251
70.2039
71.0174
71.0085
70.4505
71.6036
70.3156
70.5632
70.5917
71.3132
71.0133
71.2336
70.2908
69.7669
69.813
69.6772
69.857
69.9421
70.7092
69.3764
69.8647
70.1466
69.3616
69.3208
69.6656
69.2986
69.6634
70.4929
70.6684
71.463
71.2154
71.0384
70.9604
71.2082
72.6027
72.288
71.5571
70.558
70.3708
70.3337
70.6969
71.0802
71.3196
73.0161
71.5671
71.1376
70.6277
71.1231
71.9938
72.4969
71.6752
71.3221
70.8318
69.7561
69.0478
70.5942
70.8232
70.5556
70.7976
70.2412
69.127
69.9774
71.0983
70.983
70.2188
70.757
70.3489
70.5219
71.495
70.9625
70.711
70.3636
69.3564
70.962
69.9087
69.557
69.3293
70.07
69.734
68.9111
69.8765
69.8032
69.1374
68.7072
69.1939
69.7408
70.2297
70.8133
71.0279
69.701
70.8157
70.9599
71.8728
71.532
70.5302
70.8531
71.2414
71.1263
71.9371
71.2409
72.2397
71.6791
72.3782
72.5727
71.3562
71.5894
71.7729
71.2283
71.8047
71.8919
70.7298
71.3174
72.3498
71.4565
71.1714
71.3912
71.2225
71.3219
72.8467
72.4718
72.7696
71.3447
71.7515
72.0378
72.0331
72.0115
71.5683
69.6348
69.5103
69.9786
71.3614
71.2247
71.66
70.5523
70.0707
70.9096
70.2636
69.615
69.2767
70.1737
69.4095
69.2702
69.529
70.2639
70.7063
71.2434
70.8641
71.821
70.3921
69.9288
69.3706
69.6319
69.4432
69.9131
71.478
70.4164
70.1442
69.9292
70.5465
70.9742
71.4251
71.6275
70.9287
70.4202
71.1597
70.0573
70.0957
70.6016
70.2161
69.8054
70.0373
69.7745
69.3749
69.4563
70.8905
71.682
70.3669
69.7003
70.2765
71.1996
70.3801
70.255
69.6676
70.3565
69.9292
70.2609
69.5563
70.2104
69.858
69.841
70.1824
71.2471
71.2064
71.5945
72.2825
72.4333
71.2759
70.8464
70.6126
70.4283
70.0128
70.2331
70.5781
70.7459
71.1382
70.8104
71.4261
70.8968
70.8646
71.5969
70.951
70.011
68.7475
69.8672
70.0979
70.0648
70.3924
69.8173
70.1519
69.3337
69.3563
70.7977
70.1537
71.0142
70.1273
70.4942
70.8806
70.4325
70.8912
70.9967
71.0224
70.1094
70.4259
70.0509
71.5098
70.7058
71.1964
70.4389
70.1902
70.1804
71.2078
71.5212
71.8938
71.034
70.594
69.567
69.7988
70.9696
70.2129
70.2343
70.4018
70.0839
70.3329
70.1086
70.6772
69.1858
68.5491
69.1009
69.0694
69.3408
70.4236
69.9004
69.1385
69.9267
69.8623
69.7814
70.6152
71.3888
71.0878
71.1171
71.0456
70.0831
70.0679
69.336
70.0875
69.6941
70.5967
70.8089
71.0285
69.5916
70.6966
70.4391
70.4393
70.7544
70.897
70.5701
70.7809
70.4433
69.8911
70.5653
70.1999
69.8336
70.3462
71.3705
72.3346
71.0882
70.9573
71.5439
71.5565
71.2966
71.5104
70.7208
71.9694
71.621
71.7682
71.0374
69.7804
69.9787
70.3408
69.5111
70.016
69.7482
69.4499
69.9691
69.2474
70.253
70.6479
70.1119
70.3533
70.5431
70.0857
70.7303
70.0593
70.9356
71.5146
71.2693
70.9466
69.4246
70.5147
69.915
70.1
69.4831
69.5508
69.6903
70.7364
70.4729
69.715
70.0258
71.204
70.9873
71.3078
70.1982
70.3696
70.6821
70.8153
70.82
71.1095
71.8449
72.7277
72.8743
72.3321
73.1145
73.3026
71.4753
71.4121
71.218
71.6468
72.4107
70.7834
71.7223
71.8195
70.961
70.826
70.4538
71.1654
70.5502
70.097
69.8107
69.9558
69.7428
69.4042
70.1206
69.5808
69.9989
69.0456
69.2499
68.8197
69.5166
69.7227
70.1887
70.8591
71.7165
71.9413
71.4324
72.1073
70.9885
71.423
70.9304
70.7629
70.3636
70.1673
69.5321
70.7686
71.042
71.5876
70.4268
70.7523
70.1409
69.9614
69.0757
71.1035
70.7028
71.2746
71.5143
70.199
70.367
69.8121
70.2717
70.5702
72.1927
71.995
72.194
70.8119
70.8407
70.8189
70.3385
70.2029
70.3327
70.2591
71.8853
72.2166
72.9209
72.3647
72.2127
73.6041
72.3254
71.076
71.0208
70.9946
70.883
70.8525
71.2139
70.5144
70.0201
70.3666
71.6313
71.5557
72.4811
72.3032
72.9386
72.8936
71.5115
70.335
70.2983
69.499
69.4594
68.9532
69.5617
70.0859
70.9029
71.8555
71.2476
70.216
70.0794
70.3077
70.6578
71.3709
70.9103
71.0859
71.2388
70.3232
70.1353
70.9604
70.6809
70.5784
70.8642
70.5468
70.1296
70.6161
70.6482
70.7077
70.2295
69.9883
70.0317
69.8772
70.1392
70.603
70.0892
69.9813
69.4349
69.1965
70.0146
70.5471
72.1439
71.2475
70.0467
70.0606
71.2945
70.739
69.872
70.9972
70.3175
71.6027
71.5006
71.6505
71.7665
69.6202
70.5063
70.3751
70.5446
70.1977
70.049
70.0238
70.3509
69.8523
70.7329
71.5263
71.2377
71.5586
70.3504
71.5313
71.0153
71.9162
71.119
70.847
69.5986
71.0544
71.1799
70.9743
70.0436
70.3581
70.9677
70.4182
70.5212
70.0452
69.53
69.6746
69.0583
69.6859
69.4641
70.3649
70.8183
70.7672
71.3775
72.274
71.4856
71.7441
70.644
70.2359
70.6273
70.8511
70.2481
70.9616
71.6196
71.5428
71.8816
71.8563
71.4875
71.2862
70.5581
70.9639
71.0755
71.4939
71.5914
70.8241
71.1371
72.248
71.1698
71.046
71.0487
71.2082
71.0319
70.9319
70.953
70.4501
69.1222
70.1399
69.1399
68.6618
68.3493
69.0579
69.4269
69.9976
70.5396
71.162
71.5502
70.9311
69.9888
70.1372
69.8263
69.7336
69.3789
69.0088
69.2272
69.4564
70.3081
70.7141
69.4214
70.5625
70.6541
70.3851
70.1406
70.5288
70.8411
72.3813
73.1493
72.703
72.2233
72.6062
71.1921
69.1816
69.6165
69.6829
70.4555
70.4357
70.5126
70.4576
69.4104
70.5312
70.6962
70.3991
69.652
69.8347
69.5085
70.326
71.6615
71.3493
70.357
69.6339
70.5133
70.9474
70.007
69.424
69.6738
69.5281
71.2818
71.5885
70.8684
71.2568
71.328
71.9185
70.5045
70.0463
69.3739
70.3908
70.2676
71.2067
70.9349
71.1432
72.1371
71.5322
72.6442
73.1953
72.1525
72.4608
72.0911
72.6403
71.6792
71.2782
70.9378
70.159
69.7783
69.0633
69.4304
69.4009
69.476
70.7129
72.4352
71.2482
71.4383
70.765
71.0922
70.5944
70.9383
71.8088
71.4088
71.4489
71.4265
71.3073
71.7824
71.214
70.6583
70.4559
70.2121
69.5393
71.4501
71.8869
71.4064
70.5692
70.364
69.6356
69.7624
70.4215
70.343
70.1076
70.0087
70.2983
70.5675
69.7379
69.9519
71.0948
72.4249
71.7772
71.208
71.0017
71.9116
71.1253
70.8627
70.1204
70.442
70.2462
69.6133
70.9513
71.1003
70.8279
71.1994
70.752
70.9519
71.5388
72.3194
71.7531
71.3424
71.4794
72.116
70.9253
69.7913
70.8422
71.3251
71.7079
71.1318
70.7113
71.1238
71.9716
71.2575
71.2545
70.1903
70.5748
71.3465
69.9845
70.5031
70.6865
70.2564
70.3807
70.8422
70.8254
70.7575
70.5184
69.8583
70.5339
71.1792
71.2137
72.7184
73.4148
72.2916
71.5187
70.7793
71.1004
71.03
70.7704
71.3249
71.8843
71.1635
71.5813
72.2279
71.8084
72.3335
72.3913
72.8001
71.7582
70.9685
69.92
70.2707
70.947
71.0779
71.1498
70.6795
69.8768
70.0533
70.3416
69.8786
70.1914
70.2364
70.4242
70.6796
71.8796
70.7564
72.1261
71.1692
71.7593
70.7985
71.038
71.7089
71.1435
70.5626
70.9426
70.7436
70.691
69.9861
71.0153
70.9156
71.7917
71.5016
71.3024
71.4896
70.6859
70.0342
69.9919
69.3922
68.8331
69.9049
69.9195
69.5881
69.3406
69.7973
69.9443
71.2052
69.8487
69.9269
70.1513
69.0838
68.7488
69.1557
69.9057
69.9736
69.6692
69.6103
69.9966
69.8875
69.9237
70.7246
70.0752
70.454
71.7431
70.6117
71.9115
71.5322
70.671
70.8334
69.2408
70.5912
70.4949
69.8035
69.434
69.3069
69.4915
68.7687
68.6315
69.2342
69.1283
69.1793
69.2956
70.1038
69.9133
69.8323
69.9063
70.5352
71.207
71.2513
70.3373
69.9698
69.5445
70.4034
70.3115
70.7167
70.829
71.5345
71.5346
69.8747
69.6141
70.2841
69.9046
71.0016
69.14
69.8924
71.1062
71.5583
70.8511
70.4
70.693
70.5882
69.6925
70.2211
71.0942
70.4861
70.0601
70.3545
70.862
70.622
70.7725
69.9136
69.5294
70.1501
71.6976
71.783
70.9212
70.563
69.4912
70.1918
70.4574
71.5288
71.3396
72.4182
72.0676
72.0902
71.0957
69.6719
70.0521
70.5125
69.4314
70.3406
71.6057
72.5519
71.5216
71.2211
71.7383
71.0894
70.9347
70.7764
70.3398
71.7402
71.4644
71.336
71.0725
71.9528
72.5519
72.6571
72.1702
72.8458
71.6321
71.1733
71.7775
72.0162
71.4285
72.9366
72.3128
72.9547
73.2074
72.9695
73.1157
72.0253
71.51
71.4411
71.113
70.9203
72.1933
71.2237
70.9629
69.8017
71.4135
70.8991
70.9034
70.2828
71.0591
71.4634
70.9617
70.3787
70.0819
69.7402
70.9496
70.6129
71.386
71.3185
70.709
71.5311
70.799
71.0904
70.8429
70.1239
69.9215
69.5934
70.6999
70.8866
71.0235
71.1002
70.567
70.4925
70.1863
70.3501
70.0755
71.0005
70.3629
70.2409
70.6838
70.6742
70.2101
70.4708
70.0379
70.4207
70.2835
71.0194
70.0539
69.6511
70.1342
69.372
70.4368
70.441
71.1047
70.2269
70.4601
70.5131
71.1396
70.2797
70.3376
70.5771
71.3426
71.3358
71.8185
72.1502
72.3883
71.7144
72.7195
72.9353
72.5606
72.7932
72.5836
72.0864
71.1199
70.7132
71.077
71.134
70.7497
70.7309
70.4806
70.5529
71.2229
71.9401
70.7365
71.4054
71.4572
70.7056
69.2882
69.5335
70.277
70.6924
70.178
71.152
71.3169
70.4626
70.4828
71.1849
70.5657
71.135
71.314
71.3467
71.3275
70.9281
70.7975
70.1396
69.9158
71.1358
70.2857
71.1345
70.5657
70.9214
71.2125
72.1093
71.5025
71.2246
71.1764
71.4943
70.9483
70.1009
70.8978
71.3889
70.2961
70.0869
70.3835
72.0642
70.7937
71.4812
71.9127
72.1212
71.2028
69.9619
69.0323
69.3191
69.5217
70.079
70.8195
70.514
70.7338
70.4444
71.529
71.763
71.562
71.8074
70.6412
69.8466
70.6608
69.9564
70.4831
69.7025
69.4752
70.0202
69.6509
71.0411
71.3474
70.6874
70.9205
72.6884
71.9703
71.7116
70.7669
70.4823
70.3222
70.9608
70.4924
70.3312
70.4122
70.4513
69.4821
70.0091
71.1696
72.0173
71.8754
70.5868
70.7073
70.1414
72.0186
71.703
71.3231
69.7613
70.3915
69.7684
69.6435
70.3153
69.4267
69.1016
68.8035
69.2356
69.6026
70.0826
69.5806
69.7714
70.5758
70.4905
70.2404
69.3466
70.005
69.5723
69.8093
70.328
70.9965
70.9303
70.8469
70.052
70.0321
69.8746
70.4387
70.6225
71.4518
70.2708
70.2391
71.2703
70.3763
69.7538
70.9882
70.9286
70.3932
70.1396
69.9074
69.3493
71.1183
71.7931
70.6025
69.2309
70.3444
70.6506
71.2838
71.6819
71.1625
71.1559
70.5664
70.6935
71.0728
72.1241
72.3453
71.8099
69.2275
70.7962
69.8158
70.1678
71.0625
71.3113
69.9979
70.0551
71.5046
72.1044
71.2554
70.1004
69.4233
69.5975
70.608
71.2404
71.3737
71.3358
70.9512
71.5904
71.3639
71.1585
70.7351
69.6157
69.954
70.7585
71.5206
71.4211
71.0149
70.6404
71.7976
71.9306
70.2157
69.5667
70.4947
70.1718
71.3605
71.742
71.2997
69.781
70.1286
71.0401
71.2177
71.1113
71.8102
71.7444
69.8351
70.7575
70.8364
70.2425
70.4885
70.3669
69.5121
69.8818
68.7385
69.5298
69.5595
68.8775
68.8486
69.5132
70.719
71.385
71.5454
72.0727
71.727
71.8414
72.0405
72.4602
70.6304
72.0883
71.026
72.1927
71.6268
72.8864
72.0696
71.5389
70.9301
71.6583
72.4966
70.8549
69.939
70.7611
70.7055
70.2659
69.8444
69.0006
69.2164
69.8144
71.4334
71.6495
71.3543
71.2739
70.1817
70.3581
70.1085
70.2466
69.9493
69.144
69.6012
69.7555
70.7565
70.3403
70.4068
70.9838
71.1995
71.5233
70.8813
71.4715
70.9147
70.7955
71.4332
71.3174
71.0606
70.7861
71.0118
71.1629
71.1239
71.9304
71.5033
71.8363
71.3528
71.1263
69.9413
69.6759
70.4435
69.6344
70.0289
71.9897
72.2626
72.9878
71.8429
72.2006
71.385
71.3475
71.8268
71.2133
72.1525
72.0634
72.0044
71.7679
72.0952
71.4677
71.8655
71.8599
71.9016
72.3956
71.8209
72.3909
72.6353
71.3613
71.0465
70.6365
71.4573
71.6445
72.1174
72.0573
71.3459
71.6138
70.3508
70.875
71.3843
69.8564
70.3931
71.7281
71.1757
71.2888
71.3275
70.7138
70.2215
72.5151
71.6993
70.9852
72.1418
70.4927
70.679
69.3606
70.1699
68.6724
69.909
70.6115
70.7605
70.8015
71.0682
71.6001
71.1581
72.068
71.7585
70.7673
70.8445
69.3094
69.796
69.7129
69.7398
70.1393
70.1446
70.5463
72.0595
72.0315
70.981
71.9413
72.378
71.3217
71.5927
71.6661
71.1516
70.5539
69.9483
70.7356
70.1957
71.301
70.9491
71.1814
71.5241
71.4202
70.5141
70.0495
70.4294
69.9773
70.8676
71.385
71.2217
69.8845
69.6754
70.3148
70.47
69.5071
70.0798
70.9497
70.9128
70.6554
70.4987
70.2721
70.3178
70.9795
71.5554
70.4741
70.9034
69.5696
69.754
69.792
70.9644
70.8521
70.4001
69.9288
69.6794
68.9666
68.9887
69.1511
70.4477
70.6124
71.2617
71.6399
71.1156
69.2495
70.5916
70.0782
69.2364
69.3819
69.0662
69.5121
69.4522
70.0431
70.6887
71.057
71.103
71.4016
70.4292
71.0906
71.2703
70.8027
70.9971
70.8794
70.5553
70.3478
71.1487
70.8298
71.2199
71.0547
70.6928
70.0219
70.2343
69.8718
69.9164
69.8894
70.7945
71.5569
71.5159
71.0688
70.8348
71.4792
70.9195
70.0234
70.6718
71.6451
71.1857
70.4123
71.0418
72.3771
72.9096
71.0588
69.836
70.5351
70.394
70.4741
70.073
70.6316
70.5455
70.1216
69.8472
69.7866
70.2972
71.0196
70.1995
70.441
70.905
71.4338
71.5195
70.0258
71.0767
69.9252
69.884
70.6031
70.5518
69.8556
70.8662
70.9517
70.9916
69.943
70.3906
70.2711
70.9208
70.5307
70.1786
69.6214
71.2801
71.4139
70.6919
71.2845
71.1797
70.7404
72.3422
70.6912
70.6749
71.3366
70.2117
70.0816
69.2853
68.8634
69.0461
70.3837
71.7679
71.4258
70.8032
70.795
70.811
70.3074
71.461
71.5094
71.533
70.2075
69.4503
69.5864
69.3973
69.745
69.7749
70.1447
69.7701
69.729
69.9793
70.6645
70.5469
70.6336
70.2372
69.7549
70.6056
69.6765
69.9992
69.6632
69.2334
69.7881
70.1353
70.0132
69.5232
69.5259
69.5129
69.315
70.3655
70.4548
70.7823
71.1632
71.5056
71.3483
72.4298
71.8148
70.873
70.4085
71.0764
71.0968
71.3182
71.789
71.6237
70.2855
70.4557
71.7523
72.6363
71.6416
70.5908
72.2846
72.7117
70.9063
71.1049
70.3817
72.2623
72.1612
73.2248
71.9842
71.4314
71.6646
72.2027
72.1187
71.7098
71.5616
71.9544
70.7467
70.5578
69.7635
69.5876
69.8225
69.8535
69.8755
70.3212
69.8616
69.2292
69.4786
70.1337
70.0101
70.7627
71.0499
70.4498
69.8583
71.5124
71.2221
70.2548
71.227
70.8118
71.8083
70.2054
70.4609
70.44
70.8088
70.6623
73.2132
72.2194
70.6698
70.3737
69.7681
70.6006
69.6045
70.1527
70.8487
70.6418
69.7712
70.1839
70.5283
69.8547
70.9693
70.7471
70.7995
71.6373
70.6767
70.8025
70.5077
71.3102
72.2439
71.6835
71.4372
71.7127
70.9918
70.8309
70.611
70.1297
70.8474
69.9606
69.9031
71.0471
71.0094
70.4163
69.9884
70.9994
71.6782
70.5293
70.347
72.0412
70.5866
70.7063
70.4011
70.5944
70.6875
70.5619
71.2525
71.2594
71.0365
69.9268
70.2895
70.1555
71.8324
71.5737
70.4199
69.7205
70.6242
70.0934
69.3332
69.8572
71.0375
70.5722
70.9431
70.0315
70.8585
71.282
70.0728
68.4228
68.38
69.452
70.3253
69.5874
69.4097
70.0177
70.3359
70.0999
69.0259
70.4993
70.7187
70.1197
70.5205
70.0747
70.3396
69.8784
70.1369
70.3583
70.5695
70.7011
71.8015
71.6575
70.6706
70.0558
69.9184
69.3633
69.5379
70.0954
70.9637
70.9522
71.7557
71.4924
71.4712
71.3324
70.7423
69.6747
70.0178
71.5204
70.278
70.6262
69.9264
70.1536
69.7648
71.362
72.2282
70.7212
70.5678
69.9075
71.2641
71.6892
70.8304
71.829
71.5449
71.4216
71.679
71.6319
70.5257
70.6705
70.3616
69.5763
70.9431
70.9684
71.0599
70.7633
69.3275
69.7514
70.8073
71.408
71.9251
71.2613
70.2738
68.8719
69.0965
69.6269
70.0309
69.7307
69.9937
71.1099
72.3024
72.5402
71.5194
71.3879
71.6468
71.0558
69.9861
70.3378
70.6887
71.2715
71.4294
70.998
70.8416
70.931
71.0677
71.731
71.2073
71.0399
71.4728
71.3186
72.5329
73.3864
73.4997
73.3035
71.3526
70.7783
69.6267
69.8856
69.578
70.1258
70.1517
70.7196
70.9162
70.6152
70.9553
71.0393
71.0476
71.2751
71.6473
71.0517
70.1408
70.4548
70.3844
71.1503
70.3614
70.7379
70.6079
70.3553
70.2159
70.9893
69.6272
70.2512
70.5828
70.8192
70.5286
70.933
70.7649
69.7883
69.8461
70.342
70.6001
70.6447
70.2572
69.4998
69.2441
70.6844
70.669
71.053
70.2243
69.1913
69.7612
68.9244
69.7601
69.7064
70.6339
71.3764
71.0783
70.6336
71.5909
71.0099
71.4109
70.4401
70.719
69.6008
70.4845
69.9976
70.3291
71.4053
72.2802
72.0182
72.2548
71.9705
71.0708
70.5455
71.0078
70.1017
70.3293
71.5847
71.1848
71.2169
71.581
70.4263
70.6188
70.194
71.12
71.3787
70.8172
71.2553
69.5938
69.794
70.691
70.6206
70.4423
70.5222
71.2168
71.0352
70.2764
69.9102
70.1248
70.0868
69.1263
70.3573
70.7261
70.6281
71.4989
71.4277
71.1913
71.443
70.9112
71.0731
72.2611
71.8971
70.9311
72.0726
71.3554
71.2403
71.2739
71.472
71.8799
72.3722
72.067
71.6619
72.6479
72.5063
70.9237
69.2263
70.5312
70.4468
69.8756
69.9523
69.3683
69.7077
69.7863
69.3014
69.2457
69.9102
69.8498
69.3053
68.7687
68.8227
69.3743
70.9919
70.0064
69.9898
70.8627
70.1997
69.0578
70.1218
69.3106
69.743
69.3131
69.1866
69.254
68.7934
70.2138
69.9486
70.5345
70.1865
69.9852
70.0405
71.1576
70.6453
70.7053
70.8106
70.8372
70.7977
70.9829
71.7072
70.7497
71.1387
71.0134
71.2592
70.6259
70.7642
70.0697
69.7507
69.6326
69.4917
69.3996
71.0566
69.6709
69.717
70.1318
69.4925
69.4806
68.9771
69.3845
70.8908
70.5856
70.313
70.722
70.8452
69.835
71.2424
70.8398
70.0234
69.0256
69.8974
70.8014
70.2148
71.0291
70.4486
69.0794
69.0879
69.7855
70.1052
70.6892
70.3887
69.8495
70.477
70.7748
71.4096
71.0769
71.6941
71.0529
69.3231
70.1122
71.4318
71.0415
70.7634
70.9097
70.4002
70.6535
69.8855
70.1204
71.2307
70.5789
69.9427
69.3424
69.3971
70.2058
70.6484
70.689
70.4502
72.3298
71.7349
71.9741
71.4613
70.9167
69.8823
70.1439
70.0012
70.1623
69.7589
70.6105
71.1292
71.2039
71.7159
70.9009
71.9244
71.3017
70.9184
70.5524
70.9543
71.9532
71.3835
71.9653
71.0291
69.7347
69.2812
70.1506
69.7519
69.1983
70.7487
69.686
70.2017
72.0674
71.64
72.7854
73.0815
71.5858
71.9727
71.5015
71.2346
70.75
70.5514
70.4889
70.7046
70.9709
71.9756
73.2628
71.3756
70.5859
71.6638
72.0503
72.7938
73.7125
71.5035
73.3956
73.341
72.1001
70.8964
71.4058
71.0077
70.5515
71.3031
70.3242
71.2034
69.9466
69.737
71.029
71.7068
70.6401
70.8963
69.9539
69.8965
69.6619
70.0999
70.4381
71.0735
71.2865
71.8126
71.0882
71.4413
70.5575
70.4019
70.5087
71.1476
70.1705
70.1421
70.3967
70.3491
70.7637
70.1313
70.3673
70.3303
70.0379
70.4666
70.6439
71.0937
71.4029
71.7323
72.086
72.1281
71.9214
71.6574
72.6872
73.0128
72.1174
73.4001
71.8178
72.94
72.5758
72.2792
72.4655
71.7864
71.8281
71.5643
71.8247
71.9246
71.6521
70.6792
68.5962
69.7566
70.4467
71.0903
70.9772
71.0291
70.0648
70.8504
71.723
71.698
70.0976
70.7313
70.4138
70.3139
70.6452
70.9351
70.7218
70.691
70.0429
69.9734
69.9474
71.2322
72.1862
72.585
70.8801
70.2318
70.6131
71.2598
72.9095
71.4099
71.5541
71.9881
71.3189
71.3812
70.2227
71.3766
70.9165
70.8143
72.0236
72.2782
71.7621
71.9899
71.5009
71.1765
71.8562
70.8516
71.253
70.7386
69.2179
70.5995
71.3031
72.3432
72.2708
71.307
70.9438
71.1996
70.7459
71.0741
71.4175
71.7188
71.4582
71.5968
69.6701
70.2226
70.0066
69.3962
69.2818
71.1222
70.5891
71.0547
70.8928
70.8694
69.9521
70.1763
69.9101
69.6183
70.3698
70.0191
70.3507
69.9676
70.6964
70.9659
71.8919
71.9944
70.1329
70.873
72.3015
72.7069
72.7748
71.2143
71.3608
71.3677
71.7297
72.2507
70.9845
70.1726
70.6071
70.133
70.5348
71.2292
71.0633
72.4407
71.8029
71.2094
71.272
70.23
71.1127
71.4197
71.4908
71.2497
70.7727
71.1794
70.3962
70.3766
69.9885
70.0835
70.4945
70.3835
70.5603
69.0774
68.9995
68.6288
69.2193
69.0754
70.2061
70.8333
72.2114
71.6135
70.6708
70.9595
71.0293
70.841
69.9127
71.2213
71.9008
72.2454
71.2983
71.5504
70.6825
70.7174
71.143
70.0702
70.2807
70.5942
70.5003
70.9767
70.0233
70.6265
70.0823
69.4105
69.9193
70.6901
70.9513
70.1605
70.2589
71.4484
71.2116
70.1721
71.5759
71.4788
71.9012
72.0671
71.6126
71.5057
70.434
71.1072
70.3667
70.3188
69.5316
70.5282
71.3815
71.6082
70.9221
71.7222
72.0716
71.2128
70.7904
71.8969
72.3483
71.9952
71.1306
71.7812
71.2776
70.4317
69.5161
69.6026
69.8058
69.7196
69.816
70.095
70.1805
70.6952
70.6795
71.4561
70.5155
70.0567
70.2585
69.8218
69.0359
69.952
70.4963
69.4875
69.8819
70.2495
69.266
69.9059
70.3565
69.3667
68.8878
69.3215
70.4307
69.9377
69.0579
69.6551
69.3309
69.5401
69.9685
70.6089
71.0405
71.7167
71.8821
70.7422
70.5967
69.7749
69.4446
69.8091
70.9014
69.9595
70.0874
70.2659
69.5962
69.6189
69.7719
70.215
70.1891
69.7942
70.3214
71.0972
70.6824
71.4602
72.3883
71.8975
72.0836
70.9784
70.4841
71.361
69.7192
69.7347
70.1262
69.9136
70.1276
70.784
69.86
69.4606
69.7837
70.4443
70.3258
70.3227
69.7335
70.0293
70.4791
70.6271
71.5803
70.9887
70.9318
70.7555
69.8794
69.5366
69.1865
69.7343
70.8389
71.4104
71.3031
70.9661
70.7556
71.1729
71.574
71.1627
70.94
70.6687
70.5464
71.2203
71.3065
71.1406
70.8302
70.5627
70.0884
70.5435
70.1839
70.7179
70.7204
70.8798
70.8324
70.9767
71.1113
71.8393
71.5623
71.7584
72.3492
71.3242
71.6768
71.4518
71.7759
70.966
71.1906
70.0744
70.8436
70.5051
71.9708
70.8297
70.4315
70.466
70.8237
71.1005
72.1753
70.92
70.2211
70.1973
69.2761
69.8542
68.9404
69.7833
70.9708
70.4538
71.0042
71.3686
71.2162
71.1288
71.9089
72.2714
71.9453
71.5042
71.7553
71.2362
71.9283
70.7466
70.5591
70.8677
72.7659
72.4646
72.3317
71.9509
71.1943
71.7415
71.964
71.8855
72.3422
71.955
73.511
72.2711
71.2998
70.7721
70.8084
71.2647
70.3054
70.6844
70.2893
69.1299
68.6964
68.6663
70.0942
70.8017
70.9632
70.4185
70.5936
70.7291
70.5944
69.8225
69.6505
70.6281
70.0566
70.9692
70.4004
70.5494
70.7648
70.681
70.5085
69.2532
70.2567
71.4497
70.4444
70.714
70.2357
70.0341
69.7945
69.7673
70.3391
70.9715
71.5894
71.6332
71.3798
70.3043
70.3049
68.8597
69.6085
69.5629
69.8143
69.3714
70.3139
71.1524
70.2287
70.3484
70.959
69.8603
69.6266
69.2729
69.3878
69.1834
70.0641
70.1926
71.1354
70.3977
69.2332
68.6353
69.3554
69.5929
69.2629
70.007
70.8778
70.0519
69.7684
69.7298
69.8553
70.7213
72.2351
71.2697
72.5391
73.3592
71.8689
71.702
69.8703
70.0659
69.6034
70.448
69.2009
69.8133
70.5746
69.3195
68.6177
69.7271
70.1201
69.7181
69.6545
70.4649
70.299
69.9244
69.4766
70.2091
69.9505
70.3214
70.2303
70.3982
72.1966
71.8171
71.6327
70.4401
71.3781
70.7962
71.0828
71.3812
71.7755
71.6304
70.9715
71.97
71.4474
72.1437
71.4644
71.6655
71.6899
70.878
70.8708
70.7147
71.3631
71.6952
70.9751
70.7978
70.2041
70.1395
70.2208
70.2294
69.986
70.685
71.2773
71.8282
71.6194
71.2487
71.6034
71.6545
71.6035
71.3562
70.8107
71.236
71.4787
70.6968
70.2332
70.448
70.4196
70.9447
70.2978
70.3137
70.4869
70.2919
70.442
70.0153
71.2309
70.8491
71.2359
70.8107
72.2114
72.5486
73.4841
73.0148
71.7282
72.4106
71.4048
70.4706
70.6003
70.366
70.5549
71.4885
70.4794
69.7534
70.4539
70.0887
69.9964
69.7639
70.5673
70.3893
70.1647
70.7694
71.5019
71.1984
70.9131
69.6942
70.3496
70.9787
70.9296
70.7722
70.5043
70.4028
69.4958
69.1289
69.904
70.0785
70.1205
70.2575
70.0522
68.7772
69.9859
69.6886
70.4615
71.2546
71.0845
71.1227
70.503
71.3739
70.7333
69.5768
70.5191
71.5403
72.0751
71.282
70.3965
72.3013
72.796
71.035
72.1445
71.68
72.1205
72.6358
72.613
71.5927
71.9636
70.6537
71.0604
70.9772
72.5292
72.8176
71.1961
71.0579
71.2207
70.8783
70.9544
68.9779
69.2848
68.9254
69.3172
69.2162
70.1523
69.8867
70.1596
71.0217
71.7699
71.2576
71.7381
70.5278
71.8434
72.2285
71.6807
71.985
71.7172
71.0911
69.9514
69.6673
70.6882
70.9036
72.8687
72.7704
73.8318
73.7238
75.3488
76.617
78.4684
78.6224
77.6356
77.9083
79.7431
79.7746
77.9785
76.5941
76.1071
74.9682
75.3026
74.0855
71.8741
71.8854
72.5561
72.8146
73.464
72.5065
70.7937
70.5301
71.3489
71.0659
71.4917
70.3281
71.4087
72.369
71.43
71.2546
71.7482
70.6528
70.6056
71.0782
70.1457
70.3653
71.9925
72.5159
71.6634
72.2577
70.9146
70.4473
69.7594
71.3589
71.5953
71.0623
70.504
71.1773
72.7228
70.6629
70.6786
71.3871
70.972
70.4293
70.7694
71.0851
71.0343
71.1039
70.8117
69.9266
70.5043
71.5218
70.7436
69.9341
69.6438
71.1191
70.781
70.2221
70.1253
70.396
70.1751
70.3679
70.4317
69.7972
69.9948
69.9921
70.3678
71.1338
71.565
71.9078
71.9537
71.3589
70.7282
69.6937
70.7967
71.2265
71.3188
71.407
70.2718
70.0111
70.8561
69.8675
70.7575
71.3033
71.3653
71.069
69.8766
68.7084
68.7888
69.4449
70.2657
69.744
71.0698
71.0328
71.3718
69.8568
69.7118
69.0582
69.8694
71.1962
71.1647
70.2506
69.6488
69.4914
69.6322
69.933
69.0703
69.4099
69.888
69.2671
70.0446
70.0078
70.7614
69.8691
69.6346
67.9201
67.6145
68.0143
69.2037
71.1873
71.1088
70.6299
69.2117
69.9508
69.3822
69.6308
70.2687
70.8852
71.238
71.5252
71.6817
71.3614
72.0599
71.459
71.9816
70.632
70.5408
71.523
72.0626
71.6993
71.5889
72.4106
72.4023
72.2098
71.2774
71.0387
71.5366
71.9398
70.9212
70.748
71.0492
70.7283
70.6757
72.0055
71.8046
71.3611
70.0833
69.7398
69.8865
69.9144
70.3586
71.0948
72.0044
71.5782
70.6963
69.7004
71.4359
69.771
70.2762
71.0104
70.5764
70.1919
71.1384
70.6579
70.8397
71.2696
70.0862
70.0147
69.9256
69.7694
69.949
69.8826
69.2094
69.2977
70.9221
70.8347
71.1507
71.8913
71.7889
70.819
70.0744
68.9824
69.2405
68.7262
69.8031
70.0098
70.0155
71.1523
71.6059
71.3308
72.0765
71.4002
71.0234
70.5687
70.5632
69.989
70.4166
70.6736
70.6022
70.7205
70.6317
69.4333
69.8265
69.1139
69.4704
69.0392
69.4316
69.542
69.209
70.7328
69.4155
69.4547
70.7211
70.2076
70.1081
69.5078
69.1694
70.1728
71.3667
71.6517
71.3872
71.9311
72.2292
71.8151
71.5398
72.4727
71.369
70.1905
69.7779
70.0181
70.2764
70.2186
71.9324
71.3904
70.9086
71.7284
72.4659
71.9658
72.208
71.856
70.1115
70.7495
70.3933
70.7085
70.487
71.6781
71.462
71.3577
71.0637
71.4128
71.3961
71.7093
72.2011
72.0565
71.6644
70.8319
72.0856
70.1935
69.648
69.6044
69.8357
69.7848
69.2886
69.6848
69.9738
69.3023
69.8429
70.1301
69.8553
69.7353
70.7691
71.9533
71.4039
70.8614
70.7515
70.6682
70.1562
71.1466
70.8823
70.6136
71.1326
69.3833
70.5862
69.813
69.299
70.0405
70.3703
70.8274
70.0072
69.8585
69.5829
70.1207
70.9937
70.6701
70.1066
68.7546
69.0641
69.7635
70.0467
68.6594
69.9413
70.5416
70.242
69.4401
69.6705
70.2012
70.2677
69.8613
70.2973
71.0624
70.6038
70.2974
70.7227
69.8858
69.8254
70.7309
69.8161
70.1163
70.8678
70.3699
71.0463
69.7648
69.8721
69.0994
69.4036
69.7466
70.4244
70.3599
69.676
70.9406
71.4568
70.9125
70.2227
70.9249
70.9656
72.3397
72.3144
71.0142
70.2981
70.3419
69.6027
70.4573
71.6789
70.3186
68.5729
69.9332
70.087
69.298
69.056
70.2342
70.0582
69.426
69.0105
68.751
68.8403
70.1066
70.4587
71.6926
71.8964
71.8181
71.8266
70.5927
70.7184
70.6732
70.419
70.2333
69.1525
69.8607
69.3135
70.2444
70.9552
70.8819
70.2679
69.9563
69.31
69.468
69.9821
70.1423
70.8884
71.4828
71.2346
71.4552
70.3018
69.3055
69.3959
70.2367
71.1268
70.556
71.2271
71.744
71.1613
70.2288
69.4268
70.8167
70.8619
70.1147
70.4173
71.0371
71.2438
71.4531
70.7567
70.6774
70.4651
70.5179
69.3897
70.4515
70.9259
71.5081
71.4386
71.5708
71.5562
70.5689
69.6148
69.8634
71.4141
71.9494
71.9079
71.6434
69.683
68.6665
68.445
68.1556
68.073
69.3525
69.2458
68.9171
68.3323
69.6069
69.8305
70.494
69.5432
69.7623
70.9251
69.7097
70.3742
71.0427
71.4224
70.1535
71.0035
70.619
70.6061
72.1829
71.3424
71.4311
71.9286
70.4542
71.3599
69.9866
70.7974
69.6329
69.6652
69.2175
70.3862
70.4454
69.9571
68.9215
69.6182
69.4555
70.4457
70.1478
69.7519
70.2291
69.7238
70.1152
70.6539
70.7373
70.6071
70.1689
68.2243
69.4646
70.1721
69.7749
68.9715
69.9142
70.4055
69.77
70.0221
69.1735
68.9999
68.5705
68.4925
69.5238
68.4053
69.6423
69.3511
69.9286
70.958
71.5329
70.1635
69.9273
70.0225
69.6132
69.1036
68.8421
70.1759
69.6606
70.0097
69.7302
69.3174
69.6663
69.5961
71.6667
71.6507
72.5836
71.3519
71.2076
71.3149
71.3522
71.4074
71.1225
70.3213
70.0495
69.86
70.6691
71.1414
69.7773
69.6377
69.9055
68.8039
68.2854
69.6001
70.4011
71.1763
71.7687
71.488
70.0614
70.3357
70.6062
70.59
70.7744
69.485
69.3349
69.0542
69.01
69.0429
69.4344
69.8483
71.5742
69.8806
70.3221
71.0708
70.4445
71.0589
72.3315
72.4531
72.7927
72.2788
73.1843
73.6204
72.8726
72.1209
72.1663
70.5916
70.4652
70.5187
70.1085
69.2507
69.5309
69.1633
70.077
70.2154
69.8207
69.7695
70.0311
70.3992
69.4654
69.1279
70.617
71.4614
71.3213
70.7509
70.3572
71.0762
72.0054
70.9791
70.1738
70.4615
71.1055
70.5041
70.5686
71.0512
70.9954
70.1539
69.2675
70.1362
70.5467
69.9218
70.5798
71.546
71.1839
70.254
70.2188
71.8866
71.8274
71.6609
72.3989
72.578
72.2515
72.4912
72.0872
71.05
72.0739
71.301
72.6606
72.6047
72.4498
71.6699
70.0848
69.6955
69.6967
68.9412
68.2329
68.933
69.1666
69.9826
70.5226
70.3599
69.7775
70.7217
71.7734
71.4787
71.8774
71.2959
70.9208
70.2071
70.3454
70.0562
69.1371
69.6947
69.8566
69.8513
70.5096
70.7408
71.8795
71.1395
70.8591
71.9791
72.1569
71.1176
70.6748
69.4474
69.8894
70.3576
70.4095
69.1997
69.8034
70.2151
69.6937
69.2165
69.5052
70.7626
70.3014
70.0495
69.0577
69.6902
70.2523
69.1458
70.0028
69.7424
71.0274
70.3608
69.931
70.6626
70.2737
69.9014
70.9051
70.7659
69.8492
70.35
69.8559
70.0768
70.1645
69.8383
69.1637
69.8185
69.1506
69.5278
69.9371
69.2111
69.7908
70.4391
69.5807
70.1219
69.5998
68.987
69.1157
69.9414
69.5325
69.9407
69.7923
70.0381
70.8829
71.1765
70.106
70.0605
69.99
67.8569
67.5606
69.307
69.3875
70.5353
69.7204
70.6087
69.8215
69.2024
68.935
69.0325
68.4498
69.0286
68.8647
70.2616
70.3432
69.4385
69.5614
69.6109
70.1397
69.3516
70.5385
70.0998
69.9424
68.5612
68.1311
69.1388
69.6958
69.4168
69.8596
69.5546
68.8775
68.9844
69.0273
69.145
69.952
70.3423
70.8575
69.6451
70.183
70.2409
70.2263
70.1793
69.9939
70.0089
70.0897
69.9647
69.7848
69.5108
68.0573
68.7057
68.2083
69.7394
69.8162
68.95
70.1981
70.4854
69.2818
70.2954
70.3036
68.8458
69.2166
70.7165
70.4811
70.9138
71.4615
71.2478
70.7343
71.0233
70.7618
71.3047
70.7539
70.4098
70.9452
71.3193
70.8038
70.7584
70.749
71.4685
71.8097
71.3539
70.7474
70.0787
71.4015
71.7179
70.5223
69.7785
69.846
69.5472
68.8685
69.0046
69.738
69.6495
69.1695
68.9291
70.4967
70.5454
70.3634
69.7778
69.3113
70.852
71.3082
70.6889
70.2782
69.8374
69.8327
69.6592
70.6804
71.0327
71.1247
71.6162
70.4373
69.7521
70.0305
69.6705
70.2101
69.1254
69.3341
69.1659
68.7762
69.8146
69.5024
69.7295
69.3058
69.1939
70.7014
70.6632
69.9567
70.7367
70.0623
70.3412
70.8958
70.9159
70.1805
69.7938
70.081
70.3949
69.5384
69.4285
69.4305
69.9086
70.298
69.8404
69.8905
69.8044
70.6285
70.8271
70.1739
70.7736
70.23
69.8256
70.7827
71.0186
72.6807
71.9595
70.1178
70.1358
70.1977
71.1014
71.0889
71.5858
70.916
69.8298
69.7549
71.0989
70.2061
70.1461
70.2199
71.065
70.3314
71.0063
70.4837
70.2976
70.0593
69.7134
70.7228
71.6416
71.317
70.7252
70.8307
70.8742
70.8503
71.1282
71.4439
72.1002
70.935
69.9407
69.7303
69.2725
68.8132
69.0733
69.1677
69.6777
68.8587
68.6447
69.243
68.9025
68.9305
68.992
69.8341
69.6342
69.8513
70.522
69.8375
70.8362
70.8524
70.905
70.4116
71.1922
71.7402
72.5542
71.4987
71.2872
69.7023
69.8571
70.0765
70.39
70.7989
71.3268
70.5504
69.7698
70.1887
69.4184
68.8071
69.2863
69.8353
70.6786
71.6794
71.7256
71.1338
71.1791
70.6888
71.0906
71.5545
71.179
70.158
70.5532
69.5907
69.827
69.0549
69.5951
69.5754
70.0556
70.1588
70.9881
71.108
70.0365
68.6921
69.3576
69.042
68.994
68.0955
68.8553
69.4069
68.7931
69.4765
69.001
70.0521
69.7298
69.0916
69.3589
70.0238
69.0251
69.445
69.0781
68.6454
69.5947
71.3674
69.7693
69.8144
70.1912
69.5655
69.3368
69.6845
69.5347
68.9283
68.7352
69.7613
71.4365
70.7061
70.1456
70.8543
70.4898
69.9747
70.9501
70.0465
70.6166
69.7944
70.6848
70.6728
70.0729
69.8492
71.0861
70.4398
69.3784
69.9564
70.3591
69.4687
69.2439
69.9069
70.4396
70.1839
68.7289
68.2672
68.5323
68.7354
68.9873
68.6793
68.6065
68.3005
68.8089
67.904
67.9154
67.9327
68.1999
67.946
67.8848
68.9186
69.7892
69.5803
70.2501
70.0301
70.4257
70.4191
71.3453
70.669
69.6899
70.2581
70.5137
69.2383
69.0593
68.6369
69.1661
67.7409
68.626
69.2709
69.5877
69.5588
69.0845
68.6647
69.1243
69.9496
70.1524
70.1412
71.1026
70.8336
70.2617
70.0203
69.5306
69.0292
69.4385
69.7476
69.9176
69.7864
70.5011
69.4879
69.3664
69.8594
70.4062
69.8251
69.9684
69.7696
70.0742
70.4971
71.2095
71.6137
71.0645
70.2618
70.0081
71.8321
71.6839
70.2909
69.132
69.5912
69.8161
70.5997
69.8412
69.0284
69.9308
69.6671
69.6161
70.4697
70.8643
70.668
69.9412
71.1876
70.4533
69.1242
69.3601
69.7929
69.3089
69.5361
69.1931
70.3332
71.2201
70.6497
70.3011
70.8053
71.3188
71.4504
71.6409
72.0197
70.5656
69.5749
70.2867
70.4294
70.4241
69.5634
69.4775
69.0217
70.0119
69.1673
68.7454
68.8717
68.9938
68.3236
69.2673
69.144
69.4308
70.0159
70.3284
69.7936
70.6193
70.4191
70.6985
70.5848
69.6939
70.3332
69.6621
69.6878
71.2469
71.5549
72.514
71.1664
71.7302
69.7638
69.9066
70.0492
69.883
69.9457
69.1419
69.2183
69.6622
70.9049
70.4991
71.3404
71.8636
71.8793
70.7761
69.5692
69.509
69.5472
70.0229
69.9125
69.2254
69.5384
69.6458
70.6208
70.3004
71.0976
69.8013
69.584
70.0208
70.5628
69.4032
69.1285
69.3347
69.1863
68.3266
69.0043
68.615
70.3141
70.9036
71.0932
70.4854
69.8236
69.7979
69.7435
68.9635
69.1943
69.0029
69.8751
69.5902
68.3537
68.2089
68.3235
69.4348
69.4404
69.7749
69.8166
71.0638
70.6177
71.3155
71.9697
72.2443
72.3807
71.4908
70.784
70.3256
69.2767
69.7476
69.9644
69.9906
69.8975
70.7272
70.2794
72.2539
72.0065
71.6514
71.576
71.2275
70.8014
69.6365
70.0784
69.0934
69.4217
68.9535
70.1738
70.8018
71.2245
70.7935
70.8921
70.1828
70.5167
70.7679
70.1038
70.4856
72.1086
71.7308
70.5077
71.1185
70.4
70.6736
70.158
69.4186
69.002
70.064
71.0187
71.1827
70.7495
71.3685
71.9944
71.6765
71.4958
71.8622
71.5733
71.8092
70.1464
69.5768
70.4054
71.1443
71.5516
70.532
69.4599
70.3128
70.6842
70.9035
70.3054
70.8428
70.341
71.9117
71.6637
70.1264
69.2685
69.3052
69.4173
69.4317
69.4869
69.7241
69.2744
69.4045
69.7075
69.9502
69.9967
69.4908
69.1127
69.5561
69.2917
69.7573
70.6744
69.7346
69.3026
68.6632
68.4642
68.7092
69.2768
69.3231
68.9946
69.8308
69.124
69.0185
69.8469
69.8608
69.6583
69.994
69.7898
69.3986
70.1561
70.3212
69.9879
69.695
69.8086
69.9807
70.345
70.1659
69.9206
70.278
70.9149
70.1311
70.6698
71.5945
70.3586
70.9446
70.334
69.7621
69.584
69.6748
69.4438
69.6934
68.4139
69.4001
69.7358
69.2965
69.0433
69.8223
69.3109
69.1165
68.8124
68.8982
68.625
69.2769
69.5432
69.2848
69.5565
69.0034
68.56
70.5614
69.9086
70.2957
70.3875
69.804
69.6938
70.0584
70.0554
69.5914
69.6196
70.5169
71.5895
71.1179
71.4756
71.2148
71.5422
70.0189
69.9876
69.6992
69.2856
69.1031
69.7234
70.8968
70.0756
69.2295
69.4385
70.7855
70.0727
71.3723
70.0365
70.1868
69.7345
69.7434
70.0352
69.5294
70.3786
69.9091
69.3524
68.954
69.2917
68.7021
69.4823
69.2643
70.4089
71.3813
70.4243
70.5651
70.2615
71.2193
70.4592
69.8341
69.2984
70.1209
70.3264
69.9559
70.317
71.6096
71.6873
72.1048
71.6347
70.3912
69.9776
69.0544
68.4268
69.0278
69.9828
70.6381
71.3016
70.7046
70.4174
70.3911
70.0397
70.3678
70.0763
70.8944
70.6285
71.294
71.2382
71.1888
70.5113
69.8412
70.9965
71.0052
71.9837
72.3179
71.2247
70.6664
70.141
70.0865
69.7969
69.5092
69.7858
71.2177
71.4726
71.1016
70.1181
71.8052
71.2402
70.1589
69.9655
71.0903
71.2544
70.3341
70.2546
71.0656
71.8134
70.0353
70.2804
71.1164
70.468
69.3984
70.873
69.7478
71.3321
71.2954
70.3983
70.5328
70.3963
69.1664
69.7529
70.8567
70.6509
70.2905
70.0096
70.3207
71.0911
71.3128
71.2123
71.1717
70.5035
69.9803
70.6803
71.392
70.7334
71.7045
71.0273
69.2682
69.7187
69.5069
69.9738
69.7165
69.5094
69.013
70.3009
70.4556
70.0845
70.4151
70.2368
70.9608
70.0878
70.9115
71.1182
71.8169
71.954
71.1302
70.7247
71.1225
69.5237
69.9325
69.7477
68.8973
68.6864
68.7171
68.2791
68.5472
68.6841
69.0903
68.8007
68.9392
70.0243
69.3642
69.345
68.4417
68.4206
68.2803
68.954
69.1729
70.0508
69.5812
71.1756
71.3048
69.8682
70.3217
70.7623
70.1524
68.7818
69.6235
70.4345
70.6288
71.1536
70.6385
69.9849
69.6961
69.4847
70.2708
70.7113
69.1588
68.5336
68.7109
69.4199
68.9684
69.1622
68.8606
69.6705
70.8939
71.5121
70.3299
70.2118
69.822
70.4344
70.696
69.5081
69.3835
70.6654
69.6857
70.9822
70.2064
70.0335
70.5815
68.7631
68.5185
69.0908
69.7702
70.3591
70.4231
70.5689
69.3632
69.9594
69.8636
70.8909
70.831
70.9849
68.9548
69.4681
69.0147
69.6881
68.7815
69.9622
70.1032
70.4008
69.7277
69.7715
69.1223
68.74
69.3611
69.5791
69.6167
70.0225
70.6589
70.9839
69.5207
69.6674
69.938
70.4276
70.2024
69.9868
70.615
69.9786
69.6968
69.0551
68.5504
68.8155
70.7176
70.3542
71.2022
71.5688
71.1971
71.8687
70.1084
71.4443
70.6065
69.9602
71.7128
71.5166
69.8278
70.3542
71.1629
71.2542
71.0348
70.3609
70.0673
70.9321
71.1275
71.1803
70.8293
69.5958
70.4307
69.8928
68.3303
68.2236
68.1442
69.4829
69.6073
70.1319
70.8683
69.4613
69.718
69.4544
68.922
69.8803
70.1862
69.4111
69.4752
69.8726
70.6308
70.8065
70.762
69.9339
69.5542
69.5484
69.2331
69.3199
69.4623
70.0535
70.3985
70.3711
69.4782
69.0017
69.3572
69.0921
68.3225
68.9998
69.4409
69.4461
70.0744
69.8822
69.7171
70.4105
70.1699
69.7878
70.6247
70.6966
69.6231
70.1449
69.902
69.5651
70.5136
69.3338
68.3082
68.3252
68.508
68.2265
67.4456
67.6602
69.2372
69.2748
69.2562
68.9287
69.0382
69.2975
69.6984
69.1574
68.7588
69.3859
70.5757
69.8326
70.4886
71.8135
70.8658
70.7609
71.5635
72.008
71.9647
71.0774
69.8139
72.044
71.7877
70.804
71.6801
69.7842
69.8492
70.2547
70.643
70.3559
69.3185
68.8236
68.8045
69.3271
69.2093
70.0078
69.9817
69.6951
70.5439
70.267
70.5574
70.2637
70.5313
70.4461
69.5133
70.0478
70.6965
70.3607
69.4484
70.0155
70.0781
69.2977
70.2906
70.985
71.3298
71.3007
69.5402
70.1369
69.788
69.2285
69.1291
69.7643
70.2208
70.4597
71.6626
71.1124
69.584
69.6695
70.6495
71.2581
72.0087
70.8782
69.2872
70.2158
69.8444
70.0195
71.1202
71.4444
71.0235
70.2507
69.6664
69.5498
69.4648
69.5736
71.17
69.5788
70.2559
70.3099
70.3355
71.138
70.5643
70.2336
70.2445
70.3461
69.9618
69.5705
69.1868
68.9952
68.8657
69.2548
71.0711
70.3674
70.5994
69.5468
69.7647
70.0133
69.2201
69.0587
70.0882
68.9759
69.1114
69.529
69.8879
70.4475
68.621
69.5581
69.8026
70.3637
70.7655
70.4626
70.5235
70.8866
70.5346
69.7501
69.7881
69.1308
68.9518
68.9958
69.7964
69.2263
68.7781
69.5348
68.9953
68.96
67.866
68.016
67.6526
67.6009
68.1557
68.4392
69.3085
69.4223
70.5881
71.3254
70.7744
70.6932
70.7687
70.0757
71.0352
70.5363
70.8788
70.9511
70.966
71.945
71.2695
70.3337
70.089
69.7151
69.7875
69.6706
70.4329
70.9307
71.7119
71.831
71.7106
71.1489
71.9807
71.5496
70.3536
71.7487
71.0042
71.1998
70.6951
71.5075
71.0594
69.7517
69.2641
70.0217
69.6499
70.1295
69.258
70.4014
70.883
69.5937
70.7328
70.7603
71.998
71.5497
70.475
69.4527
69.9421
68.8541
69.1098
69.1337
70.3663
71.1659
70.3914
71.853
70.8295
69.8637
69.5604
70.3641
70.462
70.635
68.8527
69.3281
69.5992
70.4107
69.8682
69.7729
70.9499
70.4616
69.6721
71.1399
69.4779
69.8754
71.4279
70.946
72.3818
71.1755
69.9098
70.4224
69.5858
69.3979
69.9885
69.4874
69.0362
69.831
70.6782
71.004
70.743
70.4629
70.3734
70.6745
71.6186
70.3927
70.3297
70.207
69.8565
69.7147
69.7269
70.3018
71.2393
70.5202
70.6215
71.0719
70.2646
69.5436
69.2022
69.3328
69.1673
69.6544
70.721
70.4392
69.6038
69.7059
70.1889
69.4322
69.1718
70.0589
70.1194
69.8339
69.6233
69.4585
70.3385
71.6266
72.0882
70.9699
70.7387
70.142
70.7723
69.1518
70.518
71.6144
71.2102
69.9236
70.3789
71.1916
71.2829
70.9684
69.4992
69.6969
69.9117
70.0672
70.4664
70.9097
70.4325
70.5799
70.0287
69.9271
69.4689
68.9853
68.7186
68.6775
69.2154
69.8602
69.91
69.9415
69.3001
69.2344
71.0742
70.1959
70.1508
70.2182
70.1742
69.7767
68.9455
68.3323
69.6479
69.0224
68.86
69.9902
69.4255
70.4093
70.0608
70.5404
70.615
71.4982
70.7918
71.2252
71.9928
72.3119
70.0907
70.6957
70.1571
70.733
71.7178
71.7436
72.0194
71.1977
71.5564
69.3674
69.8344
69.8705
70.6362
71.0996
70.3167
71.118
71.8927
71.982
72.8104
71.9439
71.9428
71.6525
70.904
70.5764
72.0786
71.3465
71.3856
70.9121
70.6286
70.5375
69.8223
69.2393
70.7373
71.7453
70.6303
72.4525
72.0621
71.5224
72.0421
72.5668
72.3962
72.4884
72.9756
72.569
71.7587
71.416
71.5126
70.6727
69.6087
70.0574
69.0798
69.5285
69.6095
68.6317
69.0287
68.8602
69.9248
69.3008
70.4796
71.1375
71.1633
71.4651
70.876
70.6117
71.4818
70.3949
71.1067
71.3189
69.813
69.843
70.065
69.8903
70.214
69.7086
70.5974
70.2401
70.86
71.0077
71.2614
70.393
70.2425
71.1227
70.7707
69.8532
69.253
68.7108
69.1473
68.8029
70.2027
70.4951
70.937
70.47
70.3417
70.4855
69.5212
69.3745
69.6721
70.1882
71.9769
72.2615
71.9426
70.8661
71.0289
70.3495
69.9473
70.6163
70.7631
69.9759
71.1811
70.4077
70.2652
70.9345
71.5545
70.9304
72.4462
71.282
70.271
70.3113
70.7127
69.4928
70.0579
69.5284
69.9082
69.447
69.2904
68.3464
69.1988
69.4477
71.9828
71.2763
71.1465
69.7583
69.6137
69.0547
69.0667
69.3669
69.556
70.1364
69.5496
70.5801
70.2133
69.8623
70.3281
70.6371
69.1582
70.2111
70.2762
70.181
69.49
69.8733
69.9537
69.6366
69.856
70.0166
69.9098
70.0458
70.7148
71.8456
71.4851
71.8969
71.4385
70.0626
70.9191
70.6218
70.9527
70.8779
72.2915
71.1371
70.7775
70.0954
69.1159
68.0067
68.5988
68.8605
69.2249
69.1097
69.1721
69.166
69.6216
70.9092
71.9265
71.9218
71.0201
70.9188
70.7188
70.8303
70.3353
70.845
69.7086
69.4927
68.7037
68.9206
69.0223
70.0771
70.5025
69.7791
69.9267
70.1398
71.5901
70.7674
70.376
70.3948
70.7491
71.0535
70.6644
72.2995
71.2184
70.9067
70.7932
71.4459
71.7231
71.1483
71.3336
71.0169
70.2543
70.621
69.9093
69.689
69.9873
71.3424
70.2419
69.0963
69.5545
69.3414
69.9547
69.7426
71.3791
70.5415
70.9713
70.9727
71.1011
70.6807
69.9702
68.4268
69.3243
69.837
70.0089
70.4427
68.9307
69.9063
70.7643
71.1092
70.9131
68.4887
69.5357
70.0012
70.1718
70.5426
69.9269
69.7118
70.1031
70.3675
70.5985
71.3676
71.377
72.5117
72.6569
72.0587
72.3238
71.7753
72.7647
71.7392
71.5919
70.6316
70.7355
70.4007
70.6574
71.1518
71.0351
71.4192
69.7306
70.0003
70.4427
69.7028
68.916
69.7218
69.6446
69.8123
69.789
69.3095
69.4424
70.0275
69.1934
69.0575
68.6483
68.0401
68.1517
69.0044
68.9185
69.92
70.2675
70.3428
71.2574
70.803
70.4709
70.1041
70.5643
71.5263
70.9721
69.8997
70.6386
70.1081
69.812
69.1589
69.9131
71.0593
70.8508
70.9129
71.6046
70.4099
71.512
71.5089
71.3359
70.8893
71.5211
70.233
70.0807
70.4608
70.8603
70.3769
71.014
70.9542
71.8697
70.8989
70.8449
69.9242
69.6785
70.3999
71.159
70.4831
71.5652
71.2906
71.7609
72.2626
71.6543
70.2706
71.1701
70.9861
71.3743
70.4251
72.3107
72.1175
70.8884
70.892
69.6907
70.7786
72.1939
72.3673
70.8275
71.1237
70.9953
70.5848
70.086
70.4579
69.7743
70.1865
71.2806
70.0135
70.7871
69.8129
70.8065
70.3201
71.4607
71.7773
70.5803
70.9289
70.4995
70.0022
69.6372
69.5772
69.2121
69.1799
69.0489
69.1843
68.7545
68.5624
67.6108
68.4028
68.2209
68.2714
68.9064
69.2072
69.4088
70.7701
71.2474
70.8789
72.2332
73.0741
72.8003
72.365
71.9302
71.6333
71.019
70.523
70.9393
70.2647
70.7964
71.0626
70.1698
70.945
70.6959
71.1054
71.0635
70.1443
69.8133
70.2709
69.5839
71.0784
70.5848
70.1747
70.2214
69.5346
69.5669
70.2493
70.4516
71.0287
71.3867
71.5695
71.1694
71.0073
71.1373
69.0932
69.2644
69.1514
69.8415
70.8132
69.6646
70.651
70.4733
71.2077
70.8803
70.2041
69.1367
69.3662
68.8005
69.2574
69.8708
68.7839
68.6456
70.4097
70.6887
70.5384
71.3091
69.8158
70.7649
70.732
70.6661
69.405
70.269
69.5043
69.0755
70.4727
70.7155
70.0488
70.6977
69.6813
70.1352
70.3682
70.7901
70.9831
71.4471
72.0056
72.4104
72.048
71.249
71.0115
71.9996
70.8124
70.8982
69.8004
69.4872
69.4522
68.763
69.4101
70.5259
70.6449
71.4415
72.2409
72.0929
71.5991
71.2488
71.6754
69.8582
68.4555
68.0444
68.4458
69.5633
70.231
69.9538
70.4945
71.1909
70.9098
71.6165
70.6245
70.7186
71.2824
71.0377
72.025
72.1519
71.7333
70.9723
70.6155
70.8562
71.3728
72.0425
72.4079
72.1304
72.2413
72.0219
72.7208
72.619
71.4943
70.5272
71.0102
70.3377
70.2895
70.6812
71.4709
71.7976
69.8099
70.5683
69.7492
70.2502
70.0938
71.2198
72.8301
71.8314
70.8611
70.4734
71.1623
70.0652
70.105
69.8333
69.6867
70.2471
69.6835
69.9472
70.2491
69.5545
69.9358
69.8903
69.1035
70.245
70.2621
70.6424
70.8772
71.1346
70.4617
69.8101
68.5873
68.9913
69.5249
70.0604
69.9433
70.3151
69.3632
68.7914
69.8609
69.3496
69.8437
70.9057
71.4202
71.4258
71.7593
71.7751
70.6265
69.224
69.8397
70.8661
69.5223
69.3229
69.9662
71.0829
71.7403
70.8401
69.6004
69.4405
70.5354
69.6858
69.9952
70.1706
70.0529
70.086
70.3029
69.6382
70.0037
69.4565
68.4009
68.8486
69.2774
68.9433
69.192
70.6942
71.8822
70.8071
69.7041
68.5484
69.1005
68.9208
69.3143
69.3098
69.3457
70.1041
69.3353
69.4802
69.2864
70.199
69.8416
70.7241
69.6811
70.4177
70.5014
71.3104
71.0946
70.5711
70.8629
70.8667
70.6791
69.5905
70.5556
71.6395
72.073
71.4098
71.2617
71.2295
69.7078
69.9406
69.6838
70.1556
70.1058
70.4048
70.0336
70.5896
70.1551
72.6367
71.5293
71.7559
70.5502
70.1015
70.0458
69.5641
70.2416
70.1826
69.8478
69.679
69.9567
70.3811
70.392
70.3701
68.9698
69.7695
70.9099
70.7882
70.5575
70.9278
71.4819
70.2806
69.1278
70.3187
70.014
70.5276
69.4663
68.7945
69.8022
69.3835
69.5368
68.9869
69.0341
71.0697
70.1714
69.5719
69.9651
70.6983
69.5976
70.3654
69.8934
70.1227
69.8196
70.8915
70.3433
69.0372
69.0853
70.186
69.0693
68.9428
68.32
69.4448
70.3963
69.5938
69.4888
71.0569
70.0426
69.1713
68.1977
69.2977
69.3718
70.1839
70.3536
69.8835
69.5659
69.7962
69.8698
69.2693
70.0658
70.2034
70.6688
69.6008
71.1112
70.8647
70.1796
70.1996
70.8961
72.1525
72.8435
72.1344
71.1575
71.0806
71.5634
70.3313
70.2303
70.1975
70.2236
71.1789
70.9907
70.7568
70.8041
70.8167
70.0693
70.0502
68.6539
68.5594
68.9251
69.5612
68.9155
68.4179
68.8083
69.9626
69.6487
69.0958
68.7667
69.3742
69.2618
69.3603
70.925
70.7346
70.431
70.1938
71.318
72.4034
69.5606
68.9174
68.5365
68.4517
69.3606
69.1447
69.4717
69.7133
70.4784
71.1205
70.337
69.8585
70.2068
69.3099
69.9826
69.7368
69.5166
69.6831
70.3
69.7221
70.5728
70.1892
68.848
68.7399
68.3851
68.9101
68.8556
69.425
68.6197
70.0963
71.4169
70.7644
70.7232
70.1508
69.2332
69.5413
69.5738
71.0099
71.3003
71.4421
70.828
71.2399
70.8561
71.1079
71.1442
70.1982
69.8791
69.3869
69.5522
69.577
69.3078
69.5563
68.386
69.2656
69.3558
69.0006
70.5444
69.9426
70.0363
69.3558
69.2904
70.1278
71.2959
71.3045
72.0892
71.2723
70.0187
69.1657
68.405
67.9943
68.1301
68.9138
69.5912
70.2294
71.0379
69.8235
69.6223
68.2681
69.2454
69.7785
71.0124
70.1061
69.5098
70.4771
70.6157
70.4136
69.796
69.1447
69.2098
70.0986
70.2524
70.0026
69.7438
69.9807
68.7389
69.0019
70.361
71.0791
70.7251
68.9047
69.0999
69.0973
69.0059
69.776
69.7844
69.2376
68.4677
69.1789
69.4959
70.3502
70.2936
70.9172
71.1071
70.3528
70.6378
70.7331
69.3923
69.9612
69.1904
69.131
68.6855
68.9226
69.0481
70.9574
70.2807
70.732
70.0066
70.421
71.0016
70.6921
71.1768
71.3021
70.7163
70.8642
70.5271
70.9599
70.7686
70.612
72.3423
71.8952
71.19
72.0658
70.4995
69.4698
70.0573
68.8525
68.5011
68.8166
68.8307
70.5344
71.2627
71.1012
70.5793
70.3991
71.244
70.3414
70.3402
70.433
70.2286
68.811
68.9292
70.2639
70.0139
70.8516
70.6249
71.1581
71.3825
71.0347
70.3548
69.5869
69.6447
70.3579
70.457
70.1579
70.6912
71.5461
72.1491
72.0662
71.1626
69.8557
70.798
71.7541
72.6642
71.2253
70.9098
70.7748
71.3243
71.4654
72.7078
72.1915
71.5947
70.6021
70.201
69.8829
69.3813
70.4007
69.5944
70.2223
71.0553
70.7088
71.0359
70.7285
69.8204
69.5922
69.4522
69.6603
68.7319
68.7684
68.5981
68.6645
69.2211
69.1684
69.0662
68.1959
68.8658
69.6904
70.6992
70.573
69.7206
70.7523
70.3665
69.8943
69.4678
69.278
69.4401
68.8782
69.0845
69.6893
68.8341
69.1484
69.9289
69.7854
69.7339
69.7676
70.1518
70.939
71.1303
71.7445
70.2555
70.5213
68.856
68.8137
69.4414
69.4962
69.1932
69.5235
70.0502
69.8818
69.5579
70.6938
70.6056
69.9017
69.7819
69.8109
70.1825
70.4412
70.9668
70.0503
69.7458
69.864
69.2714
69.5412
69.9507
70.7971
70.5494
70.7143
71.4589
71.0332
70.1274
69.8066
69.8299
70.5222
70.6507
70.1851
70.2906
70.3053
69.6332
70.1087
71.6425
70.0167
70.2124
69.1553
69.7021
70.2696
70.108
69.663
70.1809
70.3163
70.4988
69.0758
69.4051
69.877
69.8387
70.2044
68.8579
69.973
69.4103
69.5475
70.4676
71.2478
70.1434
70.0535
70.307
71.7849
71.2935
70.7801
70.7048
70.4968
70.2435
69.4291
70.6912
70.3328
69.0604
69.1875
70.675
72.0391
71.0844
70.0164
70.3445
70.2235
70.1946
68.5205
69.7028
69.136
69.4279
70.1925
68.7263
69.4519
69.7931
68.7717
69.1681
69.5323
70.5864
71.2175
70.8313
70.4482
71.5427
70.3667
69.9266
70.4437
70.149
69.8136
70.2062
70.1964
69.9636
69.9185
69.1205
69.4397
70.3585
69.7951
70.3473
70.0358
69.2498
68.9948
69.3344
70.2338
69.9751
69.8112
70.1434
70.2616
70.85
70.6043
71.1375
71.1244
70.4358
70.0273
70.3057
70.491
70.0811
71.0721
69.667
70.9191
71.2212
70.045
69.7386
70.563
70.5632
70.3328
70.8567
70.921
71.0987
70.0669
69.9564
70.7095
70.6509
71.3868
70.5459
71.2386
71.1911
70.6852
69.9055
69.4892
70.5679
69.9153
70.503
70.7767
70.333
70.3618
70.3281
71.0283
71.4018
71.6383
71.8121
71.1465
70.8712
69.8824
69.1604
69.3592
70.2223
70.0847
69.1775
69.2774
68.915
68.8107
69.0626
69.206
69.6674
69.3035
69.0874
70.0447
70.5318
70.5475
70.5793
69.729
70.359
70.8076
70.6231
69.7711
70.5385
70.8971
70.123
69.8507
68.6696
69.0213
69.3972
69.3884
69.3084
68.663
68.7017
68.5443
69.7595
69.1343
69.6206
69.8617
69.9608
70.0121
70.9304
69.5549
69.6256
69.5629
68.7743
69.2301
69.0216
69.9822
69.9857
70.3829
70.6942
71.0253
69.1729
68.9664
70.1833
70.2287
69.9166
69.6339
69.3312
69.0237
69.2585
69.901
70.1334
70.0146
69.4396
69.9115
70.0658
70.257
70.417
69.1682
69.6224
70.4143
69.3439
70.8616
69.9685
69.4331
69.7056
70.3268
68.7693
69.5852
71.6983
71.507
72.5965
72.2442
71.0982
70.7222
70.2178
70.0422
70.6629
69.8329
70.7521
70.6583
69.9641
71.2503
71.9367
70.7502
69.9452
