477.568
463.459
452.332
442.858
434.161
426.416
420.991
407.62
396.436
388.24
378.541
369.018
359.788
349.704
341.221
333.185
326.798
322.163
318.028
312.265
305.408
300.448
297.305
295.796
292.633
290.024
287.295
284.474
280.24
277.123
272.979
268.88
267.352
262.135
259.616
255.657
251.014
249.611
246.977
246.746
246.779
246.215
244.234
244.897
244.342
243.004
240.583
239.011
237.001
236.767
234.834
232.84
231.62
229.873
226.646
225.229
221.343
218.691
215.905
214.444
212.604
211.715
211.156
210.191
210.11
209.736
209.012
208.038
207.321
205.6
204.332
203.68
202.172
201.962
201.677
201.523
199.645
199.361
197.359
196.616
194.816
194.439
193.788
192.43
191.51
192.187
191.797
189.201
187.217
186.727
184.613
183.298
182.827
180.45
177.749
176.605
175.019
173.693
173.113
172.418
171.533
170.018
167.452
167.264
166.975
165.227
164.037
163.672
163.492
163.163
161.626
160.925
160.809
158.687
157.501
157.534
157.407
157.721
157.259
155.879
154.039
154.091
153.972
154.452
153.93
152.667
153.71
151.83
151.552
152.045
150.297
149.123
149.798
148.547
148.747
149.373
149.781
150.103
149.511
148.664
147.619
146.693
145.17
145.418
146.582
145.33
145.126
146.405
146.304
146.009
144.743
144.294
143.329
141.493
142.069
142.282
141.995
141.057
140.316
140.774
140.346
138.852
139.108
138.689
138.73
139.356
140.124
138.443
139.013
138.102
136.088
136.626
135.252
134.495
133.028
131.772
131.051
129.199
128.423
127.951
127.66
127.287
126.592
126.76
127.412
127.656
127.033
127.969
126.872
127.28
128.159
126.967
126.656
126.299
127.924
128.221
127.819
128.746
128.694
128.128
128.38
128.508
129.301
128.477
128.665
129.596
128.934
129.201
128.381
126.07
124.517
124.289
124.093
123.05
123.536
122.874
123.121
123.032
123.649
123.69
122.746
120.915
119.303
118.079
119.413
117.234
117.155
116.104
114.199
112.975
112.547
113.374
114.108
114.63
115.076
115.547
116.601
117.329
116.255
116.117
116.6
115.458
115.898
114.539
113.444
113.186
112.831
111.876
112.282
112.052
111.552
110.893
109.463
108.798
108.455
108.073
108.335
108.135
107.897
107.958
107.459
107.769
107.41
107.09
106.352
107.132
106.462
106.921
106.07
105.483
106.286
105.651
105.745
105.588
106.808
108.695
109.283
109.097
108.187
106.48
106.928
106.532
106.823
106.58
105.673
103.899
103.666
103.963
103.136
103.244
102.756
102.871
101.771
101.352
101.53
100.676
100.374
99.7063
100.161
100.756
101.394
101.616
102.424
102.436
104.293
104.489
105.091
105.673
106.035
104.494
102.835
102.818
101.43
101.513
100.081
100.507
99.4261
99.7213
99.6205
99.8827
100.557
100.789
100.473
100.665
100.771
100.747
99.925
98.8944
99.4844
99.2658
99.7409
98.4092
98.6917
98.0811
97.753
98.2772
97.6407
99.1344
99.8533
98.4479
98.7175
98.3198
97.2917
98.0283
97.9141
98.3678
98.5528
98.1604
97.046
96.8722
98.2759
99.4359
100.292
100.159
100.325
99.7077
99.7013
98.8207
99.0961
98.5932
99.2748
98.5607
98.831
98.6391
97.5429
96.1432
95.9322
93.3508
93.7715
93.5762
94.1026
94.1525
93.7287
94.2135
93.9074
93.6892
95.0366
96.0747
97.6729
98.1654
99.429
100.405
101.333
101.941
101.193
101.521
101.407
100.656
99.6365
98.763
98.3981
98.0686
98.0408
97.9925
96.5043
94.7159
94.1037
94.6431
93.7808
93.4419
93.5677
92.6321
92.1093
92.7902
91.3003
92.0557
92.8744
92.4624
90.3172
90.1965
90.9183
89.7825
90.169
89.5594
90.8374
90.864
90.4292
90.2668
90.1651
89.8586
90.6499
90.2512
89.7373
89.4441
89.35
89.6002
90.0793
89.9837
90.1732
90.2374
91.1892
90.7743
91.3615
90.6865
91.7379
90.5914
90.2479
89.4363
90.7029
90.7068
91.1849
91.2462
90.3957
89.9058
90.3407
89.6447
89.6413
90.2958
89.3686
89.2215
88.8984
88.61
87.086
87.6443
86.4739
85.495
84.6936
86.6512
85.5964
85.7635
84.775
84.7647
85.0339
86.2864
86.3494
86.2358
85.7565
86.4254
85.4224
86.1868
83.9912
84.7487
84.4756
83.7569
84.0874
83.7766
84.5045
83.7629
84.5389
84.4111
84.4538
83.7645
83.7778
83.444
84.4559
83.5469
82.7459
82.771
83.8242
84.2769
83.3352
83.1329
83.2008
82.2114
82.5495
81.8638
81.9554
83.5255
85.7744
87.4067
88.3239
88.853
89.1527
87.864
86.7058
87.3778
87.8587
87.0692
86.3271
85.6961
85.2411
84.7445
82.9443
82.0168
81.0992
81.5809
81.1584
81.5154
82.0385
81.5494
80.9801
81.8664
82.4289
81.4658
81.1143
79.3746
80.1105
81.733
81.9571
81.4607
81.7017
82.0466
82.3253
81.9406
81.0104
80.9217
81.6556
81.5506
81.1809
80.9935
81.6284
81.5347
80.4879
80.859
80.0357
80.5226
80.6493
80.4645
79.427
79.8395
80.1427
79.4384
80.4879
80.3421
79.7677
80.6262
79.4877
80.7201
82.4684
84.5118
85.9707
87.0814
87.8216
88.2411
86.8096
86.0902
85.0679
82.7728
82.7774
83.42
83.0306
82.0899
82.4063
81.7364
80.7159
80.9968
81.1435
80.8257
81.4425
81.0814
80.6234
80.6755
80.6941
79.4966
79.1822
80.2045
79.8776
80.6569
79.7539
79.5206
80.5036
80.1684
81.8319
83.51
83.427
83.7344
82.4939
83.367
83.3272
83.9381
83.6902
84.3578
83.0729
82.7226
82.0328
81.4198
81.9911
80.5879
79.553
79.9879
79.0233
78.9614
79.3324
79.3352
78.427
78.6622
78.9721
78.1661
79.2944
78.5591
79.6482
79.7318
80.15
80.6165
80.3558
81.3197
79.8592
79.8239
79.9384
79.4733
80.3256
81.1711
81.5145
82.6079
82.0501
80.1759
80.8431
80.1043
80.2163
81.0785
80.1029
79.2599
78.9261
79.2821
79.7937
79.7261
78.8319
79.4539
79.8339
80.0926
79.126
78.9616
78.5251
78.4335
79.855
79.4666
79.8107
80.0223
79.8427
78.5997
78.3451
78.3181
79.5282
78.6179
79.4335
78.416
79.135
78.8978
77.4245
77.5969
78.1813
78.3331
79.1145
79.722
78.1268
78.005
78.7021
79.0158
78.8015
77.7905
78.2451
78.9229
78.4403
80.6141
79.4971
78.7074
79.335
78.4861
77.9912
77.8986
78.382
78.7016
78.2207
78.6993
77.2373
76.0283
75.4869
75.6435
76.2753
76.0606
76.7018
77.1678
77.2379
77.0281
76.5812
76.7122
76.3278
77.9153
78.8366
77.7821
77.831
77.5864
77.1526
76.568
77.0562
78.5884
78.5952
77.154
76.763
76.7648
78.106
77.5323
77.6407
77.6828
77.4791
77.2684
76.0251
77.2628
77.7874
78.0616
77.7976
77.345
78.1563
78.0245
78.4961
78.1865
77.5802
78.2028
78.2654
79.0117
78.041
78.3332
78.123
77.773
77.4483
77.7953
77.4467
76.4865
76.1486
76.0043
77.2605
76.4997
76.3234
76.174
75.8318
75.7239
77.8438
77.5505
77.8963
78.3651
79.2433
78.7848
77.6199
77.5255
77.7092
76.9831
77.3216
78.3322
78.4599
78.3526
79.07
78.9287
77.3474
77.0387
76.8044
75.569
75.3901
75.4373
76.0756
75.8035
75.5437
76.1493
76.7606
76.6784
76.1225
76.3489
76.4351
76.1151
76.5845
77.2959
76.1937
75.4594
76.0537
76.5711
76.2263
76.3982
74.8473
73.8164
74.6922
75.6476
75.4737
76.4458
77.042
77.4573
77.5077
77.8784
77.8567
78.5856
79.9739
80.5211
78.9439
79.8837
79.7682
79.1068
77.6905
76.4908
75.315
74.655
75.9274
76.0419
76.5306
76.5779
77.0241
76.4495
75.7102
76.3162
76.0161
76.3385
76.6453
74.5331
74.9009
76.1665
76.2011
75.7664
75.7362
75.9273
75.4951
75.7188
75.4992
76.3344
76.6938
76.9854
77.1049
76.7174
75.9243
76.8957
77.8327
79.1982
78.4769
78.0071
77.3623
76.1918
75.9651
77.1624
75.9725
76.4214
77.147
76.6798
76.1066
75.6321
76.0359
75.2781
75.2486
74.9114
75.3719
75.4516
75.617
76.0716
76.6434
76.1579
76.7409
76.842
76.0982
75.9088
76.1847
76.0628
76.2322
74.7963
75.0956
74.4864
76.8518
76.7265
75.2913
75.3713
75.8247
76.2781
77.7147
78.012
76.0713
75.915
75.9082
75.9557
76.4169
76.0428
75.6841
75.9756
76.8253
76.3767
76.0129
76.3555
75.7417
76.4751
76.3484
76.5097
76.5108
75.6706
74.8891
74.4476
74.8392
74.9311
75.3338
75.6258
75.9413
76.7439
77.3696
76.1975
75.6574
75.7767
75.8806
75.8884
76.3749
76.3387
76.758
76.867
76.8168
77.5186
78.0862
77.4966
77.3399
77.7224
76.2345
75.7509
74.6449
75.0309
75.0449
75.529
75.9427
76.9052
76.522
75.9336
75.4406
75.2468
75.5004
75.393
76.5954
76.3902
75.6126
76.3548
75.7401
74.4409
74.5848
74.3852
74.0531
74.3327
75.9324
75.8796
75.6341
76.1264
76.2132
76.2613
76.2362
76.0737
75.6113
75.5816
76.6327
77.2828
77.0176
76.3687
75.6717
75.9303
75.8679
75.7787
75.7442
76.8245
76.0476
74.6498
75.4309
76.5118
76.634
76.333
75.9542
76.0332
76.1183
76.0404
76.1075
76.5197
76.4731
74.9841
75.2416
75.032
75.8921
75.7216
76.9601
76.3831
76.4458
75.9415
76.9724
76.959
76.7844
76.119
76.4907
76.1633
74.7429
73.6824
74.4088
74.5333
74.8837
75.4906
75.5602
75.2113
75.1187
75.5676
75.9351
75.6327
75.5168
75.5271
75.2531
75.6196
75.4363
75.8989
75.212
75.5689
75.45
74.7664
74.9736
76.1594
76.7694
76.308
75.4104
74.7899
74.6978
75.5299
75.6361
75.652
75.669
75.321
74.639
76.1243
75.535
75.5156
76.4517
75.817
76.5209
76.6094
76.7095
77.4912
75.7153
75.1272
74.6849
74.876
75.0128
75.523
75.1229
75.9669
75.9285
76.4146
77.3288
75.7278
75.0942
75.1732
75.5069
74.8891
74.0394
74.5168
74.3917
74.1789
72.9237
73.8005
74.8844
74.1001
74.6739
75.2946
75.1618
75.3447
75.5041
74.4263
74.7596
75.3986
75.3199
75.217
74.7658
75.6386
75.6171
75.3765
75.247
75.3565
76.678
77.108
77.8618
77.1442
76.0508
76.5821
76.5707
76.042
75.0793
74.0634
74.3973
73.9157
73.801
74.1555
73.7442
74.5679
74.4634
74.8124
74.2282
74.9501
76.3253
75.6945
75.0123
74.564
74.1103
74.2782
74.5492
74.1753
74.3416
74.8085
75.0189
76.0931
75.8611
76.3586
76.0534
75.5267
74.9445
74.9695
75.2085
74.8787
76.3083
76.5835
75.8607
76.1905
75.3347
75.8948
75.8835
75.4197
77.0276
76.0764
76.0515
75.8061
75.5468
74.5137
74.4377
75.6355
75.8767
76.6316
76.9938
75.9925
75.0387
74.6092
75.3679
76.236
75.6357
75.9471
76.609
76.1177
76.4028
75.5948
76.3034
75.2104
74.4862
75.4151
75.5098
76.8654
76.2562
77.1763
77.0226
77.1054
76.7832
76.7321
77.432
76.4577
76.5199
77.4043
76.6061
76.2032
75.204
75.7551
75.6696
75.7605
75.161
74.6044
75.5477
75.849
75.976
76.6634
75.2329
75.3704
75.0315
74.1976
74.662
75.9207
77.1466
76.1938
75.9518
76.3853
76.4819
77.2916
76.941
75.9144
75.7823
76.7827
75.9782
75.5898
76.2017
75.9845
75.0114
75.2327
76.0936
76.4623
75.7642
75.8379
76.2595
76.0784
75.8369
76.4735
77.4376
76.8047
76.3515
75.3906
74.0672
74.0312
75.3901
75.3981
75.3364
74.7517
74.934
76.7072
76.5808
76.7594
76.2958
75.3625
75.2895
75.4669
75.7817
76.504
75.5285
74.7938
75.4957
75.0845
75.5274
75.4993
75.8108
75.5431
74.7969
75.7309
75.0392
74.3541
73.1352
73.8411
73.8105
73.9788
75.6659
75.5316
75.1496
75.086
74.9515
74.7567
74.4931
74.4514
74.9404
74.5077
73.624
74.2829
74.7914
74.7187
73.8724
73.8575
74.4382
74.6296
74.2311
74.5493
74.2459
73.9106
73.389
73.7932
73.5565
73.0911
73.6354
72.576
74.9219
75.4205
74.0545
74.5668
75.1299
74.9846
74.4658
74.42
74.7087
74.2566
74.4833
74.6047
73.8238
74.568
74.4492
74.3477
74.6443
74.4954
74.5443
74.4903
75.3058
75.8978
75.108
76.0251
76.1944
76.4057
75.8049
75.3297
74.8131
74.7976
74.8956
74.6722
73.7976
74.4613
75.176
75.5816
75.0011
74.7475
75.5434
74.7323
75.514
75.162
75.6552
75.1086
76.3101
76.0658
75.6976
75.8917
75.2894
75.3187
74.9247
73.5925
74.5914
74.193
74.1497
74.9949
74.6657
75.0764
76.6561
75.6027
75.3671
75.6262
76.1
76.147
77.2151
76.1148
75.2716
75.3826
75.0408
75.2924
74.5511
74.2204
74.1501
74.782
76.0543
75.0224
74.226
74.0667
75.1252
75.5938
75.3522
74.7857
73.8535
74.1387
74.3362
75.7449
75.1119
74.9198
74.5616
74.5743
74.7457
74.9934
74.6656
74.0588
74.7098
74.606
74.0873
74.0692
73.9451
73.3347
74.0072
74.8169
74.2974
75.2749
75.6999
76.1524
75.5468
75.3702
75.0968
74.5668
74.2802
74.2763
74.6887
75.2094
74.8414
75.0369
75.3005
74.1558
73.7488
74.6142
74.2538
74.6421
75.2987
75.2043
74.7794
75.1181
73.5809
74.4028
74.735
74.7862
75.3244
75.6883
75.1727
75.3753
75.4259
76.181
75.0953
75.185
75.4445
73.6845
73.6465
74.563
74.4426
75.0877
74.3988
74.6876
75.7882
76.4718
77.0601
76.8219
76.1002
76.0912
75.4579
75.8342
74.5792
74.9962
75.3076
74.8507
74.5063
74.6939
74.2033
74.5338
75.042
73.6779
73.8865
74.4806
74.3557
75.7654
74.8645
75.2232
74.9081
75.3321
76.306
76.9948
75.6574
75.6193
76.7861
77.1836
76.2556
75.7478
75.8716
75.3809
74.5163
74.5511
75.3244
75.8197
75.8727
76.1176
75.4192
75.7744
76.2324
75.3565
76.1813
75.42
75.6962
77.1199
76.3382
76.9119
76.0106
76.0412
77.7406
77.6641
76.6215
76.9337
75.8167
77.1108
76.5839
76.616
76.7667
75.0796
75.5841
75.0046
74.7585
74.6328
74.7753
74.4207
73.8215
74.0191
74.3536
74.5479
74.858
74.5034
75.2826
75.2952
74.7175
74.6874
74.4131
74.037
74.0652
74.2304
74.992
74.0215
75.0289
75.9953
76.0523
74.8656
74.5869
75.1345
73.6625
75.1493
74.4588
74.3351
73.7373
74.1194
74.3011
75.0468
75.2866
73.965
74.6393
75.1452
74.8407
75.4351
75.4484
74.7633
75.6147
76.5226
77.1824
76.863
77.8195
76.3661
75.4637
74.2403
74.7251
75.3487
75.3902
74.8203
75.4852
75.4063
74.0822
74.3748
75.1521
75.2952
75.5309
75.9147
76.6113
77.1294
76.4561
75.1709
74.7586
74.9572
75.2378
75.59
75.0979
75.1792
75.0054
73.9649
73.8693
74.7292
74.6559
75.1593
74.8947
74.8064
75.0418
74.4225
73.2858
72.5001
72.6818
73.0423
73.8918
73.7676
74.1142
74.4701
74.9234
75.6991
74.5627
75.9049
74.641
74.5481
75.5242
74.5307
74.9171
75.2496
76.445
76.752
75.5119
74.2454
75.1653
75.1271
74.8768
75.9959
75.6983
74.8683
73.9018
74.1526
75.2072
74.8602
75.4127
76.3524
75.9147
76.0623
76.1807
74.7209
74.644
74.8911
74.2111
74.3988
74.7792
74.7622
75.6045
76.0569
76.8273
76.3809
76.9512
76.5778
76.2581
75.8017
76.5617
76.2566
75.4635
75.4242
75.1756
75.1646
75.7411
76.7717
76.9578
76.3215
75.597
75.4403
75.1169
73.8464
74.444
75.1981
74.719
75.9639
75.6633
75.9454
75.412
75.2661
75.5094
74.9886
75.4494
75.4787
75.5215
75.2884
76.1397
76.7692
76.7472
75.8276
75.3361
74.2794
74.8418
74.5169
74.3915
74.0336
73.9837
74.7971
74.9065
74.6236
74.0641
75.5759
75.3449
76.425
76.3279
76.4566
75.3956
75.4436
74.4786
75.8394
76.0483
75.6549
74.8909
73.8983
74.537
74.8104
75.5098
75.5508
74.8028
75.3878
74.5061
74.6714
74.1497
74.5803
75.7477
75.6484
74.1488
75.0038
73.9136
75.0042
75.5539
74.2452
75.5384
75.0428
75.6297
76.2463
74.8295
75.7291
76.1306
75.7106
76.1097
77.3652
77.2292
75.6775
74.6344
74.0969
74.1183
74.2489
74.9345
75.3691
76.1746
75.2353
74.554
74.6082
74.8888
75.0607
74.8958
75.0847
74.2082
74.2193
75.3826
76.1069
74.0983
74.5619
74.1782
74.1483
73.8844
74.4134
74.7203
74.0746
74.997
74.4049
74.4166
74.5234
74.5695
75.7577
75.4306
74.583
75.1417
75.063
75.7172
74.7998
75.108
75.2328
74.8885
74.6923
74.2751
72.8018
73.0571
73.2812
73.0612
75.0334
74.9889
74.8111
74.5981
74.1081
74.7256
74.1194
74.4355
74.6829
76.374
75.5276
76.4774
76.5097
75.6845
75.277
75.8435
75.5067
76.5818
76.0651
74.8992
75.0095
75.1778
74.9074
75.7909
75.6611
76.1357
74.6361
74.9137
73.9553
74.7051
74.7543
74.2044
74.178
73.6755
74.4186
73.7481
74.4795
74.3018
74.2207
75.1417
74.5954
74.5227
74.9915
74.3939
73.584
74.085
73.737
73.7166
73.033
73.1061
73.8576
75.0013
74.56
74.6728
74.5006
75.3823
75.798
74.9254
75.3839
74.6424
75.0537
75.8238
76.2967
75.9086
75.8538
75.7691
75.3762
75.2302
74.5639
75.1953
74.9313
74.5082
74.5578
74.5449
73.9569
74.5394
74.0945
73.6374
73.7706
74.3596
75.6962
74.0729
73.42
74.1916
73.3816
74.5108
74.2237
73.2845
73.8683
74.7001
75.0816
74.4924
74.9783
75.4952
74.2128
74.6505
75.938
76.9298
77.0459
76.3724
76.3368
75.9225
75.7906
75.0014
74.7332
74.2294
75.1695
75.546
75.7945
75.794
76.2097
76.9787
76.5864
77.4685
78.1453
76.6278
75.8876
75.0851
75.4468
75.44
74.2987
74.1496
74.9081
73.6386
73.7677
75.0658
74.1905
74.896
74.7667
75.9823
75.9568
75.4667
74.989
74.6481
74.3561
73.8999
73.4678
72.7562
72.9716
73.3013
73.702
73.5018
73.8825
74.4188
74.6184
75.14
75.2182
75.0337
74.9576
75.1742
75.147
75.2563
74.8793
74.8234
74.4437
74.0692
75.2452
74.4969
73.9562
74.3418
74.3337
74.1678
74.2366
73.9302
74.017
73.2548
73.9379
73.6585
73.6789
74.0504
73.2172
73.4832
74.1314
74.4192
74.5324
73.2782
73.2147
73.8498
73.7077
75.6332
75.4934
76.0942
74.7572
74.6775
74.8648
74.2341
74.2203
74.5291
74.7393
75.0415
74.7594
74.0291
74.7709
75.1585
74.6968
76.1302
76.4238
75.4029
73.706
74.131
74.9262
74.7337
74.6334
73.6233
73.9896
74.4715
74.753
75.5942
74.5045
75.9994
75.5194
75.8271
75.7441
75.2065
75.1041
74.6834
74.4371
73.2808
73.735
73.9173
73.7085
73.8367
73.5767
74.1451
75.0144
74.3164
74.4624
74.0587
74.341
75.5124
76.0952
75.2009
75.0366
74.5328
74.2728
72.9907
73.7973
73.945
73.9127
74.6402
74.1498
73.8974
74.0174
75.2594
76.13
75.2206
76.0805
74.8216
73.7178
75.0672
74.988
74.2985
74.7817
75.9401
75.3886
75.5845
74.9162
74.285
76.2983
76.3102
75.979
74.9971
74.2926
74.9089
75.2498
74.9292
74.3909
74.5036
74.3393
74.2245
74.1125
74.6278
75.5732
75.1016
74.7167
74.3276
74.2181
74.4466
74.7007
74.9636
74.6638
75.6014
74.1453
74.9316
75.7911
74.7674
75.1715
76.4303
75.1347
75.2696
74.625
74.4552
75.1071
75.2336
74.9561
73.6535
73.8505
73.5316
74.7672
75.0465
74.8788
74.5578
75.3441
74.8098
75.0836
74.5308
75.0458
75.1745
73.9378
74.1991
73.9954
75.2136
77.1878
77.5368
78.5046
78.0966
77.9017
78.4043
78.1799
78.0344
76.4844
77.0956
75.6285
75.593
75.7788
76.1866
75.765
76.2949
76.0741
76.5147
75.4997
74.8124
74.3421
74.3804
73.922
74.3122
73.5758
73.611
73.1584
72.9768
73.7567
74.2335
73.6465
73.5881
73.6115
74.5928
73.8022
74.3257
74.9189
73.9313
74.5782
74.9413
73.8455
73.8495
74.663
75.0066
75.7574
74.9984
74.6211
73.7579
74.741
74.6421
76.1424
75.8892
75.8915
75.1993
74.4021
75.2217
74.8325
76.177
75.3933
75.0135
74.6717
75.2699
76.61
76.5619
75.3107
74.435
74.443
75.1037
74.0172
74.7604
75.2778
74.3241
75.2235
74.5799
74.4146
75.1479
75.8455
75.2736
76.0659
75.4207
76.0445
75.062
75.71
75.4001
74.7219
74.424
74.8923
75.697
76.0315
76.0607
76.5165
76.0094
77.389
77.1853
76.0298
75.9487
74.5311
75.5663
75.992
75.6063
75.9303
75.6721
75.8346
76.1083
76.7702
76.1071
75.3975
75.2691
75.8514
75.6787
75.2784
74.9628
75.7961
75.2975
74.7853
74.8291
75.0725
75.142
76.2929
76.6418
77.3378
75.8299
75.5426
75.8638
75.6918
76.3932
76.0449
75.2303
75.1
73.7959
73.4436
74.1646
74.6445
74.6082
74.1128
74.4031
73.595
74.5922
73.7457
74.0096
73.6121
74.3807
75.3648
75.0179
75.079
75.1561
75.7872
76.059
75.6254
75.6535
76.0434
74.637
74.3063
75.0193
75.6084
75.2404
74.2222
74.5543
74.298
74.9517
74.5811
72.9087
73.8228
74.2141
74.5381
73.5698
74.0177
73.7407
74.5509
75.4942
75.4355
75.3543
75.8984
75.4869
75.8474
74.7627
74.6324
74.3319
74.2083
74.1408
73.592
74.9905
75.1243
74.7218
75.2951
73.5323
73.1682
72.6076
74.0787
75.2936
74.5945
73.9369
73.8992
74.4449
75.4376
74.1554
74.8502
74.8959
75.3023
74.5926
74.0368
74.8734
74.2565
75.9319
75.8126
76.1655
75.5042
75.8875
75.3807
75.0528
74.8195
74.9299
74.1031
74.6654
74.5945
74.9325
75.2879
75.2926
75.821
75.2736
74.7769
74.492
75.3824
76.438
76.3035
75.0686
74.9784
74.1116
75.0959
75.6477
75.668
75.59
76.1505
75.1838
75.2035
74.9899
75.5938
75.4548
75.2598
74.6726
75.718
75.1939
74.6011
74.4872
74.3625
75.3098
75.3794
74.5453
74.5877
73.7574
75.1398
74.5423
74.834
74.4028
74.5764
75.2635
75.3227
75.9722
76.213
75.9959
76.8009
75.8091
74.9932
73.6602
74.3865
74.3733
74.4851
74.6916
73.8068
73.5884
73.9884
72.9355
73.0902
73.6718
73.6383
74.138
75.9997
75.4124
75.427
76.6525
76.1128
76.1947
76.1852
75.1545
75.7248
75.3939
74.9862
73.5059
73.9625
73.3072
73.6231
73.14
73.3694
73.4032
73.3889
73.176
73.4838
73.1918
72.8891
73.5601
72.904
73.9646
73.768
75.1021
74.3892
74.1154
74.2343
74.2751
74.3151
72.8751
74.1235
74.8822
74.7598
74.5727
73.8858
73.9829
73.8188
74.6228
74.8663
74.6475
73.731
74.0721
75.3838
73.8286
74.2534
74.826
73.7363
73.8055
73.9948
73.4482
74.1743
74.0727
74.2454
74.5899
74.9956
74.8461
74.2699
73.8553
75.2916
74.4152
74.2447
74.2537
74.8909
76.1183
75.4944
74.8617
75.0879
75.13
75.1189
75.7392
76.0256
75.2808
74.2505
74.6612
75.024
74.7791
74.4033
73.4729
74.5816
75.4879
74.118
74.831
74.1375
73.5067
74.2789
74.0379
73.7052
73.4855
72.9742
73.7352
73.3807
73.2958
74.2153
74.8979
75.1293
74.1839
74.3184
73.6745
73.3982
74.1528
75.0682
74.6771
75.4684
75.1518
74.8013
74.3939
73.2932
73.3018
74.4515
76.6008
75.8856
75.4037
75.9373
73.6779
73.1585
73.8548
74.2599
74.7273
74.6292
74.3945
76.4034
76.5797
77.3909
77.1932
77.1524
76.2055
75.8109
75.4495
75.6402
75.114
75.0902
74.7485
75.5478
74.9234
75.81
75.0818
74.9745
74.3159
74.9875
75.1702
74.7073
73.5586
73.4657
73.8749
73.3498
74.0575
74.516
74.2097
73.3076
73.7855
74.677
74.8816
74.5544
75.2106
75.3433
76.0311
76.7256
76.5011
76.1671
76.2924
75.7938
76.1636
77.2912
76.5536
75.7929
76.3368
75.4446
75.44
75.3263
76.3152
77.0946
77.0242
76.2903
76.0362
76.588
76.1576
76.7807
75.5962
74.5774
76.0118
75.9228
74.4151
74.6802
75.1785
76.0576
76.5237
75.7943
75.717
75.3673
74.2448
74.9758
74.6533
75.0198
74.4971
75.0592
74.3839
74.5583
74.0426
74.0061
74.1856
74.1244
75.3619
74.7024
74.318
75.3332
74.4089
73.3152
74.3143
74.3073
74.8134
74.7285
74.516
74.2047
74.6741
74.9171
75.6815
75.3202
74.5211
75.0399
73.7952
74.1889
73.5129
74.2392
73.9003
74.1029
75.0188
75.3484
74.889
74.8269
74.6537
74.6011
74.7616
75.2689
76.3561
75.5298
75.0239
74.2606
74.9022
73.2917
73.5392
73.6315
73.8615
73.9241
74.131
73.8517
73.9601
73.3406
74.5935
74.3525
74.8273
73.9161
74.3054
74.2855
74.14
73.7885
74.5745
73.9695
74.6522
74.2187
74.1991
74.4976
75.2293
76.0943
76.0906
76.5331
75.4112
75.7625
75.2449
74.8466
75.1875
74.7437
74.2346
73.1614
73.4448
73.7045
74.3422
75.4527
75.5525
75.0505
75.4476
74.614
74.0164
74.6316
75.1051
73.7131
72.6012
73.4262
74.1987
74.518
74.2178
73.9045
74.1772
74.1096
73.7646
74.3382
75.0526
74.7707
74.4223
74.5378
74.5216
75.0547
74.1546
74.0586
74.5755
75.1215
75.069
75.0975
74.2382
75.5928
75.2287
75.0853
74.538
76.236
75.5123
74.7285
74.0372
74.6105
74.5375
74.9589
75.7065
76.255
76.8724
75.4528
76.4073
75.7722
75.3691
75.792
73.6379
73.9374
73.4518
73.0787
73.7265
74.316
74.3049
74.7997
73.9283
74.6167
76.1033
75.9029
76.5077
76.0239
75.565
74.9501
75.0187
75.4759
75.092
75.4287
74.7367
75.12
75.4294
74.5637
74.5124
73.9769
74.1213
74.645
74.0512
73.6162
72.9804
73.1
74.3805
74.3918
73.8809
74.0317
74.6499
75.3811
74.8833
74.7116
75.2652
73.9216
75.0543
75.381
74.1051
74.0894
74.1387
74.1712
74.1457
74.2687
73.8806
74.5766
74.8146
74.4792
74.7569
74.7049
74.8905
74.2571
75.2485
74.4709
74.1056
74.3579
74.9539
73.705
73.9319
73.8032
74.0806
74.0431
74.815
74.6943
74.6291
74.391
74.9699
75.0908
76.0035
76.0192
75.3525
75.1809
74.8008
74.6594
74.8228
74.8854
74.4366
74.6601
74.6988
75.6839
76.1519
76.423
75.732
75.2247
75.3319
75.3437
75.4524
75.0197
75.9501
76.0706
75.1595
74.1543
74.8444
74.5382
74.7169
74.4287
74.7822
75.1132
76.4594
76.4985
76.4633
76.4186
77.1208
76.4411
75.5456
74.7334
74.8146
75.1569
75.7032
75.8883
75.5999
74.9761
75.6987
75.5721
74.9172
73.0574
75.2111
74.8153
74.5018
74.296
73.3153
74.945
74.2537
73.3543
73.6177
74.674
74.5283
73.0412
72.6515
72.7043
73.8678
74.6767
74.8111
74.013
74.491
76.1736
74.9968
75.2001
73.8102
74.1623
74.2066
74.7059
75.5673
74.6778
74.4444
74.5972
74.6873
75.1194
74.5195
73.8009
74.99
75.7491
75.2245
75.5863
74.6131
75.4022
74.9323
73.9874
73.7694
74.3871
75.0142
74.8949
74.4857
75.2131
75.7362
74.6527
75.3056
75.6994
75.8535
75.7774
75.7587
74.4724
75.5748
75.7612
75.1489
75.6297
75.7822
74.9815
76.5126
74.8401
74.5291
74.8757
75.0557
74.2375
74.3718
74.8507
74.7319
74.1838
74.6386
75.5043
75.1006
75.1562
75.0416
76.0664
75.6101
76.5628
75.8164
75.7583
75.3367
75.6955
74.7712
74.7969
75.4445
75.3329
74.2138
75.8201
74.758
74.5779
74.5847
74.4308
74.1167
73.154
74.918
75.4002
74.9225
74.3761
74.1335
74.4997
73.7645
73.8406
74.3136
74.5576
74.4089
74.9306
74.9719
74.8486
74.327
75.1791
76.2293
75.2981
75.649
75.9822
76.2862
75.2322
75.8999
75.0078
74.5542
75.5355
75.7656
75.5063
75.5115
75.9924
74.9474
75.1129
74.9769
74.3113
74.0422
74.7956
74.5513
74.3403
74.7582
74.9377
74.7807
74.9294
73.865
74.2336
73.4448
75.3906
74.5623
74.5226
74.8648
76.3557
76.1515
76.7876
75.4723
76.0177
76.4711
76.7912
77.6508
77.2257
77.4511
76.27
76.4652
75.5365
74.2618
73.5337
74.3254
73.8832
74.3811
73.645
74.2544
74.992
75.6778
76.4983
75.1538
75.7578
76.175
75.6721
75.2149
75.4201
75.3968
74.8538
74.0312
74.3781
74.0193
73.8455
74.8213
74.5684
74.1454
74.6229
75.5103
75.4944
74.4039
75.3819
76.5226
75.6349
75.3116
75.8197
75.5776
74.7622
75.5611
76.2096
76.0487
76.2297
75.9619
75.3137
76.341
76.3876
75.2379
75.1816
74.9753
74.7511
75.2351
75.5194
74.0213
74.4354
74.5204
73.6935
74.573
74.6678
75.8442
76.0166
75.7916
75.6535
75.4689
75.3258
75.5911
75.011
75.2067
74.5673
74.4472
73.9829
74.3573
75.7346
75.5164
75.9958
75.596
75.5201
74.8802
75.3532
75.2994
74.1634
74.1074
75.315
75.7232
75.6428
74.7478
74.9647
75.4995
74.8289
74.9392
74.3135
74.0409
73.8884
73.7323
74.1175
74.826
74.7311
73.5488
73.2112
73.2988
75.0182
75.4288
75.3531
74.8553
75.5585
75.0778
73.8294
74.7207
74.8418
75.6972
74.2301
73.5182
74.0078
73.9638
74.5861
74.4579
74.9363
74.4465
74.0897
74.3578
74.0439
74.9229
74.2661
74.3574
74.6824
74.7374
75.0452
74.9591
75.0588
74.4045
73.4111
74.6638
75.687
74.2029
74.4338
74.5373
73.8276
74.5948
74.2285
74.6861
74.6957
75.4685
76.1366
76.0951
75.9592
75.276
75.527
74.7283
75.7046
76.0175
75.2663
74.0976
75.8054
74.6758
74.52
73.7997
72.1923
73.7241
73.3313
72.8335
73.7395
74.3712
74.24
74.2143
73.7607
74.8709
74.0545
74.7605
75.4069
76.0274
75.9962
76.8769
76.9937
77.0381
78.2138
77.8977
77.8885
77.1472
77.5885
76.3056
75.8582
75.0305
75.0524
74.4598
76.0289
75.0488
74.7382
74.7194
75.2653
76.7119
77.1504
76.0063
77.0615
76.4078
74.4902
74.8691
75.2311
74.6643
74.7774
75.673
76.9178
76.6792
76.8784
77.3366
76.1364
75.8462
75.5933
76.0868
75.9109
75.4008
75.828
75.7315
75.3417
76.1123
75.2344
76.2911
76.6495
75.7338
75.9193
75.7387
76.2742
75.4861
75.0916
75.2505
74.0746
74.6098
74.8131
74.2749
73.3507
73.1693
74.0787
75.3442
74.8644
74.7583
74.6998
75.3497
75.6617
75.2376
74.879
75.4649
76.7416
75.3942
74.8055
75.1826
75.758
75.7288
75.5844
75.4497
75.3206
74.25
75.7877
75.0218
74.6662
75.2496
73.9791
74.329
75.2848
74.747
75.6359
75.4793
76.2722
76.2665
75.7416
75.2963
74.8734
75.0329
75.8115
76.8731
75.9041
75.0763
75.3228
75.4242
75.6572
75.037
75.4305
75.997
76.3412
77.082
75.737
75.3976
75.147
74.6129
74.882
74.3446
74.518
73.4639
74.2867
74.9173
74.6114
74.6434
74.8243
74.7194
74.5162
75.3127
74.4981
74.9709
75.7022
75.5392
76.3338
75.7136
75.0017
75.9692
76.5274
75.3058
74.1329
72.988
73.7441
73.8801
73.9497
75.1164
75.5591
75.41
74.821
74.3767
74.1643
74.136
72.8851
72.7076
72.7836
73.6856
75.2052
74.4553
74.642
75.022
74.1592
74.2714
75.3664
75.5976
75.1418
75.8944
76.4918
76.5848
76.4762
75.0331
74.9049
76.306
76.336
75.2221
75.4142
74.9782
75.2682
75.3475
74.7633
74.3481
75.4633
75.385
75.9509
76.4457
74.6486
75.8325
75.6198
75.4805
75.49
74.5537
74.881
74.3226
74.1871
74.0312
74.2194
74.0032
74.4314
75.0861
74.9104
74.9387
73.9037
74.4745
75.5246
75.6058
74.6837
74.7743
75.7762
74.9447
73.1799
73.0253
73.1403
72.8886
72.9402
73.8444
73.3059
73.0569
72.8508
73.1271
73.6692
73.0613
73.847
73.9054
74.3609
74.5422
74.0989
73.4709
72.9699
73.238
73.3616
73.6146
74.946
74.9375
75.5545
75.7435
75.0646
74.8562
75.2385
74.483
73.0506
74.3996
74.8627
75.6493
75.4325
75.2573
75.17
73.9128
75.0908
75.3434
76.126
76.4523
76.4019
76.438
76.3011
76.1104
75.1564
75.8764
75.048
74.8029
74.5831
73.7674
73.3988
73.6399
73.4498
74.0978
73.8841
74.7389
73.8831
74.2542
75.6297
75.4085
74.195
75.4744
75.3305
74.9488
74.5778
74.4762
74.9484
73.4164
74.4225
73.264
74.2486
74.6776
75.0311
74.675
74.3581
73.6031
72.7233
73.2791
73.698
74.8034
75.2394
76.9464
76.3501
76.0806
76.192
75.5293
75.7328
75.2798
76.2638
75.7419
74.8098
76.4566
76.2773
76.1817
75.9829
75.8944
76.45
75.5486
75.6007
75.1143
75.1935
74.6775
74.3326
73.258
73.5086
73.7378
73.2082
73.9602
74.2425
73.8119
73.9309
74.3845
75.2923
75.3023
75.4388
74.9099
74.6062
75.3521
75.4654
75.0757
74.8853
74.7485
73.9885
75.7569
75.9454
74.5833
74.7916
75.2641
76.0258
76.8932
76.1417
75.9269
75.8852
74.923
74.9283
74.7733
73.8116
74.5827
75.2545
74.7556
74.768
74.2176
74.4306
73.5423
73.5866
73.3566
73.4405
75.286
75.506
74.8754
75.4473
75.6495
75.7634
76.1467
75.7666
74.9342
75.8842
75.2994
74.5364
75.1506
75.0783
74.2829
75.0761
75.6807
75.9542
76.175
76.6252
75.9688
76.2358
75.6755
74.0448
74.4586
74.2261
73.8866
75.4181
75.6796
75.7688
75.3365
75.5859
76.9153
75.8581
75.6332
75.0874
74.998
75.2668
74.8437
74.0518
75.2146
75.1115
74.3019
75.0869
75.3745
75.6332
74.456
75.105
74.9274
73.5983
74.1447
74.733
74.4691
74.6781
74.1868
74.6229
74.0011
74.4642
75.8067
75.4553
75.0992
74.9359
75.1217
74.225
74.8487
75.277
74.2013
74.4725
74.7881
75.2169
75.9312
75.843
74.7306
75.6643
75.8481
75.8456
75.0255
74.0335
75.0114
75.4386
75.4176
74.2716
76.0837
77.0948
76.3327
75.6056
75.5997
75.2592
76.0311
77.0553
78.0301
77.5616
76.608
75.9962
75.6097
75.2097
74.6365
75.3019
75.3936
75.8564
74.3219
74.6983
74.3278
73.3522
73.3507
73.5708
73.3632
74.478
73.7545
73.3579
73.4994
73.6434
75.1168
75.4968
75.0322
75.4542
74.8688
75.0999
74.5757
74.7491
76.2915
74.8542
73.6985
73.2911
74.0477
74.3453
75.3411
76.3648
76.2799
76.4677
75.953
74.9832
74.1618
74.1083
73.9885
74.0599
73.3936
75.2914
76.0701
76.3566
76.2325
76.0936
76.1855
75.6972
74.1501
73.9003
74.0588
74.6036
74.2409
73.5787
73.3596
73.667
75.3648
75.08
74.7218
75.5967
75.6773
73.3826
73.8833
74.1416
74.3135
74.1648
74.2526
74.0439
74.1538
73.6412
74.3591
74.3172
74.0604
74.4965
74.0796
75.0443
75.0089
74.1609
74.8038
75.046
74.105
74.5794
73.8689
73.5577
73.1115
73.8023
74.0203
74.4386
75.1135
74.9779
75.2703
74.2821
74.3381
73.2053
74.2782
73.9555
73.8975
73.8339
75.3459
75.0509
74.869
74.5361
74.6474
73.6166
73.7559
73.9951
74.9028
75.3647
76.1832
76.5152
74.97
75.0594
74.0801
73.3061
74.4123
74.5506
75.2105
75.4175
75.4419
75.1154
74.6749
74.1543
74.8981
74.4004
74.9928
75.4267
75.5724
75.2372
74.5679
74.4163
74.8163
75.0027
75.4929
74.1429
74.546
75.4662
75.589
75.0848
74.2884
74.2294
75.6883
75.0097
75.6012
75.5347
74.4485
73.7708
74.5247
74.7788
76.0753
77.1308
75.9033
75.4062
76.3314
75.0937
74.4225
74.5781
73.7611
74.0225
75.2886
75.0722
75.6245
74.3509
74.2708
74.1594
74.0455
74.7176
74.6038
74.6605
74.4033
73.6502
73.7615
73.354
74.8584
75.0628
75.3968
75.2642
75.4167
74.9688
74.9869
74.4242
74.0577
74.7656
74.6506
74.9497
75.0078
75.0379
75.1585
75.078
74.8816
74.7169
75.9347
75.7691
76.0751
75.7468
75.7803
75.2994
75.6928
74.7408
74.379
73.0401
74.0924
74.3704
74.5626
74.1705
74.1217
74.0313
75.3679
75.3524
76.5689
76.2463
76.3449
75.5329
74.4966
74.8695
74.9941
74.2617
74.9799
75.4547
75.941
76.4704
75.7142
75.5485
74.9005
74.561
74.5326
75.3302
76.0043
75.9978
75.744
74.2291
74.3414
74.2451
73.443
72.8379
73.0511
74.3548
74.5799
75.3663
74.6967
74.9903
75.0361
75.0482
74.4035
74.8097
74.4263
74.7736
74.7178
74.7385
75.7693
75.0356
74.514
73.6528
73.1927
73.0545
73.898
74.991
73.6118
74.055
74.2068
73.9477
73.8957
73.2959
74.1771
73.8412
74.3907
74.5451
73.6761
73.7206
74.0565
74.0998
73.617
73.4687
73.7165
73.4938
73.2185
73.9457
74.5432
74.2509
73.612
74.371
74.82
74.2677
73.517
74.203
73.2635
74.3752
73.5831
74.4627
74.2312
75.0562
73.9099
73.448
73.8481
75.3363
75.4402
74.8699
74.8086
73.5296
74.5332
74.6258
75.1069
74.7989
74.3372
74.095
74.7137
74.2978
74.5328
75.857
75.2524
75.4842
75.1692
74.3836
75.3357
74.5946
74.6481
76.0082
74.883
74.5244
75.6854
75.4007
74.0627
73.5067
72.7536
73.5014
74.0669
74.4229
74.7673
74.8613
73.5962
74.1593
74.3276
74.4792
75.0461
74.9247
75.8375
76.1938
76.1581
77.1583
77.2423
75.3201
74.3074
74.1036
75.9789
75.1878
75.4325
76.0451
75.0961
75.961
74.7412
75.9513
76.3476
76.3811
75.6847
75.2522
74.9094
74.4176
75.1132
74.7226
75.5852
76.1033
75.3832
75.4674
75.1998
74.7875
75.6183
76.4898
75.367
75.4518
76.195
74.8552
74.2411
74.8277
75.5456
75.9238
75.0711
74.0546
74.3246
74.323
75.4105
75.7047
75.3847
75.3466
74.1001
74.1605
74.4167
74.3955
74.8181
74.9231
74.0045
74.2322
75.1264
75.7241
75.4391
74.5164
75.2944
74.3211
75.3093
74.7828
74.6653
75.0096
74.9846
74.5831
75.7468
76.2202
76.1338
75.2515
75.3418
74.4808
75.7765
75.7909
77.4519
77.2452
77.5061
76.6021
76.4564
76.5248
77.0035
76.8401
75.3451
75.2533
74.731
74.1551
75.7982
74.5383
73.5984
73.7571
75.0096
74.6154
76.2809
75.5424
75.753
76.4378
75.0277
73.9763
73.8653
73.9922
74.4039
74.4678
74.7782
74.9483
74.154
75.4599
75.7859
75.2606
75.1521
74.9708
75.4034
74.7755
76.6972
75.5285
75.8677
76.1417
76.3628
75.9959
75.644
74.4308
74.9827
75.5319
75.4673
75.1542
75.4244
76.7925
76.2982
75.5657
74.8549
73.7377
74.8072
74.5416
74.4197
75.2835
75.8572
76.1637
75.4655
75.8449
76.08
76.0736
76.6146
76.7849
75.7265
74.8805
75.2353
75.1043
74.7171
75.5743
74.6878
75.8514
74.481
74.5783
74.4347
74.0694
73.3825
74.6226
74.5061
74.8354
74.9575
73.9226
73.0237
74.5073
74.1844
73.7838
72.5863
73.12
73.4381
73.8714
74.2246
74.3951
74.4453
74.4809
73.8478
73.849
75.2497
75.9643
76.5748
77.482
76.2733
75.8277
75.6512
75.7971
75.4061
75.9551
75.5603
74.9125
73.9267
73.7123
74.1979
75.2016
75.3752
75.5071
75.2568
74.4262
74.2174
74.4297
75.3831
76.4493
76.3778
75.9802
76.2461
74.7383
74.2147
74.5303
74.2447
74.5843
74.7202
74.9509
74.9496
75.0383
75.1962
74.6975
73.8638
73.9804
73.8274
75.0959
75.6728
74.4868
75.0096
74.8692
74.6842
74.5897
73.6541
72.1799
73.1433
73.55
73.3892
74.0938
73.2372
74.1171
74.8983
74.9004
74.8732
74.6655
74.9967
75.9986
75.4255
75.3365
74.8511
75.1179
74.4898
74.6115
73.9278
74.9882
74.6872
74.5915
75.1542
75.3557
75.9119
75.5818
75.9434
76.3465
77.7289
77.1982
75.5276
74.8469
75.3489
74.663
74.5583
74.3388
74.0272
74.9381
74.5319
74.4244
73.8229
73.9943
74.5475
73.7897
74.2024
74.4714
74.4956
74.3559
74.6377
74.2098
74.6533
75.57
75.186
75.0572
75.3822
74.5709
74.4408
73.807
73.789
73.3602
74.0302
74.0486
74.1571
74.4519
74.9871
75.7205
74.6164
75.7291
75.6857
75.6906
74.4285
73.8776
75.4534
76.2745
75.8849
74.4459
75.3705
75.3551
76.008
75.6206
76.2382
75.4501
74.4763
74.7486
74.7212
75.3234
75.616
75.2455
75.2732
75.9386
76.6036
75.3124
76.1279
75.6967
76.4022
76.2979
74.5648
74.3616
74.2073
74.2965
73.7956
74.3932
74.4902
74.1835
74.6692
75.2317
74.1879
75.6354
75.3387
75.1035
75.5331
75.1521
73.8258
74.2976
73.8308
73.9616
73.5488
75.5333
75.1333
74.8359
74.8818
75.6397
74.9799
75.1486
76.3288
76.3298
75.7873
75.4591
74.5312
75.5527
75.5176
75.5878
75.821
74.741
75.1226
74.3787
74.4174
73.8831
74.0361
75.1991
75.1954
74.4217
74.4787
74.6734
75.2104
74.8033
74.5579
74.6444
74.3399
74.8496
73.4043
73.6632
73.9805
73.3321
74.0657
74.7205
74.6946
75.1986
74.2598
73.8449
73.7647
73.9181
73.4863
72.6502
72.5742
72.6845
73.5504
74.4779
74.0239
75.2051
73.9814
74.1455
73.0703
73.9826
73.5457
74.5391
73.2351
74.3241
74.7375
74.3082
73.5606
75.0013
74.5795
73.5159
74.093
73.4847
74.2688
74.8669
74.8068
74.5311
73.9481
74.9506
75.2566
75.3505
76.688
75.2109
76.7291
75.3557
74.758
74.4642
74.7472
75.5049
74.6893
73.9389
74.994
73.5792
73.9433
74.5199
73.521
73.0248
73.9427
75.3879
76.4031
76.1108
75.9866
75.3751
76.0944
76.545
75.9547
75.7786
75.7342
75.5627
75.477
74.4919
74.6949
73.6746
74.2469
74.8258
74.5783
74.9269
74.5243
74.437
74.6499
74.198
74.8041
74.5425
75.3858
75.1074
74.6006
76.3602
75.6986
76.1383
76.2911
76.5579
76.1818
76.2974
74.8574
74.4294
75.245
75.6597
75.3405
75.2936
75.7169
76.2421
76.1194
75.44
74.5062
74.1302
73.9241
74.357
75.3563
74.4359
74.43
75.869
76.371
77.3394
76.5406
75.8466
76.185
76.3209
75.4399
73.9757
74.3843
74.2418
73.4914
74.3594
74.1075
74.8251
74.0529
74.4356
74.3934
73.7888
74.1669
74.0329
75.1172
75.4022
74.9862
75.0015
74.7227
73.9942
73.456
73.677
73.2177
74.2328
73.5469
74.0842
74.3185
74.3549
74.8807
75.3434
75.7623
75.4622
75.3176
74.6141
74.7084
74.0974
73.1838
75.0597
74.9954
73.8817
74.267
74.5947
75.2053
76.7297
75.3451
75.4793
74.5239
73.6131
73.7044
74.0619
74.401
74.6773
74.3902
74.1366
75.2062
74.731
75.1445
73.8984
74.5299
74.1526
74.4673
75.1001
73.9204
73.5802
73.742
73.5601
73.6365
74.7184
74.8694
73.8115
74.0489
74.1624
74.3147
72.9046
73.2761
72.3691
73.8097
73.5116
72.8395
74.4036
74.3407
74.8489
74.1223
74.5099
74.7885
73.5866
73.3619
73.8071
73.6358
74.2406
73.2362
73.9933
75.1973
75.1276
74.7454
74.3972
75.0848
75.6453
76.0593
75.2245
75.5001
75.145
75.2051
74.6082
73.5734
74.7704
74.7471
74.9856
75.4414
76.7439
76.1897
76.5621
75.4582
75.9543
75.651
74.6229
74.7553
75.2012
75.0623
74.408
75.2828
75.4588
75.6905
75.4086
74.7077
73.8595
73.6354
73.6567
73.7303
74.742
75.5908
75.4014
75.3805
75.6223
75.1411
73.5131
74.1668
74.1242
74.3376
74.7118
75.1521
75.042
73.987
74.8705
74.0583
74.3031
74.8648
74.4428
73.6104
73.2522
73.0691
74.6323
74.9399
74.1829
74.7951
74.531
74.9405
75.5915
75.5589
74.8895
73.6746
74.2168
74.5463
74.5817
74.1695
73.3844
72.4807
72.3151
73.306
73.5896
74.1805
74.4007
73.6252
74.0878
74.0828
74.365
74.2501
73.5367
73.7177
72.9097
73.5552
74.5988
74.8741
75.2185
75.0929
74.329
74.955
75.7349
75.77
75.4891
74.5003
75.4477
75.8978
74.8868
74.9177
74.0674
74.6662
74.5654
74.4889
74.9924
74.2366
73.7526
74.1424
75.6495
74.1623
75.143
75.5543
74.5327
74.8496
76.339
76.3585
76.7581
75.8981
75.5522
75.0497
74.9433
74.7506
75.1483
75.846
76.1339
76.4903
76.6656
75.8419
74.642
74.7657
74.3018
74.328
74.058
74.3034
74.6799
74.52
73.8368
74.2892
74.7528
75.0939
74.0673
74.0198
73.9731
75.1385
75.0893
75.6668
74.4979
75.3566
75.2458
74.384
74.4317
74.6465
74.3021
73.4233
73.0448
73.5659
73.4732
73.8565
74.9172
74.4464
73.731
75.2363
75.7593
73.763
72.8368
72.4314
72.9763
73.156
74.2069
74.4899
74.2454
73.9227
74.9896
74.2641
74.3104
74.8539
75.5493
75.6053
74.3495
74.6186
74.274
74.21
75.1518
75.2234
75.2689
76.1317
76.3681
75.8304
75.2255
74.9452
74.6129
75.0877
74.1405
74.3087
72.889
73.0278
73.1657
73.9429
74.7938
73.8113
75.3462
74.6832
73.9607
74.5527
74.9407
75.3334
75.4589
75.7815
75.9005
75.1899
74.8907
74.8851
75.1982
74.4139
74.4769
73.4819
74.1118
74.3702
75.0447
76.478
75.1398
74.9518
74.9219
75.1754
75.8822
75.1936
74.4598
75.4376
74.7762
74.2687
75.2875
74.7028
74.8942
74.7101
75.2672
75.2241
76.3404
75.8144
75.8461
76.1187
76.3946
75.5458
75.7229
75.7482
75.8552
75.6282
75.04
74.963
74.9731
76.2277
75.597
75.2121
74.1207
74.299
73.4624
73.4348
73.287
72.7137
72.5369
73.712
73.2767
73.0165
73.8258
74.0139
73.734
73.6226
74.229
74.1227
75.2594
74.8182
75.1542
75.7333
75.7459
74.6173
74.1401
74.4889
74.5493
73.3999
73.4095
74.8137
74.0275
74.0899
74.1659
73.5872
74.1978
73.9253
73.3777
74.5044
74.4537
74.5966
74.7132
75.6729
75.191
75.3752
75.1986
74.3493
74.7013
74.324
75.6953
76.4891
75.9258
75.3618
75.3967
74.0326
74.1238
73.9991
74.6632
74.7365
75.0466
74.9442
74.1266
74.8549
74.2551
73.7543
74.2355
74.1941
74.9704
75.6903
73.6475
74.6487
75.0622
76.9798
75.6721
74.9798
73.5252
74.662
75.3547
75.3243
75.1455
74.1599
74.6959
73.7333
73.7983
73.9702
74.5022
74.5894
75.1077
76.0688
75.4824
75.9833
76.4843
77.0064
75.514
75.0141
74.2848
74.3742
74.3988
74.9652
74.3054
75.3898
74.313
74.6144
75.0452
75.241
74.2367
74.5929
73.3823
73.2486
73.5563
74.0486
73.7091
73.1216
73.0731
74.3732
73.4392
74.2713
74.6239
74.6497
75.1244
74.8203
74.8335
74.2429
73.9714
74.6916
75.0823
75.6761
75.8154
77.0423
75.4722
75.8164
75.1921
73.8272
75.101
75.4425
75.2406
74.5807
74.6164
74.9244
74.7631
74.7574
74.2483
74.5128
74.122
73.6376
73.3991
73.9788
73.7986
75.6223
73.8726
74.3688
74.8615
74.4557
75.1759
76.7564
73.912
73.7674
74.0436
73.988
74.5962
74.0046
73.2258
73.6079
74.1232
74.4294
74.8628
75.0569
74.3183
75.0621
74.3597
74.0174
74.7476
73.8261
73.6424
73.8615
74.1638
73.6396
73.6464
74.3849
73.4737
74.8102
74.5824
73.8506
73.8318
75.1514
74.7959
74.6652
74.8367
75.0773
75.8788
75.6665
75.5466
75.9022
75.8409
76.5003
76.1863
76.1142
75.6335
75.65
75.23
74.7569
75.5921
74.6626
75.0083
75.46
75.1477
76.4023
75.6622
75.7348
74.601
74.364
74.3769
73.681
74.1806
74.1491
74.8591
76.6374
75.2015
75.3335
75.8983
74.291
75.4082
76.5723
73.83
73.9169
73.8186
74.5726
74.0796
74.0254
73.9064
74.1237
74.3133
74.0862
73.7603
73.4867
73.2263
74.0854
74.2728
73.9111
75.4224
75.576
74.6545
73.9747
73.5062
73.1889
73.2047
73.9492
73.6217
73.7598
74.2418
74.1492
74.7658
74.7882
73.9635
74.0747
73.9553
73.8161
73.1291
74.3738
75.8051
74.9062
75.4184
73.9974
72.801
72.8868
74.6991
75.5239
75.5473
74.7003
74.3649
74.0498
73.8336
74.4269
74.4847
75.1444
74.7573
73.5639
73.2636
74.0604
74.3134
73.807
72.7952
74.0055
74.0622
73.9207
73.6308
74.2597
74.8514
74.0996
73.7497
74.5221
74.7004
74.9553
75.0576
74.6957
74.8814
74.0763
73.7776
73.5858
73.7514
73.6107
74.4687
74.4459
75.3091
74.5166
74.1237
75.4099
74.7006
75.8318
75.7596
75.0654
75.4054
74.7876
74.4819
74.6735
75.6159
75.2147
74.6045
75.1486
75.1739
75.3032
73.9979
75.7273
74.9297
75.2959
74.9148
74.4032
74.144
74.3665
74.3196
73.7838
73.3822
72.9645
73.7157
73.8705
74.9296
75.2304
74.0235
74.7371
75.1545
74.6386
74.2855
75.3645
74.5684
73.6421
74.4359
73.7814
73.654
74.1437
73.3604
73.2479
73.0042
72.9587
73.9968
73.9272
73.8742
73.4926
73.0542
73.298
73.4333
73.6988
74.1606
74.3447
75.1998
74.1262
73.1766
73.3478
73.7472
74.411
73.038
73.3978
73.0138
73.3752
73.0891
73.5783
73.7485
73.9047
73.9616
73.7614
74.0379
73.3865
73.173
73.0403
73.8933
73.7375
73.7948
73.8688
73.6009
73.5629
74.7993
73.9612
73.0252
73.5544
73.4894
74.2705
73.7878
73.9084
74.0312
74.0121
73.4666
74.1097
74.5901
76.0741
75.3412
75.3624
75.3992
75.4312
73.777
73.9698
74.6666
73.8103
74.3082
74.1749
74.6826
73.7949
74.5083
74.6328
75.0919
75.5877
74.6553
73.7598
74.3174
75.1193
74.2776
72.9216
73.0571
72.5069
72.6661
74.1708
74.2959
72.8278
73.945
75.1138
74.4583
75.4508
76.1153
75.8101
74.3055
73.7435
74.0844
74.1194
73.2823
72.7568
73.0711
72.4341
72.9917
73.1496
73.6859
73.0457
73.7879
74.5488
74.5647
73.833
73.5496
73.8515
74.3795
75.6651
74.9011
74.9841
75.2694
74.3998
74.5465
73.9493
73.7841
74.7313
74.7442
73.7286
73.803
73.2573
75.3279
75.8501
74.4503
74.616
74.7647
75.2127
75.154
74.4404
74.9209
74.6004
74.1388
74.1853
74.2684
73.2253
73.6584
73.8787
73.8698
73.9057
73.7601
73.977
73.6824
72.9315
73.4664
73.3083
73.0868
74.5022
73.3848
74.0425
74.402
74.0502
74.072
75.5299
75.5497
76.0151
74.8182
73.711
74.1449
73.9524
74.0013
73.3843
73.5481
74.0604
74.0358
74.1561
73.5676
74.3256
73.8088
74.3388
74.5208
75.3658
75.7164
74.6165
73.8888
74.2736
74.2463
74.6418
73.8808
75.6712
75.6454
76.4723
76.5511
74.7917
74.8409
74.3891
73.414
73.6885
73.8196
73.801
72.9587
74.9591
74.0019
73.1826
73.5254
74.2241
73.7517
73.8824
73.8592
73.365
72.9342
73.0146
73.6024
73.0457
73.7374
74.0312
74.3776
74.0582
74.6362
75.1536
73.7517
73.7616
73.453
73.2425
73.2509
72.6033
73.6717
73.4825
73.6436
74.2762
73.8693
74.166
75.0931
74.7965
74.2022
75.0969
74.5034
74.3283
74.1295
73.7423
72.9617
73.7829
73.7408
72.9592
72.9071
74.1427
74.5122
73.9051
73.6532
73.4793
72.802
73.2532
73.5105
73.236
74.4028
73.8164
73.5472
73.5441
73.8781
73.5122
74.1281
74.1366
74.3591
74.2426
75.345
74.8477
76.2826
76.0447
76.1487
74.4027
74.5568
73.4437
73.4813
73.7693
73.8307
74.3846
74.249
74.1193
73.6474
73.61
73.774
73.3569
72.771
72.7704
73.0186
73.7042
73.2801
74.5608
73.5279
73.9187
72.761
72.6851
72.2495
73.1908
73.5501
74.6654
73.8749
73.3071
73.7941
74.0021
74.5613
74.844
75.796
74.9897
73.6591
74.2151
73.5648
74.5179
74.5562
75.6307
75.8368
74.5753
74.751
74.4218
73.7677
73.6243
73.5212
73.6994
73.7608
73.5097
72.0645
72.8122
73.1864
73.3894
73.8217
74.2725
73.0099
72.7535
73.0516
72.8468
73.1972
74.1972
73.6557
73.7516
74.2967
74.8623
75.7554
75.2512
74.792
73.862
73.8397
73.7775
73.7883
73.9269
74.2688
74.4915
74.6792
73.4103
74.6188
75.0495
74.9754
73.3451
73.8496
73.889
74.9387
73.7408
74.6722
73.8964
74.4857
74.1092
74.7145
75.0374
74.3681
74.5995
73.6093
74.7316
75.1273
74.0083
74.1731
74.6982
75.109
74.5733
73.3793
73.8945
73.2482
73.5267
73.6234
74.7607
74.3485
73.9874
74.171
74.152
73.7792
73.2386
73.5079
74.227
74.0073
74.3434
73.8973
74.1077
74.4117
75.4444
75.9086
74.2007
74.2511
74.3854
74.9252
75.7685
75.3383
74.5081
73.6817
74.8805
75.1044
73.611
74.0118
74.7184
74.9771
74.5528
74.4427
74.5641
74.6101
73.8314
73.7407
74.8351
74.3083
74.667
73.4605
72.3569
73.1944
73.194
72.7111
72.7358
72.512
72.6435
72.7682
72.9012
73.3582
73.7916
73.7843
73.603
73.8529
73.3347
73.7767
73.3757
73.1466
73.6612
73.8708
75.1153
74.4624
74.1002
74.1458
75.4283
74.3034
73.187
73.5901
73.1383
72.7037
72.5889
73.9977
73.4411
73.5441
74.5296
74.975
74.0106
73.7133
72.526
73.5145
73.6837
75.324
74.2897
73.6311
74.4448
74.1074
74.8019
74.3026
74.1624
73.9736
73.6429
74.0697
73.7771
74.7728
73.4029
73.4015
73.6678
73.206
74.3211
74.4134
74.8525
74.0913
74.3631
73.7522
75.5394
74.9813
75.3057
73.7499
74.142
74.0192
74.8932
73.976
74.9616
75.8605
75.3462
75.5498
75.6619
76.0869
76.8242
75.0045
74.5091
74.481
74
74.7622
75.0338
74.0895
74.7123
74.65
74.3362
75.2526
75.3221
74.5755
74.4303
74.4768
75.0427
75.891
75.7684
75.1747
74.2849
73.4795
74.6967
74.7151
73.8299
73.7771
74.1964
73.7743
74.5641
73.622
73.0849
73.5744
73.8325
73.9337
74.1339
73.2377
73.2748
74.3885
73.6213
74.0793
75.393
75.4532
74.9161
74.8154
75.6666
75.5439
74.7142
75.3861
74.4961
73.6855
73.6876
74.1249
73.7351
73.5299
73.6502
74.4549
75.2198
74.4253
74.2641
74.3581
74.1471
73.8665
74.2415
74.7986
74.8464
74.3659
75.6389
75.3796
76.5137
74.5546
73.2301
73.0195
72.7164
72.86
73.4817
74.1771
75.1267
73.9443
75.3621
75.1823
74.8216
73.8692
73.8846
72.8545
73.5338
74.8944
73.963
75.4764
74.2549
74.0085
74.5527
73.204
73.5068
73.9086
75.1678
73.8579
73.2944
72.6604
72.618
73.355
73.9112
74.4665
75.203
75.4543
74.5629
74.9162
75.3359
74.8511
75.3761
74.9957
74.5576
72.7468
73.6103
72.9999
72.6246
73.3679
74.0239
74.3139
74.5539
74.9347
74.7326
73.6458
73.8274
74.5707
74.4506
75.6672
74.7155
74.3615
73.2806
73.6925
75.2327
74.2573
74.5341
73.7605
73.0119
73.0786
73.7627
74.2478
75.04
74.8956
74.0906
75.5943
76.0683
75.3418
75.8508
75.0695
74.8349
74.7431
74.1823
74.3089
73.7782
73.2395
73.6022
73.8575
74.9775
73.925
73.898
73.5181
73.4603
74.1094
73.6502
74.7612
75.1057
74.5124
75.1871
75.2442
75.1354
75.5098
75.8369
75.0881
74.1827
74.2112
74.4936
74.4145
74.6921
73.7129
73.564
73.8203
74.1823
73.5388
73.9003
72.2779
72.7481
73.0779
73.2985
73.3997
73.0156
72.4556
72.7862
73.556
73.9307
74.063
74.5806
75.8182
75.1792
74.2746
74.7603
75.1805
73.6886
73.3157
73.4682
73.3642
73.2323
73.2848
73.2679
73.3951
74.6715
74.6114
74.3059
74.8706
74.5234
74.5537
73.709
72.8682
73.1337
75.4167
74.7263
72.9502
73.7492
74.2391
74.4156
74.3703
74.6115
74.5045
73.9603
73.8633
73.8025
73.4006
72.6309
73.0352
73.3562
73.8126
72.6372
73.8012
74.0516
74.9014
74.8037
74.4692
74.8959
73.9176
73.9239
74.2303
73.6179
73.4225
73.1702
74.1941
74.4805
75.8681
75.342
74.1486
73.937
73.9601
74.2045
75.2674
75.6013
75.9772
75.226
74.2998
74.4922
73.6872
73.8351
74.3444
74.1087
74.2685
74.413
73.6062
74.2577
74.0538
74.0201
74.0595
74.0114
73.8564
74.1373
74.1927
73.7936
72.6974
73.4697
73.2365
72.8834
73.2607
75.2555
73.9642
74.0043
73.6484
73.2241
72.811
74.477
74.8309
74.7831
73.9619
74.2195
73.7892
73.3521
73.0564
73.3984
73.3891
74.0285
74.6186
75.4577
76.6916
75.659
75.7487
75.1466
75.4766
74.7208
73.9511
74.8158
74.9403
74.2189
73.2265
73.6417
73.1078
71.8639
71.98
72.8166
72.797
72.8609
72.9159
72.9094
74.3388
75.2429
74.8231
74.689
74.5545
74.7661
73.8429
73.9782
74.7776
75.6607
74.2034
73.4317
73.8502
74.3338
74.1255
74.5047
73.0341
73.0323
73.814
73.049
73.6497
74.0145
74.8263
74.6946
74.46
75.3563
74.5451
74.736
75.2433
74.114
74.9216
74.8086
74.3053
74.1755
74.5954
75.0423
75.5231
75.0695
74.4723
74.1376
74.5952
74.1613
74.3827
74.7838
74.403
74.0722
74.5214
73.0446
73.6259
73.9601
74.737
74.9594
74.9518
73.8337
73.8292
73.81
73.7401
74.3195
74.8038
74.6474
75.6955
75.0771
74.9158
74.9466
76.149
75.58
75.2942
75.5094
74.0662
74.6414
74.255
74.3965
73.4772
74.1249
74.6921
74.8516
75.8721
75.8035
76.0142
75.3451
74.6819
74.6574
74.503
74.4426
74.4177
74.1257
74.4301
75.2268
76.2506
77.0701
75.2178
74.3845
75.1838
75.2403
74.5643
75.0737
74.108
75.8213
75.1782
75.0868
75.0487
75.1845
74.8706
76.2413
74.9667
73.5422
73.4644
74.1992
73.1188
73.9687
73.7494
73.3306
73.317
73.4201
73.7272
73.4371
73.5881
74.0167
74.5723
74.3016
74.7574
74.842
73.5872
74.9157
74.79
75.0548
74.3039
75.7918
75.4376
74.1766
73.316
74.3521
74.6906
75.1409
75.2123
74.4417
74.7688
74.5709
74.5586
74.4724
74.6372
73.8102
74.1568
73.2278
73.9874
73.9669
73.8897
75.2551
74.9224
74.6379
74.5333
73.7862
73.6338
74.0821
73.7254
73.7121
73.1681
75.5857
76.0649
75.8366
75.8601
75.4312
73.9637
73.7327
72.9343
72.859
73.1216
73.7158
73.3055
73.7649
73.6504
73.3822
73.1208
72.7605
73.412
73.338
73.8672
74.3993
74.5103
74.6358
75.6052
75.5251
74.2194
73.4758
73.15
73.1574
73.7259
74.4416
74.1494
74.9957
74.0591
74.4213
73.8866
73.6241
74.6476
73.1255
73.7251
73.825
73.6315
73.3911
74.2255
73.5076
73.5672
73.4971
74.1341
73.4692
73.4823
73.5138
72.757
72.357
74.1453
74.5938
74.6124
75.5097
74.2164
74.5886
74.1148
74.4219
75.05
75.2836
75.1416
74.6221
74.9384
73.8935
73.8689
73.4207
72.9148
72.8719
72.9752
73.415
73.4469
73.3445
73.997
74.1945
74.4898
74.3241
75.3895
74.1443
73.8103
74.0326
74.4287
74.1526
73.9936
75.0696
75.7858
76.0241
75.4528
75.6451
75.7792
75.2467
74.799
74.429
74.7259
74.2195
73.2309
72.7814
74.5395
74.2946
75.0147
75.306
74.5891
74.0334
74.3109
74.41
74.5854
74.2712
74.038
74.5269
74.5775
74.923
75.0101
74.5852
76.5121
75.9314
76.459
75.104
75.4116
75.4167
76.2625
75.8648
75.1469
75.8536
75.3792
75.7358
74.9745
75.8835
76.895
75.3188
75.5416
75.5888
74.3701
73.5804
73.7396
74.3779
73.544
73.868
73.7414
74.0196
73.2695
73.6551
73.5407
73.1653
73.7534
74.0342
74.5934
73.7503
74.0704
73.4983
72.6585
73.1183
72.0828
73.3777
73.7967
74.2513
72.7034
73.2257
72.7958
72.6405
73.2012
72.811
72.8501
73.4197
72.0486
71.6079
71.886
72.1763
72.7143
72.851
73.3289
73.022
73.83
74.0892
74.3756
73.7771
73.5455
74.3528
74.7116
74.3471
74.2779
74.3272
74.1073
73.9171
73.7043
74.1556
73.9905
74.947
74.8958
75.019
76.076
76.1236
74.6307
74.5188
74.0045
73.2841
74.0843
73.9092
73.3069
74.5665
73.9689
74.2379
73.759
74.3706
74.5576
74.9624
74.9989
74.2489
73.9173
73.8636
73.9567
74.5624
75.2271
75.1256
73.8889
74.769
74.0383
74.5564
73.8801
72.9496
73.7051
72.5012
72.2691
72.692
74.0073
73.7185
73.6513
73.5974
73.6809
73.5817
73.4311
72.3692
72.5654
74.1255
73.7048
74.2657
75.214
75.3936
75.6119
75.23
75.0297
74.4676
73.4613
73.1893
74.0531
74.3115
74.1728
74.407
74.2527
74.5545
74.4707
74.0971
74.6526
74.4189
73.6071
73.9906
74.419
74.2243
74.2326
75.1307
74.4752
74.3719
75.783
75.3977
75.2206
75.0912
73.9476
73.9025
73.6926
73.6704
72.9781
73.9964
73.0401
72.6077
73.4939
73.3032
72.1273
71.9862
72.9118
74.0177
74.2041
74.7003
75.2741
74.9475
74.7091
74.3616
74.0945
74.2375
74.0736
72.8514
73.235
73.6663
74.5738
73.7463
74.7561
75.0078
74.8569
75.8489
75.429
74.7342
74.267
73.7903
75.6571
74.3124
74.2394
74.5172
76.0852
76.0454
74.8962
74.8771
75.5527
74.5565
74.52
74.2406
73.6089
74.4162
74.7192
73.1965
74.2685
74.6461
73.8979
72.1465
72.4184
72.7992
73.3064
73.3866
73.3413
74.3223
74.6694
73.8644
72.4272
72.385
72.184
72.2577
72.606
72.9609
74.3243
74.1113
74.0642
74.1242
74.0913
73.4009
73.8602
73.6459
73.3889
73.7592
74.5456
73.7863
73.1403
72.6951
73.1918
74.2417
74.4769
73.5961
73.9683
73.2141
73.7265
74.708
74.9865
74.5103
74.1519
74.3215
73.8652
74.6483
75.0076
74.6784
74.5649
74.8862
75.0342
75.0641
74.8192
73.9912
74.7
75.0344
74.3985
74.0471
73.338
73.5157
72.4848
72.5815
73.675
73.6176
73.9011
72.7933
73.5901
74.6746
74.4091
73.6581
74.0188
74.2968
74.5098
74.6408
74.2378
73.218
73.7652
74.5269
74.1055
72.8775
73.1278
73.7226
74.9969
74.1491
74.404
75.166
74.6283
75.3703
75.2957
75.5404
74.3043
73.5691
73.374
73.7589
73.4689
74.2807
75.3676
74.8312
74.5977
74.6687
74.2646
72.8538
73.0289
73.1733
72.2396
72.5521
72.3714
72.2097
73.0823
72.4246
71.9999
72.7536
73.4755
74.0815
73.3551
73.8557
73.5439
72.9454
73.841
73.5338
73.5125
73.3991
72.9445
73.8841
73.9095
74.1946
73.3621
74.6693
74.8466
74.6815
73.53
74.0189
74.112
73.9342
75.3422
74.8354
74.3986
74.3182
75.0459
75.3279
74.2672
74.6316
74.0024
75.2363
74.1758
73.5824
73.611
74.1902
73.4495
73.6634
74.5994
75.1712
74.9786
75.6324
74.1064
73.8087
73.4838
74.2174
73.9078
74.1522
74.0329
73.5706
72.5237
74.0994
73.8251
75.1824
74.3345
73.6212
74.229
74.6081
74.6135
73.5103
72.6733
73.5086
73.4175
73.7168
75.386
75.7954
76.1816
75.8443
75.2161
74.3995
73.8171
75.024
74.494
74.1877
75.343
75.4355
75.2905
75.7009
74.0707
74.9773
75.1216
75.8353
75.4663
75.8923
74.6528
74.6019
74.0113
74.393
74.793
74.9478
75.1904
74.8711
73.8925
73.5346
72.6242
73.6674
74.3902
74.5067
74.8206
72.7959
72.5819
73.8852
74.1666
73.6525
74.2994
74.9082
73.8555
74.736
74.5918
74.8134
74.0871
75.1753
75.3822
75.7607
75.2143
75.4413
75.9193
74.9616
74.9819
76.0339
74.8099
75.2104
75.3477
75.2074
74.5429
74.4931
74.5167
74.5064
74.3399
74.5826
74.398
74.1199
74.3471
74.4723
75.2587
75.4945
74.7421
73.6052
74.2892
74.7289
74.1856
72.8353
72.9906
73.0219
73.5686
73.3518
73.1499
72.6752
72.2037
72.3827
72.1065
72.7963
73.2353
73.1203
74.4934
75.2986
74.5919
74.6305
73.833
73.2416
72.9331
74.1989
73.6593
73.1283
73.3113
73.3845
73.4995
73.9464
74.0366
73.7266
73.1331
74.0696
73.2827
74.289
73.6018
73.5667
73.2195
72.934
73.1739
73.2818
73.6767
72.1761
72.9419
73.1845
73.5911
74.3786
73.8074
73.8399
74.7698
74.9628
74.3173
74.3439
74.6797
75.0001
74.8273
75.1152
74.8636
76.0959
75.7816
74.0644
74.325
73.2039
72.7229
72.7662
73.0822
73.7525
73.7238
75.0763
75.1947
75.443
75.5724
73.2698
73.2521
72.9219
73.6438
74.2025
74.3743
74.498
74.9507
75.065
74.4389
73.8018
73.6145
74.6205
74.411
73.4949
73.9836
75.7565
74.9161
74.1229
74.7015
73.431
73.386
73.606
73.1819
72.9356
74.1839
73.5626
73.7486
73.4726
74.5777
74.5196
73.8495
74.0317
73.4932
73.6462
73.2314
74.0177
75.0676
75.0522
74.5439
74.0547
73.7226
74.0748
73.5258
73.8434
74.1515
74.006
73.9471
74.6444
73.274
74.3804
74.6754
74.4983
75.3556
75.8979
74.851
74.6105
73.6693
73.7337
74.7058
74.8813
74.1069
73.5946
72.9151
74.3408
74.4401
74.0308
72.201
72.8028
72.8143
72.221
72.7275
73.1453
73.5181
74.3388
73.9632
74.6286
75.6635
76.2187
75.9594
75.5624
75.4955
74.3989
74.4228
73.747
73.7902
73.598
74.9229
74.0045
75.2718
74.5666
74.0075
74.5192
75.2955
75.4931
76.2373
76.1316
74.7941
73.9463
74.2463
74.5875
74.5046
74.1557
75.3819
75.1108
74.6383
73.8013
74.5674
74.8058
75.1874
74.755
74.33
75.0347
75.2751
75.1417
74.6504
74.6777
74.2592
73.8278
73.719
74.8342
74.7801
75.2172
75.0787
74.218
74.0017
74.2942
74.0335
74.2189
74.4886
73.5402
73.1618
73.7563
73.831
74.603
74.3884
74.3291
74.2623
73.8716
73.8663
74.3368
74.6821
74.384
74.766
74.898
75.4562
75.1455
74.9026
74.4468
73.9369
73.5888
74.2607
73.7286
74.1777
74.9525
75.5221
74.9232
74.7815
73.936
72.932
73.2608
73.1582
73.5613
72.1563
73.6114
73.8715
74.0957
74.1406
73.226
74.1629
74.6293
74.9664
74.7404
75.2434
74.7149
74.8706
74.5271
74.0236
73.8151
74.4827
73.281
73.615
73.4859
73.03
73.6934
75.0641
73.8924
74.0512
73.9391
73.8363
74.2394
74.3484
73.7208
73.3808
74.1065
73.918
73.4602
72.909
73.7608
73.3827
73.7705
73.7061
73.7235
73.8492
73.0445
73.7492
73.3246
74.4018
75.8292
74.517
75.1053
75.7014
74.9495
74.7767
75.0201
74.4821
74.0682
74.6676
74.2746
74.8653
74.9008
74.7208
73.9117
74.523
75.0516
74.8973
74.268
74.2751
74.7674
75.2094
74.4773
74.0446
73.1805
72.7593
73.3266
73.0567
73.0832
73.6947
74.0445
73.7144
74.1872
74.3252
73.7333
74.7145
74.0128
74.0049
73.876
74.8263
74.8645
74.5232
74.7186
74.3266
74.6849
74.7534
74.068
73.4069
74.2148
73.9149
73.7052
73.1688
73.7946
73.3437
73.395
74.1687
74.8395
73.8647
72.4097
73.7677
74.2622
75.3452
75.0357
73.8359
74.1071
74.4718
75.3343
74.5729
73.4127
74.2154
73.6122
73.6917
74.5882
74.5518
73.284
73.0363
72.9638
72.8152
74.0138
72.5145
72.6167
73.0779
72.943
72.653
74.1476
74.4439
74.8144
73.9054
74.7111
74.2402
74.6747
74.2598
73.8665
74.4183
74.4601
73.8492
73.2581
73.7135
73.2206
72.8494
73.6919
74.0908
74.1274
73.4858
74.0685
75.0294
74.3962
73.9026
73.0273
73.6719
72.7086
73.6816
74.4707
74.218
73.6778
73.8254
73.133
73.2891
73.0933
75.7378
75.13
73.8382
74.2868
74.9245
74.2666
73.8441
74.0152
74.8243
75.1005
75.1892
74.8661
74.3685
74.377
75.4946
74.0984
73.2436
73.1682
72.986
73.7292
74.5351
75.6776
74.2018
74.5327
75.4946
75.1479
74.2754
74.5989
74.901
74.4863
74.8411
74.7436
74.8678
75.0424
74.679
74.2581
75.1252
74.4174
73.5242
73.6981
73.0422
73.2222
74.1216
74.1039
74.711
74.5138
75.3648
75.1719
73.5748
73.1606
73.0919
73.8164
73.7649
73.8237
73.9582
75.0999
75.3714
75.6509
75.7567
76.2059
75.8731
74.5818
73.6622
74.3269
73.2695
73.2784
72.3873
72.7528
72.8034
73.273
73.7363
73.0707
73.053
73.4404
74.395
73.83
73.3528
73.0361
73.7987
73.8247
74.8424
74.9359
75.2801
76.5009
75.974
76.7234
77.3502
76.1185
74.6187
73.6987
73.3888
73.9456
74.1507
74.1339
73.7355
73.086
73.5342
73.3878
73.8498
73.6648
73.1411
73.1275
73.4
74.1045
73.9837
73.2169
74.1404
74.6973
74.1284
73.1228
73.8363
73.3396
73.2284
72.2834
72.248
72.3555
72.1114
72.0378
73.2404
73.1012
73.0577
73.3433
73.4722
73.8225
74.6668
73.8779
74.0192
74.6315
74.6243
74.7897
76.4901
74.7791
75.189
74.4587
73.5469
72.4417
72.9928
72.4434
72.9106
73.1031
74.084
74.7293
74.9237
73.8296
73.6346
74.1243
74.6575
73.4244
73.6648
73.1861
72.3106
72.5025
73.4514
73.0569
72.9222
72.5774
73.1572
74.7697
73.7469
72.9784
72.0904
72.1949
72.3189
72.817
72.7837
73.2595
73.5036
73.5337
73.032
73.0306
73.2659
73.9625
74.2813
73.5079
73.557
73.1789
72.8452
73.3227
74.2105
74.1668
73.7323
74.7941
75.582
74.9056
75.3309
74.8331
74.4114
73.9952
74.0032
73.8745
73.765
74.557
75.137
74.4373
74.7142
74.6828
76.2282
76.5079
75.4078
74.1682
73.3866
72.8383
74.2587
73.6423
72.7705
73.3594
72.0098
72.767
73.7071
74.5561
73.9267
74.7522
74.306
75.5612
76.5396
76.4835
75.5855
75.6457
75.6913
76.3681
76.3217
76.0537
74.7119
74.5119
74.9789
76.0685
74.8534
75.3708
74.313
74.2389
74.0173
74.3005
73.8687
73.5734
74.056
74.8327
73.7282
73.7748
73.557
72.6985
72.4525
72.4115
73.2126
73.9195
73.0822
72.7832
73.0774
73.3777
73.7185
73.2972
73.9308
73.63
73.2018
73.0698
73.2818
73.4471
73.0094
72.432
72.6683
73.2565
73.7817
72.4247
72.5365
73.0009
73.9272
73.5226
73.9924
74.8288
73.9623
74.2204
74.6445
73.9763
74.1947
74.8136
74.1425
74.8669
73.7411
73.5788
73.6374
73.4307
72.8768
74.3413
74.6517
75.12
74.5415
75.0837
75.0408
75.0262
75.22
74.8213
74.397
75.0343
75.6038
75.1341
75.6604
75.7255
75.4607
75.2354
73.8127
74.0995
74.6224
74.859
75.2039
75.9094
75.6473
75.7591
74.7184
75.0549
75.4546
75.3696
75.2534
75.3387
74.8366
74.0319
73.4575
73.3603
73.7851
73.6118
73.9883
74.0828
74.6592
74.3976
73.7189
74.516
74.3552
74.8039
74.104
73.4281
74.0232
74.4147
74.097
74.0346
74.2838
73.8668
73.6535
72.7809
74.0271
74.1191
74.3078
75.0767
72.4658
73.2662
73.0221
73.0402
74.3553
72.8608
73.7787
73.8957
74.9789
73.9014
74.3021
74.7578
74.1387
73.4861
73.2026
72.8902
72.6269
72.5469
73.1542
73.4606
73.5927
73.0121
72.8184
73.4854
74.2333
73.305
73.8332
74.5286
75.0912
74.3995
74.7896
73.8892
74.2207
74.4259
73.8122
73.1076
73.7246
73.8214
74.703
75.5766
76.3549
76.0879
76.9043
76.1689
75.7352
75.2645
74.4861
74.7156
73.8617
74.5639
74.4924
74.8056
73.788
72.4747
72.7498
73.0564
73.7616
72.7506
73.4687
73.9956
74.3709
73.9484
73.2581
73.2736
72.5922
72.855
74.1195
73.7198
73.7961
75.0282
74.3513
74.522
74.4288
74.0634
75.1425
75.0224
74.6537
75.2929
75.2266
75.318
75.4116
75.2706
73.465
74.7389
75.1148
73.9324
75.1493
73.3686
73.258
73.7257
73.15
73.5325
73.8794
74.0649
74.2548
73.4236
72.9749
73.9408
74.1637
73.8052
74.956
75.7197
75.4109
76.2644
75.6448
75.689
75.6768
75.5008
74.1681
73.7746
73.0729
73.7503
73.3756
73.2919
73.8582
74.0493
74.0442
73.8074
73.7143
73.6853
73.3643
74.6608
75.7394
75.326
74.9842
74.3594
73.5717
73.9781
72.8929
72.691
73.7394
73.9275
74.5317
74.7185
73.433
74.1575
74.482
74.7847
75.6068
74.1348
72.8912
73.871
73.774
73.9405
74.0919
74.7636
75.0716
75.0689
75.1929
75.03
74.3215
74.2106
73.8766
74.2278
74.5945
75.5761
74.3382
74.1305
74.0847
73.8703
73.7695
74.3518
73.8214
72.5002
72.8458
73.8305
74.1145
74.0957
74.9417
75.2146
74.7512
75.5477
75.0509
75.1192
75.3162
74.9691
74.3205
74.8644
74.2012
75.0611
75.9579
74.9217
75.4326
75.2127
73.9854
74.15
73.8836
73.8288
73.9299
74.0366
73.1411
73.3476
73.6414
72.3891
73.2859
73.3975
73.7817
73.7594
73.7421
75.2853
75.0666
76.4587
75.8148
75.0114
75.1175
74.284
73.8569
73.4037
74.0632
73.2732
73.2068
74.1207
73.7484
73.5828
72.7945
73.8868
74.5122
73.6296
74.0644
74.6003
74.7217
74.347
74.3791
74.3883
74.094
74.797
75.1155
75.7611
75.6639
75.6695
76.0124
76.2045
75.5936
74.962
74.6418
74.5074
74.5085
75.0125
75.8119
75.5924
75.9349
74.5508
74.8354
74.0653
73.802
73.9438
73.0145
73.7639
73.5037
73.3228
73.5468
74.107
73.8976
74.3256
75.0425
74.7437
74.5565
74.0092
74.2699
73.9403
75.4661
75.9259
75.4946
76.7872
76.3473
77.0083
76.1233
74.4815
75.3419
75.4803
74.781
74.6451
74.9901
75.3004
76.1941
74.6482
74.2828
73.0531
72.4091
72.8937
74.4431
74.8389
76.1556
75.6923
75.8966
76.328
75.3738
74.2387
73.5991
73.8693
73.6653
73.4163
72.4501
73.226
72.5376
73.8761
74.3778
74.2533
74.3938
73.5984
73.0429
73.4875
74.2282
74.2501
73.2949
73.1089
73.2516
72.322
71.9624
72.6678
73.0394
73.7554
73.8387
73.2574
72.7651
73.4801
73.4403
74.1933
73.6769
73.9497
73.6034
72.6482
72.3812
73.3435
72.4616
73.6146
74.0074
74.0676
74.0337
74.3264
72.8738
73.1169
72.3589
72.9121
73.5291
73.6503
73.1607
73.3519
73.4713
73.8299
72.7401
72.6307
73.1617
73.3274
73.9824
74.4298
74.4766
74.552
74.4591
74.8499
74.7815
74.5126
75.0504
74.3247
73.8558
74.16
73.8822
73.0827
74.59
74.1522
74.2937
74.6368
74.0006
74.3793
74.8242
74.5501
73.9136
73.6588
73.2054
72.7973
73.0284
72.5926
72.7359
73.2852
73.6185
73.7324
73.6467
74.4778
74.4234
74.9475
73.5953
72.4848
72.3661
72.8014
73.5792
73.4961
72.4437
73.0877
73.7574
73.8159
73.6368
74.1947
74.6279
74.5858
74.6752
74.6082
75.5591
76.5811
77.0629
76.9233
78.1873
77.5141
75.6558
75.3889
76.3103
75.5201
76.1854
76.4499
74.9818
74.2113
74.4164
75.1762
73.7462
73.6075
73.0405
74.2399
73.6003
73.7803
73.4387
74.0907
74.8087
74.3324
73.876
73.9443
73.7529
74.6147
75.6089
74.9257
74.5966
74.5284
75.2428
74.255
73.3572
73.7485
74.1519
75.7018
77.3223
75.9041
75.1473
75.0117
74.8534
74.409
74.3684
75.1118
74.9869
74.5548
73.8815
73.3927
72.8529
72.9145
72.5042
73.3809
73.7795
73.2075
73.7055
74.8522
74.6597
74.3378
73.8092
74.3131
74.4609
75.1803
74.9192
75.3724
75.3243
74.1866
75.0235
74.9382
73.5804
74.322
74.3688
74.0964
73.1368
74.5505
73.7189
74.2428
73.9751
73.2758
73.1531
72.0486
72.441
72.4671
72.9194
72.8196
73.7152
73.2053
74.8396
74.2997
74.5689
72.6975
72.8396
74.0803
73.591
74.0401
75.1217
75.2961
75.8383
75.346
75.043
75.1145
75.2727
75.4712
74.8983
74.6014
75.6677
75.9167
76.4807
75.9591
74.9392
73.6974
74.7457
74.7347
74.4928
75.0663
75.5576
74.7643
74.5769
74.2754
75.5817
75.2065
74.7077
74.172
74.7961
75.2837
75.9423
74.6551
75.0994
75.906
75.6868
75.2975
73.6467
74.438
74.6789
74.3661
74.1509
74.3818
73.8001
73.5097
74.0003
73.0651
73.3801
73.4985
73.3344
73.16
73.3447
74.0862
73.4922
73.4318
74.0058
74.266
73.2824
73.7005
73.7529
74.1685
73.231
73.9354
74.7855
75.2486
73.9275
73.2566
73.7614
74.3813
74.1111
74.2985
74.813
74.1469
74.76
73.8755
73.9209
74.6992
74.5275
74.6577
74.2212
73.8903
73.9247
73.6596
73.9943
74.0757
73.5283
73.7588
74.0076
73.9225
75.2706
74.125
73.9166
74.297
75.0586
74.6347
73.7386
73.9807
73.5757
74.2175
73.5889
73.7812
74.6076
73.2956
74.6019
74.4836
74.9427
74.3979
74.4045
74.0822
73.6489
73.6451
73.293
73.2072
74.2646
74.0489
74.4018
74.4599
74.8395
74.5964
74.2758
74.5279
74.4061
75.4118
75.1139
75.848
75.4153
74.9091
74.2681
73.9389
74.3242
74.7612
76.077
75.4214
75.5598
76.4777
75.4974
75.8532
76.2019
75.5983
75.3354
74.3153
73.6865
74.1928
74.0545
73.9065
73.9185
73.6044
73.5402
74.6597
74.5214
75.8172
73.7795
74.9536
75.4389
74.578
74.9802
74.1038
72.8588
73.8442
73.8243
72.6752
74.0972
73.8662
73.3174
73.9599
74.0068
73.1741
74.295
75.0081
74.475
74.2189
74.3443
73.8469
72.8148
73.6018
72.5857
72.5641
73.3709
74.3685
75.1629
75.1535
74.892
75.1044
74.3529
74.698
73.6679
74.2928
73.6284
73.5311
73.3867
73.5128
74.0973
74.0254
74.1015
74.1314
74.0826
74.5327
74.0936
74.4703
74.4963
73.5087
73.5986
73.8313
73.4853
73.4057
73.6639
74.1335
73.7861
73.9641
75.1949
74.7392
73.9404
74.9134
74.6386
74.8197
75.7588
74.6824
74.8554
73.9882
73.9206
73.6369
73.7449
73.7786
73.3417
73.4914
74.4047
74.0356
74.9106
74.3636
74.1179
73.6122
74.0307
74.5065
74.7062
75.414
75.1143
75.7121
74.3359
73.5026
72.988
72.9478
74.5097
75.0423
74.9289
74.5985
74.8796
75.0131
74.9812
75.9193
75.4356
75.5471
75.853
75.2859
74.6283
73.4489
73.4445
74.4838
74.7734
74.9558
74.7576
74.7574
73.9348
75.0423
74.183
74.4838
75.0554
76.1264
76.2937
75.2361
74.4212
74.9582
75.1363
73.8348
74.0045
73.8429
74.8171
75.0741
74.0227
74.1294
73.7598
73.7871
73.9745
74.216
75.222
75.5044
76.3023
75.0109
75.6524
75.6251
75.6886
76.955
76.6035
76.6932
75.1655
74.7773
74.1002
74.3381
74.9723
74.7321
73.6445
74.0206
75.2156
75.6096
74.9737
74.8228
74.2619
75.2936
75.3926
74.5537
74.5079
74.6452
74.053
74.4679
75.2176
75.3052
76.9734
76.3897
76.0716
75.901
74.3362
73.7453
72.996
74.0451
74.347
74.0699
74.5362
74.5816
75.1034
74.7406
74.1794
74.2323
74.3249
74.4838
73.9832
75.9788
75.0909
75.1346
75.106
74.9912
74.5765
73.7031
73.9363
73.5546
74.5499
73.4553
72.8336
73.5378
75.3588
75.9809
75.7888
75.4529
73.5344
73.4426
73.3844
72.8322
73.4801
74.4541
73.0425
72.6258
72.9286
72.8826
73.3105
74.4173
74.0649
74.1454
74.745
76.2372
75.8336
75.2866
74.4791
74.5098
73.2295
74.2393
75.0215
74.1464
74.6229
74.8237
73.9167
74.7325
75.2004
74.8267
73.872
73.7404
74.4134
74.7552
74.1317
74.762
74.6912
74.4643
74.6576
74.2428
73.804
74.1567
73.3926
74.0732
73.9444
73.8396
73.4118
73.7133
73.2031
72.843
74.056
74.2244
74.0248
74.5127
75.2426
75.7822
75.5301
75.1254
74.9488
75.1813
75.3189
74.3811
74.8619
74.7607
74.8115
75.6349
75.1093
74.9549
74.9279
74.3777
73.353
73.4118
74.5673
74.2129
73.8597
73.8496
74.5802
73.7523
73.9675
73.6314
73.6868
73.2532
72.4847
72.6807
73.458
74.0515
72.9014
74.4221
74.1546
75.7583
75.5323
74.3998
73.8395
73.8819
73.8137
73.0111
73.0916
73.2057
75.4587
74.9095
74.9274
75.3675
74.6036
74.6762
76.1595
74.2055
74.2444
72.8087
72.6405
72.2606
72.8968
73.1977
73.8293
74.7669
74.0874
73.7061
74.3901
73.287
73.1647
73.5597
73.268
74.2054
74.3204
74.1515
73.3459
73.7114
73.8426
73.9773
74.3702
75.3962
75.0684
74.2218
75.0696
74.7499
74.3882
73.5763
74.9762
74.5401
75.191
74.5871
74.9968
73.6993
74.7603
74.9491
73.966
74.2196
74.0587
73.7207
74.1044
74.7322
74.1592
74.8962
73.1826
73.4264
74.1024
73.8569
74.0321
74.2343
72.903
73.1062
72.6094
72.8864
73.3111
74.2252
73.475
73.8312
74.2299
74.2855
73.392
73.1024
73.5121
74.449
75.1961
74.6331
74.1692
74.746
74.0719
73.9512
74.1776
73.8019
72.448
72.9645
74.4701
74.276
75.0468
75.0336
75.0771
75.1429
74.1355
75.1138
75.6015
75.2948
75.4821
74.6638
73.8102
74.6446
74.1256
74.4172
74.0064
74.3244
74.7302
74.7733
75.3568
75.9042
76.4398
76.9289
76.6889
75.8867
73.8347
74.5947
74.2958
73.7983
74.2753
73.9063
74.2805
74.7281
74.7771
74.1613
73.3425
73.733
72.2881
73.3897
73.8534
74.4165
74.9193
74.7111
74.786
74.2732
73.8026
74.3962
73.8014
73.8617
73.777
73.8214
74.8136
74.9727
75.097
73.5581
73.6772
73.6132
73.712
73.4441
73.8265
73.6636
74.126
74.8421
73.6689
73.2971
73.1533
72.8725
73.0366
73.1949
73.6906
74.1124
73.8108
73.7197
73.6317
73.6337
75.2045
75.322
75.3805
75.4756
76.6562
76.587
77.3983
75.7347
75.2983
75.0132
74.846
73.8041
74.3806
74.9247
74.4721
73.8175
74.2243
74.962
74.1891
73.9829
72.9862
73.056
72.9829
73.733
74.4046
75.6458
73.8852
73.7127
74.585
75.3277
74.3449
75.037
75.5737
75.0721
73.8408
73.3509
73.8111
73.276
73.2698
72.6707
73.1049
72.81
74.1956
75.2805
74.9974
74.6525
74.5047
74.6292
73.4354
73.2076
72.8666
74.3898
74.8964
74.8112
74.4122
73.3508
73.8179
73.5075
74.9219
75.163
73.6807
75.0012
75.4202
75.4531
76.3879
76.2656
74.82
75.374
74.1905
74.1167
74.1723
73.7758
72.8972
72.8138
72.985
73.4238
74.1726
75.0934
74.6458
74.22
75.0782
75.2025
75.0294
75.1375
75.8521
74.773
74.8039
75.3609
75.2985
75.2403
76.0818
75.0116
75.8472
74.1093
74.2247
74.2228
74.0422
73.0409
74.3887
74.2555
74.7934
74.4483
74.1949
74.8679
74.0769
73.2628
73.8641
74.5707
74.2876
73.9758
73.6749
73.2571
72.8799
72.7454
72.1418
73.1383
73.5179
74.1779
73.8251
74.0466
74.2954
74.5406
74.7641
74.0582
74.3748
74.3429
73.8631
73.4278
72.0553
72.1873
73.1426
74.69
75.1345
74.0081
73.3259
74.6453
74.4848
73.9881
73.2365
73.7716
73.799
73.594
73.4976
73.7169
73.2143
74.5272
73.6222
73.9504
74.7985
74.7568
74.8751
73.9872
73.4106
72.11
73.3937
73.8886
73.7325
74.1024
74.9145
75.2029
75.5982
74.558
74.0547
73.9706
74.0004
72.7564
72.8331
72.392
72.8142
72.8031
73.2926
73.5879
72.9248
73.3109
73.7653
74.0918
74.4927
75.422
74.2051
74.2065
74.0204
73.2734
73.4442
73.1009
73.4108
74.5223
75.192
75.5102
74.5766
74.307
74.6316
73.3014
73.3897
73.5437
73.3517
73.4669
73.0848
74.4091
73.798
73.4216
74.0006
74.326
74.6755
75.186
74.3619
75.1462
74.356
73.8313
74.3823
73.7185
73.6683
73.9974
74.3638
74.5742
73.6834
73.2878
73.0514
73.4652
74.4168
74.3429
73.8524
74.6151
74.5311
74.8187
75.1386
74.9414
75.1923
75.1304
74.4338
74.3502
73.3357
73.3183
73.9359
74.5247
74.4776
75.1843
75.8269
75.9097
76.2588
75.8917
75.1587
75.2956
74.3546
74.2885
74.5448
74.4237
74.4986
73.8116
73.1886
73.3351
73.5977
74.0879
73.7649
75.2943
75.0079
75.2779
75.2928
74.9471
73.2484
73.7286
72.5773
71.7071
73.0556
72.4553
73.2628
73.7805
73.3002
73.783
75.7321
76.2995
75.3136
75.9384
74.5797
73.3864
74.4729
73.9416
73.6193
73.476
74.0471
73.4822
74.0522
73.2822
74.2799
74.2167
74.3863
73.5401
74.2706
73.8426
73.5079
73.2291
73.1212
72.8171
72.9583
73.7857
74.5485
74.6996
75.1832
75.8914
75.1168
74.6882
74.5013
73.8932
74.5216
74.1379
73.8884
74.9983
74.3244
74.1311
74.6826
74.0016
73.208
72.3954
72.8478
72.3956
72.6307
73.6377
73.2823
73.8416
73.3402
73.7826
73.19
74.5111
75.3553
74.4994
74.5735
74.2763
74.9416
74.7131
73.19
73.3399
74.3878
73.8676
75.2854
75.6249
75.3728
74.2317
73.3739
73.4069
73.8795
73.2505
72.8282
73.4093
73.4594
73.5794
74.2315
75.3324
75.3618
74.6879
75.2016
74.6496
74.5373
75.059
74.4872
74.6088
74.2439
73.1201
73.2354
73.8133
74.0673
74.5475
74.4804
75.1628
73.8623
73.7845
74.3831
73.9172
74.3535
74.8883
76.067
76.0938
75.7286
75.5666
74.843
74.6962
73.7711
73.5437
73.2562
74.0637
73.6745
74.8027
73.7229
73.1334
73.4306
74.2084
74.1439
73.8262
74.4471
75.1163
75.9986
76.2057
75.7323
74.9942
74.9299
75.3714
75.0381
74.9892
74.473
74.017
73.8859
74.2949
74.3916
74.5536
74.2167
74.6829
74.0547
73.5802
75.8048
75.8377
75.2633
75.1799
73.698
73.5961
73.2408
73.7268
74.2617
74.4573
73.2752
73.2236
73.5766
73.8335
73.3996
73.373
73.9615
74.0618
74.6249
74.733
74.3304
74.8115
75.8363
76.2106
76.6482
74.5946
74.6346
74.1306
74.6609
74.1926
72.4591
72.72
73.114
73.8309
75.4555
75.1522
75.0128
74.3749
75.4197
74.7117
75.4738
74.7349
74.5426
73.9454
73.6295
73.4906
74.7106
75.5651
75.9704
75.1569
75.8489
76.4472
75.2213
75.3221
73.9355
74.5602
73.2888
73.8787
74.3691
73.6195
73.3984
73.6048
74.1802
74.0066
72.8814
72.8593
72.9343
72.7348
73.1474
73.1217
73.8005
73.7267
73.3668
74.1372
75.2018
74.5532
73.7797
73.5195
74.6537
74.1321
75.1093
75.5404
74.3378
74.3134
74.547
74.1043
74.1084
73.3594
74.3783
74.8871
74.4096
74.3473
73.6442
73.44
74.0357
74.833
75.1151
73.9404
73.4924
73.5643
73.7814
74.6041
74.2213
73.7608
73.6863
74.1872
75.1485
75.1102
75.4462
75.172
74.7248
74.4769
73.6409
74.2628
73.3627
74.2722
73.6715
73.6502
73.9757
75.1977
74.9531
75.6871
75.8328
75.3769
75.6097
74.1478
74.2781
74.6114
74.5532
73.7097
74.0789
74.4395
73.9229
73.7424
74.4767
75.2575
73.8748
72.9424
73.123
73.8386
74.974
75.1656
73.2722
72.7592
72.2052
72.5298
72.3837
72.6542
73.2608
73.002
73.3474
72.834
72.9859
72.7637
73.9541
75.1434
73.5235
72.5657
71.9415
72.6601
72.8399
73.6082
73.5398
73.3015
73.2587
73.0217
73.1791
73.0241
73.5198
74.0647
74.0411
73.6798
74.2691
73.6192
74.8848
75.0621
74.7607
75.2632
74.598
75.0887
74.5743
74.976
76.0917
75.3036
74.3345
74.5824
74.6058
75.0629
74.5741
75.0501
75.0248
74.4045
74.6974
74.7257
75.6825
74.2532
75.5494
75.4593
75.1262
75.0116
73.7042
74.1609
73.2907
72.939
73.2124
72.8966
72.882
73.1388
73.001
73.6703
74.3593
75.0318
75.5928
74.9046
74.1548
73.1131
73.3162
74.1804
74.1129
74.1918
74.3473
74.195
73.7606
74.3225
74.9684
75.1791
76.15
75.099
75.829
75.5078
74.9749
74.6469
74.6023
74.3571
73.3306
73.2345
73.2713
72.9502
72.633
73.6696
73.6799
73.6982
73.9412
73.6177
73.3242
74.2649
73.8783
73.4283
72.6227
73.3559
73.2574
73.4138
74.0726
73.8776
73.6535
73.671
74.1581
75.3073
75.0247
73.5691
73.4538
73.2018
73.3683
73.2191
74.4806
75.1056
75.1953
75.2092
74.9254
74.848
75.1202
74.4692
74.3356
75.5181
75.289
75.048
74.0935
74.9565
74.6755
73.4297
73.8533
74.9214
74.5098
74.4634
75.2194
75.3283
75.4645
75.0058
74.9968
74.5838
75.3314
74.3556
75.0128
74.6698
74.7518
74.1497
74.1563
75.3097
74.8914
75.3814
75.5539
75.3608
75.1762
74.7198
74.9194
75.3222
75.1702
75.7654
74.6544
74.2169
74.0585
72.6302
73.1379
72.7017
72.6075
73.11
73.5056
74.2147
74.6103
73.2537
73.4708
73.6273
73.463
72.2803
73.4517
73.5012
73.3704
73.7499
74.7726
74.4569
74.3666
75.3377
76.2245
76.5838
75.7879
75.7344
75.5277
75.7908
74.5192
75.0134
74.3983
75.5509
76.0239
74.9835
74.959
74.4853
73.9746
73.2639
74.4341
74.9718
75.2507
74.9216
75.364
76.3153
76.9458
74.7214
74.819
74.0915
75.5929
75.5106
74.1707
74.9721
73.9446
73.9779
73.8763
74.3716
73.9599
73.5947
74.8403
75.1097
74.2838
73.9278
73.6741
73.4842
74.5134
75.2853
75.6821
75.5078
75.2595
74.0692
73.3057
74.02
73.0584
72.7474
73.6603
73.5078
73.7478
74.0511
74.8416
75.0211
75.3137
75.1315
74.6327
74.8676
73.971
73.7875
73.5041
74.4057
74.948
76.2536
76.5694
75.2679
75.6622
75.9262
75.1864
75.9897
75.5761
75.9514
75.841
75.2819
74.8218
74.9764
75.1505
75.2942
75.8227
75.5004
74.6511
75.1247
74.7082
74.2861
73.2927
72.8028
72.8316
72.8086
72.8591
73.6025
74.6958
74.9151
75.0294
74.993
74.2477
74.8991
74.502
74.0259
74.6012
76.5366
75.1163
74.8297
74.6707
74.6754
74.132
74.6789
74.3487
74.8917
75.7475
74.8043
74.5435
72.7795
73.6163
74.0531
74.2283
74.9625
74.9324
74.697
74.8162
73.7765
73.4739
73.7212
73.2924
73.642
73.8859
72.9798
74.0885
73.5008
74.3084
75.4311
75.3592
74.9505
74.6218
74.4962
73.3396
73.5774
73.1019
73.311
73.5404
72.7098
72.8054
74.5389
74.8012
75.1934
73.8123
75.1104
74.2146
74.2989
74.6747
74.9639
75.1157
75.1228
74.7442
73.8533
74.1023
74.2699
74.6418
75.4543
74.6984
74.3517
74.941
74.9494
74.3665
73.4915
73.0002
73.4965
73.0275
72.3454
72.755
72.9937
74.6167
73.9136
74.8222
73.5484
73.498
72.8156
72.9093
74.776
75.0051
74.6644
74.6105
74.0933
73.7439
74.5095
74.5059
74.4224
74.4014
73.8427
72.5549
72.5607
72.9974
73.5224
73.4674
74.2004
73.7193
74.0763
74.8302
73.3464
73.6098
73.9219
73.9469
73.9173
73.6575
73.1672
74.2422
74.987
73.8318
73.1799
73.3561
72.8746
73.8404
72.8844
74.7011
74.2515
74.0387
74.2272
73.6454
73.1775
73.9229
73.4842
73.6961
74.2663
74.8539
75.6529
75.9287
75.3816
74.5154
75.2237
75.2955
74.3005
75.4862
74.6211
74.8006
73.5075
73.5553
73.2799
73.4518
73.9085
73.8359
73.1879
73.2337
73.1171
73.0859
72.2365
71.7231
72.2564
72.627
73.1612
72.9996
72.8462
73.7362
73.6491
74.0764
75.3901
74.7233
74.8612
74.1918
74.6671
74.5679
74.6082
75.0279
74.7281
74.3747
74.3918
73.4915
73.917
73.8939
73.8816
75.2658
75.3647
75.3609
74.7616
75.5355
76.2392
75.4887
75.4106
74.9943
75.1947
75.1244
75.7526
75.3449
75.9886
74.7891
75.0313
74.4773
74.9417
75.4531
75.1407
75.0108
73.9891
73.6856
73.494
73.0331
74.0631
72.5792
72.7532
73.6378
74.1078
73.7885
73.2987
73.8121
72.6034
73.1429
73.1366
74.7042
74.0475
74.0723
75.7216
75.5407
76.4763
75.8758
75.22
74.4843
73.737
74.528
73.9006
73.5766
73.4214
72.9292
72.9339
72.7259
72.0812
71.982
72.8229
72.4356
73.265
72.7203
73.022
74.5234
74.111
74.5745
74.8372
75.8053
75.4112
73.9655
73.82
74.1204
73.3477
72.8435
73.0348
73.4066
74.4205
74.8182
74.8305
74.1765
75.4374
74.7393
74.5792
74.829
74.9193
75.1932
73.5929
73.106
73.5552
73.3703
74.0133
73.8123
74.2202
74.7944
72.8569
73.066
73.9715
73.016
72.5605
72.4818
73.4735
73.1959
73.4904
72.8978
73.3804
72.8951
73.0221
73.5059
73.5589
73.5993
73.388
73.7959
73.2709
71.6232
72.7722
73.1888
73.525
73.2068
72.3574
72.7867
73.3324
74.5705
73.6008
73.4712
74.0699
74.2957
74.4497
73.8983
75.5488
75.1643
75.1546
74.3053
73.9616
74.5103
75.2581
73.8562
75.323
74.3588
74.2678
73.7864
73.1527
74.6084
75.1176
74.1705
73.9456
73.7955
73.8555
74.6122
73.2592
73.6337
73.5957
73.1811
73.6963
73.8893
74.5632
75.0296
75.9162
75.9511
74.7249
74.6771
75.7354
75.8544
76.3198
76.3584
76.6292
76.7304
76.4872
76.5224
75.9858
75.3475
75.1437
74.2333
73.9752
73.869
73.1945
72.8298
73.3639
73.8119
73.5959
73.9528
73.519
74.3216
73.9254
72.8498
72.8892
72.7697
72.8035
72.7168
73.5993
74.0244
73.2278
73.5611
73.5978
73.3545
73.0889
73.1258
73.1884
74.4337
73.8485
73.9066
74.2359
74.5227
73.7504
74.9184
74.8102
74.4742
74.4473
73.1854
73.879
73.3104
72.6297
72.4423
73.8615
74.0952
74.9574
75.8158
74.7434
74.4017
75.631
76.0153
75.4519
75.9968
75.4189
75.3237
74.3768
74.2734
73.9993
73.8948
73.6378
73.4735
74.1702
74.3264
73.6679
74.0312
73.8007
73.6888
74.7803
74.6348
75.1248
74.8187
73.7973
74.4883
74.0086
75.6055
76.452
76.2476
74.0459
73.9952
74.9062
74.72
73.1412
73.2598
73.5709
73.5236
74.1698
74.9992
74.6418
75.8972
74.6409
74.0849
75.4912
75.7443
75.9096
74.9924
73.9916
73.6592
73.4531
73.6036
73.0048
72.8919
74.0794
73.9543
74.9399
73.8394
74.0587
74.0245
73.8682
74.591
75.5957
75.0308
75.2985
74.5027
73.9753
74.2572
74.8682
73.8876
73.4699
74.2548
74.4795
75.1172
75.4714
74.9002
74.764
75.2768
74.496
73.9546
73.8601
74.6094
73.3947
73.2734
73.8921
74.8694
74.9174
76.4749
76.4024
75.8813
74.6288
74.0019
73.1879
74.255
74.2789
72.9434
72.367
72.84
72.9304
73.7795
73.7612
74.6188
75.229
73.3849
73.9269
74.0544
74.8338
74.4373
74.1308
73.6566
75.586
74.769
74.7667
74.1281
74.505
74.4359
75.2555
74.5169
75.2395
74.9502
74.1548
72.9158
73.0495
74.0694
73.655
72.6092
73.3901
74.5974
75.1947
74.3549
74.9836
74.7032
74.936
74.8179
74.3569
74.0062
73.2881
72.4583
73.9482
73.8999
73.6856
74.5413
74.5464
74.6448
74.6767
73.9641
74.8174
74.4108
75.1656
75.1887
73.8293
74.073
73.8626
75.1386
74.2614
74.1996
74.4269
74.8096
73.1175
73.4015
72.6469
73.5881
73.6521
73.1779
73.2774
72.849
73.6487
74.4644
73.3328
73.2341
73.3288
73.5235
74.2107
74.5715
74.7377
74.7539
74.6303
74.1405
73.8095
73.0335
72.8905
73.1557
74.2303
72.9754
72.9395
72.6078
73.2295
73.1498
74.0262
74.5469
73.8917
74.4108
74.9328
73.5825
73.4717
74.0217
73.2493
72.3113
72.9037
73.2853
74.4547
74.6049
73.8935
73.8247
73.7242
74.2631
74.0727
72.8892
73.797
74.6217
73.2877
72.9306
72.5377
73.3868
73.6223
73.6001
74.9761
75.1776
74.5915
74.026
74.1997
73.5491
73.384
74.3594
74.5802
72.9162
72.5593
72.6897
74.2191
74.8804
74.6584
74.5031
73.6805
73.3608
74.3565
74.8444
74.9404
74.9983
74.0517
73.0493
72.1472
72.7458
73.3543
72.9721
73.4466
74.0369
73.0377
73.4342
72.3776
73.9829
74.1935
74.0536
73.4447
72.5486
72.7555
72.8929
73.3945
74.4518
74.2904
74.0562
74.3642
73.3876
74.2114
73.3173
74.096
74.647
74.4765
73.4851
72.3947
72.4513
72.7803
73.0654
72.8398
72.2497
72.6704
72.8148
73.5882
73.4677
74.349
75.4333
74.6039
73.8175
73.5304
74.0394
73.7624
73.1335
72.2668
73.0606
73.4233
73.6431
73.3366
74.3123
76.2193
74.7838
74.9694
73.9683
73.103
72.3933
72.4069
72.281
71.3887
71.5795
71.8712
73.0059
73.3592
74.2345
74.7305
75.9615
74.3219
74.0906
74.3184
74.343
72.9132
73.3087
