475.148
460.375
449.327
440.028
432.052
425.295
417.594
411.16
403.171
397.048
387.497
377.838
371.91
365.513
359.38
352.639
345.456
339.129
330.034
322.85
315.46
311.739
307.472
302.676
298.805
291.952
287.709
283.881
280.106
277.668
274.395
272.756
270.862
269.368
266.331
264.075
263.425
259.427
256.4
254.387
250.33
247.696
244.72
241.303
238.275
235.599
232.158
229.579
226.628
223.882
221.137
219.064
215.531
214.261
210.696
208.756
206.469
204.035
201.828
200.9
199.54
197.854
196.894
194.497
193.107
192.201
191.852
191.31
189.047
189.177
188.002
187.134
186.553
185.546
183.907
183.465
182.301
181.414
181.691
180.492
180.155
176.996
176.187
174.847
174.252
173.955
172.918
172.911
170.75
169.821
167.819
166.89
166.108
165.717
165.784
165.342
166.356
164.07
162.739
163.041
161.364
158.811
158.276
158.318
156.677
156.468
155.686
155.156
155.403
155.404
155.114
154.52
154.377
153.43
152.377
151.504
151.525
150.044
148.822
149.101
148.354
148.338
149.338
148.947
149.13
148.189
146.582
145.966
143.587
143.406
143.052
144.229
145.041
143.886
142.964
141.536
140.308
139.547
138.653
137.738
137.247
136.541
137.675
137.504
137.771
137.394
136.523
135.966
135.02
134.106
134.216
133.108
132.899
132.379
132.101
132.27
131.448
132.145
131.792
132.349
132.507
132.36
132.483
133.609
132.824
133.646
132.546
130.857
131.099
130.123
129.202
130.154
129.344
127.806
127.263
127.173
126.431
126.091
125.376
124.587
123.256
123.074
123.077
124.485
123.706
125.085
123.184
121.082
120.489
119.456
118.618
117.875
116.805
117.847
117.716
117.589
117.194
116.47
116.041
115.161
116.15
116.33
115.96
114.663
114.095
112.91
111.901
111.86
110.671
110.803
109.958
110.062
109.143
108.832
108.28
108.246
107.888
108.516
108.195
107.283
106.596
106.369
106.415
106.843
107.178
106.043
105.374
105.177
105.752
105.593
104.252
104.179
103.112
103.476
102.928
102.118
101.244
100.129
100.02
99.4205
99.5527
99.7908
98.9715
99.1359
98.4919
98.543
98.6626
99.0561
98.4925
97.2657
97.2473
97.4775
96.6808
97.0811
97.9421
97.6531
97.7961
96.5973
96.4426
96.9166
96.6249
95.977
96.3897
97.253
97.6398
98.5073
97.4781
97.3558
97.1997
96.6583
97.2697
95.459
96.1019
94.771
95.3171
93.9716
93.4599
93.6617
93.7673
93.6625
93.9366
93.6783
93.0108
93.9416
93.5705
93.4163
94.0396
94.3774
94.121
93.8655
93.0543
94.0813
94.4981
94.3961
93.4707
92.5222
93.2271
92.1315
92.7901
91.6122
93.5945
93.6416
92.9747
92.3201
92.7854
91.5943
91.9721
91.4178
91.988
91.109
90.9372
91.2352
92.3139
91.3487
91.093
90.1454
92.3811
92.8467
93.8276
94.8058
95.5381
97.0996
96.6949
96.2313
95.6059
95.6616
94.5639
93.5465
93.0875
92.5304
91.8299
91.6593
91.6213
91.7387
91.1822
91.051
91.3029
91.0817
90.0369
89.6258
89.0128
89.1357
88.5283
88.5468
90.1061
89.7484
89.6533
88.4262
88.2865
88.3603
87.2003
88.1711
88.5597
88.9446
88.0409
87.7981
87.1494
87.4264
88.8519
88.5455
88.8399
87.6813
88.2409
88.1819
89.496
89.8389
89.5198
89.4613
89.2975
87.4017
87.4914
87.2614
86.4869
87.3651
87.2954
85.7348
85.8007
85.3303
85.7116
85.5092
85.0374
84.2877
84.2276
84.0233
83.716
83.7735
84.3594
83.8968
84.0362
85.1936
86.0072
86.1251
85.4027
85.4024
85.0413
84.2165
83.472
82.7667
82.6337
83.123
83.2758
83.2365
83.6416
84.031
84.2404
82.7996
83.0849
84.8443
85.9836
86.326
85.7558
84.5099
86.1974
84.1331
83.8327
82.6287
82.7545
82.5501
82.754
82.2152
83.0173
82.9796
82.2425
81.1924
81.6903
84.1979
85.1978
86.7707
87.6623
88.5955
90.0708
89.8068
90.5274
91.1049
90.3734
89.4394
87.5756
87.1321
85.3986
83.8835
84.1633
83.8967
82.7847
83.8407
83.2274
83.4217
83.8398
82.4956
81.9
81.5517
81.2608
82.4025
81.7367
81.0282
82.1564
82.7871
81.6533
80.6608
80.2578
81.2118
80.4289
80.2994
81.8661
81.0189
81.2128
79.9889
79.7276
80.3904
79.4187
78.1343
79.1994
78.5307
79.3708
79.0028
78.8929
79.5251
79.7901
80.2368
78.9162
79.7916
80.1698
79.9248
79.3693
79.3705
79.5375
79.9097
79.5329
79.378
79.157
79.3457
79.2735
78.0644
77.8387
78.3559
77.626
78.572
78.1639
78.8923
79.084
79.1503
80.3148
79.9729
80.097
80.5277
79.0839
78.9251
78.6146
78.2975
78.4769
79.2527
79.8194
79.5067
81.4773
79.9276
78.6837
78.7988
78.9941
79.4624
79.0848
78.5785
76.9515
77.1285
77.6992
78.4527
78.1576
78.9337
79.2404
79.7421
80.1376
78.2742
77.4934
78.5409
79.0228
79.9844
78.1961
78.695
78.236
77.6087
77.8871
78.3451
78.1773
78.5425
78.6748
79.1517
79.5997
79.5006
79.3769
79.5938
78.3287
78.7743
78.5996
79.8772
79.8207
79.4757
78.2165
77.4991
78.1064
77.6403
77.6651
79.1014
78.6761
79.4134
79.1675
77.0875
76.804
76.9967
76.2378
75.6209
77.0191
77.414
77.7684
77.6231
77.9192
77.0316
77.686
76.3709
76.6652
76.3642
76.3566
77.1067
77.7759
77.3047
78.64
78.4933
78.8293
78.0275
77.4215
76.6307
77.0008
76.8945
77.8293
77.017
77.9799
77.2534
76.777
77.0927
77.5484
77.8911
77.4408
77.2932
78.0666
78.4814
79.3468
80.0304
79.6359
77.7928
77.124
78.3028
79.3355
78.3928
78.6302
77.513
78.1145
77.4486
76.3696
75.4851
76.3523
75.7557
77.1026
75.9818
76.8572
75.9991
77.2969
76.4693
76.4621
76.4226
75.9861
76.2179
76.6976
77.1891
77.2318
76.3282
76.7579
76.9767
77.9863
76.6442
77.7475
77.8182
76.9529
76.4025
76.0385
75.3831
75.8635
77.2947
78.7435
77.6613
77.3865
76.6564
77.8132
76.7108
76.7209
76.5512
76.3456
75.8487
74.3681
74.5702
75.3214
75.2283
75.6285
75.1753
74.5792
75.1111
75.0884
75.3016
75.669
75.3327
76.1475
76.2275
76.0661
76.5253
76.0946
77.0311
75.8008
75.6587
76.1947
75.9558
76.625
77.3883
76.2401
76.2781
75.5123
76.0199
75.5268
75.4855
75.8018
74.555
74.872
76.2012
76.2051
75.3005
75.7268
74.6002
75.2037
76.2295
77.0235
77.9859
78.1896
77.0286
77.3325
78.2121
77.4547
76.9451
76.4064
76.3204
76.5435
76.0207
75.0704
75.0608
76.0475
76.8579
77.8897
77.3184
77.4602
77.8917
77.9613
77.497
77.4639
77.0297
76.1837
76.631
77.3206
77.5818
76.8479
76.1268
76.0248
75.6533
74.844
75.0423
74.737
75.1712
74.4741
75.8941
75.7746
75.4684
74.4552
74.3381
74.4991
72.56
73.9334
75.5073
76.1553
75.8199
75.9114
75.124
74.9509
74.3605
73.5506
73.3707
74.0212
74.2366
74.6543
74.5945
74.2977
73.7968
74.0402
74.6316
75.0259
73.8044
73.3418
73.2408
73.3573
74.7574
75.5978
75.5984
74.8978
75.4245
75.292
74.1469
74.8638
75.0794
75.1646
76.0564
76.0021
75.7932
76.0477
75.8867
75.5347
75.3425
74.4517
74.5812
74.5483
75.2713
74.6018
75.3565
74.3028
75.4619
75.5134
75.0162
75.1696
76.1949
74.985
75.5313
76.3711
76.3597
76.0214
76.5444
76.1298
76.1546
76.8185
76.2242
76.0263
74.9669
75.4214
74.9479
74.4529
73.974
74.5916
73.1537
73.6014
73.5839
74.7594
75.7057
76.5821
75.4797
74.2
73.9753
75.1505
74.7002
74.8608
75.0297
75.2125
74.6674
74.3268
73.7557
74.7265
74.9262
74.5818
74.7901
76.7977
76.189
75.6562
75.6
75.7513
76.8418
76.9643
75.835
75.899
77.4931
78.6735
77.0508
76.6318
76.6118
75.6351
76.8239
76.0749
76.3204
76.7257
75.8724
75.8207
75.2703
76.1529
76.2502
76.8386
76.0389
76.0819
76.2613
77.213
76.9005
75.9963
75.1983
74.8097
75.821
75.9717
75.8456
74.9397
74.7718
75.5735
75.3723
76.1532
75.2017
76.4595
74.6326
75.5616
75.1336
76.24
75.6415
75.9807
76.8058
77.3503
77.2845
76.4148
75.8805
74.6565
75.0448
74.7378
74.4877
74.7312
74.6267
74.7491
74.8349
74.8174
74.7685
74.5637
74.6882
73.726
74.9317
74.6045
75.1682
74.0824
74.99
75.9053
75.8943
75.6996
75.5236
75.2485
76.127
75.1104
74.0923
73.2865
74.6132
74.1459
74.9502
75.1716
76.6368
76.1658
77.0865
76.246
76.7028
76.917
77.871
78.7761
80.3134
80.9099
81.983
82.3487
81.9812
80.0761
80.8945
79.6029
80.0573
79.755
79.2295
78.4079
78.7972
78.092
77.2637
76.6634
75.3937
75.8758
76.6233
75.5702
75.3781
74.5632
75.4821
75.4784
75.6702
76.5323
76.0584
74.3156
75.3556
75.0021
74.9609
75.3018
75.9325
74.8719
75.0402
74.4817
75.6158
75.9096
74.2838
74.3962
73.9796
74.7272
75.2262
75.8516
74.4934
73.5212
73.7386
74.1539
74.1745
73.5081
73.3457
74.6987
74.2411
74.2389
75.0865
75.5123
75.6214
73.4244
73.1347
73.2495
74.1989
74.2515
74.5409
74.1372
73.7475
74.8353
75.449
74.0904
73.6243
72.6785
72.0077
73.019
73.8169
75.5416
75.887
75.7128
75.9581
76.7419
77.8692
77.4237
76.2324
76.6783
75.2395
75.5256
74.3242
73.9248
73.5716
73.9807
73.7994
75.199
75.954
74.7601
74.6169
73.7701
73.1452
73.5173
73.6978
73.2195
73.4702
74.1034
73.6477
73.3295
73.0219
72.6322
72.7404
73.3003
73.1512
73.2785
72.7443
73.3946
73.3095
73.5295
74.811
75.4744
74.9389
73.5931
75.3189
74.6885
74.6945
74.0833
74.7609
73.1385
73.0803
73.8785
72.2221
72.0198
72.6568
73.9174
73.7267
74.537
74.3165
74.8447
74.15
74.556
73.7749
73.8835
72.921
73.9634
73.3068
74.3002
73.8594
73.3966
74.1465
74.2834
74.9146
74.5499
74.4057
74.1958
73.4807
74.3037
74.0708
74.043
74.2958
74.6609
73.3495
72.6528
71.9339
73.1663
72.9439
72.0069
72.264
71.5004
72.0523
72.6324
72.9937
72.6224
73.4216
72.9394
72.6701
73.3371
73.2813
72.5101
72.3676
72.8545
73.9406
74.4879
74.3007
73.9095
73.4967
73.8598
73.841
73.5698
73.8507
74.0813
73.8512
72.704
72.9664
73.9789
74.6811
73.409
74.5734
73.4709
73.3579
73.5018
72.8869
72.9747
71.7858
72.8859
73.5801
73.1865
72.3786
73.3129
73.2001
74.1948
73.6702
73.2905
74.0105
75.0667
74.7454
73.7676
73.9163
72.9312
73.7893
73.9518
74.1548
73.8747
73.0486
73.1928
73.8106
73.5113
74.1954
73.4688
73.8498
74.4216
73.6892
73.8666
74.567
74.3627
73.9267
73.458
73.9442
73.9303
72.5988
73.1152
72.8915
73.8171
72.6642
72.0112
71.6211
72.6429
73.0983
73.3227
72.4868
73.0824
73.6681
73.2895
72.9008
73.3188
73.9079
74.2352
72.9894
73.6138
73.4
73.2834
73.8447
74.1659
73.5541
73.562
74.2127
74.2001
75.3848
74.4436
74.7812
74.3771
75.2138
75.3676
74.8974
75.2249
73.3489
72.2451
72.2236
73.195
74.4516
74.8674
74.4064
73.9411
72.9999
72.6699
73.074
72.7254
73.2561
73.6248
74.6354
75.8268
74.8182
72.8264
72.6339
72.4388
72.2128
73.0605
73.5242
75.0943
74.9841
74.5362
75.1694
74.9194
74.1957
73.7735
73.9711
74.5994
75.0176
74.0065
72.9749
72.575
72.3859
72.2871
72.3829
71.7216
72.5764
72.5012
72.1376
72.7937
72.1427
74.0175
74.1984
73.9178
73.188
72.7157
72.6668
72.6877
72.7385
73.0623
71.96
73.0479
72.0643
73.3655
72.2588
72.3002
73.4806
73.9623
74.5251
73.5274
73.2382
73.3419
73.342
71.7928
72.8834
73.099
72.8628
73.3493
73.3955
73.7607
73.7794
74.1109
74.901
72.9533
72.7813
72.9763
73.1706
73.2415
73.3089
74.1758
73.8426
74.9976
75.6491
75.3911
75.4733
74.855
73.7354
73.4257
74.3877
74.5331
73.3513
74.4681
73.5926
73.8793
74.49
73.5074
73.1287
73.5835
73.2687
74.1434
74.3867
73.4877
71.9985
73.6308
73.6344
73.5439
73.4332
73.9742
74.2522
74.9596
73.4294
73.9545
74.134
74.5869
73.4765
73.8116
72.5887
73.9166
72.5784
72.2004
72.6617
72.2959
71.9371
72.5187
72.4289
73.4325
73.2717
71.9099
73.0326
73.3515
72.5238
72.3545
73.5912
73.6508
73.1411
75.0871
74.095
75.0638
73.5287
73.9462
73.7043
74.5033
74.3317
73.6479
73.5025
72.9533
73.1352
73.7771
73.2872
72.9244
73.5053
73.3781
73.0767
73.7237
72.8089
71.7489
73.0551
72.8833
72.6844
73.7626
73.6031
72.8129
73.2716
72.7834
72.5189
73.3343
73.7131
72.7178
72.0403
74.3275
73.7531
73.8935
72.6692
74.7236
73.7583
74.085
74.5615
75.525
74.9449
74.3491
73.8491
74.048
74.7918
74.5748
72.835
73.185
73.6872
74.5049
72.7299
72.5434
72.2855
72.5431
71.6061
72.0007
72.4406
72.4851
71.7746
71.5352
72.7199
72.4623
72.9913
72.7187
73.1739
73.9044
74.839
74.0792
74.3081
73.7488
73.0498
72.9053
73.9111
73.6922
74.6451
75.4031
74.7242
74.1989
74.0329
73.8727
73.9941
75.5782
74.9202
74.3027
74.1425
74.3388
73.9582
74.1224
73.153
72.5315
72.9184
73.2149
73.1301
72.9457
73.0457
73.0209
73.5891
72.7561
72.4241
73.2171
73.2539
74.062
73.5031
73.0035
73.2194
73.8794
74.0638
74.1578
73.3015
73.0767
72.77
72.6624
73.5043
72.4954
72.0861
72.6944
72.8966
72.1753
72.5696
72.2924
72.7334
72.9443
72.3607
73.2153
73.0242
73.1035
73.4509
73.1407
73.5589
73.0469
73.2826
72.623
73.9132
74.3351
73.4268
73.8049
73.4843
73.5667
74.1945
74.9444
73.88
73.7308
73.1483
73.5223
73.4663
73.6653
73.2654
73.2035
73.261
74.1135
74.2152
73.8638
73.7731
73.712
73.764
72.857
71.744
72.8503
72.4808
72.5686
72.5043
73.8318
73.7637
73.4399
72.6895
72.9213
72.751
73.462
73.455
74.1773
73.5571
74.261
73.5495
73.3952
73.8134
73.3647
73.4205
72.5253
73.4991
73.9456
73.0483
73.6105
74.3927
75.0031
75.2941
74.1895
73.546
73.4974
72.4431
72.9288
73.858
73.7295
73.6922
72.992
73.185
72.9438
72.6966
72.7461
73.8027
75.5806
74.8114
74.8413
75.806
76.7799
77.5146
79.8216
81.303
81.1801
81.4285
79.4352
78.5401
77.0307
77.2933
76.2361
75.082
73.8071
73.096
73.4176
72.922
71.8081
72.5363
72.6697
74.1018
74.5899
74.0721
73.6083
74.0277
74.2607
74.4869
73.9996
73.1374
72.3566
72.888
74.2598
73.4245
73.714
73.1105
72.5863
72.6398
72.6802
72.6275
73.3808
71.782
71.9425
72.2843
72.7917
72.4191
73.0443
73.6962
75.296
76.771
74.7854
74.5808
74.3696
73.99
73.9832
74.139
74.1664
74.5151
75.0064
75.221
73.4756
73.1887
74.6452
72.5791
72.4363
71.7437
72.3317
71.9604
72.7753
72.6876
73.5576
74.1044
72.8697
73.446
73.2896
72.5285
72.7384
73.0145
74.2418
73.3144
74.5178
72.3524
72.4885
73.2257
71.8587
72.0039
72.6758
72.8332
73.7655
72.855
72.7702
72.77
72.4583
73.1579
74.2707
74.5769
73.9746
74.3628
74.1556
73.8746
73.2424
74.3034
74.0517
73.7991
74.0869
73.5072
73.3166
72.7961
73.6021
72.6982
73.2122
72.4863
72.7731
73.3181
72.588
73.6631
73.4379
74.9585
75.2226
74.4233
74.3196
73.2062
71.2496
72.3385
72.0707
72.4403
73.4056
75.1629
74.7988
74.7056
75.2355
75.512
76.9453
77.0686
75.0321
74.2742
72.7058
73.2537
74.139
73.0697
74.3816
74.5944
73.2674
72.2742
71.9015
72.3538
72.9783
73.3199
72.955
72.264
72.139
74.3745
74.6578
75.7461
74.3245
73.9151
73.9187
73.2331
72.8552
72.9825
73.3044
73.8788
73.4435
73.782
73.5986
73.5095
73.1217
73.183
73.3436
73.4631
73.1276
73.0485
72.9563
71.7489
72.0627
73.4336
72.3161
72.1323
72.5846
72.3396
72.5401
72.782
72.4598
71.9483
72.8563
73.489
72.2763
72.7584
71.9386
72.4174
72.3778
72.4689
71.96
71.7365
71.6063
71.8177
73.3863
73.34
73.2162
74.7336
74.9979
75.215
75.2939
74.8173
74.3995
74.1801
74.4013
74.2437
73.6449
73.9316
72.6213
72.0608
72.3191
72.3681
71.6935
72.4961
73.0094
73.048
72.958
72.8857
72.8871
72.8577
72.9357
74.2955
73.5709
73.9613
72.9421
73.4603
73.3774
73.2601
72.1102
72.8922
71.4012
70.8666
72.011
71.613
72.3079
72.2134
72.4545
72.2079
72.5533
72.6763
71.0155
71.2601
71.5223
71.644
72.2029
72.5242
72.614
71.7972
72.8298
73.3821
73.3136
73.7803
74.3063
74.2249
74.695
73.7416
73.811
73.1007
72.5501
72.2398
72.0179
72.507
73.2988
73.1558
71.8904
73.4571
72.6604
74.0481
74.0637
73.9867
73.3642
73.7758
74.1965
74.1328
74.2059
74.6937
74.7433
74.7475
75.8054
75.3972
75.2428
75.0129
73.5201
73.6241
73.6768
73.9004
72.9952
73.466
73.6455
72.2358
73.6463
73.3536
72.8628
74.6401
74.1181
75.6135
74.2526
74.1298
73.0717
72.6107
74.784
73.6596
74.1292
73.9651
73.6745
73.4357
73.2713
74.5163
73.7612
72.1903
74.3018
74.1956
73.113
73.0406
74.1265
71.8752
72.449
72.7248
72.9123
73.9648
75.035
73.9675
73.5945
74.1609
74.322
74.1082
74.2966
74.1066
75.1277
75.732
75.8063
74.498
75.2996
75.3358
74.8458
75.7002
74.4098
74.1901
74.9045
73.5863
74.2058
74.4173
73.8616
73.6185
73.6868
73.4735
72.9612
73.243
73.0659
72.7433
72.9648
74.1697
74.3389
74.591
73.2219
73.2831
72.5085
72.3674
73.2468
72.7937
73.6518
73.9079
74.617
73.3105
74.0704
73.6821
73.4763
73.985
73.4051
73.044
73.7164
73.5864
73.8212
74.1653
74.3604
73.3948
74.163
74.6576
75.3354
74.9139
74.5814
73.8512
72.6554
72.522
72.476
72.6194
72.3545
72.1206
72.3583
71.7981
71.431
71.9741
73.2121
72.4888
73.4071
73.4631
73.0649
72.8562
72.6788
72.8185
74.3904
75.1489
73.8586
73.8568
74.4395
73.2003
73.9443
72.8986
72.4687
73.1102
72.406
73.1006
72.4309
71.9818
72.5574
72.8566
72.319
71.8848
72.2289
72.0898
72.5057
71.6484
71.9619
71.9056
72.2832
71.3765
71.7368
72.8515
73.7673
73.8144
73.5398
71.5577
71.1001
71.9019
71.3663
70.8486
72.0386
72.4686
72.8662
73.0704
72.9904
72.0556
73.3024
72.8772
72.7327
71.8772
72.1575
72.6663
73.2085
72.0717
71.5365
72.5905
74.3131
75.1179
74.667
75.7474
75.6745
75.4722
74.5474
73.9406
72.4238
72.0308
72.9636
73.3432
73.6912
74.3305
73.5931
72.7759
72.0353
71.6922
71.6273
72.6474
73.3951
73.6174
73.8779
73.3185
73.6011
73.9139
74.5632
74.3172
73.6015
74.1558
72.8988
72.9722
73.3954
73.1344
73.968
72.2842
72.9834
72.9076
72.077
72.7942
72.1266
72.6524
73.0568
72.7974
71.9768
72.4382
72.179
72.5632
72.6146
72.1929
72.6677
72.4352
73.3285
74.3701
74.1318
73.6177
72.4205
72.3916
72.8169
72.4006
71.7827
72.4071
71.7343
71.3671
72.879
72.7806
72.6488
73.6134
73.5082
73.1313
73.5293
73.7387
74.1166
74.8872
74.1935
74.5472
75.2798
75.2471
74.3505
73.5041
72.9003
71.5196
72.1115
72.0599
72.534
72.8402
71.1011
71.8049
73.2073
73.4124
72.6997
72.2433
72.8797
73.0355
72.0321
71.6079
71.3834
72.1407
71.4186
72.8071
72.5606
72.381
71.6403
70.3215
71.0072
72.1858
71.8807
72.7365
72.2624
72.2094
73.3989
73.0426
72.2297
71.8559
73.0536
72.7679
72.1686
72.3308
73.179
73.5232
75.0252
73.8914
74.2389
72.884
72.568
73.7213
73.5688
74.3377
73.3343
73.8662
74.2529
73.1072
73.7169
73.4555
73.4319
72.9518
73.2832
74.1307
75.4773
74.2246
73.3784
72.2194
71.9849
71.9156
73.3312
73.8464
73.996
73.5807
72.1441
72.1857
72.8022
72.8407
73.1252
72.9725
73.0652
71.8211
72.6876
72.418
72.6942
73.3092
73.4785
72.0654
72.9761
73.0096
71.5967
73.1023
73.6913
73.8007
72.9773
72.6983
73.2942
71.5514
71.6467
72.3273
72.024
72.3257
72.5945
71.9976
71.5169
71.0298
71.0067
71.6082
72.2267
71.7604
73.5353
73.2445
73.4403
73.1423
72.2133
73.2594
74.1214
72.9931
73.935
72.5437
73.2042
72.6072
72.8067
71.9636
71.8897
72.595
73.5383
73.776
73.0691
72.4611
72.1685
72.8736
72.3516
73.1456
72.5623
73.2589
72.6742
72.2828
72.1828
73.751
73.0778
73.0177
73.0511
72.3175
72.4216
72.7176
73.6457
73.3106
72.721
72.209
72.8206
72.7745
72.6567
72.4038
72.5421
72.5979
73.436
74.6526
74.3205
73.5057
74.5749
74.906
74.1812
73.8237
74.2083
73.6836
73.5176
71.6046
73.5334
73.2227
74.3289
73.9869
72.339
72.7565
71.299
72.0764
72.4476
72.8983
73.14
74.0116
74.1753
73.3283
74.1373
73.1032
73.1949
73.4145
73.7108
73.0873
72.3886
72.3149
71.5579
72.5835
71.9711
72.5866
72.9072
73.5647
73.0062
73.1871
72.3007
72.2809
71.7785
71.9563
70.9672
72.2196
71.4611
71.4052
72.3145
72.242
72.9332
72.9449
72.4481
72.8778
72.5532
73.575
73.1721
73.4643
72.6703
72.5976
74.6396
75.1874
74.9712
72.638
72.253
72.9967
72.6136
72.5957
72.2309
72.5605
71.9519
72.0875
71.3749
71.9237
72.5421
73.1816
72.8903
73.0164
73.9613
74.3724
73.8711
73.8576
74.1367
73.0145
73.0722
73.5295
73.6693
73.3499
73.7694
73.399
73.777
73.8052
74.2631
74.4443
73.4073
72.1958
71.8147
72.2568
72.855
74.1213
73.5451
73.0224
72.3267
72.6148
72.7364
72.8839
72.242
72.5662
72.1814
71.8892
72.1298
71.5528
71.3374
70.5253
70.3888
71.7838
72.0514
72.4983
72.4149
71.8538
71.1217
71.3812
72.3283
71.5403
71.3501
70.9477
71.7963
72.6654
73.19
72.8919
72.2294
72.1013
73.0388
72.7875
72.3932
72.7593
73.0035
72.8662
73.1661
72.3652
72.2695
71.7985
71.8583
72.1418
71.9021
72.9464
73.697
74.1145
73.7799
74.6832
74.3181
74.2203
73.614
73.4566
73.397
73.4517
72.4729
72.9382
71.9704
72.5886
73.2068
72.9527
72.5819
74.3064
73.8525
74.5135
73.6244
73.5736
74.5457
74.5992
73.7871
74.34
73.2078
73.7066
73.1187
73.1067
72.6107
73.0889
73.3264
74.0683
73.7555
73.72
73.4438
72.0867
72.6638
72.6019
72.803
72.9015
72.8124
72.9597
73.4337
72.8422
74.1562
71.6213
71.8716
71.3238
71.9731
72.7174
72.7184
72.2701
72.4647
72.8496
73.6031
73.5288
73.3795
74.0334
73.642
74.6716
74.6011
74.9425
74.8195
74.2929
74.8222
74.7574
74.3322
73.4201
72.9678
73.5024
73.8745
74.8796
73.3918
73.9371
72.4075
73.2651
72.966
72.3852
72.1277
71.6252
71.6179
73.1542
73.6115
73.7837
73.3495
72.9951
73.3941
72.8746
73.0984
74.0472
73.5529
73.8541
74.3642
73.9967
72.8649
71.6098
70.9549
70.6735
71.4223
71.5768
71.7814
71.092
71.1934
71.7379
72.2489
72.1886
71.7072
73.0336
73.2012
72.6026
72.5262
71.7128
71.6475
72.115
72.2868
72.3737
72.4234
73.5136
72.9824
73.4239
74.0317
72.9643
73.9649
72.4727
72.8022
72.8663
73.5884
73.7109
73.5522
72.8779
72.5251
71.7899
71.2393
71.1118
71.0847
71.6693
72.4237
71.79
72.1728
72.0351
72.363
71.6377
72.2553
71.0528
71.2297
71.936
72.5756
72.9621
73.1658
73.9475
74.4574
73.5091
72.8456
74.1673
72.4026
71.7341
71.6595
72.0442
72.3749
71.796
71.4639
72.972
72.6818
72.2871
72.0477
72.5509
72.467
72.5381
71.8676
71.8148
72.3533
73.4049
73.7063
73.1947
72.9496
74.0962
73.0953
72.9722
72.636
71.8806
71.7619
71.8401
71.7534
72.1043
72.998
72.9903
73.0293
72.6402
73.4519
72.7347
72.9613
74.2258
74.1052
73.7549
73.8889
74.1458
74.0612
74.2802
72.9551
73.3602
73.0101
73.8379
73.6947
74.2997
75.0451
75.006
75.4955
74.998
73.909
73.9604
73.9907
72.6329
71.6764
71.3866
72.6683
72.9357
73.4298
73.173
73.5439
73.9297
73.5522
73.2749
71.6988
71.9561
72.456
72.9604
73.3962
73.1006
73.226
72.7889
72.862
73.1859
73.5804
72.9255
73.4058
73.6246
74.0185
73.9148
73.5091
72.3226
73.5989
73.5795
72.9589
73.2813
73.2605
73.3896
73.6048
72.6825
73.0609
73.0448
72.8957
72.7938
74.1626
74.0312
72.8759
72.177
71.5774
71.2823
72.4604
72.1236
72.4478
72.6315
72.6099
73.7315
73.2525
73.87
72.9129
72.893
72.2546
73.6546
74.3936
73.9324
73.2254
74.2111
73.8889
73.8986
73.5308
72.8021
73.2553
72.8736
72.5573
72.1126
72.417
71.6506
71.8206
72.4298
72.6847
72.2251
71.0494
72.1928
73.0451
73.1785
73.5211
72.3651
73.353
73.1904
74.0483
74.3513
73.8096
75.0976
74.7962
74.979
74.4665
74.3138
73.5876
73.7529
72.2409
73.3367
74.735
75.3669
74.451
73.7031
73.113
73.3865
74.5234
74.2978
74.6998
74.8969
73.5248
73.4402
72.6027
72.3239
71.7867
71.3594
72.1427
72.8417
73.1278
73.471
73.6909
73.0096
72.5532
72.4203
72.622
72.3178
71.6661
73.2278
73.0554
73.8635
72.5755
71.6185
72.4854
73.491
73.5791
75.096
75.3408
75.3228
74.8595
75.1241
74.2142
75.2325
74.5446
75.3946
74.39
73.6333
73.8206
73.8377
73.2168
72.7174
72.8858
72.3947
72.4244
72.8421
73.7138
74.5559
73.4205
73.8366
73.246
73.8732
74.4844
75.2372
74.1808
75.7776
75.0386
75.2862
74.0498
73.0211
73.0864
74.7762
74.9656
74.4003
74.0193
74.4003
75.585
75.5784
75.7934
74.0928
75.251
74.2689
75.0419
74.0102
71.8842
71.1703
71.1672
72.3464
72.6621
74.285
73.345
72.0833
72.1806
71.7034
71.7695
72.3723
72.0386
72.6852
72.4176
73.102
73.4443
72.8862
73.0469
74.0726
73.5377
73.2633
73.4517
73.6127
73.6193
73.7368
73.6761
73.7014
73.008
74.4407
74.5241
75.6166
75.0347
75.2245
75.1453
74.7567
73.776
73.5881
73.6087
74.2954
73.8269
73.7289
73.1691
73.5768
74.0918
73.9296
73.6794
73.6596
72.057
72.3953
72.3286
71.8272
72.4942
72.7401
72.7454
72.9555
71.9179
72.0748
73.2594
74.1695
74.4331
74.2881
74.5044
73.4232
73.4419
74.4076
73.0045
72.5676
72.9528
73.7163
73.2865
73.5939
73.3721
72.8758
73.4831
72.9331
73.0505
73.5074
72.0786
73.0617
73.5671
73.149
72.0449
71.3427
72.7179
72.7796
72.3853
72.3694
71.4232
72.1261
71.8859
71.4643
71.8292
72.9317
72.1897
72.6498
72.6189
73.0747
73.658
72.949
73.3473
72.3374
73.0842
72.3634
72.0766
73.7321
75.6551
74.0732
73.9802
73.0568
73.1954
72.8021
73.3629
72.68
72.9238
72.8082
72.7958
72.1223
72.0375
72.9988
73.3581
73.858
72.8693
72.4163
72.1105
71.6582
72.1918
72.0954
72.6522
72.5815
72.4492
72.4378
73.0979
73.3458
73.4466
72.9238
72.4384
73.2513
72.7064
72.6549
72.2972
72.4342
72.9181
73.7124
73.3369
73.5459
73.7777
72.8359
72.9676
72.6986
73.5835
74.208
74.582
75.0954
73.7117
73.6576
73.0345
72.8077
72.5234
72.5494
73.376
73.0697
72.7246
73.0882
73.7591
73.848
73.1797
72.7777
73.7952
74.5889
75.0274
74.7065
74.8232
74.8935
72.848
73.075
72.5272
72.4972
72.8882
73.8166
74.0124
73.8025
72.5528
72.4572
71.6052
72.6349
72.309
71.6683
72.5462
72.4217
73.2583
73.9814
73.5344
74.4537
74.0693
74.1688
74.1565
72.65
73.3441
73.9116
73.2522
73.0812
73.3607
72.6502
72.4602
73.2249
74.7042
74.0247
73.1646
72.3115
71.4236
71.9905
72.7127
73.3048
74.6681
74.4817
74.2174
73.5631
74.3525
74.159
74.5151
73.2921
73.1874
73.2532
73.644
73.3269
72.5593
72.7479
73.178
73.9268
73.08
73.0549
72.7612
71.9528
72.0046
71.9716
72.5737
73.1356
72.579
71.2911
72.1247
71.123
72.056
71.1847
73.0586
72.7846
73.4513
74.5805
74.158
75.0467
74.4015
73.0405
73.0998
72.9368
72.4785
72.2204
72.3554
71.8122
72.3543
72.1344
71.6884
71.2111
72.149
71.5643
71.3853
70.897
71.0989
71.3913
70.9083
71.9
71.7661
73.096
73.712
73.1768
71.9883
71.9612
72.867
72.8885
73.0471
72.6324
73.1603
73.7016
72.8628
74.0843
74.115
74.1663
74.1859
73.6889
73.3008
72.9531
72.781
72.3463
72.0899
72.8438
74.1707
73.6499
74.2631
73.0473
73.5495
73.5593
73.5792
74.7013
73.3662
73.5926
73.3447
73.5256
73.3738
74.105
73.6667
72.524
72.0985
73.2449
73.5114
73.0876
72.6288
72.6685
73.0207
73.3329
72.8533
72.4513
73.5149
74.2832
73.9108
73.8406
73.2272
72.4434
72.3659
72.3614
73.3428
73.0233
72.9029
72.8439
73.3392
73.0269
71.8476
72.458
72.2942
72.7363
72.3561
73.5426
74.3532
74.1587
73.583
73.1067
73.9079
73.6705
73.9935
73.8118
74.8339
74.7968
75.6486
73.8423
73.7798
72.4557
72.8854
72.5013
72.7146
72.7025
72.3919
73.0215
71.9413
71.7726
71.1148
72.022
72.529
72.359
73.136
72.7069
72.3056
71.9208
72.1886
71.225
71.0103
70.9174
71.3716
72.1175
72.0324
71.5311
72.5548
72.7168
73.4384
72.7711
74.1601
74.5445
75.077
74.5361
73.5896
72.7284
72.6985
72.1266
71.8942
72.4098
71.7608
72.6274
72.6349
71.5799
72.0465
72.4255
72.1791
73.5571
73.8587
74.2582
73.7092
72.7648
73.4324
74.4803
74.0562
72.1426
71.5874
71.8182
72.6914
73.1604
73.7677
72.3927
72.9328
72.717
72.1592
72.2753
73.1115
74.2583
73.8204
72.8106
72.7144
72.4558
72.5531
72.138
72.2898
72.2382
73.249
73.1745
73.1357
72.3577
72.7499
72.4842
73.5127
72.973
71.9059
72.9329
73.2585
73.7406
73.7272
72.9016
73.0741
72.7579
72.5653
73.0473
72.9493
72.3105
72.5806
71.8015
73.1078
72.962
73.1539
73.5461
72.7564
72.9958
72.237
73.3894
72.9671
72.97
71.6399
72.3181
71.8024
72.2307
71.2243
71.4733
71.4949
70.4269
71.2692
72.2625
73.6189
72.613
72.9142
72.7308
71.9112
73.3434
73.8693
73.5867
74.1479
72.8657
74.1261
73.0509
72.3381
73.149
73.1343
71.7821
71.7105
72.6536
72.5022
71.6822
72.4385
73.8659
73.354
72.6707
73.1783
74.0969
73.2948
72.9086
73.7824
73.3936
71.8062
71.8638
72.3876
73.0769
73.4951
73.4244
73.3585
73.3217
72.7473
73.7651
72.6902
73.6185
73.0736
72.885
73.1607
73.1956
73.4212
72.7602
72.867
72.4233
73.3996
72.8967
72.6828
72.9792
72.9967
72.7847
72.7313
72.3316
72.0738
72.7884
72.9313
73.0393
72.6967
73.5494
74.0717
73.4519
73.3476
72.2104
72.4493
72.4027
72.398
72.25
72.031
72.2584
73.1983
72.6269
72.0363
71.5836
71.821
72.163
71.5117
72.0818
72.5512
72.3639
71.8293
71.2902
72.9523
72.2567
71.6747
71.0949
72.2905
72.3227
72.1753
72.6613
72.274
72.811
72.7607
73.1892
73.1063
72.1971
71.2085
70.9762
72.5576
71.6795
71.9126
72.1148
72.6196
71.3332
71.4929
72.2628
73.0147
74.126
73.3861
73.4535
73.8823
73.181
72.7243
73.3675
73.9532
73.9723
74.2076
73.8766
74.5254
74.3777
73.4227
72.6609
72.3621
72.4106
72.3044
71.6937
71.9624
73.1228
74.0523
72.7587
72.4022
72.4169
72.5962
73.6085
73.6031
74.4627
73.4059
74.386
73.2633
73.9735
75.0085
75.5601
73.9857
74.9457
74.9969
74.5308
73.6921
74.0231
72.519
72.1809
73.0616
74.0017
73.6442
73.617
72.994
72.8232
72.7842
72.9239
71.906
73.7251
74.0695
73.3187
73.1289
72.3036
72.5827
72.1719
71.744
72.1466
71.2525
71.9231
72.0029
72.3493
72.5564
73.7568
73.8147
72.6049
72.1239
72.5052
73.328
72.8593
72.0131
72.3128
72.3508
72.1352
72.3424
71.8424
72.4666
72.7805
74.4932
74.416
75.1466
74.1566
74.5121
74.057
74.3888
74.3014
74.1026
73.5561
74.4867
73.0687
72.9488
73.1468
73.5088
74.0319
73.9366
73.675
73.9882
72.866
73.2644
72.2244
73.5099
72.8822
73.9871
73.4316
72.3562
72.3297
72.4746
73.0966
72.7954
73.1155
73.1396
73.3304
73.2583
73.8177
74.1534
73.9295
74.4337
74.7537
73.4132
72.819
72.203
72.7066
72.6078
72.1424
72.8984
73.8213
72.4172
71.8543
72.0044
72.7152
72.9552
72.3993
73.2651
73.8506
73.8109
72.8146
72.5761
72.3641
72.4849
72.1925
71.7875
72.7321
71.3809
71.7918
71.2811
72.388
71.8066
72.0526
72.8186
74.2423
74.1135
73.8335
74.3324
73.3962
72.3928
71.9996
72.6578
72.8326
72.7818
72.3791
72.651
72.6278
72.7356
73.7784
73.2331
72.3282
72.806
73.9
73.1985
72.3072
72.2343
73.3974
74.2478
74.016
73.5853
72.8181
73.2436
72.7525
73.565
73.7711
74.262
73.9574
73.2369
72.5183
72.4561
71.6296
71.7074
72.3516
71.5627
72.4788
72.4539
73.3169
72.8578
71.8321
71.835
72.5065
73.7423
73.7041
72.9776
72.3102
72.5187
73.5475
73.5229
73.0621
73.798
73.7424
73.6373
73.4262
72.9175
73.1533
72.4423
72.8846
72.7078
72.2001
72.1795
72.5268
72.8332
73.6724
72.0516
72.6291
72.3892
72.1838
72.2343
73.5442
74.6624
74.5678
74.3566
75.2379
74.8578
74.3338
74.0692
73.5743
73.1962
72.1412
72.8558
72.5972
72.6635
72.1801
71.5794
71.917
72.3606
72.6919
73.2032
72.1667
71.7891
71.7527
71.4085
71.8196
71.9044
72.6701
72.3282
71.4142
71.1182
71.513
72.2346
73.4568
72.8535
72.0244
72.1446
72.8389
71.4449
72.7554
72.26
72.2824
72.66
73.1522
74.1788
73.9654
74.1251
74.1742
74.4855
73.9655
75.152
73.24
73.8584
73.0762
73.2156
72.5283
72.3281
71.8561
71.8296
73.1914
72.1862
71.5293
71.3128
72.8015
72.5425
72.4315
72.7491
72.0715
73.3854
74.4244
73.6637
73.6361
72.5711
72.9474
72.3367
72.4215
73.0919
72.1453
71.6231
71.9514
72.775
72.784
72.4364
73.6508
72.6422
73.7019
73.0807
72.943
72.3039
72.989
74.1776
73.4036
73.3161
72.6381
73.0725
72.8204
73.1258
73.0826
71.368
71.0534
71.2768
71.2535
71.6544
70.9833
72.4207
73.0342
73.925
73.1386
73.3916
73.9779
74.9683
74.6435
74.2967
73.3498
73.4669
71.9129
71.7535
72.3664
72.5841
72.2511
71.0354
71.2613
71.7253
71.2888
72.5068
73.813
74.5455
73.3329
72.8457
72.4609
72.5781
72.683
72.8693
73.8485
73.6616
72.7793
72.2093
72.1311
71.9543
72.6251
72.3348
72.9246
72.1374
72.3779
73.1798
72.6517
71.8001
71.7099
70.9066
70.6846
71.8866
72.2052
72.3421
72.9234
72.1679
72.0824
72.6083
72.3883
72.9747
72.0269
71.3673
71.8093
73.8106
74.2011
74.3217
73.9774
73.5589
73.1927
73.0384
72.5169
71.0829
70.6565
71.0218
72.7866
72.1293
72.1188
72.7158
72.9187
73.246
73.3729
73.2853
72.695
73.4392
73.8759
72.9389
73.3128
72.4458
73.7694
72.342
73.0629
72.478
72.2613
72.7247
74.6113
73.6301
73.8757
73.0783
71.9311
71.8688
72.8018
73.0101
73.7298
73.818
74.4264
73.776
72.5584
71.8876
72.2416
72.792
72.8457
72.3111
72.6884
73.2136
74.0634
73.4905
72.4195
72.9937
73.6501
73.6119
73.2046
72.5692
72.8819
73.9087
72.0973
73.1491
72.4503
72.9148
72.6487
72.4937
72.5182
72.8511
72.8516
72.1776
72.3169
72.8518
72.6835
73.0926
74.6209
74.0942
73.4992
73.1224
73.4665
74.747
73.9381
73.939
73.9137
72.8273
72.6963
71.5591
71.916
72.3923
72.3244
71.5854
72.9859
72.4273
71.6705
72.4772
72.2689
72.1486
72.9636
73.0829
73.0596
72.0059
73.3935
73.7371
72.6125
71.272
71.8152
71.9405
72.2977
71.6802
71.7644
71.8319
71.8451
71.9978
70.9184
71.3246
71.8124
71.9412
72.3906
72.0244
72.4682
72.4183
72.5791
72.6011
72.4637
73.5687
74.1072
74.7811
74.1639
74.3307
74.1013
73.6081
73.7554
72.5676
71.7552
72.1935
72.7342
72.9504
73.2866
73.3078
73.2585
73.5286
72.8015
72.1783
73.2435
73.4231
72.3938
72.6131
72.5698
73.0892
73.2384
74.3557
74.023
75.8227
73.6149
72.6389
72.2937
72.46
72.2603
72.1016
73.7788
73.6978
73.3923
73.2441
73.0769
73.9155
73.3032
72.0146
71.897
72.0637
71.3771
72.228
72.2304
71.8182
72.5792
72.3588
72.1121
72.2159
72.2623
72.3836
72.064
71.6182
73.7521
74.1331
74.0281
73.4933
72.3655
72.7221
72.1748
72.1833
72.1421
71.992
72.7585
72.7949
72.8124
71.4441
71.8196
71.9888
71.6639
72.261
72.9543
72.9101
73.0735
72.586
72.1656
73.079
72.4095
73.0214
72.5691
72.9605
72.2808
71.9311
72.4502
72.5849
72.8887
73.5235
72.8931
71.7278
72.2748
72.7732
72.1331
70.788
71.2312
71.0185
71.1503
72.2699
72.9422
74.1623
74.6096
73.8499
74.136
73.9013
74.263
73.6625
73.6452
72.8442
72.0325
72.9504
72.2131
72.4608
72.4596
73.1945
72.8035
72.7382
72.6315
73.0427
72.6592
72.8215
73.9312
73.7516
72.8091
72.2215
71.8177
71.6514
71.2815
71.5902
71.5735
72.2203
72.6426
72.399
72.8412
72.2877
71.2777
72.1232
72.3492
72.8226
72.8621
73.2375
73.1017
72.9113
72.8177
72.8441
72.0814
71.8549
72.1659
72.2285
71.149
72.1424
72.7038
72.8135
72.2622
71.7197
71.9096
71.4024
70.5367
72.4056
72.8571
71.9801
73.4078
73.3821
73.2565
72.8637
72.3087
71.6856
71.5887
72.1578
71.9235
72.2207
72.8164
73.7533
73.6963
72.0682
72.3395
73.8121
73.1411
73.6049
72.6604
71.527
72.4052
72.31
71.3964
71.3216
70.9226
70.9397
71.5949
72.205
72.0775
71.88
72.6668
73.1876
73.4493
73.5813
73.985
73.2871
73.2139
74.3832
74.3304
73.3437
73.6646
73.5348
71.6941
72.4866
71.7136
71.5262
71.049
70.9367
70.7496
70.7455
70.8375
71.3227
72.5529
72.2556
72.291
72.9159
73.073
72.2083
72.2218
72.6834
71.9299
70.9881
72.0334
71.6083
71.4668
72.1314
72.313
72.6283
72.6346
73.2356
71.9717
72.8329
73.1954
74.2746
73.4219
73.1055
72.9722
72.4777
71.3385
71.7807
71.2923
71.9944
72.3654
73.2752
71.9285
72.6841
72.2597
72.5199
72.1468
72.4181
72.4815
71.7294
72.8819
71.9754
71.6453
72.1769
71.7237
70.7756
71.267
71.6601
72.3725
71.3685
71.5423
72.3781
73.088
73.5203
73.7608
73.7698
73.4168
72.3808
71.9208
71.8502
71.7071
71.8651
72.486
73.1589
72.3723
72.9629
73.2967
73.0379
73.5004
74.0724
73.4861
73.0689
74.0982
73.3131
73.1415
72.5237
72.8149
71.1827
71.2644
72.7239
73.3708
74.4915
73.7622
73.9351
72.5774
72.2687
72.4243
73.3083
72.5991
72.7153
72.9951
73.6222
72.4996
72.2731
71.1645
71.9895
71.4849
71.4011
72.4651
74.0217
74.9075
76.3778
77.4742
78.9729
80.0379
80.2102
80.2612
80.0518
79.6866
78.9817
78.4641
75.9302
74.9931
75.4813
74.9626
73.7047
72.9973
72.8842
71.9182
71.7321
72.5979
72.1331
72.9602
72.3958
73.861
73.2789
73.3767
72.2842
72.1545
71.9129
73.307
71.7768
71.7606
71.3609
71.2603
72.6532
73.1176
72.6454
72.0508
71.4721
71.2798
70.8964
70.9202
71.3599
71.41
71.6094
71.1899
71.2169
71.4297
71.9781
71.5399
70.8459
71.3191
71.9068
71.1851
71.475
71.4912
71.7573
72.0521
71.9717
71.4933
72.2414
72.4321
71.8507
72.9331
74.0203
73.1985
73.939
73.3707
71.8059
72.9223
72.8576
72.9255
73.0537
72.7946
72.8951
72.6947
72.2743
71.7357
71.353
70.9267
71.8777
73.938
75.4309
74.6078
73.2872
71.9009
72.8953
72.3516
72.4056
71.1722
71.0754
72.0482
72.4352
72.2757
72.0269
72.2339
72.517
72.6004
72.1305
71.848
71.9966
71.0649
70.9783
71.0868
71.163
72.4331
72.4933
72.3043
71.6344
72.5108
71.342
72.2408
72.5536
72.1364
72.4433
73.1236
72.8864
73.4409
73.7613
73.0689
73.206
72.6158
73.8089
73.3161
71.5155
70.8166
71.829
70.8158
71.3615
71.5173
72.2498
71.7178
71.5247
71.0551
72.0778
72.2133
71.485
71.1142
71.533
71.8417
72.7778
72.1736
70.9069
71.8441
71.8729
72.496
71.6905
71.8471
72.5746
72.0392
71.6491
70.769
70.7269
72.0998
71.9594
71.3104
70.7019
71.4859
71.1405
70.9635
70.3314
70.3357
70.5845
70.463
70.0327
69.7719
70.3705
71.1462
71.4785
70.3665
71.0199
70.2644
70.5244
71.7998
71.5405
71.9199
72.3753
72.0007
71.7252
70.4135
70.7329
71.5761
72.2344
73.0872
73.6251
72.7545
73.1232
72.3811
72.3209
70.8784
70.8871
72.096
71.0517
71.2004
71.6894
70.881
70.3127
71.5341
72.4007
71.3568
71.7149
71.2153
71.2232
71.3199
71.1992
70.8366
70.8568
70.6264
70.997
70.2672
70.4081
71.1263
70.6292
71.5324
71.6559
71.141
70.5905
70.6139
71.0937
71.0214
71.3146
72.3587
71.9917
72.9933
73.4014
71.8472
72.0987
71.4312
72.372
72.1833
72.0573
73.3995
71.5387
71.0537
71.0211
70.4455
71.5996
71.3891
71.5633
73.0443
71.7152
72.2881
72.9131
73.6138
73.3194
72.8078
72.0202
71.6207
70.9028
70.6913
70.9554
71.4273
70.1984
70.6765
71.0238
71.7824
70.9129
71.3936
70.239
70.4276
70.3414
70.4411
71.8409
72.3089
72.0525
72.505
73.4379
72.6737
72.5444
72.6046
73.7014
72.8061
72.0634
72.5417
71.83
72.6545
73.229
72.6961
72.8819
73.3439
72.4481
72.5348
72.2877
73.0252
73.8017
71.5113
72.1814
73.0832
73.1384
73.3896
74.8335
72.6955
73.7676
72.7888
72.3657
72.2077
71.1526
71.716
71.9997
71.5824
72.6785
73.294
73.1527
72.6382
70.9586
72.1986
71.9934
71.8267
71.3109
71.5768
72.5006
71.5333
71.1895
70.9034
71.8805
71.8429
72.5878
72.8949
74.5554
74.0784
73.6834
73.1702
72.2382
71.5752
71.9248
72.1163
72.135
71.1507
72.6269
72.283
72.3632
72.7641
73.3255
72.6489
72.0849
72.6862
71.5357
71.5518
72.4679
71.9447
71.8404
71.2301
71.4933
71.0134
71.4927
70.2426
70.0844
70.3358
70.1406
70.8739
71.1181
71.263
71.2043
70.0758
70.0898
70.2121
71.0617
70.739
71.5805
72.1517
71.4383
71.2517
71.5206
70.6224
71.395
71.752
71.1407
71.6386
70.9636
71.2863
72.148
71.917
72.0683
72.9423
73.4997
73.0242
72.999
72.0271
71.7021
71.9572
72.9366
72.5627
71.7649
71.0877
71.4695
71.855
71.3708
70.7455
70.971
72.0685
72.9527
72.0797
71.7321
71.7103
72.3392
72.3572
72.4557
72.7893
72.5879
72.0562
72.9177
72.7272
71.4184
71.9075
71.9772
71.0608
70.0602
71.3439
71.6176
72.2878
72.3212
72.4574
72.4053
72.0084
72.7291
73.0394
71.9321
71.7294
71.9423
71.3723
71.4894
71.3074
72.0686
72.212
71.484
72.9708
72.4439
71.9981
72.0896
71.5001
71.8836
72.4169
71.6937
71.36
71.9122
72.0031
72.7974
71.1144
70.5075
70.1291
70.1504
70.7838
71.7734
71.5231
71.7528
71.8706
72.0598
71.5961
71.1743
71.937
71.9864
72.2487
72.0025
72.2242
72.5956
72.1317
72.7189
72.2424
72.6269
71.8764
71.928
71.9534
71.689
71.2359
71.5866
71.6888
72.6842
71.0612
71.8077
72.6832
73.5969
73.4512
72.4868
72.5403
72.1415
72.5052
73.5155
73.8051
73.1911
73.7923
74.893
77.0118
77.2761
78.891
79.4738
79.5398
79.9491
81.0201
80.453
80.5568
80.2537
82.517
81.2944
79.5813
77.3429
75.7064
74.7685
75.2151
73.5152
73.4669
72.8595
73.0415
73.83
73.248
72.723
72.6325
71.822
71.7925
71.5132
70.6336
70.2618
70.6563
71.6938
71.7201
71.4426
71.7983
72.3163
71.6496
71.8621
71.7056
71.5451
70.5763
70.8357
71.7849
72.5013
73.1726
71.9058
71.6075
71.528
71.3936
70.3576
70.3524
70.4947
70.7081
70.6411
71.8695
72.2201
71.7426
72.6472
71.9039
71.5449
71.6858
72.9093
71.9778
73.3492
72.9621
72.3397
73.6736
73.8013
72.8953
73.0341
71.5418
71.0518
71.9226
72.7407
73.3945
73.4035
72.7791
72.6203
74.2733
73.3843
73.2231
73.448
72.9079
71.9763
72.8445
73.8206
73.4704
73.1862
73.4866
73.6083
72.7804
72.4858
71.8712
70.9721
70.565
71.1961
71.4789
71.8364
71.5753
71.5877
72.6482
73.1989
73.5919
73.6366
72.6699
71.1935
71.3641
71.6919
71.2913
71.3612
71.3234
72.0859
71.7896
71.7308
71.9958
71.9296
72.1507
72.0865
71.7649
71.9456
72.7139
72.8121
72.8906
73.1334
71.6883
70.8095
71.4342
71.5747
71.5919
71.0978
70.552
70.9834
70.5592
71.3274
71.3462
71.3931
70.5458
71.2539
71.2054
71.6927
71.1597
71.3172
70.5833
71.4142
72.0399
72.3023
70.6386
70.786
71.28
71.5232
71.5979
71.865
71.546
71.8386
71.4117
71.67
71.8078
73.2107
72.4824
72.09
72.5742
72.699
71.8512
72.5912
73.1785
72.7575
72.0993
71.5707
72.5412
73.5868
73.1998
72.4601
72.8502
73.069
73.1165
72.1579
71.9171
70.8364
71.9728
71.7761
71.2794
70.8604
71.5724
72.6264
72.2879
72.0799
71.2671
69.8839
70.6912
71.2368
71.2497
72.08
72.5728
70.5056
70.9775
70.294
71.1559
71.804
73.2219
71.8392
71.8762
71.421
71.7175
70.5012
69.9135
70.1196
71.6427
70.4741
71.0044
71.2657
71.2951
70.8935
71
71.8449
72.6758
72.4935
71.9674
72.2747
72.4057
71.2058
70.8667
70.3075
70.6058
70.2237
70.7695
71.0065
72.027
72.4645
72.4478
73.0652
71.9105
71.0976
70.1069
70.0104
70.2123
70.2272
71.3732
71.194
70.9511
71.1839
71.4727
71.0195
70.9302
72.7593
72.4781
72.3401
70.9908
71.6173
71.7384
71.8526
72.0548
71.2988
70.1274
70.1956
70.0417
70.696
70.7625
70.602
72.3503
72.3656
72.3331
71.3341
71.0005
71.0396
71.5133
71.1877
70.7009
71.4999
70.9477
71.4848
70.9517
71.1816
71.6377
71.6154
72.0506
72.0038
73.0592
71.7443
72.0262
72.0403
72.7858
72.484
72.035
72.1812
72.6147
71.6001
71.0737
70.3473
71.5088
71.1523
71.0726
70.3016
70.2807
72.458
71.3994
70.5505
71.0844
70.1985
70.511
70.8391
71.3864
71.657
71.9577
70.9904
71.9074
71.24
70.7433
70.8252
71.0863
73.5622
72.5126
72.1131
71.8848
71.2835
70.3444
70.1645
70.3475
70.8641
71.2217
71.9084
71.3045
71.3632
72.5777
72.789
73.5223
71.626
71.2469
71.0059
71.8962
70.3104
70.1343
71.0801
71.1482
70.8043
71.6591
72.0769
71.6708
71.0479
71.3864
70.2367
69.4333
69.6581
70.2909
70.7295
71.1467
71.5071
71.4337
72.8424
73.3999
72.8033
73.3706
72.0692
71.3434
71.6936
71.0851
71.3871
70.4941
71.0833
70.4784
70.0815
70.41
69.8708
70.9581
70.154
70.9653
71.5933
72.65
73.1845
72.5974
74.2735
72.2545
72.1532
71.8621
70.486
71.4374
71.1999
72.0308
71.0327
71.6056
72.1754
72.0909
71.7588
71.9391
72.4451
71.7525
71.7454
71.523
71.846
71.8896
72.2337
72.5009
72.2266
71.9008
71.9742
71.4536
71.4344
71.5399
71.7644
71.1318
70.502
71.998
72.171
73.1803
72.848
71.5735
71.8613
71.6298
71.6177
70.3258
70.4908
70.3744
70.1528
69.563
69.7811
69.7762
70.2065
70.7078
70.9925
71.1952
72.0629
72.1975
72.5041
72.5768
72.3573
72.5889
71.7413
71.7189
70.7521
70.1585
71.0254
71.893
70.6909
71.39
71.0746
71.933
71.8773
72.1461
73.6775
72.5929
71.8188
71.6449
71.19
71.039
71.2102
71.5759
72.1068
72.1781
73.7628
73.2061
72.2452
73.4404
73.3234
71.732
70.3211
70.8752
70.1278
71.8223
71.3822
72.6239
71.4421
72.3623
71.9811
72.5289
72.6048
73.3262
72.8519
71.988
70.8779
71.0162
70.6188
71.9006
71.4198
71.3444
71.0379
70.0981
69.5701
69.8212
70.3288
70.6185
70.3777
71.2331
72.1962
71.2468
71.059
71.0731
71.5686
71.2571
70.4295
71.1596
71.6964
70.7352
70.9255
70.7194
71.7185
71.252
71.7828
72.3263
72.367
71.5689
72.1777
72.3606
72.0154
72.1912
70.673
71.3174
71.1694
71.0628
70.4965
71.0723
71.3579
72.0174
73.7775
74.128
73.4074
72.2076
72.0011
71.4597
71.5247
72.0961
72.4239
73.1225
71.9073
71.6666
71.6962
71.9616
71.9568
71.465
71.8308
72.0681
72.9887
71.732
71.4921
71.0197
71.2019
70.5664
70.8504
70.8691
71.0556
71.7657
71.4118
72.3047
72.0395
71.9372
70.4116
70.9585
71.1489
70.918
71.2776
71.5956
71.6207
72.4329
71.1681
70.4502
70.0531
70.0107
70.4708
70.4514
70.0896
70.2154
71.6374
71.4267
71.2508
72.793
72.2804
71.4724
71.1494
71.1668
71.2064
70.5398
71.7531
72.472
73.0632
72.4833
71.7956
72.2597
71.2539
70.7775
70.5555
70.383
70.7155
71.1105
72.028
72.273
72.3544
71.9999
73.3238
72.2205
71.1632
71.8109
72.5997
71.7868
71.9665
71.5563
71.6218
70.8061
70.8803
71.0673
71.426
71.0533
71.1309
71.4724
72.3346
72.7183
73.3261
73.4599
72.2448
72.5694
72.4874
73.1099
71.6725
72.3391
70.9594
70.9701
71.2707
71.3937
71.2863
71.6705
70.4136
71.5677
71.4311
71.5007
70.7582
71.1486
71.9551
73.3414
71.7821
72.0327
72.2381
72.8452
74.176
73.6639
72.5819
72.092
72.5134
72.0056
72.9606
72.4851
71.2965
70.5368
70.8288
70.6099
70.6578
71.1458
71.1469
70.3226
70.5768
71.3965
71.7628
71.8834
71.0215
71.2146
72.0082
71.5226
71.4596
71.7722
71.7277
71.7317
71.4284
72.263
71.2703
71.5282
71.2752
71.0933
70.7121
71.46
71.154
70.5684
70.9075
70.1812
71.2555
71.4448
71.4209
70.286
71.162
70.3693
71.346
70.8217
72.1847
71.6198
71.0453
71.7858
71.4203
71.4453
70.4177
70.0525
69.672
69.7134
69.8972
70.4341
70.9553
71.6156
72.5463
73.0647
73.3278
71.7695
72.0053
72.0427
72.0783
71.634
71.4434
71.7484
71.2835
71.466
71.3469
70.884
70.4415
70.429
71.4102
70.919
70.4206
70.0265
70.7607
71.3498
71.8679
72.017
71.8585
71.5632
71.3357
71.5985
71.612
72.2189
72.6049
73.2936
73.8091
72.9262
73.2216
73.4798
72.1966
72.1333
70.1812
69.9641
70.4648
70.6247
71.3934
72.1291
72.8258
72.317
72.0152
71.9593
71.4677
71.5254
71.4246
71.6357
71.0143
72.237
72.7321
73.1738
73.8023
72.9237
73.1425
73.1045
73.1284
72.8049
72.997
71.6821
70.8334
70.6264
71.1388
71.9463
71.9554
71.4867
70.9023
69.9631
70.0637
71.2065
71.8887
72.2883
72.3246
71.8758
71.4904
72.1216
73.2911
72.1278
72.2893
71.9096
72.2698
72.353
72.3538
71.9627
70.7658
70.0373
70.5482
71.6827
71.7498
71.497
71.0943
72.1901
72.4161
71.7545
71.7988
71.7462
72.0155
72.263
71.9928
71.9579
72.5551
72.7868
73.1952
73.7506
73.1815
72.5662
71.5141
72.3856
71.707
71.9303
70.7199
70.5522
70.9584
71.4925
70.0552
70.4755
70.8534
70.5907
70.5568
70.5482
70.3642
71.2182
72.0292
71.8276
73.0574
72.5725
72.3554
73.1397
74.0962
73.1332
73.5465
72.7254
71.8991
72.1793
72.3384
71.7986
72.2754
71.8716
71.0665
70.7434
70.8495
71.537
70.3687
70.6847
71.6532
71.9468
71.7999
71.6201
71.0106
71.7298
72.0826
71.3792
70.9876
70.3361
69.5517
69.7166
70.5385
70.1973
69.2755
69.6384
70.2095
70.3076
70.2463
71.0942
71.4963
71.2466
71.9838
73.0844
73.6139
72.8787
72.999
73.5271
73.3196
72.4605
72.0369
71.7497
71.3548
71.5944
70.7588
70.9061
71.3946
71.0328
70.9133
71.9446
71.5126
71.6406
70.5
70.6551
70.2724
69.6352
70.2251
70.5176
70.2113
69.8587
69.8625
71.2917
72.4925
71.4494
70.9766
71.5355
70.1273
71.0556
71.3393
71.203
71.1316
72.0039
71.346
70.9003
71.6285
72.25
70.5443
71.4244
72.9496
72.6874
73.1618
71.5939
73.2475
72.2776
72.0335
71.5608
71.8699
71.3558
71.4075
70.7735
71.0128
71.5097
72.2937
73.0368
72.9387
72.4666
72.9891
73.1725
73.1107
72.0489
73.1759
72.8109
71.3523
71.9167
72.3625
71.9436
72.008
71.6406
72.3636
72.3145
71.2003
71.7777
71.1019
71.2663
71.8594
72.609
73.0815
73.2841
72.2649
72.5118
72.2759
72.1552
72.7929
71.3994
71.3287
71.234
71.4467
70.9572
71.3069
71.2153
71.2192
71.115
71.7042
72.2624
72.2297
72.4691
71.5039
72.2695
72.7183
72.4749
71.0607
71.0811
72.202
72.4364
71.6428
70.6023
71.7139
72.3595
72.8594
72.6763
72.5021
72.3467
72.4338
71.9741
72.1352
71.3092
69.8262
70.6259
70.6564
71.1518
70.8309
70.1835
71.8298
71.8154
71.9318
72.399
72.5101
72.2576
71.6694
73.0312
73.0449
72.1764
72.8302
72.7354
71.529
72.9984
72.6533
71.4997
72.656
72.2554
70.9545
71.6433
71.3679
70.9433
71.0415
71.1014
71.6539
71.8742
71.3456
72.6076
72.7659
71.7329
71.9722
71.6989
71.4439
70.4227
70.1187
71.3668
71.282
71.4207
71.0668
71.2155
71.5084
71.1744
70.2901
70.9919
70.8579
70.0555
70.6529
70.7902
70.4371
70.1202
70.7226
71.0843
71.9787
71.102
71.1037
71.6431
70.9661
71.8975
71.9982
71.6208
71.457
73.5939
74.1985
72.4497
72.4399
72.5717
71.8136
70.2626
70.2866
70.5025
71.8609
70.8876
71.5026
71.842
71.4767
72.0302
71.5924
71.6616
71.2513
71.8617
72.0973
71.583
71.8992
72.1361
72.5885
72.1783
72.7757
72.675
72.3174
72.2136
71.3048
71.3247
71.0131
71.0423
71.2561
71.339
72.1805
72.0031
72.3036
71.7524
71.4998
71.0219
71.4424
70.7741
72.0856
71.9877
71.5145
71.3274
72.965
71.4113
71.9413
70.997
71.5262
72.0684
72.6081
72.2988
71.6906
71.5661
71.0241
71.0609
70.6376
70.9364
70.6884
70.5095
71.1936
71.6419
71.049
69.5529
69.938
70.0871
71.3291
72.1342
71.7732
71.3652
71.5867
71.3576
71.5393
70.9602
72.2587
71.8449
71.5992
71.7236
71.8324
71.9845
70.7315
70.4634
69.5531
70.1681
70.5251
70.6048
71.1025
71.2912
72.2727
71.7761
71.1248
71.1133
72.1978
71.7783
71.5166
72.0343
71.8888
71.0743
71.4463
70.7466
70.0628
69.737
70.9926
71.2638
71.5039
71.8381
71.6649
71.7666
71.4886
71.9033
73.2563
72.3093
71.3622
71.9105
73.025
71.0854
70.1198
69.9923
70.4073
71.0823
71.3614
72.4203
71.8815
72.1492
72.5264
72.3298
72.313
71.5287
70.6577
70.26
70.8042
71.4754
70.7026
71.3725
72.9544
72.5883
72.37
72.7457
72.4382
72.0549
72.543
72.3011
73.6681
72.5798
72.1797
72.4647
71.5194
71.9456
71.3545
71.7713
71.8855
72.4956
72.5652
72.1649
71.755
71.5846
72.3673
71.9856
71.4407
71.2024
72.3853
72.7407
71.491
71.6165
72.0771
72.8731
72.5552
73.3464
72.4443
71.9529
72.2689
72.4552
72.6848
72.6751
73.5409
72.52
71.8098
71.3183
70.3691
70.2197
70.5328
70.5041
71.4858
71.733
72.1553
72.2438
71.9285
71.756
71.3231
70.3732
70.3051
71.2812
72.4218
72.2234
72.3862
71.1432
72.3321
72.7079
72.6061
73.1426
70.9887
71.6774
71.2747
71.4305
71.0717
70.8716
71.4421
71.7091
70.6852
71.2417
72.0434
71.7172
71.937
72.0549
70.1868
70.1604
70.1914
70.3023
70.0408
69.2046
70.1966
70.244
71.294
71.9791
71.7445
70.5189
71.1887
72.7043
72.46
73.565
71.9706
72.1087
71.659
71.0883
71.8789
72.3395
71.6041
72.3395
71.8453
72.162
71.8472
72.2838
71.8513
71.7296
72.4415
72.6594
71.8092
72.1936
71.6596
71.6634
70.8838
69.8004
69.9764
69.8958
69.4032
69.9056
71.0621
71.4609
73.3311
74.0053
73.2531
73.3185
72.7822
72.3257
71.8608
73.1402
72.6206
72.3447
72.6144
71.6881
70.8516
71.5535
70.3278
70.7082
71.0526
71.0425
71.7765
71.2884
71.4438
71.9755
71.392
71.5391
71.4459
72.0575
72.0212
71.418
71.3639
70.4447
70.8336
71.3683
71.4008
72.1927
71.3856
71.8083
72.4579
72.3661
72.3403
72.6071
71.5176
70.7473
70.8069
71.8677
70.9679
70.3354
70.6851
70.9652
70.2136
70.9412
71.5604
71.5704
73.2042
73.7622
72.4667
73.6265
73.6164
72.0988
72.5582
72.9126
73.508
72.8862
71.5119
70.8613
70.3241
70.9883
71.2803
72.1384
72.2385
73.108
72.4203
71.8536
71.6177
70.8557
71.0903
71.4434
72.1248
71.4356
71.7214
71.241
70.4768
69.8853
69.8051
70.7468
71.4615
72.1651
72.6025
71.626
71.4263
71.442
72.4533
71.8665
71.1009
71.2914
72.207
72.5745
71.253
70.8171
71.5328
71.4428
71.5121
70.9336
71.6342
70.702
70.7191
70.9468
70.9603
70.4322
70.5285
70.837
71.9186
72.1467
71.5299
71.2808
70.7516
71.5482
71.1794
71.7227
71.9429
71.8277
71.0883
70.7692
70.922
71.519
73.5285
73.0998
72.3678
71.5233
71.6535
72.0085
73.382
72.6821
72.3811
71.22
71.5499
72.4969
72.9622
73.2194
73.1589
72.8166
73.0398
72.5936
71.6101
72.1044
72.0173
71.3226
71.1572
71.0373
70.9921
71.8478
71.3088
70.9659
71.7894
71.6272
72.1646
71.4998
72.275
73.187
73.007
72.6257
71.1778
71.5628
71.5754
71.3457
71.1707
71.4995
70.4069
71.9921
71.4264
71.6224
71.1172
70.521
69.9013
70.3238
70.8585
71.6564
70.7927
70.9047
71.2869
71.4553
70.643
71.3311
71.5345
71.9966
71.6776
71.9001
72.4247
71.5228
71.6529
70.8779
72.1805
72.1254
72.3558
71.3832
72.1981
72.2924
72.1399
71.5574
71.5724
71.5269
71.205
71.3891
71.7852
71.0947
71.4729
71.0339
71.2468
71.4128
70.2249
69.7458
70.8427
70.8596
71.0389
71.6706
71.2687
71.0528
72.0176
71.8275
72.1786
71.5971
70.8163
71.4505
71.5723
71.5967
71.4968
71.4795
72.2993
70.9516
70.8719
70.3664
71.4132
71.3244
71.059
70.9441
72.1921
71.5714
71.8818
72.4048
72.1033
72.2281
71.4103
71.5278
71.8135
70.8818
71.7318
72.1877
70.7057
71.2193
72.5063
72.5401
72.6663
71.6465
72.4504
72.8426
72.2341
71.978
71.0949
71.0125
71.1797
70.7664
70.5443
70.7854
70.4697
71.509
72.1829
72.9661
72.1514
72.8508
72.6241
72.8525
72.6406
71.5441
72.7592
71.7164
70.3302
70.8664
71.6706
71.9283
71.0243
71.3389
71.0221
71.9778
70.2411
70.5784
70.8184
71.3941
72.0944
73.7025
73.1619
71.6152
71.7249
72.6275
72.9271
73.7321
73.0427
72.1487
71.7384
71.3832
71.3321
71.0164
71.1652
71.2915
71.2439
71.4279
71.3019
71.7672
71.0168
72.142
72.1738
71.3482
71.2491
72.1576
71.9393
72.3539
72.116
71.8426
71.5215
70.4786
70.6765
70.3469
71.6187
71.5291
72.3103
72.8674
71.3694
70.8564
70.5005
71.5809
72.1626
72.2598
71.6632
71.4888
71.295
71.1325
71.3079
70.9786
70.5784
71.1817
71.5379
71.4239
71.9655
72.4246
71.849
71.7602
72.8098
72.9862
72.6547
71.9542
72.7027
71.512
72.5114
71.5498
72.0128
71.9213
71.6192
71.312
70.6169
71.3426
73.7125
74.0267
72.4066
73.4334
72.995
73.3588
72.589
72.2415
71.3869
70.3924
70.4282
71.6357
71.4703
71.841
71.5918
72.6672
71.8397
71.5048
71.0636
69.8673
70.5185
70.8842
70.5428
70.2428
70.0536
69.8709
70.86
70.2936
70.6707
70.2912
70.7107
71.4102
71.6706
70.9057
72.409
72.2799
72.3821
71.8379
71.6804
71.6709
71.7796
72.0009
71.5147
70.7535
71.1038
71.2231
71.6719
71.3911
71.5414
72.4385
71.3219
70.9076
71.4175
71.1152
72.0627
71.1596
71.1573
72.3403
72.684
72.9944
70.2404
70.6055
70.0655
69.8533
71.0904
72.0922
71.737
71.7898
71.7239
71.7468
72.4104
72.8801
71.7518
73.6689
73.5783
72.4127
71.8675
72.1826
73.0335
72.7543
73.7306
73.9664
72.4328
70.6018
71.2537
70.4933
71.3259
73.3089
73.7204
73.3215
73.6936
73.9984
74.4117
74.7264
73.6426
72.0048
71.3853
71.5715
71.3018
72.0236
72.1459
71.8049
70.9218
71.1229
70.4727
71.5065
71.9896
70.8828
71.963
71.8007
73.3802
71.6824
71.7122
71.3028
71.4064
70.5758
71.5654
71.9837
71.9317
71.3064
71.3605
71.3
71.4652
71.5058
70.9562
71.137
71.0103
70.6765
71.5552
71.6395
72.7382
72.2183
73.1065
73.4681
72.6649
71.6417
70.3914
69.9752
70.3274
70.4794
70.4166
70.7027
71.0848
72.1594
71.4408
71.8222
72.1438
71.3212
70.3448
71.7189
72.2164
72.2965
71.4692
72.5143
72.2266
72.7726
72.6448
73.4025
74.3734
72.9863
73.2292
73.0058
72.8164
73.4362
72.5281
72.2015
72.5262
71.8839
73.0743
73.2893
72.1689
71.2856
71.0962
70.8177
70.5815
71.4389
73.4343
72.5124
72.99
72.5328
71.8031
72.0283
71.6216
71.5962
72.6014
71.2911
72.2218
71.288
71.9421
72.1065
72.0601
71.6282
71.7376
71.7257
72.0339
71.3555
71.6519
71.308
72.163
71.825
71.2059
71.2493
71.0124
70.1129
71.3155
70.7225
69.7655
71.3328
71.9143
72.8772
72.314
70.8953
71.9848
71.986
72.1277
71.9106
71.5374
71.928
71.9428
72.0255
71.8131
72.0296
71.3916
71.3051
71.3618
71.1924
70.8651
71.1157
71.4817
72.2672
72.5092
72.0075
70.9586
70.8819
70.742
70.0483
72.2768
71.4691
71.8091
70.6987
70.8237
70.4978
71.754
73.2989
73.0681
72.2777
72.014
71.9311
70.9935
70.9995
70.8193
72.3749
71.8764
71.0419
70.4523
70.7844
71.3429
71.5931
71.3036
70.8413
72.204
71.8242
71.7747
71.3256
71.3966
71.6574
71.7283
71.719
71.4244
71.2141
72.2526
72.3597
72.8047
73.6992
73.4807
72.3991
72.0992
71.8633
71.8273
71.3014
71.1778
70.6702
70.7683
72.064
72.9793
72.4941
72.9039
72.4451
71.7878
71.2864
71.7224
72.6143
72.2775
71.4238
71.9294
71.848
71.0761
71.0725
73.0392
72.0158
72.5264
72.2281
71.9525
71.0205
71.5173
71.6699
72.07
72.0632
71.2007
72.8883
72.4633
73.1019
72.3434
72.7312
71.7496
71.3644
72.7833
71.7489
70.8582
71.9558
72.3569
71.7391
71.8672
71.3208
71.8402
70.9472
71.0806
71.0869
70.7579
71.0965
70.7331
71.5233
71.2343
71.3589
71.8318
71.6405
71.1052
71.2495
71.9835
70.8908
71.3547
71.8525
72.542
74.0417
73.3962
72.136
70.8234
72.2843
72.4753
72.9553
73.5216
73.7479
73.4309
72.7952
72.6072
72.3423
71.4207
71.8409
72.5548
72.7603
73.6726
72.9221
73.0425
72.0366
72.211
70.5605
71.6055
71.5576
71.0384
71.33
71.4615
71.7827
71.425
72.3668
72.4786
72.7613
72.242
72.3363
70.6319
70.6741
71.0307
72.9034
73.6494
73.5933
72.9276
73.2002
71.947
70.8991
70.7608
70.8816
71.2786
72.3516
73.0494
73.0908
73.454
71.7513
72.5367
71.8583
71.4943
71.5479
71.0209
71.1393
71.5769
71.6687
71.6849
72.5044
72.4328
71.8258
71.1643
70.1253
70.464
71.2884
72.0805
72.7888
71.9566
71.7058
72.4598
72.6651
72.3558
71.3602
71.1464
69.9771
70.5682
70.4714
71.5149
72.7038
73.1295
73.417
71.9969
70.8704
69.2824
69.3318
69.6495
69.7947
70.265
70.8667
71.0354
71.7064
71.4906
71.8235
71.4997
71.5876
71.2272
71.6268
71.3838
72.929
72.2519
73.6381
72.6816
71.5974
72.341
72.0516
71.6011
71.9497
71.0372
71.6637
71.7218
71.0151
71.8559
72.0836
72.3097
71.7315
71.2536
71.2313
71.0464
70.5807
70.5292
70.8262
70.8032
70.5255
71.0108
70.1694
70.9355
70.9489
70.8982
71.5356
71.7459
71.4255
70.3892
70.4296
69.7966
69.8843
71.302
72.1141
71.8716
70.5988
70.5806
69.81
69.9852
71.7205
72.247
70.9081
70.274
71.0174
70.371
70.4445
71.0979
71.3538
73.0531
73.0559
72.234
72.4501
71.6127
72.0305
72.3654
72.4808
72.4863
72.1287
72.4505
72.0288
72.2128
72.5636
72.2939
71.1897
72.4723
73.6782
73.7752
73.2195
72.7883
73.632
72.6158
72.8978
72.4306
72.1464
71.7026
72.6682
72.7171
72.461
71.0653
71.0698
72.2975
71.1838
70.863
71.1159
71.9851
71.5694
71.5332
71.93
70.8383
70.9494
69.7644
70.6257
71.4884
71.7152
71.3291
71.1739
70.8554
71.2622
71.1906
72.338
72.6867
72.6788
71.4978
72.0174
71.7847
72.3224
72.5552
72.22
71.7622
71.9678
71.2879
71.7758
71.9406
71.506
73.1101
72.6838
71.957
71.2862
71.1241
71.2953
72.1202
70.9222
71.9402
72.7606
71.4514
71.495
72.0012
72.5048
73.0306
72.4734
71.454
72.2604
71.8361
71.2022
71.6004
71.477
71.213
71.2136
72.412
73.2361
72.114
71.6077
72.0557
70.8461
71.1596
72.9462
71.7621
70.768
71.9983
72.1528
71.3255
71.5311
73.9534
72.5522
71.2242
73.3441
72.4421
72.5086
72.5736
73.4242
73.3159
73.5346
72.466
72.1538
73.3576
73.407
72.4422
71.8732
72.5526
72.4288
72.3595
71.8877
71.2747
71.2669
73.296
72.7685
72.969
72.9541
71.6936
71.9248
72.3283
73.0342
71.9796
73.3801
73.1117
72.4338
71.9394
72.9547
71.7564
71.982
72.5777
71.8242
70.9088
71.1407
70.0916
70.1251
70.4284
70.8487
71.2174
71.3314
71.0706
71.2275
70.6071
70.8838
71.7011
71.4098
71.2336
71.2205
72.3187
72.3792
72.262
71.1062
71.1588
71.0752
71.3852
71.9284
71.6767
71.7677
71.2093
70.4716
70.8519
71.0145
71.2667
70.8824
71.4897
71.3533
71.4537
72.2486
70.562
71.2796
72.2556
72.9272
72.2747
71.8296
71.3309
71.7059
72.4735
72.5281
72.6829
72.3286
72.0251
71.1977
71.3028
70.3959
71.0036
71.4151
72.9262
73.6286
74.0919
72.209
72.035
71.8824
71.5397
71.167
72.3452
72.2596
71.9371
70.9503
71.7079
71.5151
70.7971
71.3054
72.3229
73.3167
72.5962
72.2895
72.6446
71.332
71.866
70.9516
70.2726
70.8862
70.3205
70.8952
71.4401
71.5198
72.5884
71.5381
71.4663
72.6459
72.0175
72.1576
71.7287
71.6466
72.2461
71.6036
71.272
70.6278
71.4478
71.4471
70.6145
70.2248
70.6379
71.4723
71.1032
71.0938
71.1063
70.9297
71.7974
72.4351
71.3774
71.69
71.5755
71.4807
72.2115
72.7021
70.6902
71.0794
70.5502
69.5682
69.1016
69.5905
71.0186
70.5605
71.5471
72.0935
72.2169
71.3004
72.0779
71.5558
70.9004
70.6888
70.7842
70.4685
69.6364
70.0827
71.1482
71.602
71.4485
70.5153
70.5197
71.1835
71.6182
71.8269
71.572
71.837
72.9736
73.2149
73.6538
72.9711
73.0459
72.0599
72.6151
71.6254
72.4847
71.3277
70.5943
72.1245
72.0304
72.9331
73.1486
73.4556
72.5855
72.2678
72.6479
71.7246
71.5581
72.6278
72.9461
73.4124
75.1823
72.8193
72.4873
73.3646
73.2688
71.8219
71.0501
72.0333
72.6802
73.7877
73.8352
72.6506
72.4611
72.647
73.8699
73.4746
72.3962
72.1433
71.7269
71.8988
71.8745
72.4009
72.557
72.6061
72.9136
73.0341
73.2957
73.6432
73.0247
72.6728
70.9013
71.0002
70.4717
71.1029
70.6669
71.6199
71.4716
72.0632
71.6204
71.2248
71.1904
71.6217
71.187
71.3051
71.3774
71.4306
70.6004
70.82
70.4888
70.498
70.9368
70.2604
70.1057
72.8093
71.6188
71.526
70.8428
70.3932
70.4231
71.1413
69.7005
69.6356
70.0727
71.2978
70.8556
71.4512
72.0355
71.5367
71.6645
70.8981
71.1604
71.4872
72.4023
72.2651
71.922
71
70.6865
72.2086
72.078
71.5084
71.4351
71.2526
70.1117
71.8884
71.0876
72.1175
72.0945
71.888
71.7232
71.7152
72.008
71.2387
72.0132
71.8441
72.5062
71.7652
71.3891
71.7453
72.0765
71.9699
71.5817
71.6645
71.8179
71.7278
71.114
71.2011
72.2452
72.7633
71.8775
71.1292
71.9367
72.3143
72.611
72.0968
71.4655
71.5959
71.758
71.8419
72.0451
71.9866
71.7491
72.0345
71.8236
72.0485
72.3927
71.7831
71.9231
71.5221
71.6478
71.1617
71.8594
72.0531
71.3676
72.1255
72.5431
71.8156
71.6508
71.2021
71.0336
71.6091
71.1468
72.2333
71.4626
72.0161
71.2411
72.0377
71.3766
72.0544
70.9933
72.3136
71.5732
70.8489
70.576
71.6374
71.2909
71.7463
72.3803
71.7957
72.1691
72.5336
72.986
72.7724
72.6734
71.7187
71.4789
71.8991
72.3792
72.9766
71.9677
71.3938
70.4737
70.9149
70.7635
72.2767
72.4494
72.3727
73.1811
72.8172
72.6691
72.4426
71.1002
70.5156
70.6461
70.7567
71.612
71.7556
73.0818
73.3893
73.2642
72.5418
72.5167
72.846
71.1657
71.0161
71.3047
71.0098
71.2452
71.5596
72.6166
72.2058
73.0871
72.2111
72.2556
72.0897
72.4588
71.8656
70.6365
71.8763
72.4428
71.3418
71.8917
71.262
71.2928
71.6644
72.2076
71.8273
72.93
72.5795
72.6581
72.8482
71.6598
71.9404
71.0829
70.9256
71.3056
70.8511
71.0243
71.8124
71.999
72.9158
72.1416
71.9082
72.1576
72.3765
72.1264
72.3758
72.9674
72.3313
71.9608
71.7626
71.4766
71.9477
71.8565
72.1477
71.8506
71.4544
71.3287
71.9775
72.1065
71.3403
70.7225
72.3351
72.4519
73.2235
73.7193
72.4059
72.6225
71.802
72.4719
73.0828
73.6875
73.7045
72.4593
71.3515
71.7421
71.7175
72.4296
72.1068
71.8694
71.6606
71.6745
71.0353
71.694
70.7904
70.8784
71.6986
71.2127
71.1003
70.5586
70.7735
69.8384
70.5449
70.8364
70.8669
71.4862
70.8219
71.2503
72.1227
72.4469
72.4094
73.0918
72.996
72.5222
73.0279
71.8495
71.3226
72.1174
72.3002
71.1038
70.6343
70.6367
70.8926
70.7866
71.1318
70.436
71.2666
71.415
71.9563
72.0868
71.5774
72.8704
72.583
72.8728
71.5347
71.2643
73.2618
73.6264
72.9705
72.7763
72.5118
72.1665
72.0055
70.9027
70.8327
70.294
71.0899
71.0637
71.668
71.8445
71.6373
70.2251
71.7637
71.4044
72.0014
72.4004
72.0249
72.0656
71.505
72.065
72.32
72.496
71.7171
71.0562
71.3007
71.2015
71.2448
72.329
72.8752
73.2266
73.9811
73.3879
72.0693
71.7117
72.1499
72.0156
72.9805
72.9229
73.7163
73.4656
71.7391
70.4452
70.9594
71.6505
71.9322
70.8154
71.9878
72.4554
73.0169
72.6537
73.0303
71.9591
72.1979
72.439
71.2217
70.9756
71.0576
70.8577
71.4884
71.0372
70.7878
71.3035
71.3912
70.573
70.2863
71.4369
71.8054
72.4259
71.6932
71.8978
72.0887
71.1123
71.9178
72.4015
72.4483
71.5834
71.5461
71.6153
72.1716
72.2991
72.4484
71.5055
72.2397
72.5943
72.0763
71.2916
70.7683
71.9559
71.3933
70.3444
70.2928
71.1595
70.3362
70.8381
70.7897
69.9848
70.8295
70.2153
70.6055
71.9025
71.7296
71.7114
71.2693
71.043
70.2674
71.2381
72.4156
72.7807
73.7594
73.6664
72.4144
72.1231
71.5268
71.635
71.5869
71.4512
70.8697
70.7301
71.6715
72.373
72.31
71.7514
71.9091
72.2414
72.0798
72.0368
72.2048
71.3756
71.2839
70.5654
70.9229
70.8363
71.6324
70.6
70.9582
69.8957
71.009
72.3863
72.4134
71.0379
71.7425
72.1919
72.2698
71.678
72.4843
72.8635
71.9774
71.7517
72.6885
72.0571
70.8591
71.9478
71.4555
70.9098
71.082
71.4098
71.3298
73.1606
72.8298
71.9752
71.908
71.9476
72.6112
72.8897
71.7261
72.5311
72.0888
71.735
71.8441
71.1823
69.9548
70.9107
70.3133
70.7158
70.4052
70.7932
71.1227
70.7186
71.5404
71.7736
71.8963
72.1239
71.5815
72.1266
72.2922
71.8968
72.3601
72.0692
72.2133
71.6672
70.9839
71.6004
72.0459
71.8702
71.3273
71.9358
71.9485
71.4005
71.5073
71.2759
71.0583
71.5109
72.1991
72.0412
71.7315
72.0506
71.9018
70.9844
72.1033
72.1273
71.1821
71.3693
72.2559
71.2634
70.5074
70.1514
70.3356
70.317
70.3938
70.3054
70.1805
71.3194
71.391
71.6243
72.0354
72.3569
72.5361
72.5319
72.4153
72.955
72.8315
71.2098
71.9313
71.7302
71.4476
70.7131
71.7789
71.4983
72.1409
71.7997
72.0915
72.4641
70.407
70.0503
70.3405
70.8624
70.8849
71.472
70.4568
71.1595
70.7677
71.7995
71.8291
71.8794
72.3662
72.7103
72.6342
74.0037
72.5873
72.3645
72.0895
72.0611
73.8298
72.9201
72.0868
71.8914
71.4734
70.041
70.8651
70.9981
71.9257
71.2003
71.1105
71.0061
70.7655
72.0765
72.2474
71.31
71.0089
71.814
70.4409
71.1986
72.0912
73.0446
73.6466
72.7664
72.7217
72.5434
73.7584
73.624
73.7957
73.4201
72.7722
71.9147
71.3487
70.5342
70.7438
72.5094
71.1847
73.0712
71.8555
71.6531
71.2301
71.8405
70.5316
70.4452
71.2624
71.3205
70.7244
69.8985
70.3349
70.6905
72.0036
72.1209
72.6418
72.2498
72.9297
72.3258
71.6643
70.7439
71.8865
71.4644
71.2853
71.057
70.5783
71.5259
72.1274
70.7204
69.9717
69.731
70.9341
70.8179
70.9827
70.8722
70.8269
71.3073
70.9439
71.2012
70.6585
71.2549
73.3028
72.187
73.5064
73.8192
74.2371
72.8314
72.2661
71.5475
72.4711
72.0472
71.9768
71.2158
70.7392
69.2966
71.3167
71.7369
72.8248
72.6235
72.877
72.7408
72.4355
72.8687
72.7242
73.3688
72.6986
72.1776
72.4846
71.8498
72.3485
74.1333
73.753
71.7619
72.1085
72.5412
72.3908
72.6585
71.846
72.202
71.6992
72.5293
72.1495
71.1974
71.4107
72.6594
72.3522
72.7465
72.196
72.3874
72.6439
71.8823
71.1331
71.0023
70.8022
70.5966
70.7947
73.0699
72.4476
71.8834
71.4074
71.5022
71.4973
71.025
70.384
70.4783
71.7564
73.04
73.1198
71.5197
72.1676
73.2436
72.2282
71.9674
71.4693
71.9572
73.4907
73.7224
74.6327
73.6267
73.6769
73.5379
71.5041
71.5458
70.4877
71.0376
71.4261
71.2655
71.6513
72.2672
71.5239
72.5814
72.1962
71.6088
72.6989
72.3164
73.088
72.7988
71.8373
72.9654
71.8095
72.1418
71.7462
72.7371
72.181
71.2548
72.0748
72.6658
73.2792
72.8588
72.4319
72.6049
72.318
71.3648
71.9919
72.0869
72.1087
72.0069
72.7746
72.7278
72.3478
71.3179
71.6382
71.5742
72.6119
70.9939
71.3068
71.1029
70.8382
70.1816
70.7685
70.7
70.7467
71.0812
71.4457
71.2206
70.8662
70.6417
71.2347
71.7152
72.2809
73.5725
73.866
72.9559
72.3246
71.9688
72.2193
71.7278
71.9217
71.5064
69.7959
70.5457
71.6147
72.1379
71.8156
70.9519
71.1392
70.7175
71.7183
70.6636
70.6183
70.5824
72.4505
71.4183
71.458
71.5328
70.1206
70.3447
69.3597
70.4758
70.5724
71.0866
71.6811
71.7892
72.0249
72.8582
72.432
73.0259
73.0413
73.144
71.5742
71.3118
71.5776
71.4816
71.276
71.9811
72.8188
72.0789
73.1923
73.7295
73.9879
73.418
72.2718
72.9594
71.6405
70.3905
70.9598
71.0656
71.0181
71.3903
71.8871
71.9574
71.4043
71.7262
71.6437
70.9778
70.558
71.2095
71.6927
71.1232
71.7765
71.1455
70.9449
70.9504
71.1251
70.8242
70.3
70.9098
71.9264
72.156
72.6186
72.0559
71.748
71.4584
70.7694
71.5495
70.7122
70.1786
69.8809
69.2032
69.8121
70.0405
70.1758
70.8528
72.2851
72.3976
72.7615
71.1775
72.0573
72.3282
72.9259
71.9406
71.5807
70.8645
71.257
70.694
70.9175
71.6376
72.4029
72.2796
71.8238
73.1909
72.093
71.7792
72.1885
71.931
72.1248
71.999
71.1548
71.6804
70.4907
70.932
71.1482
73.0838
72.879
72.2313
73.3751
74.2798
73.6103
72.4216
72.113
71.9148
71.5652
70.1024
69.6722
69.857
70.1651
72.0996
71.571
72.4514
71.9938
72.457
72.1287
70.7609
70.2621
70.2002
70.3509
70.1208
70.5074
70.7328
70.7135
71.2172
72.0349
72.7835
73.1546
73.0378
73.3268
73.8384
72.8738
72.5594
71.9157
72.5312
72.9164
73.3202
73.1532
72.9422
72.6628
72.1484
71.5389
72.5481
71.9591
71.9585
72.4024
70.6876
70.8351
71.4424
71.733
71.9205
73.1776
71.9591
71.4318
71.6323
71.3633
71.58
71.4788
71.5644
71.3137
71.6465
72.0275
72.201
72.1551
71.2666
71.1637
72.3623
71.5605
71.3367
71.8204
70.9602
70.2349
69.5727
71.3604
71.5861
71.5539
70.196
70.5641
71.0659
71.4878
71.4572
71.5704
72.0525
72.5496
72.0167
72.3661
72.212
72.0221
72.2641
71.1925
71.189
70.4823
70.8876
71.3128
70.9136
70.8878
69.86
70.6259
72.2461
72.604
70.6662
71.0003
71.703
71.1088
70.8167
71.3285
71.1967
71.811
71.9586
71.598
71.762
71.1333
70.9445
70.4194
70.3811
70.4019
70.9691
70.6258
69.3268
70.6592
71.781
71.7366
71.4792
71.1399
70.0432
70.6866
72.1794
71.2707
70.7126
71.0587
72.1067
71.5713
72.0082
71.7393
71.5509
72.2717
71.7681
72.2811
72.5949
71.2978
71.6523
71.388
71.691
71.8677
72.8434
72.5917
71.5722
71.6978
72.0682
72.2846
71.5142
71.3186
73.0536
73.043
73.2019
72.9969
72.2759
72.3022
70.3072
70.3634
70.8061
71.1618
71.2025
70.6805
71.3695
70.6699
70.8319
71.4985
72.24
72.1249
72.361
72.9528
73.3672
73.7407
73.0965
73.2557
72.2837
72.4474
72.268
72.2517
72.9606
70.7325
71.1926
70.6718
71.1727
72.4586
71.4
71.1735
72.1589
72.0078
70.9441
71.2636
71.4757
70.8343
69.8806
70.7945
70.7715
69.779
70.5002
72.6523
73.1623
73.085
72.6144
73.7523
73.9071
72.2047
72.6609
73.3874
72.9149
72.0846
72.008
71.6652
71.1686
70.9198
70.7579
71.0933
70.23
71.6284
71.8084
72.7396
71.8306
71.5099
72.3494
70.9152
70.8537
71.4427
72.1721
72.1922
70.957
70.8679
71.695
71.3288
72.3299
72.2014
71.1217
70.8492
70.8506
70.6103
70.9209
71.7241
71.6739
71.4688
73.3064
74.5742
74.1962
73.2762
71.9298
70.5128
71.7161
72.0777
70.7789
70.2176
69.7527
70.9736
71.2568
70.6768
71.5299
71.7132
71.8518
71.7135
72.7552
73.3012
72.3579
71.198
70.6828
69.6643
70.6937
71.0355
71.3967
72.2382
71.7645
72.1629
70.96
71.6884
71.4761
71.1802
71.0959
70.6272
70.4717
70.6961
70.2569
71.3937
70.3166
71.2222
71.4136
71.1046
71.4474
69.8773
69.8766
70.7108
71.1779
70.1515
70.7246
71.5202
72.1727
71.9962
72.5746
72.9296
73.0002
72.637
73.2614
72.0154
72.8897
72.9308
72.7105
71.8262
71.2421
71.6949
71.9123
71.1446
70.9193
71.8121
71.9799
72.0027
71.506
70.8135
70.3333
71.0266
70.4038
70.5556
70.9143
70.7492
70.7419
70.9207
70.4681
70.5949
69.903
71.21
70.2343
70.3947
70.2291
70.3381
70.2156
70.9818
71.6673
71.5952
71.7536
72.0043
71.7017
71.1576
70.6077
69.9504
70.308
70.2701
70.9096
71.2935
71.2358
72.1392
71.5858
71.6112
70.8409
70.7793
71.2635
72.0588
71.9265
72.1369
72.7775
72.0336
72.2585
72.4777
72.6363
72.4418
73.3797
72.5202
71.3562
70.8171
71.201
71.3979
72.0462
71.2209
71.1527
70.8752
71.5811
71.1057
70.7262
71.5869
72.6105
72.9109
73.2701
73.8666
73.2343
74.264
73.3377
71.6175
71.2966
71.8099
71.984
72.5141
72.1787
71.6148
71.9457
71.3289
71.0982
72.433
71.4608
71.5707
71.4115
71.6446
70.439
71.2023
70.9731
71.6123
72.4462
72.0256
71.1405
71.2565
72.3916
71.6543
72.2806
72.5999
71.8138
72.0087
71.8197
72.7039
72.4097
71.6316
71.0478
70.4594
70.3405
69.4187
69.4537
70.258
70.9373
70.72
72.2823
72.9963
72.3045
72.6648
71.8676
72.5483
72.1734
73.0348
73.5168
73.0067
71.0957
71.9078
71.8511
73.1408
73.0648
72.6493
73.0685
72.5885
72.9917
72.7799
73.3195
71.8013
70.6602
70.5475
71.3148
71.2292
71.9525
71.4085
70.9135
69.5132
70.5028
70.7037
70.4754
70.3336
71.3702
71.8252
71.4223
72.3743
72.8969
73.2918
74.3474
73.2851
73.421
71.5294
71.5424
71.9861
71.9734
71.2607
71.7854
72.5449
71.4558
72.9074
71.3895
72.4723
71.7888
73.1767
71.8482
71.3088
70.4451
70.0095
70.8786
70.3013
70.51
70.4717
70.3652
70.8069
70.8518
71.3027
71.3223
71.4144
71.9093
72.5892
71.7787
71.8987
72.9049
73.1002
72.4987
71.6735
71.3166
71.1547
70.3472
71.5305
70.8313
71.5895
70.9762
71.2595
71.9177
71.8396
71.3016
71.4762
72.2511
72.3474
71.3583
72.3435
72.4121
73.1511
72.5974
72.3127
72.0745
71.808
72.8086
71.8026
72.3
70.5184
70.8801
71.3104
70.5873
69.3748
69.3493
70.0563
70.0925
70.0763
70.7035
70.6185
71.7538
70.8245
70.4894
70.0725
70.1646
70.4472
70.7996
70.6929
71.3531
71.9311
71.3112
71.724
71.6354
70.5097
71.3274
71.2135
71.856
71.6817
73.4278
73.7195
73.8023
73.3197
72.0022
71.9076
72.9035
72.7719
73.6338
71.9793
71.7116
71.3801
71.084
71.9203
71.9447
73.1891
72.7259
71.7586
72.6778
72.9607
73.0934
72.3747
71.7995
72.1165
72.9695
73.3429
72.4246
71.9999
71.8388
71.9507
72.1116
71.4419
71.8899
71.2572
71.7393
71.1434
71.6975
71.0637
70.9323
70.6436
70.2339
71.0498
71.3077
71.6062
71.7024
71.4879
71.788
72.4579
71.4446
72.0087
71.1852
71.6581
70.9171
70.1675
70.01
70.2936
70.9913
71.6324
71.9696
71.8562
71.9209
72.4162
71.7904
73.0957
73.3594
73.3045
72.7277
71.9462
72.53
71.9352
71.6863
72.3681
71.5146
72.061
71.348
72.1276
72.5854
73.0822
72.7781
72.9811
73.1056
73.512
74.0893
75.1006
73.4559
73.2199
73.1759
72.1942
71.8458
71.9997
71.7468
70.6122
69.8
70.3145
71.3496
71.308
71.9166
72.3037
71.6102
72.6273
72.2696
71.8003
71.3512
71.0728
71.2448
71.3646
72.1668
72.4063
71.7454
70.9991
72.0263
71.8167
71.513
71.4618
70.9224
70.9448
71.0365
71.608
71.4691
71.2555
71.461
71.3872
70.637
71.4256
71.322
70.9251
70.9734
71.9847
72.3007
71.2428
71.0496
70.1108
70.9159
71.4943
71.899
71.5927
72.2938
72.2129
71.4582
71.885
72.0654
72.4946
71.2939
70.4026
70.7431
71.2109
71.4838
71.9473
73.1247
72.4121
72.2438
72.0787
70.7503
70.9972
71.2422
71.6907
71.4281
72.2927
72.9947
72.5015
71.859
72.2449
72.1123
72.808
72.9559
72.9599
71.8957
71.751
71.4791
70.875
70.4694
70.7698
69.9004
70.4244
70.6772
71.6643
71.2966
71.3644
71.5997
71.2585
70.8744
70.1554
71.3696
71.1708
71.6483
70.7857
70.9776
71.7892
71.1943
72.0594
72.0595
71.3045
70.7545
71.2109
71.0221
70.588
70.2929
70.3329
71.1784
71.8872
72.2901
71.3839
71.3109
72.3041
72.2236
72.3396
72.5238
71.5533
71.9795
71.3763
71.4349
71.1259
71.7966
71.6161
70.6735
71.7554
70.7869
70.4372
70.862
71.9396
71.8166
71.5004
72.5799
70.7616
70.8582
71.021
70.9837
70.8883
72.2749
73.0939
73.4216
71.4054
71.9103
72.6506
73.5657
72.1096
71.6509
72.2176
72.7327
72.1583
71.909
72.7717
72.6196
72.0391
71.3342
71.6757
70.7413
71.3525
71.6014
71.7511
71.4604
72.2335
72.1743
71.4596
71.5782
71.6402
71.995
71.7913
72.2836
71.9529
72.0065
71.9585
70.9367
71.5495
71.25
70.9241
72.1067
71.573
71.4636
71.1789
71.6682
71.7086
71.758
71.0645
71.136
71.3247
71.3256
72.4021
71.7138
70.9409
71.0019
71.1031
71.5454
71.0298
70.7851
71.0942
72.1697
72.3577
73.1134
72.3089
71.4995
71.0686
71.443
71.1897
71.4616
71.098
71.7374
71.8543
71.0155
71.5127
71.8422
71.032
71.9033
71.0988
70.6042
70.8744
71.6437
71.0555
71.4771
70.6264
70.514
70.5739
70.3785
70.3536
71.8964
71.9172
70.8612
70.8547
70.9504
71.503
72.4115
72.9119
72.2024
72.0768
72.6931
72.356
72.95
73.8484
73.7666
72.6552
70.7777
70.5048
70.5038
70.8615
70.2175
69.7487
70.2441
70.3264
70.581
70.6808
70.9072
71.3118
71.4441
72.617
72.6253
72.5731
73.1346
71.3731
72.2552
71.7796
72.2309
71.9275
71.1806
71.3508
70.3884
70.7053
70.6896
71.6692
71.2958
71.5323
72.7237
71.8578
70.5915
70.4628
69.5247
70.8644
71.7419
69.9152
70.8926
70.53
70.1501
71.2726
72.674
71.4429
71.3538
71.568
71.1374
71.4181
70.8455
71.055
70.4348
69.9263
69.8271
69.4681
70.2072
70.8743
70.685
70.8143
70.9662
70.9845
72.1216
72.8783
72.2336
73.1847
73.9459
73.1145
72.3513
72.509
71.039
71.14
71.4261
72.4275
72.2887
72.4726
70.7508
71.0117
70.2249
70.4648
71.3896
71.6342
72.0034
71.668
71.4373
72.03
71.7737
71.7152
72.2234
72.6525
72.4488
73.3796
72.1159
71.524
71.7172
70.4741
70.5034
69.718
70.0654
70.2385
70.2668
70.035
70.5438
70.3025
71.3485
71.0581
71.5956
70.6668
70.7657
71.1391
71.6066
72.3577
71.1523
71.2203
71.8119
72.2988
71.2619
71.0106
71.2147
72.7309
71.4996
70.69
70.6394
71.0124
72.0367
72.3205
72.2037
73.0081
72.1897
72.2635
72.5161
72.605
72.8622
72.2121
71.2845
70.5525
70.214
70.3125
70.1232
70.4057
71.6278
71.5327
71.4931
71.389
71.5636
72.1857
72.0788
72.4244
71.435
69.9648
70.7944
71.0914
70.9894
70.6846
70.9522
70.4392
71.1475
70.5324
72.667
71.7377
71.9297
71.9638
71.9198
70.9875
70.9618
71.6206
72.2242
73.2557
72.9363
71.9683
71.227
71.6546
72.5127
71.2658
71.0653
71.1072
72.0239
73.3311
73.3434
72.9128
73.1807
72.9537
72.7474
71.7463
71.2368
70.9563
72.706
72.2011
70.541
70.7771
70.7364
70.4965
69.924
71.4243
70.1442
69.8826
71.8119
70.8126
71.3484
71.7148
71.2631
71.6835
70.9021
71.6769
72.145
73.3033
72.4461
71.7604
69.6816
69.2495
69.8863
70.5338
70.2084
70.408
70.2683
69.69
70.2697
71.083
70.2311
70.221
70.1244
70.5197
70.2914
71.2421
71.9366
71.3351
70.5952
71.0189
72.5424
71.7494
71.1736
70.7949
71.8514
71.5673
72.5877
73.526
74.4136
73.6666
72.4196
72.1132
73.0706
73.0065
71.7439
71.6218
71.6935
72.0141
71.3815
72.5725
71.4809
72.0015
71.0838
70.362
70.4163
70.8901
70.9736
71.5758
72.3884
73.0235
72.4522
70.6394
70.5586
70.4891
71.0183
71.6726
71.3683
71.6218
71.306
71.2455
72.3124
71.7353
72.1027
71.3072
71.7544
71.6329
71.5287
71.2191
71.0833
69.9872
70.4256
70.0384
69.5112
71.1665
71.3436
70.9419
71.8835
71.6892
70.8638
71.4195
72.337
72.0864
72.1746
71.1981
71.438
71.2071
70.9443
70.1775
70.8043
71.1191
72.0584
71.0734
72.0898
72.6148
72.3187
72.7822
73.7012
72.8448
71.7738
72.711
71.9334
70.683
70.5483
70.2074
70.7643
71.2255
71.5696
70.6358
70.7028
70.9118
71.2534
71.9639
71.6621
71.5681
71.9959
71.2989
72.5454
72.7429
71.3558
69.7959
70.5001
71.3163
71.2955
70.5067
70.5188
70.3556
72.3092
72.9951
72.2028
72.988
72.3556
72.8907
72.9772
72.4231
72.0146
71.9514
72.3378
71.7743
70.995
70.4459
70.4399
70.9286
69.843
70.4112
70.5268
70.9728
69.9493
71.5499
72.2112
73.4538
73.1429
71.8025
71.563
71.2917
70.5561
70.3314
71.1772
70.7574
70.7826
70.4147
71.4814
70.6822
69.5507
70.8218
71.0657
70.2038
70.8951
72.3672
72.953
72.3467
72.2621
72.5282
72.3195
72.0351
70.5771
71.2038
71.0797
71.1654
71.5866
71.9434
71.7931
72.3715
72.43
72.5426
72.0202
70.9955
72.298
71.3871
72.036
73.2916
72.5109
70.6389
70.8603
70.8333
70.2729
71.825
71.2098
71.2443
70.4777
70.6849
70.8558
71.9727
72.0918
72.2342
72.1408
72.3692
72.0444
71.1468
71.2972
72.5793
72.626
72.0433
71.4408
71.7301
71.5933
71.6729
71.6775
71.1507
72.9068
72.6812
72.2578
74.0747
73.3511
71.901
71.4078
72.8469
72.2347
71.3382
71.0066
69.8462
70.1144
69.7949
70.9942
71.309
70.9547
70.0899
70.1027
71.4244
72.4948
71.9804
72.0977
71.0308
71.8911
71.7349
71.4657
71.0859
70.7275
70.3361
70.9745
70.7274
70.9211
71.2068
70.4328
71.1534
71.6285
70.7482
71.9181
73.0845
72.6628
72.3051
72.1024
71.7071
72.4949
72.2387
71.2995
71.0248
71.336
72.9994
72.4451
71.1001
73.1396
72.0596
70.9452
71.2914
70.9592
71.5348
71.6723
72.3669
71.4333
71.5242
71.6031
72.5948
72.0804
72.6339
73.0954
73.3512
73.9003
72.9632
72.9207
71.483
71.0613
70.9695
71.5817
72.1654
72.8098
72.1943
72.1159
72.3929
71.3337
71.736
71.4719
71.8732
70.6139
71.7072
71.9714
71.4068
71.7814
71.392
71.1044
70.7363
71.0555
71.004
71.9904
71.8012
71.2239
72.1273
70.4672
71.6639
71.5313
72.0857
71.8235
72.3174
73.5682
73.3319
74.2185
73.7292
73.7229
73.9812
72.4646
71.337
71.9091
71.3615
72.8209
73.1995
72.046
71.326
71.2222
71.6298
73.0285
71.4651
71.7365
72.0422
72.1915
72.205
73.6738
73.775
72.7251
72.9571
74.6669
74.4143
73.6738
73.2653
74.5294
74.2134
74.2255
72.369
71.5716
71.7065
71.7823
72.0831
72.5011
71.43
71.6313
71.9385
69.914
70.1161
71.2275
70.9473
71.0888
70.3576
70.8871
71.3903
70.8135
70.7134
71.0524
70.8385
71.0421
70.0797
70.2849
70.1858
69.8023
70.0103
70.6445
70.454
70.0962
69.5639
69.4116
68.525
68.3305
69.9644
70.207
70.8453
70.2114
71.2981
71.5461
72.5117
73.1656
73.8355
73.1692
72.0369
71.2343
72.2529
72.4695
71.9616
71.862
72.5174
71.7894
74.0036
72.2988
72.9297
72.9742
73.0393
74.5397
72.6107
72.6161
71.6772
71.866
71.5183
71.7962
72.0504
71.3774
71.2803
71.4512
72.0451
72.4621
72.8002
73.3618
74.0178
71.5323
71.0383
71.617
70.9929
71.5603
70.8855
71.6807
71.277
71.579
72.3239
71.6475
71.6637
72.2819
72.2894
72.8583
72.592
72.7189
71.995
70.9335
72.5528
71.8292
73.2131
73.8205
73.5058
73.011
73.064
72.3582
70.8
70.707
71.1189
71.5212
71.3697
72.2223
72.1583
71.4716
71.9802
73.1306
74.1564
74.5677
73.3778
72.7337
72.719
71.7933
72.4265
72.6195
71.8444
71.7436
72.0611
72.5612
71.4898
72.8053
72.3752
73.1968
72.831
72.4782
71.6995
70.4771
71.01
72.6308
72.6587
72.8048
71.7767
71.4811
70.6229
72.0395
71.4272
71.4963
71.8568
73.0041
73.219
72.7377
71.4941
71.0983
71.2884
70.3191
71.21
70.7449
71.0896
71.3115
71.3667
71.6135
70.7973
70.5777
71.1203
70.5672
71.157
72.0749
72.044
72.9147
72.6364
71.5234
71.0473
70.8169
70.9241
72.1747
72.4846
71.2245
71.8511
71.7134
71.8849
71.572
71.2281
70.5427
71.4269
71.4149
72.2479
72.163
72.3022
71.4878
70.0186
70.6858
70.2165
70.614
72.1883
71.7927
72.7242
72.5244
71.7254
72.2072
72.4793
72.7715
71.3745
72.0023
72.3779
71.2279
71.451
71.9012
71.5196
70.0784
70.1381
70.9308
71.2885
71.7008
72.1119
71.0021
70.5744
70.9317
71.366
71.4003
71.7358
72.1709
70.7643
70.1461
70.9112
71.2004
71.3588
71.2718
72.375
71.6093
71.9814
71.5252
71.8998
72.1012
71.2429
71.8312
71.0836
71.4325
72.0092
71.9977
73.2508
74.0062
73.5438
73.7915
72.9623
73.7296
72.4468
71.7514
71.3218
71.2827
72.0655
71.2426
71.2317
71.8196
72.2324
71.2104
70.1093
69.6925
70.0318
70.0772
70.771
70.0516
70.0592
71.3999
72.0708
73.1341
71.3451
70.5599
70.3387
70.6451
70.5374
71.4298
71.6539
71.7757
70.7816
70.706
70.6566
69.9652
70.8074
70.0397
70.4
71.4493
71.2386
71.5846
72.0628
70.9435
72.6064
73.0475
72.7613
71.7057
70.9648
71.3192
71.1491
70.3007
70.7407
70.1852
71.035
72.2686
71.2635
71.582
73.0039
73.7352
72.6521
72.7271
72.2059
72.6972
72.6504
73.1334
73.4096
72.5865
72.904
72.8505
73.0092
73.2906
72.1241
72.2315
71.9142
71.7044
71.2087
71.1652
71.814
72.1017
72.5883
72.6715
71.8977
71.1792
71.7329
71.8618
72.5806
71.7091
70.8648
70.0497
70.4194
71.3791
70.7897
70.5499
71.0247
70.482
70.5378
70.6392
70.2891
70.6954
70.5044
70.2792
71.5661
72.1277
71.1529
71.6206
71.4202
72.0434
71.4803
70.8417
70.8025
71.2586
71.0215
71.1779
70.3525
69.7556
70.5921
70.9045
71.6537
70.7431
70.4603
71.2709
70.7688
70.7913
72.0856
72.1983
73.0483
73.7949
74.3584
72.9
71.8214
71.8646
71.9145
72.5813
71.848
71.2734
70.9887
72.0093
70.2518
70.8201
71.4049
71.9979
71.0344
71.0745
71.1162
71.8924
72.9998
73.4213
72.0304
71.7241
71.7198
72.3933
72.1477
71.2953
71.103
70.8369
72.4838
72.6543
72.4421
71.8636
71.341
71.1865
71.0469
70.9838
70.9429
70.6483
71.5333
70.6993
71.9434
70.6707
70.466
71.0241
72.2566
71.582
71.9665
71.4802
71.0601
70.2717
71.0614
70.6961
70.3149
69.3902
70.595
71.6862
70.6149
70.5847
70.2299
70.6767
70.6163
70.7791
70.7262
69.9076
70.0905
71.0284
70.3124
71.5667
70.3678
70.3074
71.0482
70.9985
72.3253
72.8398
72.349
72.0481
72.668
72.3741
73.0142
73.4143
72.3944
72.6359
72.1928
71.5908
71.2365
70.8952
70.8967
71.0088
70.8941
71.3061
71.8472
70.7259
70.8732
70.8732
71.0106
70.9407
71.1923
71.1626
70.9417
70.2712
71.3856
71.8861
72.3768
71.4635
72.307
72.7836
71.6119
71.2244
71.7349
71.7853
70.6054
71.6859
72.1181
72.4694
71.9889
72.032
72.6623
72.3121
72.1062
71.6221
70.9125
71.0082
70.5292
71.3158
71.9359
71.3358
71.8442
71.3366
71.2397
71.19
70.4514
71.6764
71.0282
71.8222
71.1238
70.4469
71.2941
71.5072
72.6439
71.4078
70.7987
