474.01
460.908
449.486
438.518
427.464
417.658
402.499
394.892
386.493
380.083
371.567
360.8
353.732
344.27
337.299
328.761
321.658
316.607
310.945
305.821
301.208
298.737
295.791
292.961
291.956
288.75
287.709
283.284
279.923
276.888
273.434
270.678
269.552
267.496
265.148
261.508
258.283
255.248
251.472
247.946
245.031
240.713
238.239
234.172
231.819
228.751
226.117
225.163
223.786
222.096
220.679
219.358
218.877
217.647
215.872
214.428
212.884
210.853
207.664
207.394
205.865
205.642
203.705
202.363
201.465
199.031
197.774
196.564
194.652
194.498
193.296
191.031
190.507
188.857
187.347
187.353
185.875
185.793
184.017
182.91
182.209
181.593
179.859
178.7
176.935
174.716
174.784
175.335
174.097
171.439
170.98
170.277
168.598
167.386
166.513
166.161
166.163
164.643
164.102
161.317
159.578
158.882
158.32
157.099
156.085
154.157
152.965
151.897
151.857
151.487
151.21
149.745
148.513
147.908
147.195
147.068
147.505
146.7
145.837
145.086
143.363
142.532
141.776
141.824
141.384
140.51
140.531
139.168
139.263
139.055
138.092
137.556
137.971
136.831
136.32
134.243
132.713
131.819
131.002
130.149
130.255
129.383
129.213
128.31
128.936
128.179
128.713
127.817
129.024
128.485
127.488
126.888
126.964
127.306
127.076
126.452
126.332
126.242
126.48
125.939
125.043
125.154
124.973
125.198
124.856
124.901
125.523
125.46
124.321
123.737
123.761
123.299
122.84
122.005
122.413
122.084
121.867
120.9
120.293
118.786
118.738
118.853
118.281
118.324
118.726
119.125
118.814
117.248
116.435
116.32
116.348
116.861
115.831
115.914
115.635
115.574
115.067
114.013
113.544
113.952
114.202
112.592
112.826
112.186
112.831
113.043
113.789
113.067
112.583
113.939
114.484
115.8
117.181
116.82
116.74
115.608
113.138
113.386
112.57
111.53
111.298
110.674
110.327
109.309
108.871
108.089
107.533
107.163
107.988
108.244
108.749
107.537
106.074
106.219
106.225
105.528
105.684
105.209
104.677
104.997
105.233
105.845
105.007
104.756
104.728
104.989
102.636
102.68
102.662
102.811
102.894
102.464
102.304
101.924
102.61
101.834
101.887
101.006
101.348
99.884
99.2283
99.9052
99.9417
99.8086
100.225
99.7358
99.9636
99.9773
99.7593
98.7523
98.8513
98.202
98.6662
98.842
97.5987
97.3746
98.358
96.9819
97.3613
96.9685
97.8367
96.9001
97.7523
96.5607
95.8109
95.7493
95.0617
94.8053
94.2326
95.6528
94.6569
93.6863
93.8505
93.9864
93.9429
94.2505
95.1773
94.9188
94.4177
94.4704
93.8122
93.4617
93.5807
93.1334
92.9494
93.453
92.8314
91.7868
91.9674
92.769
92.1522
93.1061
93.2419
92.6519
92.4934
93.2837
92.8158
91.9958
92.3489
91.2924
92.0289
92.0639
91.479
92.1456
90.8619
90.5409
91.2818
91.9743
92.0305
92.8121
91.5464
90.349
90.5625
90.1558
90.9382
91.1931
90.8723
90.7032
90.7639
90.5726
90.9686
91.8479
90.8203
90.2037
91.091
90.3494
90.6084
90.6006
89.9492
91.3499
90.0601
90.7405
89.413
89.1641
89.0545
89.7379
88.675
88.5357
89.4065
89.3527
88.0868
87.8585
89.0074
88.9487
88.9308
88.3981
87.3214
86.9345
87.3158
86.3308
86.6466
87.3321
87.2588
86.8301
86.1624
86.1637
87.0493
86.6398
85.2909
84.8818
85.7212
84.8596
85.2153
84.7378
84.7827
84.3419
84.718
84.3668
85.041
84.1278
83.9719
83.9443
83.6139
83.7886
82.754
83.9388
82.6775
82.2795
82.3
82.7263
82.6905
83.1779
82.7404
83.462
82.3876
81.525
81.8977
82.4078
82.0654
83.2448
82.8644
82.3496
82.6241
82.4454
83.0774
84.8521
84.8753
84.8589
84.6176
84.1757
83.0318
82.3975
81.736
82.4173
82.3937
81.8496
81.2357
82.6298
81.6433
81.7132
82.17
82.3934
81.928
81.3663
80.5623
81.745
82.5869
82.6629
83.5451
82.9655
81.8323
82.4608
82.4499
82.4328
81.6668
82.1518
82.4514
82.4477
82.3499
82.5514
82.7103
82.631
82.5461
82.8364
83.0069
83.0492
83.3047
82.3979
82.5004
82.6451
81.5082
80.7381
80.0129
80.9194
80.5525
80.3868
80.6902
81.4878
81.5959
81.292
81.1016
81.2399
80.8389
81.7555
81.5801
81.5552
81.0531
80.9339
81.1932
80.4159
81.1812
81.4004
81.1023
81.0123
80.481
78.9659
78.7351
79.335
79.912
79.7078
80.0319
80.3467
79.6649
79.7338
80.5444
79.3907
78.5861
79.6141
79.6104
79.7065
81.2854
80.0532
79.5474
79.873
79.2082
79.7458
80.1617
78.922
79.6325
78.6724
78.8704
78.9266
79.5739
79.4749
79.0459
80.5858
81.4012
81.069
80.7125
80.5425
80.4268
79.2293
78.8415
78.4529
78.4351
78.4943
79.0134
78.7054
79.2523
78.6376
79.3156
78.695
79.127
79.5472
80.1372
79.3643
78.8006
79.8236
78.6854
79.8823
80.2878
81.3474
80.4291
80.6923
80.9971
81.4868
81.68
80.704
80.0378
80.9748
79.1725
78.4548
79.103
79.5921
79.0268
79.8143
79.121
78.2853
78.7221
80.2453
80.7254
79.7962
78.5444
79.3081
78.4196
78.0874
78.5831
78.7255
78.1574
79.0214
78.6679
77.7129
77.5811
78.6483
78.0556
78.0282
77.8995
78.2414
78.8106
79.2182
77.9327
77.9741
77.6897
78.3129
78.5264
79.1474
78.8625
78.5512
78.0925
77.7769
79.1798
78.4491
78.7581
78.7315
79.7436
79.205
78.3674
78.9506
78.5307
79.9057
79.3226
79.3476
80.2343
79.1806
77.3601
77.8336
78.8944
78.7748
80.2825
79.0695
79.295
79.0751
78.2953
77.762
77.5227
77.7381
77.7711
78.2325
79.0542
79.3325
79.6021
79.2166
78.1379
78.4528
77.7158
77.5024
77.3517
78.5085
78.7963
78.3672
78.0592
78.4871
80.254
79.4423
78.4353
79.5235
79.3445
79.8873
79.9317
79.2389
79.3143
78.8871
78.0212
77.7804
75.7331
75.3317
76.1901
76.2588
75.7845
76.4546
76.8137
76.8204
76.5768
76.5409
76.6745
77.1115
78.7447
79.4831
77.7197
77.2037
78.5174
77.2792
77.5216
78.6343
77.6034
76.9483
75.7821
76.2679
75.9137
75.4628
75.6754
76.565
76.7684
77.4338
77.9337
76.5541
77.0715
76.5422
77.8327
76.4596
76.5299
76.5496
76.7275
76.2299
76.5476
76.8442
77.3928
77.272
78.507
78.0606
77.3012
75.6968
75.6465
76.8045
77.4163
78.1845
77.0483
77.6019
78.1407
77.5732
78.0323
77.6634
77.1344
77.7166
77.4578
76.7977
76.7545
76.0042
76.9728
76.7421
76.437
76.4188
76.4749
77.8752
77.8777
77.7702
76.657
76.1478
76.7449
77.2053
77.9931
77.2258
77.4994
77.0278
76.2907
76.2311
76.1612
77.1821
77.8183
78.0851
78.261
76.7901
76.9206
76.4256
77.9013
77.6017
76.7721
77.6532
77.5858
78.7058
79.9826
77.8846
77.3217
76.5748
76.0757
76.3179
77.3748
77.4541
77.7855
78.4232
77.9771
77.87
77.1722
76.9432
76.8204
76.3942
77.0664
76.7386
77.1096
77.029
77.9485
76.3794
76.8274
77.1606
78.0469
77.1778
78.3728
78.4171
78.1204
77.5163
76.0445
76.5685
77.2091
77.1893
78.0766
78.0426
78.9124
78.8406
77.8344
77.9672
77.146
76.5778
76.6102
76.5854
76.4006
76.1089
76.0036
76.5223
75.91
76.8759
77.5996
75.3357
76.3464
75.71
76.9372
76.8012
76.9656
76.2007
76.5069
75.3753
75.0108
75.8533
75.7066
76.1552
76.1641
76.6031
76.0851
77.7486
78.3094
77.3831
77.5833
76.8794
77.8282
76.7859
76.563
77.8698
76.9702
76.3798
75.9314
77.1411
76.6587
76.6886
76.914
76.9171
76.3961
77.2789
77.4154
77.2363
77.299
77.1513
77.7817
79.144
79.2211
79.3973
78.2406
77.894
76.3069
76.5602
75.7605
76.5985
75.4191
74.9977
75.5374
76.2931
77.3557
77.8626
76.8469
77.3108
76.3587
75.8347
75.519
75.9344
76.9486
77.592
77.2482
77.5853
77.8485
77.1851
76.6084
77.746
76.1336
75.7977
76.4579
76.4165
76.7805
76.7661
76.5957
76.7606
77.1651
76.8291
77.7905
77.0592
76.2731
77.0672
77.2985
76.2296
77.047
77.3236
77.6325
76.4261
76.1765
75.3677
75.3638
75.1096
74.9971
75.0682
75.1063
76.6468
75.9372
75.7742
75.533
74.5426
75.6057
76.035
76.3795
77.908
78.4046
78.4716
77.8485
78.3978
77.1355
76.5672
75.9381
76.3141
75.6148
77.2239
77.048
75.6656
75.8606
75.5932
75.5307
75.2378
74.8938
76.7899
76.6327
77.8259
78.6187
78.848
77.6415
76.3678
74.9041
76.1616
75.4485
74.9561
76.2513
76.2715
76.1957
76.6881
77.208
77.5203
75.9917
76.0409
76.3621
76.8153
77.1062
77.4438
78.0782
78.147
78.7991
76.9142
76.2448
74.558
74.8808
75.1458
75.1115
74.8452
75.052
76.3312
75.7573
75.524
76.1603
75.0741
75.4479
74.8486
75.8399
75.4464
77.5587
77.2443
78.3592
77.5644
77.5307
77.3569
77.6198
77.8751
76.705
76.6322
77.2191
77.1992
77.8402
76.0193
76.8044
75.4993
76.5399
76.1779
76.2418
75.9976
74.9663
74.135
74.4404
75.3659
75.4795
74.4995
75.7628
75.771
76.0725
77.1227
76.9572
75.8424
75.0042
74.217
75.3681
76.1447
76.4135
76.399
76.3494
75.8957
74.8922
75.1911
76.3721
76.1697
76.7172
75.5892
76.5113
76.1377
76.3934
75.9899
75.2506
74.7398
75.6772
75.6346
76.1983
76.5853
77.0945
77.8957
76.188
76.8588
77.4947
77.4848
76.5293
77.2431
76.1209
76.2243
76.169
75.4369
75.6894
75.3876
76.083
76.8155
77.2429
77.7087
76.3219
76.7445
77.6435
77.5383
76.7586
76.9344
75.3568
75.3065
75.3361
75.1065
74.9986
75.7335
75.7962
76.1727
75.2964
75.5947
75.8905
76.0269
76.7157
76.2928
76.6417
77.1365
76.4597
75.3448
75.0426
75.7699
76.0431
76.6678
76.8598
76.8249
76.5063
75.3908
76.0731
76.1909
76.4886
77.5553
75.8184
75.6924
76.0512
75.9796
76.5124
77.528
77.2994
76.9076
78.571
77.804
76.3983
76.4706
77.3467
77.8132
77.2659
77.0911
76.6682
76.4458
75.8732
75.2951
75.0547
76.1952
77.3813
77.8085
78.1964
77.1395
76.7306
76.4607
76.5707
76.5571
76.2698
75.5787
75.5976
75.5079
76.0825
75.8142
75.7943
76.8049
76.4259
75.9385
75.8842
76.1339
75.7336
75.3762
76.4671
77.1825
77.3233
77.6142
77.7348
78.8769
77.1755
78.0946
76.9439
77.6516
77.884
76.7902
77.6836
77.4264
76.1137
76.5248
76.475
77.5828
77.3181
77.3132
76.5363
75.3707
75.2519
76.3236
76.9115
76.5252
76.0593
75.2973
76.3539
77.6918
77.4527
77.297
77.5165
76.672
77.3948
77.4778
76.7561
77.5217
76.315
75.6021
75.9693
76.1768
76.2661
76.7843
75.6578
75.1362
76.0358
76.5446
76.552
76.6179
76.791
76.945
75.8183
75.8392
77.6382
78.507
77.6939
78.0843
78.3641
76.4522
77.3204
76.8572
76.4547
76.8038
76.466
76.4197
76.8676
77.2396
77.0483
77.1052
76.0823
76.5802
76.4871
77.7007
77.2337
76.9464
75.6444
75.8464
76.1551
74.6864
74.869
74.5863
74.7104
75.1973
74.223
74.9924
75.4045
76.0776
76.8251
77.3991
77.1574
76.8588
76.8008
76.7257
75.995
75.771
75.6114
76.0995
76.7971
76.8894
76.6303
76.486
76.2484
75.6351
74.9656
76.5011
75.6892
75.0436
75.7459
76.115
75.3482
75
74.4122
74.4403
75.248
76.4713
76.4214
76.2574
76.333
74.7153
75.1974
76.3848
76.4182
75.9267
75.9211
77.0646
76.3293
76.1489
76.0653
75.9171
76.5156
76.3972
76.9869
76.3837
77.7287
77.4389
76.9856
76.9837
76.6294
76.3764
75.3122
75.2941
75.2481
76.9319
77.8533
76.4509
76.0628
76.2298
76.5719
75.9691
76.1299
75.1642
75.5027
76.3167
76.1147
76.229
76.3872
77.0288
77.0104
77.2934
77.1579
76.1427
76.3517
75.9855
74.8326
75.9099
75.7186
76.6698
75.1392
74.9517
74.5948
75.2942
75.7803
74.6311
75.4057
76.3173
76.3288
74.6511
74.9474
76.031
74.8174
75.4687
76.3577
76.2716
77.7892
77.1919
75.6762
76.6403
76.3379
75.445
75.1799
75.5459
75.2513
74.8481
75.4259
75.4356
75.7863
76.1511
75.7604
75.3097
75.5945
76.5252
76.8678
75.6699
75.6609
75.1292
75.7386
76.4862
76.15
77.3021
77.1857
76.6629
75.6976
75.4104
75.9984
76.4593
76.6134
76.4218
76.2048
75.5691
75.7411
76.0432
76.6949
76.6644
77.0361
77.882
78.8261
77.1585
76.5252
75.2036
76.1685
75.5161
74.3783
74.5732
74.7712
75.2132
75.5161
76.0445
75.6864
76.6243
75.6972
76.5368
75.0021
75.6279
75.5894
76.2988
76.175
75.7325
75.7888
74.7987
74.8718
75.47
76.1981
76.2287
75.5083
76.5319
76.4512
76.3226
76.159
76.542
77.1275
77.1091
76.4526
75.5563
76.5372
77.211
77.6791
77.5638
76.9653
76.6386
75.4623
74.9743
75.3851
75.2316
76.1854
75.4771
75.9905
75.4516
76.1703
75.1714
75.1248
75.9404
75.7474
76.7915
76.5011
75.9945
75.5541
75.5898
75.945
76.8367
77.4998
76.6075
76.4549
75.2242
75.0416
75.1108
75.5742
75.7642
75.1167
74.7746
75.1361
77.0623
76.4283
75.4548
76.2439
76.454
75.4951
76.2416
77.0862
76.1311
77.7002
77.9048
77.4804
76.4222
75.9314
76.0274
75.8455
76.7651
76.606
76.0147
76.6119
75.6964
75.9611
76.0974
75.7137
76.3773
76.2184
76.0453
76.1118
75.4704
74.9034
74.8913
75.6812
75.1919
75.5622
75.4151
74.7009
73.533
75.2641
75.2859
74.7722
74.9492
76.4022
76.0158
74.8943
75.3207
76
74.9397
74.6907
74.9808
75.9663
75.8532
76.014
74.8263
75.7283
75.6728
75.684
76.764
76.8679
77.0575
76.6729
76.6576
76.294
76.3154
75.4165
76.2813
75.6498
75.385
76.4698
77.7941
77.7947
77.4258
78.5045
78.0891
77.2985
77.5121
77.6307
75.7648
76.7904
76.4056
75.2259
76.1867
76.4254
78.0732
77.7845
77.2092
76.6374
77.4222
77.6435
76.8014
77.1959
75.8982
76.5395
77.3141
76.4007
75.9933
75.3931
74.3192
75.3964
75.5184
75.4232
75.6081
75.2233
74.6272
75.2287
75.2569
75.6093
75.3584
75.6477
75.977
74.3971
75.2311
75.4962
76.497
76.926
75.8102
76.7467
74.5262
75.3955
75.2682
76.147
76.8701
76.6404
76.718
76.1258
76.0316
76.5157
76.5237
76.7688
76.0931
75.4669
75.5029
75.1789
75.9935
76.553
76.2461
76.7479
75.2657
74.8046
74.668
75.098
75.3079
76.2692
76.6557
75.7947
75.4464
76.1662
78.29
76.884
76.3331
76.664
76.2347
77.1674
77.4046
75.6362
75.646
76.427
76.7103
76.0445
75.5767
75.7331
74.8337
74.6638
74.6562
74.3871
75.3946
75.6725
75.344
76.4786
76.2858
75.5683
76.2019
75.9647
76.2234
76.9083
76.794
76.4812
75.2428
75.3576
75.8679
76.1153
76.9736
76.9415
76.6121
76.8277
76.4195
76.2119
76.1535
75.8191
75.6834
76.404
76.938
77.3226
77.022
76.2936
75.8039
75.505
74.9874
75.4091
76.2159
76.1953
75.39
75.7524
75.8313
76.2211
76.2391
75.4378
74.9472
75.2769
75.6113
75.7591
76.8144
75.891
76.3732
75.6265
75.2991
76.2419
76.189
75.0013
75.2415
75.1926
75.4231
75.161
74.6949
75.4117
74.256
74.5369
74.3527
75.292
75.5487
74.9864
75.782
76.0915
75.6282
75.7431
75.1775
76.6003
75.9405
76.586
76.5716
76.3319
76.1465
77.3795
75.8758
75.3281
76.2726
76.988
75.0001
75.7245
76.2823
76.6698
75.9662
75.4373
75.6774
76.804
77.3954
76.9742
76.8442
76.1813
75.5566
75.576
74.7573
75.3593
75.0098
76.6644
77.8633
77.9386
77.2139
76.6469
75.6196
75.1912
74.094
75.039
76.218
76.0347
76.2983
76.3708
76.7268
76.29
75.5653
75.3956
76.0686
75.6263
76.1887
75.9924
75.3105
76.7292
76.0015
76.1682
76.4884
75.9693
75.1145
75.414
74.6519
75.4265
74.5522
74.6676
75.4362
75.1367
74.6517
74.8616
73.9534
74.3371
74.2005
74.9708
74.8282
74.8064
75.3466
75.0678
74.6052
75.0734
73.6061
72.8599
74.4368
74.9914
73.9004
74.5572
74.5912
74.5414
76.1213
74.6413
74.1159
74.9975
75.6461
74.1904
75.0742
75.8094
76.1435
76.6605
75.4988
75.1589
74.8752
74.8999
76.0389
75.1719
74.6052
76.0965
76.4407
76.9107
75.5467
76.2424
75.7535
75.3979
76.13
75.8913
75.8314
75.5906
75.1968
74.5923
75.393
75.5495
75.8644
75.3806
75.1165
76.2061
75.114
74.8002
75.1913
74.1858
74.3501
75.2553
74.946
75.2598
74.5253
75.5867
75.2301
74.798
75.233
75.7841
76.4993
75.2286
76.1771
75.4915
75.2495
75.5321
76.281
75.5589
75.6269
75.6993
75.0239
74.2383
74.3836
74.1624
74.1702
74.1579
73.9483
73.5947
74.8587
74.4996
74.653
74.6299
75.8053
74.9562
75.7719
75.1008
73.7885
73.5416
74.4733
75.029
75.3179
75.799
75.244
75.3604
75.9516
75.1884
75.0543
74.4907
74.215
75.5309
75.0802
74.9327
73.9678
73.3245
73.9498
75.0334
75.4153
74.8262
75.7056
75.5507
76.295
74.785
74.5763
74.7161
75.7588
75.1817
75.7132
75.8603
75.1111
75.8204
75.2515
75.5225
75.3192
74.65
75.0396
75.9625
74.9977
76.5619
76.1005
76
75.1014
75.3474
75.2991
75.5781
74.4455
75.5085
75.2409
77.1184
75.9367
76.0069
75.2053
74.4329
74.7035
74.1296
74.6167
75.2072
75.6159
74.3691
75.0942
74.2681
74.6743
74.6441
74.8254
75.466
75.7289
75.5389
75.1504
75.0689
74.8682
75.2298
75.3365
75.9102
74.3428
74.5766
75.8434
75.1722
73.4668
74.1714
74.8624
73.5668
74.2878
74.6065
74.507
74.0387
74.2348
73.7256
76.0631
75.718
76.3465
77.0709
76.3723
75.9998
76.2381
77.9585
76.2915
75.5461
74.8852
75.3183
74.5556
75.4087
75.4375
74.8448
75.5343
75.2205
75.1247
75.1451
74.8076
74.4172
73.8812
73.6388
74.6149
74.7526
75.1394
76.1702
75.6158
76.0831
75.4071
75.782
74.6307
74.7232
75.4499
74.4736
73.9382
73.4678
75.3958
75.7128
75.5057
76.1443
75.9344
75.0906
76.3892
76.3781
74.1744
73.9541
74.4832
75.2636
75.1999
75.0368
75.4583
75.4026
76.5974
75.0646
75.2876
74.3653
75.6693
74.7979
75.3488
75.6123
74.9281
74.5007
74.5487
73.7981
74.0815
74.0309
74.2492
73.8601
75.343
74.5326
74.3525
74.5047
74.8909
74.3535
75.2011
75.1835
75.1701
74.3868
73.7073
72.8541
73.7464
74.1009
74.1565
75.1303
75.1451
75.5148
75.772
75.7659
75.8699
75.4219
75.3811
74.6954
75.3175
74.9906
74.3885
73.6495
75.1845
75.2794
75.873
74.9917
76.202
76.0679
76.6113
75.6322
75.2309
75.0552
74.4187
75.6779
74.6774
74.1149
73.8254
73.9686
74.4492
73.8228
74.4728
74.0612
74.0193
76.161
75.567
75.1692
75.7955
74.3373
74.5263
74.0942
74.1865
73.701
74.8127
75.429
75.9102
76.0576
76.3526
75.8619
76.1883
76.5437
75.9373
75.9807
76.096
75.1226
74.8507
73.9778
74.2489
74.5652
75.8591
75.9461
74.9425
75.8285
74.6693
74.0725
74.4305
73.855
75.2274
74.9083
74.3689
74.5371
74.2988
74.7748
74.34
75.0749
76.0404
76.3307
77.5529
76.9961
75.4715
75.9047
75.6541
75.6573
74.1325
74.5352
75.3428
75.7187
75.5952
75.9018
75.9311
75.377
76.8909
76.2904
75.7335
74.6812
74.5482
74.2009
74.18
73.7455
75.8701
74.5222
73.9664
74.3985
75.1991
74.1817
74.1338
75.3734
75.3291
74.5557
75.3588
75.3882
75.3429
75.2132
73.8635
73.8362
73.5733
72.5744
73.4818
73.7708
73.2568
73.1812
73.7931
74.5707
73.9866
73.4875
72.9759
74.0074
73.7279
74.3805
74.9023
75.9307
75.4547
74.6657
74.9385
74.9318
75.1356
75.6596
75.662
74.6492
73.4273
74.5109
74.7826
74.2861
76.4326
75.7245
75.0503
73.9045
74.2007
73.3153
74.3852
74.3584
75.1981
76.0088
76.2302
74.9219
74.4578
74.4715
74.5255
74.6591
74.6815
73.687
73.3684
73.647
74.9232
74.5671
74.6576
74.2807
73.8467
73.3148
72.7106
73.0825
72.4956
72.3824
72.2484
72.245
72.6964
73.7147
72.1534
73.1576
73.986
75.1472
75.4645
75.1665
76.3926
76.1099
75.3059
75.2955
74.6508
73.9907
74.1292
74.4438
73.2605
73.9768
73.0992
73.4055
72.3751
73.3106
73.0309
72.4825
72.2235
71.9166
73.3396
71.9716
71.4334
72.9569
72.9803
73.5437
74.3246
73.6403
74.2344
74.3942
74.8234
74.6468
75.8335
75.1562
74.818
73.9764
75.202
74.2112
75.377
74.9709
75.2319
75.1479
74.6464
74.1222
74.8623
74.0552
73.3097
74.8302
74.8026
74.733
75.8909
75.6997
74.7196
75.8506
75.6221
76.8544
76.2793
75.7608
75.4416
75.474
75.1398
76.1648
76.6243
76.8764
75.2545
74.8166
74.9138
75.8352
75.4879
75.0206
75.915
75.0561
74.8166
74.0016
72.9116
73.0741
73.6794
73.1591
72.8575
72.879
73.106
73.0528
74.0766
72.0371
72.5274
73.8243
73.8444
73.4863
74.1272
73.564
72.9154
74.6426
75.7346
75.7413
74.6288
73.8798
74.1906
73.4958
73.0229
72.6234
72.794
73.5207
73.3177
72.852
72.6186
72.7499
72.4803
71.4594
71.5806
71.7868
73.8806
74.6984
75.5631
75.1189
73.9461
74.0102
74.8477
74.6169
74.1109
73.9137
73.185
73.9032
74.3241
74.2893
75.6528
75.8979
75.0094
73.774
74.3721
73.6588
73.3914
74.6845
73.9984
73.9112
73.3812
73.8543
73.2024
73.8723
73.5739
71.8138
73.0551
73.1364
72.8236
73.2652
73.1937
73.7983
74.1965
73.3898
73.9943
73.1919
74.0048
73.057
73.5826
72.8738
74.0787
74.2606
74.4607
74.546
74.1568
73.8893
74.2409
75.5014
74.9699
74.5234
73.8994
73.7651
73.6245
72.9382
72.7291
73.0363
72.6182
72.7174
73.1267
73.9576
74.0145
73.8694
74.196
74.7501
74.5935
75.0508
75.6998
74.5244
75.9431
76.6187
75.852
75.3197
74.5999
74.9011
74.3842
73.95
74.1789
73.8232
74.0526
73.4667
74.2787
73.3848
73.9467
73.6339
73.8919
73.5651
72.7792
72.4942
73.2939
73.8187
74.1937
73.6677
73.3644
74.9793
74.9387
75.6747
75.1886
75.0141
74.2103
74.0237
73.0515
74.0571
75.059
74.3489
75.0541
75.7396
75.9009
75.3287
74.9492
74.9538
74.4966
75.1974
75.2664
75.4536
74.7671
74.2427
73.4618
73.7033
73.9702
74.3261
75.2099
75.4356
76.4273
76.6486
76.0707
75.8378
75.8312
76.6237
75.8636
76.1108
76.1545
75.0133
74.4704
73.8985
73.8935
72.7642
72.4346
72.6297
72.5042
73.38
74.3128
74.4495
73.3536
73.4553
74.0854
73.0873
73.3683
73.7778
74.8182
74.4098
73.6681
72.7528
72.4627
72.8985
73.7221
73.6416
73.6442
72.6663
72.1345
72.8896
74.3525
73.9262
73.9327
73.5286
73.7505
73.1973
73.3453
73.177
72.8728
74.9419
73.8812
73.8314
72.6161
73.4232
73.7168
73.7937
73.3249
74.5285
74.7546
72.4714
73.2867
74.5321
73.8556
73.0883
74.2383
74.4558
74.6402
73.9976
73.5865
73.7013
72.9982
74.0686
73.9097
74.8958
75.4043
75.815
75.0434
74.5954
75.076
73.4644
73.8797
73.4307
73.5612
73.6465
72.0806
72.4422
72.7978
73.7144
74.5338
74.6173
74.6261
73.9319
73.8499
72.486
72.6357
73.0917
73.766
74.3058
74.3443
74.1449
74.0949
72.8158
73.6019
73.3175
73.2958
73.4491
73.4754
73.5008
73.907
74.4296
74.9289
74.2515
74.8395
74.7409
74.8634
74.3359
74.9654
74.8222
75.8551
75.6235
74.7281
74.9728
74.9107
73.9652
73.313
73.9466
73.8814
73.9261
75.7793
74.8065
75.0182
75.24
75.1967
75.1247
75.1031
76.264
74.9118
74.858
75.0378
74.4995
74.9311
74.0926
74.9383
75.6589
75.3186
74.6687
73.7638
72.8059
72.6217
73.0382
73.1959
73.1354
73.949
73.3187
75.4519
74.1759
73.931
75.5243
75.258
75.6659
74.0848
74.3659
74.1462
75.1502
74.0429
74.1041
74.458
74.978
74.1878
73.1553
75.1955
73.8005
73.8794
74.3934
74.9022
74.0019
75.6618
77.536
77.7816
76
74.8578
74.6811
74.1901
74.649
75.3651
75.0437
74.4054
73.7688
72.9501
73.3856
74.0056
74.4894
74.1755
73.1214
74.4793
75.078
73.3851
73.4776
73.8613
73.7208
73.8308
73.6455
74.1056
74.0916
74.1035
74.5167
75.9849
75.3673
75.3053
76.0272
73.9206
74.2946
74.4132
74.0189
73.8886
74.3608
73.9424
74.1541
75.0637
74.7332
74.0187
73.6958
73.8483
74.3782
74.6153
76.1094
76.4128
76.0619
75.6117
75.0236
75.4429
75.9465
74.0029
73.2295
74.3524
74.0669
74.2701
73.5041
73.6275
74.2073
73.451
72.9757
73.0387
74.1087
74.6716
75.7068
74.4434
73.7381
73.2825
72.7016
72.5951
74.1623
74.0653
74.3506
74.9683
75.0474
74.0372
74.3271
74.2835
74.0665
74.4536
75.0491
74.2809
73.873
74.3391
75.0889
74.8584
74.8555
75.3998
76.35
75.7719
74.7512
74.2741
74.586
74.5034
73.5817
73.0419
73.8652
73.921
72.5153
73.0708
72.6087
73.7732
74.1424
74.6964
74.4955
74.5699
74.1363
73.8444
75.4759
73.9648
73.3051
73.3429
73.7134
72.5054
72.7313
73.1944
72.7461
72.6843
72.345
72.914
73.6554
73.5765
73.4906
73.52
72.4213
72.1124
73.0014
73.2883
73.6749
73.0122
72.8313
73.1441
74.6768
74.5131
74.5312
75.4947
74.9652
73.6798
74.5184
73.4311
72.699
73.8361
74.3826
73.7258
73.696
74.3469
73.718
75.4965
75.3063
74.7073
74.1067
75.1647
74.6717
74.4236
74.0823
73.4781
73.5324
74.608
74.7906
75.1315
75.5188
76.0261
76.4808
75.7554
75.2534
74.071
73.9815
73.9639
74.5957
74.5283
74.0173
73.8796
74.1429
74.3888
74.5535
76.0209
74.8022
74.4696
73.8296
73.7332
73.9208
73.9408
73.3753
74.9243
74.3617
73.72
74.5004
75.0335
73.8305
73.2904
74.6921
74.2162
73.7891
74.4525
73.981
73.6524
74.9865
73.8574
73.7073
72.8033
72.6622
73.3259
73.7863
74.3312
75.1775
75.2352
74.8343
74.7998
74.9681
74.1271
74.9819
73.7832
74.1611
73.4558
74.1637
73.4167
73.2901
73.2564
74.141
74.3992
75.064
74.4357
74.0125
74.6459
74.3345
73.7258
73.7551
73.7486
73.2208
73.8762
74.0644
73.7375
74.091
73.6578
72.8582
72.5496
71.8988
71.7735
72.945
72.787
72.7338
74.5824
75.3158
73.9084
75.3446
73.7553
74.188
74.434
74.1144
73.5394
73.24
72.5579
73.6819
74.1315
72.8353
72.8328
72.9187
72.6955
73.2947
72.8506
73.5999
74.3896
75.6743
75.3225
75.4154
74.1694
73.9923
73.5137
74.1647
74.4634
74.5243
75.4926
74.9809
73.9183
73.8668
72.9032
72.4975
74.4368
74.8468
73.7364
74.3513
73.6916
73.8711
73.4067
72.7044
72.8905
73.4909
73.0271
74.6027
74.0069
73.5407
73.1724
73.6033
72.6214
73.5774
74.4586
73.4222
73.5634
73.4533
74.2412
74.1957
73.5087
73.9173
74.0413
74.1512
74.1128
74.4566
74.8268
74.3142
74.5474
74.52
73.3214
74.2388
73.3778
73.0795
73.2037
72.2998
72.4526
73.0568
74.02
74.2579
74.4278
73.0775
72.2213
73.0084
74.4238
74.6791
75.422
74.4042
74.2153
74.8831
74.3362
75.3289
75.2888
75.0354
73.4567
73.1578
73.5414
73.5021
72.6297
72.962
73.2518
73.6385
73.9808
74.1015
74.0882
73.9226
74.2575
74.7089
74.0754
73.8413
72.9449
73.322
74.3328
74.7103
75.2134
76.1943
76.0039
75.5816
74.59
74.6065
74.6672
73.034
74.0817
75.7003
74.8473
75.3481
75.1335
74.6237
73.6543
73.1122
73.9391
74.2496
74.3832
74.8208
74.2619
74.828
74.9098
74.2775
74.1209
74.8281
74.4803
73.7184
73.2986
75.2757
74.3288
74.5364
73.4831
73.0293
73.3748
73.6979
72.9136
73.2826
73.7978
73.2649
74.319
73.7829
73.2471
73.6992
72.9615
74.0789
74.7951
74.3528
75.6853
74.092
74.1634
74.168
74.4138
74.8299
75.4
75.2353
74.1083
72.911
72.3159
73.5054
72.6616
72.7631
73.9258
74.1341
73.4245
73.9177
74.1719
73.2097
74.3242
73.7134
73.6255
73.8608
73.8456
73.5969
73.4727
72.0168
71.863
73.5302
74.0664
73.4616
72.4368
72.2729
74.1902
74.0377
73.941
72.3687
73.0526
72.9992
73.0253
72.0878
72.1338
73.002
74.1718
75.7942
76.3568
75.875
76.1697
76.6073
75.6275
75.1794
75.5158
75.0283
74.9526
74.2996
73.4609
73.211
73.3828
73.3236
73.5178
73.3149
74.5945
74.742
74.2214
74.5337
74.1065
72.9277
72.4524
74.0648
73.1543
74.432
74.2456
73.9819
73.9721
75.1826
74.8303
74.0174
74.6951
75.2847
75.1552
74.5194
73.889
73.0648
73.4109
73.1715
74.0692
74.0508
73.5849
74.949
74.9721
74.6508
74.4237
75.3384
74.7996
74.2052
75.1367
75.4671
74.4931
73.8136
73.5354
73.6722
73.2022
72.5376
72.433
72.637
72.6947
74.3139
74.2538
74.219
73.9376
73.141
73.5524
73.5324
74.1183
73.0255
73.5248
74.1912
73.8442
73.4004
73.6654
73.1304
73.8091
72.8041
74.0999
74.217
74.2184
74.4143
74.1245
74.1086
74.1221
74.7874
75.2894
74.7711
73.366
74.0246
74.4463
74.368
74.8591
75.7471
76.1109
76.2473
76.0703
75.8795
75.2002
73.4289
73.4532
73.5896
73.0319
72.92
73.3741
73.7383
72.7521
72.5085
73.4102
73.5752
73.0135
73.2857
72.1591
72.6775
72.5755
73.0413
72.5132
72.8947
73.6803
74.0664
73.8572
73.8601
74.5195
74.3764
76.0452
74.4033
74.7178
74.316
75.2314
75.7765
75.4756
76.0108
75.1558
74.9944
75.7899
77.032
76.4617
76.5528
76.3063
75.2458
73.8883
74.6576
73.3967
72.9425
73.959
74.7214
74.3997
73.3527
73.3496
73.889
75.2222
75.2114
73.8172
74.1049
74.0925
74.0263
73.5664
73.3255
73.3112
73.559
73.1346
72.4271
73.5909
74.2978
74.483
74.5382
75.3425
75.2526
75.3612
75.1032
73.9989
73.7102
73.4519
72.6819
72.564
71.9106
73.3108
72.9193
73.6062
74.5935
74.1429
72.95
74.002
74.2367
73.4649
73.0905
72.9765
72.9681
73.0723
72.9679
72.4075
72.9109
73.8532
74.5429
74.8736
73.8727
73.4461
72.9676
74.4427
74.027
73.4758
73.528
72.9706
72.5121
73.3669
73.6748
73.4049
74.1958
73.2071
72.7857
73.6268
73.7538
73.8958
73.9949
73.0866
72.5586
73.6065
72.8144
71.9649
73.5099
73.1532
72.5432
73.727
73.6175
73.0385
73.3594
73.1912
72.6886
73.1977
72.7623
73.6246
74.4741
74.1903
73.2235
73.627
74.1842
74.2197
74.4319
74.1262
74.3457
74.5771
74.31
74.4236
74.8651
73.3541
72.947
73.7359
72.8957
73.217
73.8999
75.1755
74.0169
74.9441
75.1609
74.5267
73.5791
73.4118
74.1873
72.6238
72.2534
73.3793
73.4547
73.6906
73.414
73.6866
74.0566
74.044
74.2887
72.2739
73.6052
73.1449
73.2384
74.0543
73.7591
73.8067
73.2814
74.0681
74.2304
74.7743
74.4979
73.4753
73.3655
72.6107
73.6096
73.4775
72.9882
73.6996
74.0191
73.6714
73.7997
74.786
74.388
73.6625
72.884
72.4458
73.2727
73.222
73.2042
73.7423
74.7498
74.7668
75.0109
73.7289
72.4526
72.1997
73.2616
74.1687
74.8785
74.0044
74.9947
74.7008
73.8328
74.4211
73.5193
73.0684
73.8438
74.6
73.8367
74.3699
74.2621
75.19
75.993
75.1883
74.8943
74.2523
74.4701
73.5725
73.5631
73.5056
73.2211
73.4796
73.2221
72.7676
72.2515
73.5805
72.6029
73.7382
74.1755
74.0299
73.5155
72.3541
73.3866
73.415
73.1838
73.0468
74.6131
74.8963
74.8631
74.6776
74.9282
75.1802
74.5203
74.2583
73.2445
74.2342
73.4126
73.6775
73.8818
73.1775
73.3995
72.7226
73.3315
71.5364
72.3459
71.7915
72.7641
74.3884
74.2819
74.4533
74.1121
73.986
74.6116
73.9745
73.236
72.803
72.5384
73.5213
73.2187
72.9649
73.7372
72.707
74.552
74.3938
73.5358
74.1081
74.0918
74.9198
74.1769
74.5142
75.8194
76.0577
75.9169
75.8711
76.2981
74.5772
74.5038
74.8494
73.8229
73.5284
73.8587
72.9901
73.5488
73.2843
72.4789
72.8076
73.7107
73.3903
73.0986
74.4194
73.8968
74.0794
73.5179
73.6871
72.676
73.33
72.9441
72.4558
72.9291
72.5465
72.4247
72.1513
72.7318
72.6057
73.1785
73.1722
73.9637
74.8508
73.9445
73.5111
74.0088
73.8653
73.1496
73.5931
72.9589
72.7968
73.2831
72.5612
73.1865
73.3314
74.0996
73.3315
73.1879
74.4242
73.0192
72.9231
73.9609
72.6876
73.3216
75.3397
75.3879
74.4646
75.0381
73.9145
73.2008
72.9973
72.925
73.0217
72.728
73.6195
73.0354
72.8042
73.9623
76.0297
75.8776
76.0672
75.8744
76.5137
76.8617
75.814
74.6638
75.2632
74.9785
74.8728
74.9144
74.6547
75.3484
73.8099
74.444
72.9725
73.8355
74.2239
73.9816
75.2559
75.144
76.9123
76.4174
75.4121
74.6018
74.943
74.1717
74.2272
75.4257
73.7155
73.9514
74.6389
73.3186
73.5489
73.2539
72.8228
72.7296
73.4629
73.369
74.9765
73.9753
75.4935
75.3291
74.9101
75.1148
73.682
73.424
73.333
73.8539
73.0983
73.0351
72.4498
72.1531
72.6294
73.8414
75.283
73.7223
73.4107
73.6475
74.8721
74.0134
73.8514
74.1927
74.1736
72.9011
73.0155
74.2287
74.6615
74.1987
74.1914
74.1728
73.8463
72.6877
72.1832
72.7993
72.4401
72.5914
73.9293
73.7245
74.8259
73.791
75.5664
74.4904
74.7964
74.6649
74.425
74.2485
74.7915
73.6997
74.3117
73.5763
73.7943
74.3363
73.6765
72.851
72.2879
73.3278
72.1734
72.9792
73.2511
73.4225
74.1202
74.7882
74.7437
75.0363
74.162
74.8407
75.2636
74.4786
75.2703
75.7711
75.5252
74.9662
75.2551
74.8506
73.5051
74.0478
73.3775
73.7545
73.7791
73.8649
74.2862
73.9982
74.4281
73.8862
73.8022
73.7871
72.8354
73.6309
73.5872
72.9334
73.2849
72.709
72.1336
72.6125
73.2955
73.0284
72.5993
72.4954
72.9498
72.6494
74.1607
75.3803
75.4263
74.5851
74.8783
74.0763
72.7606
71.8392
73.1448
72.9439
74.0195
74.7731
74.0547
74.115
73.9732
73.5711
73.3654
73.6352
73.4582
72.8725
73.6438
72.1599
72.0184
72.8675
73.4304
72.4257
72.9704
73.5314
74.137
73.4611
75.8857
75.0736
74.3001
73.3943
74.5043
74.3152
73.2451
73.0308
73.2167
73.5443
73.3616
73.3246
73.6087
73.1571
73.8015
73.6634
73.8194
74.0907
73.6597
74.8581
75.4741
74.6374
73.3197
73.2178
72.9184
73.5648
73.486
73.2831
72.6195
72.6537
74.2517
73.1954
73.0543
73.5222
72.8316
71.7899
72.6408
72.7312
73.3736
72.7225
73.6465
74.4134
76.1573
75.0724
74.5851
76.1154
76.3236
75.8442
76.5964
76.1536
74.8297
73.1546
72.8895
73.7937
76.8821
75.5156
75.4985
74.8479
74.968
73.9607
73.3515
72.7836
71.676
72.8171
74.348
73.5503
74.6437
73.7336
74.2049
73.7235
74.2243
75.4483
74.4275
75.1658
74.8275
74.1693
74.6226
73.5959
74.342
73.1974
74.1293
74.1424
74.0165
73.2601
73.5338
72.9637
73.8481
74.1634
73.9389
73.8499
73.6724
72.8628
73.4874
73.0885
72.9701
72.9906
73.2814
74.095
74.4312
74.0605
74.6422
73.9312
73.0962
72.8293
74.4101
73.9201
73.0548
72.0313
73.9474
72.573
72.7816
72.4518
73.4761
73.5259
72.8762
72.2934
73.0008
72.9445
74.4325
73.8238
73.246
74.2105
73.7774
73.4192
73.8407
73.5586
73.59
73.1407
72.8566
72.3007
72.5879
72.4429
73.0853
73.27
72.3102
71.796
71.7302
72.8449
72.703
72.0531
72.3868
72.119
72.7119
73.2316
71.7369
73.5299
73.448
73.2925
72.7093
72.8025
72.7416
72.7211
73.4782
73.3032
72.6361
73.7404
73.4135
73.6331
72.0235
74.3153
74.8888
73.4842
73.9463
72.4665
72.2406
72.678
73.1928
74.1485
73.1341
72.5421
72.3434
73.8869
74.2909
74.157
73.8341
73.6395
73.6406
73.8936
73.7607
72.5675
72.4489
74.2153
74.6907
73.979
74.116
74.1972
74.7498
72.9841
73.4902
73.7086
74.5682
73.205
72.6265
73.5021
72.8663
72.5145
72.8977
74.0555
73.1185
74.0685
75.5845
74.305
74.3633
74.5367
72.1946
72.3042
72.7579
72.9487
73.0358
73.4497
73.9577
72.544
72.9032
73.5977
74.037
73.2062
72.8949
73.0091
73.384
74.0238
71.8989
72.436
72.6426
71.9822
72.4717
72.8644
70.7013
71.5333
73.1745
73.4235
73.3016
72.3808
73.1929
72.2223
72.6047
72.2801
71.7374
71.5416
73.2951
72.4292
72.3322
72.7491
73.2514
73.3565
72.703
72.8464
72.5919
73.649
73.917
73.4973
73.4168
72.8111
74.0384
74.3302
73.5264
73.9834
74.8697
74.8602
75.4157
74.5454
76.1107
74.3223
73.5448
72.7157
72.9425
72.7812
72.4164
72.7962
73.8365
73.5907
73.7488
75.2072
74.1376
74.6523
74.2717
75.047
74.1001
74.5516
73.9564
74.1608
74.5689
75.0001
73.9234
73.9125
73.9975
73.0581
73.0842
73.0935
71.8903
73.6385
73.5143
73.9738
74.7194
74.1132
74.7342
74.1378
74.647
74.6643
74.6741
75.9306
75.6398
75.6126
74.237
73.6197
73.4288
73.4279
73.5725
73.3683
73.8968
74.0897
73.835
74.3769
75.042
74.4263
74.0266
73.7286
73.3557
72.3392
72.5699
71.6694
72.5445
72.865
73.4948
73.7562
74.1835
73.6778
73.6874
73.3471
73.0572
72.9918
73.2018
72.2885
72.9688
72.9598
72.4985
73.5648
73.1198
73.6758
72.8356
73.6006
74.141
73.6722
73.0669
73.956
72.9221
71.9754
72.407
73.4288
74.4843
73.8934
74.7147
73.9092
74.2769
74.2715
75.0385
74.5176
74.4044
74.6393
75.5553
74.816
75.8597
74.9547
75.9776
75.771
75.6111
73.6491
74.1665
75.3203
76.3089
74.4869
75.1975
74.4466
73.6722
75.3405
73.8609
74.4346
73.8742
72.9022
73.3095
73.6991
73.693
74.0361
73.6352
74.1949
74.3838
74.8881
75.7443
75.031
74.93
74.539
73.9146
74.2223
73.8397
73.7717
74.0055
73.6732
73.9942
74.7976
75.3403
74.3758
73.32
73.265
73.6629
73.6059
73.5538
73.9705
72.8151
73.5124
74.0388
74.082
73.0945
73.2175
73.6274
73.5343
72.7245
72.1918
73.0691
73.7937
73.5662
75.1572
74.4831
74.1353
73.4519
73.8392
73.9414
73.3213
73.8222
73.4458
73.0122
73.0805
72.6227
72.3439
72.2271
73.1882
74.0914
73.7573
73.1586
73.272
73.1426
72.4052
72.3397
72.1289
72.443
73.0986
73.4676
73.6182
73.5352
73.0139
72.2637
72.5178
72.9489
73.0028
73.1664
73.7919
73.2378
72.7308
71.9789
72.4049
72.3724
72.8628
72.7646
72.515
73.1552
74.1632
74.1504
75.0121
75.3482
74.1524
73.6728
72.9101
72.4329
71.7641
71.9408
72.6718
72.6679
72.0066
72.2276
72.8866
71.9119
72.952
72.2634
73.0038
73.3347
72.9101
73.1587
72.6629
72.6086
73.3877
73.0335
72.1701
73.3639
73.7752
73.8433
73.1363
73.3303
73.6627
73.5463
73.6384
72.8897
73.207
73.3195
73.2653
71.7944
71.7185
72.0725
72.5377
72.5955
72.6174
71.9808
73.1004
72.3204
73.1921
72.9988
72.7179
73.5152
73.5726
73.8727
74.1916
74.4263
73.982
74.8797
74.6535
74.952
73.927
74.8727
73.4295
74.2213
74.4562
73.9492
73.5234
74.4353
76.1131
75.1359
75.1408
74.2493
74.0735
73.7559
74.7189
73.9677
74.7058
74.1692
73.9683
74.2337
73.6898
72.5024
72.977
73.5374
73.7096
73.2667
73.685
72.9162
73.8029
73.0513
74.8851
73.2026
73.8315
73.803
73.4468
73.0568
73.0861
73.1991
73.0802
74
74.2011
73.8926
74.2036
74.4511
73.8427
74.0066
73.178
73.5861
71.7829
72.8106
73.2004
73.6966
72.6678
72.8817
73.1162
73.6553
75.1794
74.8052
75.6274
75.8854
75.6267
74.5646
74.9806
74.58
75.4214
74.4424
74.964
73.6448
72.9844
73.7465
71.9524
72.2962
71.61
71.6572
71.2444
71.0374
70.8029
71.7329
71.961
72.37
72.7444
72.0836
73.1607
72.923
72.2318
73.7866
74.4068
74.1483
73.4881
73.7598
73.7633
73.1155
72.4953
72.3152
71.6346
72.5365
72.8385
72.2595
73.0421
72.8096
72.8414
74.1169
72.7626
73.9312
73.0694
73.5935
74.0757
73.9855
72.1552
72.8377
73.0453
72.7558
73.2342
74.0625
72.3952
72.5477
71.91
72.4689
72.447
73.085
72.1169
73.3474
72.7859
73.8253
73.9949
73.8988
73.6881
72.1517
71.9056
72.014
71.8567
71.0355
71.1441
73.0348
73.3644
72.8786
72.6652
72.8366
72.6578
72.1595
73.2557
73.6455
72.8459
72.2477
73.4429
73.5191
74.0813
73.5457
74.2008
73.3639
74.2849
73.2974
73.5696
74.602
74.0668
75.5504
75.3821
73.8493
72.6534
73.6476
72.642
72.8889
73.4159
72.8453
74.1161
74.3047
74.9731
73.337
73.0756
72.2925
73.477
72.4837
71.6129
71.0047
71.3867
72.7811
72.9706
73.1697
71.9007
73.0712
72.8786
72.9907
73.1111
72.5166
72.3319
73.3744
72.585
72.6159
72.4821
72.5649
71.8562
71.6246
72.7884
72.8124
74.0916
73.6164
72.5255
72.4751
73.1002
73.1871
73.7396
73.4755
73.8828
74.501
74.9479
73.0635
72.1406
73.2416
72.6265
72.906
73.9711
73.6869
72.2959
73.3525
73.9255
74.2167
74.884
74.9747
74.5695
74.9939
75.9046
77.7753
77.3813
76.4228
75.2376
74.0285
74.2304
73.8151
74.2031
72.8639
72.8442
71.8257
72.4474
71.6297
71.3924
72.4979
72.8854
73.2947
72.3428
73.2399
73.2329
72.3907
73.2185
72.8006
71.6837
71.6789
71.9458
72.5711
72.5761
72.3665
72.5076
74.3379
73.8121
74.7731
74.4004
74.6539
75.348
74.2297
76.0238
74.9979
74.8241
76.0393
75.4529
75.4014
74.9099
75.0662
73.5464
74.1803
73.276
72.8087
73.1288
74.2046
74.1152
74.6139
74.3914
74.0819
73.2111
72.8038
73.5103
72.3613
71.5096
71.5444
71.5711
72.3429
73.3518
72.2504
72.5018
73.8945
75.2202
73.5423
73.6988
73.8793
73.9576
74.0953
73.3966
73.8571
74.6571
73.9856
73.4593
74.9667
75.0329
73.839
73.0482
74.0727
73.6792
72.4751
72.7089
73.4549
72.3054
72.7132
74.418
75.0887
75.0533
75.2446
75.3223
73.8275
74.7229
74.4838
74.1869
73.5474
72.723
72.4748
72.6106
73.7205
74.6634
75.6985
74.3979
74.0999
73.6317
72.5198
72.7366
71.8953
71.7307
71.7583
72.5995
72.5778
72.6228
73.4282
71.9018
72.5672
73.1041
73.2852
74.8332
73.3699
72.6111
72.7705
72.912
73.161
73.1622
71.8813
72.8148
72.9221
74.1392
74.1838
74.0703
74.2889
73.4602
74.4443
73.6275
73.704
73.2196
73.9517
73.0758
73.8902
74.3916
73.8686
73.3003
72.7427
73.0831
72.8157
72.5063
72.1459
72.3565
72.7175
72.8951
73.7691
74.1148
73.37
74.0818
74.6131
74.2198
75.2498
75.9998
76.4846
76.0046
75.4629
75.0825
76.1121
75.4085
74.706
73.3718
71.8646
72.6182
71.9727
73.1866
72.7534
73.1634
75.2683
74.7969
73.5722
73.6329
74.7851
75.2663
73.5701
74.6222
75.2587
74.8139
73.8201
72.9186
73.2258
72.9131
72.4586
73.5964
73.7096
73.4989
73.9154
73.422
73.9609
73.0242
71.7131
72.4845
72.738
72.6659
72.9552
73.2058
73.5397
73.2136
72.8593
73.2356
73.1725
73.893
73.8828
72.9623
73.0246
72.154
73.2182
72.0151
72.3263
72.7925
74.2464
74.0135
73.5913
75.7708
74.8702
73.9934
73.3701
72.2494
72.3109
73.366
71.6673
72.0056
73.0248
71.9999
72.8843
73.5741
73.239
74.3465
73.3636
74.0894
73.6127
72.788
72.3575
71.7895
72.3102
72.4588
72.5492
74.2477
73.6926
73.6959
73.9429
72.7965
72.003
72.5402
73.3968
73.0006
73.1143
72.416
72.6772
71.922
72.3385
72.7089
72.6701
73.0667
73.2288
72.4053
72.1589
73.1907
71.7756
72.5445
74.2608
74.4561
73.77
73.032
71.8611
72.6478
72.9866
73.1842
73.275
73.539
73.5563
73.3825
72.992
72.8668
72.6509
73.2269
73.6352
73.8292
73.5358
73.4589
72.0142
72.1857
73.1024
73.4862
73.4384
74.0216
74.3803
74.6978
76.233
75.0074
75.2958
74.2526
73.6819
73.8039
73.224
72.557
72.4775
72.1131
71.2049
72.1744
72.943
71.4131
71.3569
71.2609
71.957
72.733
72.8132
72.8733
73.2343
72.0417
71.4878
72.7316
73.3863
73.1703
72.6134
72.5821
72.3302
73.0379
73.4533
74.7125
73.6517
73.4711
72.7458
72.9117
72.7567
73.307
72.9687
72.9812
72.2823
73.2018
72.0759
73.9677
74.5635
74.9173
74.3781
74.2831
73.0102
73.732
73.4637
73.5098
73.2048
73.7101
75.1367
74.2783
73.5813
73.3556
73.2656
72.8734
73.2859
72.0143
72.3559
72.5648
73.1097
73.4981
74.4128
74.0088
74.0993
73.6589
73.2895
73.6801
75.1444
75.2016
73.937
72.9492
72.0745
72.5688
72.2193
71.8507
72.4758
72.9896
72.0121
73.3998
73.2014
74.5346
73.6311
72.0365
72.738
72.732
72.4203
73.3741
73.3109
72.8072
73.2619
72.6034
72.7979
72.6633
72.9628
73.6686
73.1218
73.2013
73.1106
72.2195
72.7965
73.1826
73.271
73.7326
74.2449
74.912
74.0843
74.6141
74.098
73.0756
73.8681
74.0244
74.5528
74.752
74.3283
74.1981
74.3158
73.534
72.8533
72.5404
73.1267
73.6318
73.4746
73.801
73.0577
74.4585
74.3989
74.4874
72.9876
72.5507
73.8626
72.4789
72.639
73.7732
73.0348
72.8519
73.594
74.4477
74.6144
73.5276
74.8011
73.498
72.839
72.2272
72.2161
72.1519
72.0787
70.943
72.7133
72.1421
71.8967
71.9743
72.1762
71.455
71.3825
73.1168
72.2239
72.8029
73.3235
73.9969
74.3842
74.8176
74.7496
74.2195
74.9862
74.9601
74.5388
75.1794
75.2172
75.9921
74.7377
74.8355
74.8457
74.5959
72.7778
72.9213
73.2361
72.7029
73.7033
73.6899
74.8676
74.8198
73.8123
74.193
74.1184
73.6397
73.8731
73.7691
73.7293
73.7726
73.3933
74.2844
74.9815
73.7481
74.6639
74.7789
74.8625
74.5887
73.9494
72.8396
73.0499
71.3693
71.5792
72.7464
71.9839
72.1849
71.8412
72.9635
72.9983
73.4584
73.8556
72.3999
73.5392
73.6156
73.3297
73.4419
73.0782
72.8027
72.739
72.4408
73.5135
73.3097
73.0783
72.3585
73.7733
73.3014
74.0557
73.3407
73.4299
73.296
73.2319
73.3596
74.0344
74.3564
74.9476
75.3258
75.14
74.4802
74.9784
73.6226
73.547
72.7359
73.4659
74.3399
74.157
73.5245
72.8205
71.8325
71.8462
71.8807
72.6181
73.5898
73.5777
73.3086
73.7843
73.0677
72.902
73.6927
74.1301
74.4736
73.9526
74.472
74.1243
73.2366
72.2037
72.82
72.7612
72.8407
73.2267
72.5334
73.5876
73.4995
73.8781
74.4222
74.1299
72.4653
73.6476
74.3765
75.1943
74.8052
74.2318
74.7291
72.9411
72.1472
71.9933
71.98
73.4521
71.6193
71.7627
71.8273
72.2107
72.6427
72.5869
72.4085
72.9263
73.5548
73.965
73.8757
73.2297
72.875
72.8278
73.5477
74.6304
73.9136
74.0611
74.3103
73.5137
72.9482
74.5209
74.8725
74.1867
74.0873
74.6373
73.9094
73.5937
73.1192
73.2972
72.4502
72.7171
73.7992
72.8958
73.1104
73.9616
73.2669
72.4983
72.4299
72.6946
72.095
72.7581
72.9833
72.6137
71.8831
72.4251
71.7571
71.0394
72.4799
72.833
73.2482
72.6091
73.7138
73.1374
74.6025
73.8446
73.2956
73.6853
73.5311
72.5034
73.0402
73.4716
73.8126
73.8121
74.3342
74.2771
75.3547
73.9714
73.7376
73.7256
73.0287
73.289
73.2681
74.3889
73.7107
75.343
75.2968
75.9886
76.2464
75.5815
75.2267
75.0349
75.462
76.1954
73.6964
73.0464
73.0331
73.8751
73.1803
73.1182
74.1703
73.9249
73.6158
73.2411
73.0461
73.0166
73.8188
73.1259
73.0953
73.2206
72.7134
73.0451
72.6341
72.35
72.2628
72.0223
72.6907
72.0817
72.2626
72.3622
72.8863
73.6117
74.4057
74.7575
74.8892
73.976
72.2744
73.2064
72.3956
72.7014
73.0517
73.8956
73.6802
73.3478
72.6699
73.4787
73.4717
73.5287
73.6568
73.2797
74.0633
75.4328
75.183
73.929
73.685
74.5285
72.7455
73.5065
72.7041
72.5702
71.8084
71.9606
72.0601
72.8486
73.2334
73.1862
73.5231
73.545
73.0901
73.8985
73.5933
73.1815
74.576
72.8698
72.1053
72.3843
72.1292
71.5166
70.9174
72.0455
72.6955
72.4218
73.335
74.0521
74.66
74.2769
75.1922
73.6286
72.9565
73.1119
72.6382
72.0425
72.4923
72.8174
72.3997
73.613
73.8759
73.7046
73.5215
73.8966
73.9067
72.3805
72.7284
73.0864
72.0493
72.8578
73.022
74.0566
73.6507
74.0188
73.6989
73.9288
73.5375
74.1713
73.8266
72.394
72.3215
73.4849
73.4377
73.4082
73.6604
72.6465
73.0286
72.5336
73.3371
72.8801
73.7344
74.3578
74.2965
74.376
75.2638
75.3921
73.9162
74.2221
74.4304
73.4496
73.5226
73.5573
74.4292
74.9097
74.7688
76.135
74.5684
74.7345
73.6501
74.6643
73.7767
72.6493
72.9793
73.5435
74.3252
74.2549
73.8182
73.2817
73.7601
74.7265
73.954
73.9731
74.7967
74.7327
75.2403
74.74
74.9633
75.1485
74.3382
73.7889
74.1587
74.4589
75.0922
74.5626
74.8011
75.3709
75.3047
75.1167
74.9834
76.0403
74.6874
73.2688
74.4449
73.187
73.1898
73.6545
74.5983
74.5081
73.981
74.684
74.4199
74.8171
73.8149
73.2517
74.0997
74.389
74.1334
73.124
73.5265
73.2273
73.925
72.6726
72.5059
73.1934
72.9265
73.211
72.6003
71.3212
71.7466
71.7351
72.6848
74.2203
73.9994
73.6389
71.9925
72.1627
71.9028
72.905
73.9349
73.7894
74.1579
72.8794
72.6608
72.6796
73.9154
74.9169
74.9395
74.3984
73.3238
73.7632
74.3808
74.7165
74.0784
73.5538
73.0776
72.9448
73.5232
75.3079
73.706
73.8118
73.0747
73.4147
73.4296
72.7946
73.5841
73.7103
73.3619
72.8217
73.1571
72.6921
72.9478
73.0847
73.8231
73.9052
73.0582
73.1398
73.771
74.0631
73.277
75.1045
73.8119
73.493
73.5099
75.0559
76.2685
76.2878
75.3369
74.4386
74.6506
74.3145
73.5833
74.4149
73.1808
73.3336
73.834
73.927
73.8072
74.1859
74.0399
73.9008
72.4753
71.6238
71.9123
72.227
73.0531
72.0461
72.8358
72.1313
72.7818
73.3617
74.443
74.9272
74.7229
73.938
74.1248
74.0419
73.416
74.1447
73.8627
73.3459
73.1294
72.8295
73.7546
73.6369
74.0185
72.6563
72.2765
71.9492
72.2546
72.6245
71.9426
72.2827
72.8459
72.2537
72.3964
72.1687
73.1201
72.7453
71.9028
73.3712
73.1836
73.248
74.7486
74.0762
74.095
73.1722
75.2933
72.8572
73.3496
71.5427
70.9636
71.2303
71.7444
72.3586
72.8864
72.2907
73.123
73.2235
72.4981
72.4645
74.1269
73.4732
72.6758
72.7108
73.4503
72.9863
72.7575
74.2014
73.4341
72.5219
73.6426
74.9021
74.8043
74.9214
74.4278
73.6961
72.5764
73.826
73.8054
73.4958
73.239
73.3734
73.9743
74.2973
74.186
74.189
75.5697
73.082
72.7259
73.1096
72.8811
73.43
73.7895
74.601
73.5047
72.7236
72.5771
72.2123
72.2123
73.625
73.2998
74.5166
74.7447
74.9389
74.1876
74.9158
75.1301
75.4627
75.3013
75.5225
75.4376
74.9503
73.6712
73.8296
73.3628
72.7341
73.4735
74.183
74.0158
74.3393
74.4945
74.3976
75.2148
75.5952
74.2919
74.1716
74.3759
74.4075
74.4364
73.6455
72.9705
72.6502
73.2918
73.3936
73.0024
72.6569
73.8116
74.0989
73.8015
74.3134
73.7007
73.8382
73.99
73.6026
74.6388
74.4729
74.2615
75.1036
74.0247
74.007
73.6924
73.9263
74.0858
73.9117
72.7211
72.9433
72.9354
73.5734
73.0974
72.075
71.9296
72.0321
73.5121
73.2982
73.4341
72.9747
73.7791
73.6609
74.7979
73.9906
73.5616
73.753
74.7764
75.2828
74.4782
72.8437
73.2917
73.6221
73.0363
73.2587
73.6437
74.5825
74.0453
73.3959
72.7949
72.3012
72.2052
73.6147
73.7861
73.5525
74.2704
74.8393
75.3556
73.8789
73.4694
74.4071
75.7132
75.4771
74.0101
73.6263
74.0572
74.6811
74.178
74.2731
73.5068
74.2148
74.0771
73.4893
72.7154
73.2517
73.57
73.8528
74.0541
73.1267
72.8748
73.0528
73.6371
73.6762
73.335
72.5075
72.7287
74.3883
75.366
75.3129
74.9924
74.1675
74.6173
75.2273
74.1382
74.5016
73.8614
73.7762
74.0769
73.6857
73.6706
73.0071
73.0587
72.9485
73.3494
74.1128
74.9
74.7863
73.6638
73.4088
73.4
72.4572
72.8558
72.4966
71.6128
72.5218
72.6869
73.0249
73.1832
73.5327
72.8634
73.2954
73.0829
72.7605
72.832
73.5216
73.3987
73.8424
72.5701
72.7742
72.9797
72.5643
71.962
70.9513
70.88
72.0207
72.2366
71.345
70.8124
71.2682
72.011
73.606
74.14
73.4616
73.9761
72.9061
71.9939
72.8757
73.6114
72.6427
73.153
73.3501
72.9219
72.2903
73.4547
72.2633
72.8855
73.8372
74.0149
73.688
74.7414
74.1457
73.5375
72.9359
72.6328
73.3094
73.6793
73.9718
73.444
72.6323
71.9745
72.2453
72.0175
73.0666
72.5926
72.5059
72.5838
72.2692
72.4302
73.1126
71.545
71.4506
71.8745
72.7853
73.5977
74.5162
74.8809
74.6733
73.8832
74.7313
72.9468
73.4451
73.6192
73.5437
73.616
72.2288
72.6062
71.9469
73.0579
73.5577
74.4121
74.1098
73.9907
74.0756
74.4748
72.9455
72.6043
73.1952
73.6261
73.2571
73.2995
73.5637
73.3806
74.2901
75.3462
74.1008
73.4698
73.9718
72.6694
74.1255
73.8631
73.1393
71.4572
72.8325
73.5255
73.2507
72.5287
72.4728
73.3017
74.4791
72.0627
71.7759
71.5827
71.9532
73.9313
74.0979
74.5601
74.5579
74.6213
74.0157
73.4317
73.7407
73.2523
74.0305
73.3515
73.903
73.728
73.1491
73.5217
73.457
74.6866
74.2116
74.1401
74.1656
73.5144
73.4643
73.4528
72.6826
73.6807
73.6536
73.3691
74.2529
72.7582
72.3995
72.3899
72.9765
73.416
74.9245
75.1994
73.3123
73.4026
73.5065
72.9146
73.0232
73.5136
74.0724
74.0127
74.4112
73.7524
74.0692
74.3989
74.716
74.4132
73.811
73.168
73.2308
74.6714
73.3062
74.101
73.3856
72.8923
72.7825
72.1976
71.4676
71.2937
71.1029
72.7431
72.5236
73.7973
74.4877
74.0046
73.4866
72.8887
73.827
73.5234
72.8056
73.0777
74.0063
72.8311
71.6337
71.9258
72.9844
72.6353
71.8278
72.584
72.7854
71.8114
73.3156
73.6253
72.9518
72.3073
73.309
73.2205
74.2735
73.8333
73.5829
73.2349
73.2906
73.4956
73.2534
73.4488
73.1524
73.205
73.2556
74.0286
73.1946
73.4282
72.9638
72.6
73.8613
72.9198
73.3121
72.5848
72.7404
73.1527
73.001
72.8319
73.7772
74.2341
74.1557
74.4464
74.1489
74.0929
73.7295
74.687
73.808
73.3604
73.2298
73.0227
74.327
74.0834
74.6411
74.4026
74.6011
75.0786
73.3746
73.459
73.1008
73.5556
72.8831
73.0075
72.6444
72.4395
73.0641
72.9322
72.8754
72.7168
71.974
72.0597
72.8676
71.873
71.7386
72.2484
72.6001
71.568
72.3415
73.1311
73.8295
72.915
72.2795
72.0988
71.4864
72.6977
72.9147
73.6818
73.0413
73.5816
73.7891
72.9015
72.5078
73.3009
73.1465
73.0364
73.3401
73.1896
72.314
73.2
72.4541
72.8779
72.8204
74.5637
73.4886
71.8999
72.0003
70.8206
71.2318
72.1268
72.9562
73.3327
73.3125
73.2607
72.0589
73.1725
73.1648
73.3364
72.8427
74.7102
72.6978
73.2039
73.1705
73.5711
73.9365
73.6332
73.7974
74.4214
73.2638
73.6293
73.8783
74.4335
74.6089
74.0551
73.3098
72.2959
72.8602
72.2876
72.6138
72.3134
71.8532
73.1035
73.0795
73.4698
73.352
74.7877
73.8301
73.6231
73.4593
73.7094
73.9004
73.9582
73.9597
74.117
73.675
74.3068
75.1116
73.6769
73.0505
72.8282
72.7119
73.7241
73.2558
73.7884
73.6009
73.1278
73.4545
73.5664
73.8234
73.3137
74.6757
74.2329
73.4553
73.6612
74.2694
73.9702
73.206
72.9335
72.605
73.0825
73.1924
73.0188
73.9836
73.7276
73.5954
72.7296
72.2839
71.9615
72.462
72.4655
72.8377
73.5877
74.5121
73.8786
73.3022
73.5197
72.692
72.5739
72.604
72.9619
71.9237
71.4631
72.114
72.5395
71.4885
72.0382
72.7455
73.9751
71.7695
72.3445
72.3512
72.9882
73.4468
73.5925
73.8535
73.253
73.31
73.52
72.9586
73.1642
73.661
73.0427
74.025
73.0089
72.7425
72.8175
73.1023
73.2053
72.3378
72.7213
73.8881
75.0833
74.4923
73.3703
73.815
73.5112
74.0308
75.4172
73.7156
74.3165
73.7058
74.3623
73.3497
73.7401
73.0753
73.7431
73.5472
73.6328
73.8875
74.1114
74.0099
73.6024
73.9108
73.6137
74.2329
73.324
72.8366
74.2938
73.2602
73.3339
73.1315
73.9041
74.4799
74.6169
74.6141
73.8577
74.505
74.1159
73.7636
74.1965
73.6643
72.5296
73.8303
75.9339
75.6432
75.6546
75.3216
74.4606
73.9177
74.5399
74.4535
74.3333
75.1014
74.4335
73.6253
72.877
74.0816
74.489
75.1324
73.5334
72.2042
72.5186
73.5239
74.5529
74.3331
74.1875
73.3323
75.2809
75.1646
74.8346
74.492
74.1773
73.221
73.0054
73.4425
74.7553
75.2191
75.394
74.1376
74.7515
74.5627
73.6147
73.7887
73.0991
72.54
71.809
72.4338
73.3473
72.6155
73.7084
73.9027
73.035
73.5548
74.3275
74.353
75.1716
74.2173
74.2568
73.7209
73.7665
73.6695
73.8613
73.6692
75.1933
74.2877
73.0686
72.9708
72.0532
72.4907
72.593
73.3274
73.6587
73.4866
73.9233
74.2886
74.2786
72.8664
72.8996
75.1507
74.3648
73.9407
73.4607
72.7455
73.9753
74.0638
75.1547
74.3202
73.9025
73.3864
72.7796
71.9558
72.3133
72.8998
73.0374
72.7857
72.9183
72.8752
73.6122
73.5953
73.4955
74.6553
74.9677
73.5655
73.2413
73.87
73.7351
72.3322
72.2959
71.7165
72.0321
71.8112
71.721
71.5612
71.8373
71.8867
73.0175
72.3363
72.1245
72.8822
72.7123
73.0366
73.0769
73.5651
73.3591
73.7936
74.386
73.1767
72.7892
73.7067
73.0905
73.0917
72.3073
72.9431
74.4287
75.1475
76.1764
77.5396
75.5116
75.2771
75.0682
75.4715
74.861
74.6236
75.3914
74.7309
74.2323
73.7176
72.8663
73.3484
72.4355
72.9405
73.1163
73.6743
74.9856
75.4807
74.6595
74.067
72.4032
73.7913
73.7041
74.4886
73.6928
74.2431
75.1811
74.9977
74.1289
73.2763
73.0031
73.5949
73.8874
74.7394
74.3178
74.1961
74.712
75.2239
75.183
73.7578
73.7857
72.6624
72.051
73.1145
72.2599
72.2167
72.1239
72.2027
72.8211
73.3647
73.7609
73.303
72.8373
72.2743
71.7381
72.8607
72.7982
72.8369
73.3706
73.6203
72.4619
73.8724
73.2525
73.2342
72.1073
73.2345
73.5418
73.0632
72.7857
73.1877
73.4446
73.0856
73.1417
71.831
72.0644
73.3615
72.6317
71.9198
73.0926
72.8267
73.4744
72.9914
74.8869
74.6362
73.8817
73.491
74.3454
73.7803
74.157
73.9873
73.5669
72.6576
72.8327
72.2546
74.4655
74.7604
73.7614
73.9712
74.5909
75.3712
74.1727
75.0022
73.9529
73.963
73.8295
73.663
74.0408
74.668
74.6583
75.2321
74.0421
73.5588
73.8648
72.8784
73.1371
72.934
73.3566
73.5631
73.2265
73.9727
74.052
74.7822
74.201
75.0021
75.6071
75.7723
75.3965
74.5979
75.4634
74.8686
73.3948
73.1931
74.5471
74.6328
74.0131
75.4946
76.1514
74.0493
73.9784
73.4889
73.3076
74.0746
73.7463
72.2133
72.6363
73.0291
73.0606
73.8875
73.9852
71.8882
72.3543
72.4144
72.7301
73.5442
73.7205
73.3151
72.4177
73.694
74.1802
73.5481
74.0806
74.7293
74.7281
73.7323
73.6701
72.7801
73.3588
72.2872
72.8783
72.1976
72.0759
71.7366
73.6087
73.9695
74.3854
73.8835
73.6904
73.1839
72.9655
72.8058
71.6156
72.2741
72.0948
71.8979
73.6899
73.785
75.1369
73.018
73.0287
74.0747
74.3657
74.9656
74.2891
74.3747
74.0465
72.8551
72.6911
73.0258
73.7764
73.8807
73.4746
73.1309
73.0535
74.5078
73.5264
74.3187
75.0553
75.6297
74.9096
73.8441
72.8414
73.5455
73.2906
73.3624
73.4475
74.2021
73.6523
72.8614
73.732
73.5264
73.1468
73.2913
73.7044
73.6727
73.0896
73.9223
73.1042
74.3627
74.021
74.2054
74.7261
74.1981
73.2124
73.1426
74.0923
72.99
73.3386
73.9252
73.1086
72.8288
72.8585
73.5607
73.2641
74.1019
74.0009
74.6715
73.5954
73.6407
73.9986
75.3674
75.2236
75.3098
73.7704
73.5033
72.5321
72.6268
73.0341
73.0728
72.6238
72.3674
73.3113
73.9586
73.3481
74.4119
73.8705
73.5473
73.2341
73.0273
73.2047
74.4354
74.0776
73.8407
74.3115
74.3205
74.4816
74.8959
74.3221
72.897
73.2956
73.5571
73.5438
73.4
73.9876
74.4034
74.8174
73.8086
74.0617
73.1968
73.4467
74.4358
74.091
73.571
74.1007
74.1373
74.007
73.0866
73.8415
74.1507
72.6823
72.6344
72.5066
73.3251
73.6467
72.9332
73.0107
74.3014
73.3405
73.4919
72.961
72.066
72.2884
72.5185
72.2355
72.3192
72.8282
72.2783
73.9661
73.4568
72.9688
72.0457
71.5264
71.2105
71.0566
72.3985
72.7766
73.746
74.8788
74.7621
74.9955
75.1723
73.5865
73.3368
72.8839
73.7073
74.6593
74.7838
72.838
72.7834
72.7597
72.3861
73.5899
72.682
71.6145
72.0158
73.7909
74.529
73.6632
73.8866
74.1806
75.0835
74.8279
74.787
74.5623
74.1835
72.5284
72.6496
72.3148
72.4636
72.05
72.9855
73.3613
74.4161
75.0615
74.0262
74.3943
74.6908
74.1055
72.9794
72.3273
72.82
72.4024
71.9198
72.5315
73.6731
73.5355
73.4683
74.0201
74.4046
73.7545
73.754
73.7002
75.0545
73.5108
73.1616
72.8486
73.4051
72.5105
71.4866
72.3046
71.9165
72.6171
73.606
74.1466
73.0498
73.3029
73.594
74.7998
74.3121
74.3414
73.4392
72.9208
72.329
74.0435
73.0367
73.014
72.6776
72.6272
72.8981
73.6919
74.1135
73.444
73.1104
73.1526
73.7125
74.3681
73.9413
74.4393
72.9484
74.1758
73.2719
73.6318
74.3181
72.6632
72.0832
72.8029
71.9068
71.83
72.1224
73.0328
74.8612
75.6685
74.3888
74.7414
74.6359
74.6503
74.4501
74.7767
74.5305
73.4114
73.0842
73.7446
75.477
74.4053
74.5606
75.8897
76.0936
74.0111
73.7463
73.5347
74.1958
74.397
73.746
73.5611
73.445
73.7736
73.4573
73.8705
72.3784
73.0084
73.1047
73.4642
73.3829
73.6789
74.1121
73.029
74.4848
73.5283
73.1123
73.0834
73.3661
73.2278
73.1004
71.5021
71.742
71.7551
72.1998
71.1899
71.4982
71.3246
72.6168
72.0658
73.4934
74.3575
73.475
71.9883
72.6671
72.252
72.5039
72.0696
72.4726
72.2117
72.2459
72.29
71.9035
72.1603
72.1143
72.1799
72.2781
72.2242
72.238
72.2147
72.1251
72.8172
73.0243
74.2221
73.4352
73.0784
73.132
72.2816
72.9097
72.2931
70.9211
71.0214
72.2061
72.3192
73.6065
73.3176
72.9836
71.9424
72.9095
73.2862
72.8657
73.5251
73.5326
73.6837
73.5063
73.0977
72.2527
73.1673
73.1732
73.6871
73.4528
72.2917
73.6373
72.9652
72.6956
72.3872
73.3702
73.2956
72.9406
73.0041
73.4285
73.4183
73.7157
73.8619
73.5489
73.8489
74.8614
75.2093
74.174
73.3631
73.506
73.1911
73.5225
73.3344
72.95
72.7593
73.8877
73.0586
72.4122
73.0496
73.4263
72.8169
73.1218
74.0106
73.2285
73.3945
74.3258
74.6033
75.1204
75.8476
74.9448
73.9039
73.9995
74.4139
72.8804
72.8383
72.4386
72.8161
74.0395
73.1232
72.4112
72.4521
72.3053
73.0155
73.024
72.8205
73.2573
73.3668
72.4217
72.5643
72.5377
72.9012
73.8235
73.6756
74.3675
74.1797
73.4905
73.8785
74.0181
73.5795
73.7273
72.5321
72.7634
72.698
72.7841
72.6831
72.4284
72.367
72.5909
73.5736
72.0033
72.2771
72.7529
73.1481
72.864
73.424
73.023
72.1857
73.2078
72.8823
73.6042
73.9013
73.7982
74.2101
73.2632
72.3478
73.5557
75.3326
74.514
74.3865
73.6759
73.6263
73.6501
72.5752
73.2289
73.842
74.4389
73.8831
73.0738
73.5464
73.5013
72.4737
72.7058
73.3488
73.2374
74.2381
74.1046
73.4587
73.5047
73.9732
73.3874
71.8024
72.5858
73.8527
73.8516
73.5578
72.9231
73.649
74.0009
73.0627
72.2833
72.9186
74.5615
74.9501
75.3343
74.2264
74.1886
73.5236
72.5157
72.7892
73.316
73.2181
74.0135
72.2964
71.6574
72.3258
73.0942
73.2149
74.3776
74.1581
73.4152
73.8049
73.552
73.8173
73.1622
73.7896
74.5775
74.039
73.6524
73.2179
72.8142
72.6931
73.1396
72.8806
73.7671
72.7491
73.1092
72.6612
72.0448
72.6582
72.129
72.0368
72.3856
72.1212
73.6747
73.6367
74.4761
74.4508
72.6468
72.9855
72.6642
73.8393
74.1545
72.5034
71.9301
73.1043
72.9732
73.0474
74.0509
73.5797
74.0262
74.668
75.2755
73.8012
73.4288
73.2762
73.3391
72.977
72.249
71.9903
72.6511
72.603
72.0169
72.2232
72.8491
72.8405
72.3918
73.0554
73.0227
74.8366
73.6845
72.7887
73.4049
73.0633
73.5249
73.6461
73.0378
73.07
72.9516
72.9132
73.5655
74.4355
72.9967
72.0821
72.9165
73.2627
74.8653
74.2412
74.8691
73.8903
71.7666
72.5055
71.7459
72.5302
72.6311
73.3846
73.214
72.9862
72.6849
73.0007
72.9555
73.4287
74.1948
73.1738
73.4942
73.7781
73.7021
72.7973
73.1426
72.5289
72.0931
72.7062
72.8814
72.7345
72.2389
72.5428
73.4489
73.6428
71.6956
71.5856
71.2212
72.253
73.1363
73.5955
74.6047
73.7577
73.6714
73.8601
73.9564
73.2779
74.3028
72.9715
72.8968
72.9351
72.9352
73.2454
73.1923
73.0887
71.5695
72.1727
72.5087
72.2055
72.624
72.3271
71.7687
72.2245
72.5322
72.0058
72.8831
73.5146
73.2617
74.2659
73.1889
72.8505
73.3441
73.708
73.3661
72.6233
73.0524
73.7084
74.3408
74.5634
73.6134
73.5897
73.2534
73.2704
72.0428
71.887
72.508
72.7411
73.3481
72.7506
73.0561
72.7658
72.0229
72.8788
72.7754
73.0109
72.6842
72.2793
71.5718
72.6735
72.0968
73.4324
73.4625
72.1896
72.7101
72.6817
72.689
72.8386
72.7439
71.7959
72.3704
72.4492
72.5776
72.449
73.0667
73.2324
74.1185
74.9478
74.5807
73.7699
73.8586
72.9026
71.7135
72.7103
72.8576
73.1967
73.6605
73.1057
72.878
72.6772
72.4387
71.9727
71.6956
71.7917
72.3043
72.0661
71.954
71.6901
71.7691
71.9668
71.5137
71.5589
72.5921
72.7081
72.3864
72.9803
72.4483
72.7028
71.3431
72.3673
73.9635
74.6597
74.3612
74.8728
73.7891
73.1255
74.5702
74.5942
74.1069
73.1377
72.7891
72.8063
72.7569
72.5589
72.8238
73.5094
73.6341
72.6606
72.6083
71.853
71.4744
72.253
72.6061
72.8515
72.4776
72.6784
72.2868
72.1365
71.5679
72.5137
72.5946
71.8489
71.9364
72.1786
71.4067
71.7905
71.6845
71.9552
72.5288
74.0767
73.5268
73.9426
74.3441
73.5548
74.6182
73.999
73.0656
73.4793
72.9617
72.95
73.0524
73.2188
73.8522
74.5638
74.8925
74.0029
73.0157
73.1843
73.0645
73.1965
72.1147
72.6086
73.4274
75.2879
75.7349
75.4476
74.7872
73.9858
73.7281
73.3012
73.2513
73.3792
73.978
73.7001
72.102
72.4682
72.1621
71.9599
73.0995
73.0571
72.742
72.0764
72.5859
73.2032
73.0724
73.8633
73.88
74.9332
74.2996
72.9251
72.2426
73.1546
72.9495
72.352
73.5851
73.9943
73.7106
72.0553
71.9748
71.7901
73.4394
72.5383
72.125
73.1248
72.7937
73.0465
71.8908
72.3572
73.2394
73.9458
74.4307
73.6574
73.4009
74.0516
73.7342
74.1615
74.7316
74.8798
74.8578
72.8422
72.7011
70.6906
72.0691
73.3477
73.4994
72.9764
72.241
72.7366
72.6411
71.9991
71.8609
72.2478
71.9435
73.3731
72.9843
71.5857
72.9507
74.2643
72.5521
72.2026
72.1197
72.3026
72.9168
73.0337
73.2059
72.9399
72.914
72.7217
73.6022
76.1394
75.9177
75.7886
74.3081
74.0555
73.4087
73.2419
73.623
75.0812
74.13
75.4715
74.8525
74.4031
74.2799
74.9817
74.4993
73.4422
73.6911
73.5645
73.463
72.6477
73.0481
72.8079
71.5536
71.5229
71.4585
72.2832
72.8323
72.896
72.587
72.8848
73.0126
73.283
71.4992
72.532
72.1083
72.744
72.6286
72.7061
71.9723
72.3951
72.5344
72.6633
72.3446
73.1876
73.3149
72.1098
72.7854
72.5975
73.1626
72.6331
72.1828
72.525
72.3462
72.4088
72.3787
72.2962
72.4462
72.6024
72.5182
73.3751
74.2042
73.57
73.9438
74.0084
73.8441
73.6417
73.6466
73.9701
74.7867
73.7101
73.3856
73.2
73.2374
73.1128
73.5806
74.4912
73.8445
73.4951
73.6788
73.9885
74.245
74.4721
74.4581
74.6165
75.8658
76.0979
76.3517
75.0673
74.8801
74.8273
76.1197
74.7519
75.0038
74.5586
73.9079
72.8022
73.2611
72.9837
73.71
74.8735
74.6071
75.464
74.0046
74.169
73.9861
73.3229
74.1852
73.3835
72.7905
71.9076
72.2002
72.485
72.22
72.4909
72.0344
71.6551
72.5732
73.9705
74.4341
74.2111
74.1892
72.701
72.8448
72.9109
72.9713
73.238
73.4344
73.3388
73.4029
73.1727
73.89
73.8315
75.1753
74.658
75.3158
73.7367
73.3157
73.7691
74.9796
73.6295
73.8325
74.0967
74.0105
73.3824
73.6386
73.5442
73.6013
73.0184
74.0182
73.4055
73.8413
73.7999
74.644
74.2626
75.099
74.7119
75.4966
75.0232
73.8933
72.5715
71.9427
72.6623
72.1557
73.3076
73.9215
74.0977
75.229
73.9057
73.0799
72.1831
72.7318
72.3161
73.33
74.2144
72.6126
73.6519
73.1643
73.2576
73.0754
73.7506
72.8379
73.862
74.3853
74.577
74.8464
74.3736
74.0688
73.8508
73.4175
73.1704
74.6303
74.2659
73.7783
73.5252
73.5796
74.4934
74.6477
74.2141
75.3653
74.8121
75.5797
75.4884
74.9037
75.7226
74.34
74.743
74.0512
73.8892
73.6163
72.7808
73.731
73.6904
73.4917
74.5434
74.3673
73.4044
73.8114
73.4753
73.3898
71.6525
71.8232
71.7687
72.7552
73.9682
74.579
73.7449
72.8046
72.0935
71.8944
73.3895
73.8548
73.7504
73.9032
73.3453
74.7721
74.8424
73.4593
73.2846
72.8564
72.5853
72.6934
72.1359
72.6976
73.2697
72.8349
73.2863
73.8884
73.772
74.1423
73.6674
75.2782
74.3989
73.9103
74.281
73.6888
73.9036
75.2938
75.2775
75.2883
75.0277
74.995
74.9739
73.7276
74.1469
73.8434
73.032
73.3292
73.9222
72.7013
73.3132
73.4569
72.5424
73.5109
74.2667
74.0923
75.279
75.9178
74.6743
73.9338
74.3652
74.0641
73.0968
73.4713
73.3312
72.5317
73.9256
74.2091
73.9133
74.5414
74.6707
73.9778
73.1659
73.8297
73.3131
72.5777
73.7552
73.8342
73.2174
73.226
73.5995
74.0761
72.91
72.8498
73.0868
72.7761
72.2457
73.2322
73.5633
74.2186
74.8017
75.5691
75.4033
75.2232
75.7516
74.7669
73.7402
74.5485
74.666
74.9529
76.1217
75.6858
73.8116
74.1933
73.3524
72.7104
72.5633
72.0502
72.1551
73.1356
72.6488
72.5961
73.3043
72.9154
72.7477
73.0479
73.841
72.8652
74.1282
73.6762
72.91
71.61
72.4824
72.8328
71.7213
72.0298
73.0856
73.1729
73.4985
74.9299
74.0316
74.2284
73.7858
74.2289
73.0818
74.0086
74.5311
75.129
75.1832
74.8829
75.1323
75.6278
75.9699
76.4302
77.6208
76.5601
76.5009
76.4667
74.9857
74.0878
74.3659
75.0903
73.5931
73.0678
73.792
73.2765
74.2555
73.6482
72.8137
72.324
72.0114
72.8275
72.4629
72.9448
71.8367
72.9694
73.4129
73.4484
73.1478
73.8914
73.5996
74.0722
74.6157
75.0875
74.7608
75.0528
75.6084
74.6174
73.3035
72.6354
73.7969
74.403
72.904
74.0827
73.4607
71.9747
71.7421
72.4148
72.0944
72.6997
73.392
73.4203
73.7688
75.0757
74.7858
74.1219
73.2911
73.3022
72.7201
72.9172
73.6666
73.1659
74.3914
73.4984
73.4962
74.3482
74.2316
72.4529
71.6483
71.8846
72.3701
72.8404
73.5458
73.9847
74.0783
73.179
73.7567
74.3796
73.9435
75.3575
73.8587
74.9227
75.1152
74.9294
75.1368
75.7646
75.1545
76.0607
74.3454
75.1805
73.8068
74.2241
72.9195
73.0959
71.2643
71.5904
71.6441
71.3185
71.583
72.54
73.4895
72.7706
71.4245
70.8812
72.1273
72.9671
73.7399
74.4194
74.1966
73.7928
73.6084
73.3625
72.7765
72.6752
73.7807
74.5654
74.2528
74.1156
74.9391
73.6472
73.8671
73.5687
73.156
72.8574
72.6959
73.1344
72.4496
73.4409
73.3383
73.3352
73.4724
73.6442
73.7157
74.2462
74.3808
74.941
75.209
74.0235
72.9349
71.6618
71.7918
71.757
72.3896
73.1979
73.0634
72.9496
72.7783
73.3944
73.6599
74.7915
73.6603
73.045
72.629
73.5969
73.8797
73.2855
72.2841
72.6823
72.6115
72.2334
71.9715
72.9817
72.2222
72.7384
72.7468
73.0875
73.364
72.5463
72.3392
72.0221
72.2552
72.5232
72.8607
73.5684
73.7792
73.786
73.0759
73.8099
74.0452
74.0898
73.3202
72.989
74.0799
73.7375
73.2766
74.1073
74.2685
74.6996
74.5293
74.1995
74.1279
73.8704
73.3408
74.3856
72.5109
74.8537
74.7774
75.0468
74.7573
74.6304
74.1094
74.0425
72.9779
72.3204
72.2835
73.1324
72.3457
72.8597
72.4011
73.8521
73.7445
73.8764
74.5227
73.1588
73.1906
73.2948
73.2967
74.5202
75.0296
74.8856
74.235
75.5806
74.0974
74.5572
74.5449
73.4006
73.6745
72.9584
72.1816
72.0104
73.1812
73.4187
73.0362
72.1301
73.1173
74.2539
74.7405
74.9109
75.7931
74.6661
75.3416
73.8801
73.7164
74.1973
74.1929
73.9382
75.5032
75.8061
75.3596
74.6245
73.8809
73.7345
73.2634
72.4231
72.3644
72.8333
72.7513
72.1888
71.5732
71.4105
72.0609
71.6284
72.5125
71.5893
72.5597
72.7758
71.4897
71.664
71.7115
72.0774
71.808
71.1553
72.0639
71.7624
71.6506
71.7058
72.1719
72.4744
72.7445
73.0751
72.649
73.5003
73.9463
73.9254
73.6154
73.9826
73.3788
74.3005
74.3719
73.7076
73.5288
73.6961
73.7337
73.4574
73.3067
72.8262
73.778
74.0354
74.2093
74.1858
74.345
72.7517
72.6205
72.4009
72.4906
73.2489
73.5846
72.8251
72.2073
72.3901
72.3814
71.5084
74.0809
75.5175
75.5805
74.6492
73.0533
73.9357
74.1637
73.0411
73.3896
73.4132
73.8129
74.7388
74.3847
73.7754
73.8957
72.8777
72.5243
72.9877
72.7042
73.3283
73.9795
72.4927
71.6946
72.5768
74.233
74.4398
73.7765
73.0752
74.2036
74.3034
73.3016
73.5773
73.3706
74.8198
73.8776
73.7533
73.0279
72.3799
72.8816
73.1706
72.8703
72.1012
73.4904
72.2487
73.0021
72.5509
72.5264
73.4454
72.9536
72.4577
72.4808
72.7773
72.4273
71.9287
71.4846
73.0167
73.4441
73.5542
73.5895
74.7258
73.1955
73.144
74.028
73.606
73.8351
73.7109
73.8303
73.7256
74.0009
74.8864
73.1674
73.2177
72.487
72.6225
72.7759
72.3102
72.5915
74.4736
74.3909
73.5303
73.6613
73.4529
73.0454
73.9675
73.5393
73.2956
72.5861
73.4225
73.9628
73.6423
72.9567
72.0849
73.7074
73.9119
73.4832
73.0143
73.2052
72.8211
73.531
73.4678
73.5772
72.8675
72.5621
72.82
72.3567
71.9527
73.2058
73.1406
73.7002
74.1772
74.1817
74.9405
74.6006
73.4625
75.6471
74.7207
74.0162
74.2733
73.575
72.6536
73.584
74.4637
74.1879
74.5104
75.4915
74.7666
73.7397
74.1387
73.6709
74.2094
73.1475
72.0529
71.7878
71.7267
72.4428
72.4949
72.9939
72.9442
73.9156
75.2559
75.287
74.4657
74.3249
74.1807
74.5797
73.6337
73.9481
72.7041
73.4616
73.314
74.4704
73.7043
72.6966
73.9253
74.447
73.9417
74.0809
74.5998
75.0185
74.4486
73.2244
73.8946
73.5609
73.6901
73.5143
73.4114
74.0228
74.5587
74.3477
73.9422
74.1596
74.4697
72.9143
72.1197
72.2393
71.8896
72.5748
74.0631
73.887
73.5906
72.9682
72.4289
73.05
73.9959
73.7918
74.9758
73.8347
73.6299
74.4832
72.9829
72.8603
72.6584
71.7752
72.1679
72.2376
73.8201
75.2082
75.4074
74.5361
73.8778
72.8693
72.4224
72.1628
73.1483
72.0701
73.1589
72.9301
73.6292
72.6026
72.6502
72.9235
73.0631
74.0602
73.2269
73.6931
73.1213
72.4735
72.7974
72.2137
73.2374
73.8207
72.9678
73.6317
73.8745
73.5314
73.0655
71.8728
73.9989
74.7223
74.9409
76.3087
74.5075
73.1736
74.0651
73.6564
74.996
73.8865
74.0725
74.038
73.2312
74.1394
72.1921
71.8076
72.9556
72.9407
73.5579
73.7763
74.367
72.9281
73.7904
73.9515
75.2345
74.1846
74.1446
73.9701
73.8539
73.654
73.8929
73.7646
73.8583
74.0856
72.7451
74.4601
74.0499
73.0965
73.8495
72.8025
73.049
73.2367
73.1679
72.6749
72.3638
72.1938
72.4732
73.3082
74.12
74.2781
74.4618
74.945
74.5373
74.2821
73.0101
73.1101
72.992
72.6903
72.413
72.8982
72.6489
73.8019
74.4938
74.0479
74.6852
74.3383
74.5856
73.9516
73.1685
72.5125
73.4696
73.5288
72.9265
72.642
73.5405
73.4326
73.3319
74.7566
74.1079
73.1997
72.511
73.0319
73.4903
73.9431
74.223
73.072
73.3321
72.6729
73.168
73.4693
73.8521
74.1504
74.3837
73.8011
74.0578
73.6024
73.2968
74.6233
74.4382
75.3082
74.6998
73.7845
72.292
72.884
71.6929
71.582
72.5399
73.7238
74.6388
73.9357
73.3495
74.0943
74.3739
74.6096
74.6155
74.9088
74.8108
73.9956
72.9213
73.2697
73.2344
73.1056
72.899
70.843
71.4226
72.2117
72.8235
71.728
72.6124
72.2632
73.0422
73.8094
72.4811
73.4768
71.9007
71.3805
71.7048
73.068
73.3698
73.6264
72.9674
72.8717
73.7543
73.8731
74.2223
72.2987
72.5032
72.6033
72.1447
72.981
73.6172
73.7213
74.2296
74.9064
74.7931
74.1861
74.4101
74.323
73.8851
72.3289
72.7004
72.5151
73.435
72.88
73.1995
73.4955
73.2372
72.1409
73.0384
72.2763
72.0433
72.367
73.3198
74.4067
74.7555
73.7222
73.969
74.2649
74.1445
74.175
73.1496
73.982
74.1254
73.5967
72.8232
74.5148
75.2386
73.7838
73.2201
72.6337
73.0936
73.5351
72.9256
72.4364
72.6162
72.9774
73.2037
73.4117
73.1303
73.5746
73.1645
73.4502
72.8977
72.408
72.6906
72.917
72.6707
72.5367
73.0785
72.9375
72.6073
73.1967
73.9367
74.4276
74.7263
73.3633
73.7482
72.6231
73.3506
73.034
71.9319
72.0011
71.7412
71.2764
71.8271
72.4768
73.1053
73.0685
74.7927
74.7097
74.6177
74.7499
73.3422
73.9886
73.8988
74.5002
72.7761
73.4789
72.9674
72.8806
73.8646
74.924
74.871
74.0318
74.1833
75.1122
74.135
73.2433
74.0262
74.2175
73.2594
73.6654
73.5387
73.0689
72.5967
73.7915
73.7013
73.9665
74.343
74.4724
74.1169
74.5687
73.5171
73.7417
73.4683
73.6887
72.8218
73.1174
72.5292
72.0258
72.8652
72.7465
72.5404
71.3904
71.9804
73.9062
74.11
72.3315
72.6468
73.0249
72.5529
73.2105
73.4257
72.8246
72.4781
72.5082
72.5134
72.8826
73.117
73.2277
73.458
74.4797
73.8256
73.422
72.5322
73.8684
75.5868
75.6206
76.3682
76.0211
74.5301
74.7549
74.17
73.311
72.8401
73.4841
74.459
73.8175
73.1187
72.841
72.693
73.8133
73.1214
73.0344
74.1989
73.2273
72.6246
71.9192
71.7342
71.3238
71.8644
72.4777
73.4164
73.4558
74.4147
74.7748
74.3105
73.6386
74.132
74.3269
73.5936
73.8858
74.1815
74.0464
73.6273
73.924
74.2004
73.736
74.0718
72.7217
73.132
72.9108
72.4751
73.1227
72.1504
72.5952
72.841
72.5972
73.7074
74.5927
73.2519
73.6226
74.0683
73.6127
73.4444
74.0126
74.043
73.9534
73.2546
74.1586
74.847
74.198
74.7841
74.5278
74.0106
74.4214
74.8725
74.4513
73.4918
73.2775
72.4628
73.2468
73.1916
72.3558
72.2892
72.6614
72.2541
72.5425
72.3559
73.1426
72.7817
73.6901
74.566
75.0905
75.8079
75.5822
75.1004
73.2966
73.4003
74.1276
73.3724
73.2382
73.3728
73.1909
72.7416
72.6691
73.0735
72.7324
73.5169
72.8571
72.0669
72.6984
71.3824
72.4865
71.4674
72.4788
73.9594
73.0626
72.5661
72.8629
73.6746
72.7527
72.8914
73.4024
73.0559
73.0202
73.0687
73.0202
72.9922
73.5694
74.6582
74.7097
74.4307
75.065
72.9404
72.4767
73.452
74.4273
73.442
74.8524
74.0643
72.6568
72.2706
72.1858
72.3135
72.8417
73.2071
72.4511
72.8542
74.1274
74.1951
72.8858
75.3919
73.5023
72.0196
71.9738
72.5018
72.9208
73.0466
74.1475
74.108
73.7027
74.1181
74.2149
73.8766
72.9796
71.992
71.6965
73.0621
72.5958
72.1028
71.2253
71.8255
71.4263
72.1493
73.1178
74.0069
73.7567
74.3982
73.525
72.6018
72.6097
73.6474
74.2138
75.4519
72.9923
73.685
73.2688
73.2243
73.0905
72.9756
73.6159
72.8041
72.9024
73.3872
73.9489
72.8861
73.8033
73.6569
73.561
73.0985
73.4517
73.458
73.5253
74.473
73.7822
73.2902
73.9952
74.2569
74.8019
74.4849
74.9272
74.81
74.6697
75.4976
74.5972
73.1973
71.9014
71.8244
72.8815
72.8315
73.1984
72.2498
73.3697
73.2135
73.4659
73.129
74.1722
72.9292
74.0894
73.0521
72.0125
72.7356
73.0538
74.16
73.8078
74.1136
75.1803
74.2046
74.5435
72.7997
72.7781
73.4956
73.2248
72.9662
73.827
74.7175
73.3152
73.2723
72.7804
72.4757
72.4629
71.7648
71.8998
72.4494
71.8116
72.1456
72.575
71.6925
71.6305
72.5659
72.4812
73.2413
74.0706
72.6776
72.6836
72.144
73.1308
73.6238
72.2354
72.5617
72.1008
71.6728
72.5351
72.5006
74.0582
74.616
73.7543
73.4277
72.5827
72.6992
72.9256
73.9683
73.3793
72.4816
74.7106
73.9193
74.108
74.7314
74.0536
73.7552
73.4627
73.4913
73.3177
73.1154
71.9534
72.9357
73.1547
72.5283
72.3478
73.3709
73.8698
74.1664
74.3208
74.6035
74.2732
74.6626
73.8646
72.3882
73.6822
74.7367
73.8601
74.191
74.2277
74.7752
75.7415
76.7538
75.9217
74.3456
72.7828
73.6989
73.0135
72.2023
71.8783
71.6336
71.6851
71.9979
73.5409
73.1966
72.8257
73.9377
73.2344
73.5866
74.4482
74.1869
74.1596
73.9634
73.2555
72.882
72.5682
73.4011
73.2774
73.1213
73.2262
72.9167
73.6527
73.9555
72.919
73.6106
73.728
72.842
72.8919
74.3252
73.8001
72.8574
72.7607
72.2297
71.6637
71.6294
72.6635
72.0844
72.5492
72.0217
72.78
71.5876
72.816
72.7851
72.7009
73.5301
73.7415
72.6687
72.1321
73.8393
73.8607
73.8565
75.081
73.7403
73.357
73.9876
72.9706
73.1047
73.3163
73.2491
73.7837
73.0673
71.7523
72.4145
71.8802
71.58
72.4692
72.7782
72.913
73.8276
74.4109
74.3173
75.2104
74.8097
75.8582
75.0221
74.4522
74.6943
73.9414
73.9304
73.9744
72.7969
72.7847
72.6456
72.0707
71.7023
72.4116
72.4876
72.5632
72.8616
73.0771
74.1486
72.6143
72.5302
72.9681
74.0195
74.1248
73.943
73.8872
73.385
74.2374
74.7769
74.4181
74.3911
72.9908
73.4352
73.5856
73.6547
73.0076
73.0804
74.1591
74.1967
74.2791
75.4331
75.0089
74.4469
74.7032
73.4518
73.8961
75.2137
75.4657
74.8672
74.2115
73.9456
73.6475
72.0312
71.7467
72.7707
72.9785
73.2815
72.9309
71.5873
71.5271
73.5286
74.1825
72.3412
73.6241
74.3473
73.2913
73.4776
73.1318
72.6853
72.8368
73.6306
73.8546
73.0907
73.4623
73.2204
72.9292
72.7238
73.2628
72.8002
72.8527
73.7823
73.1058
73.5357
73.4873
73.8353
72.5461
72.6805
72.6316
73.3912
72.7261
72.6776
74.1811
74.3994
73.8127
73.2247
74.2535
73.9342
73.7597
72.8214
72.8677
72.4819
73.197
74.8938
75.286
74.3495
72.8605
73.7426
73.4337
73.2037
73.683
74.3989
74.931
74.9901
74.8748
74.2105
74.3145
74.6806
74.2698
73.6786
73.7757
73.7561
73.6456
74.8795
73.6959
73.6085
73.2025
73.0367
73.4284
73.0329
72.8573
72.144
72.2799
72.5518
73.4501
73.0934
73.2495
73.1658
72.9253
73.2937
74.0889
74.2015
75.0756
74.2784
74.002
74.6907
74.3335
74.352
73.9123
72.4644
72.3232
71.0825
72.5393
72.2256
72.6449
72.6119
72.9866
72.7559
73.196
73.7676
74.0848
73.7787
73.8199
73.6554
73.6279
73.8667
73.3525
72.725
72.5929
73.0522
73.5978
73.7121
74.3457
74.1627
73.2504
73.8402
73.6881
72.3919
72.7097
72.8767
73.0443
72.4238
72.2157
72.0397
71.6825
72.9153
73.387
72.2471
72.2741
73.675
73.7083
72.8562
73.9004
72.7832
72.4505
72.2146
71.5451
73.0728
73.6142
73.9213
74.0974
73.2709
73.007
73.2282
73.4767
74.0473
74.3099
73.1509
73.0739
73.3589
73.8923
74.8238
74.3957
73.4684
73.313
74.9863
75.1603
73.7131
74.1862
75.1097
73.9327
73.2166
73.5701
73.9059
73.523
74.4371
73.5742
73.0344
73.0021
73.0746
73.3813
73.1396
73.2552
73.3556
73.181
73.4823
73.7614
72.699
72.7935
72.707
73.0367
73.9819
73.1958
72.532
72.6306
73.6057
72.5601
72.7895
72.7102
72.4114
71.5513
72.5512
72.2615
72.6303
72.3281
71.9897
72.9677
74.445
74.9887
75.046
74.5295
75.4518
74.5413
73.816
74.4829
74.9953
73.9981
72.6129
72.722
73.8025
73.5094
71.5732
72.3676
73.0311
73.2486
72.0206
72.3093
72.3371
71.6716
72.7474
74.2011
73.8038
73.7248
73.581
74.258
74.1335
73.124
73.9691
73.7855
73.7374
73.8812
73.3534
73.0959
72.8757
72.3709
73.1985
72.5063
73.2102
72.6695
71.4509
71.385
72.2295
73.1547
73.4088
72.771
72.1076
72.5335
71.9721
72.0811
71.8784
73.0737
72.3628
72.8861
72.9828
73.2576
73.8617
73.0773
72.2513
72.4968
72.8128
73.7751
74.2288
74.7986
74.4662
74.5426
75.0957
74.9994
75.3176
74.4162
74.9163
74.2497
73.609
72.4918
73.7945
74.8551
74.2182
73.6757
72.7193
72.3624
72.8756
72.2539
72.2903
73.0412
72.3063
71.7323
73.3668
72.9953
72.9451
73.1982
72.1585
73.1718
73.1347
73.2158
73.0807
73.7364
73.2469
73.9167
75.0209
74.3108
75.1969
75.3176
74.4963
74.1381
72.6627
72.7355
72.2707
72.0578
72.3844
73.7582
73.6392
73.2649
73.9613
74.6404
73.9045
72.7126
72.553
72.6693
73.0027
73.4499
73.1614
73.5779
73.1946
72.9133
74.2061
73.9991
73.4348
72.3681
72.493
72.9542
73.856
72.8665
71.8588
72.4044
72.931
73.3265
73.2689
72.4725
73.0432
73.3801
73.0877
74.4626
74.8131
74.5557
75.2999
74.2273
73.9247
72.8885
73.8679
74.9049
75.7982
75.5958
74.4698
74.9306
75.0651
75.4308
74.1852
74.491
74.11
74.4978
73.3533
72.6614
73.4434
72.5414
73.1616
72.8075
72.7804
73.6938
72.7893
73.7112
74.0719
75.0285
74.9135
74.8224
75.0968
75.2175
75.5786
74.4133
74.2591
74.6552
75.5102
74.0482
73.4378
73.0501
72.3202
71.584
73.0006
73.913
73.6229
73.711
73.5509
73.622
73.1496
73.2045
72.7248
72.2786
72.5481
73.0138
72.823
72.3781
72.4679
72.1052
72.6722
72.7391
74.0194
72.859
74.1324
73.3486
73.8536
75.3612
75.0574
75.4853
74.5184
73.3221
73.0258
72.2362
72.8443
72.9147
72.6151
73.2779
74.3681
73.326
73.1284
73.5
73.5848
73.5223
73.8852
73.5522
73.6146
73.2789
72.735
73.5649
72.2854
72.3456
72.1054
72.5016
72.0798
72.5824
72.6542
72.0016
72.9065
73.3773
73.4399
73.289
72.361
71.3436
72.1472
71.8276
72.4106
73.1877
73.7736
75.0405
74.4961
75.5177
73.8654
72.8674
73.3327
73.5922
72.6069
72.8652
73.5167
72.2366
72.9584
73.0092
72.3155
72.8793
73.0811
72.6865
73.7003
72.4515
72.6061
72.8333
72.4756
72.3661
72.9633
72.9893
73.9064
73.5516
73.9278
73.5552
74.8851
73.4968
74.5358
75.2544
74.3549
74.4985
72.946
71.9807
71.3662
71.7043
71.5404
72.3653
73.2506
73.6909
73.2189
72.9267
72.6652
73.4347
72.1047
72.5837
72.7467
72.916
72.2765
71.9454
72.4576
71.9072
72.1335
72.5943
72.7856
73.0223
73.5499
73.6392
74.522
74.7629
74.9097
74.6664
74.261
75.5752
75.1827
74.7676
75.5196
75.1714
75.4397
76.5188
75.3121
73.7531
73.9366
73.5717
73.2175
73.4442
72.8738
72.8202
72.1884
72.325
72.6035
73.78
74.6057
73.3819
73.0378
73.3513
72.8573
73.8329
72.8636
73.2033
72.4793
72.4931
73.3917
73.4222
73.0508
73.6682
73.6383
73.5663
73.59
74.6927
75.4159
74.8923
74.0895
72.2147
72.7382
71.8523
72.5691
72.9992
72.3839
72.8449
72.7723
72.3464
72.4227
71.4807
72.2849
72.8684
72.9538
72.9826
72.2166
71.3163
72.3135
72.8821
72.0381
73.1237
73.9372
73.8064
73.4296
73.0253
73.026
72.8802
72.1328
72.6434
73.4104
73.3082
73.6209
73.7815
74.3316
73.9296
74.206
73.1524
72.1126
72.9316
73.7474
73.05
73.6738
73.2652
73.4127
74.055
73.7341
73.3753
72.8472
72.6182
73.4047
74.0906
74.3705
73.6624
74.2518
75.6856
75.5792
75.8202
75.7282
74.538
73.4476
73.518
73.3033
73.5019
72.5515
73.9339
72.7936
72.9703
73.9616
73.3163
73.1632
74.0348
73.3285
73.237
74.0248
75.0791
75.0866
73.9666
73.2208
73.4256
73.2891
74.0911
74.6275
73.924
72.731
72.6042
73.5541
73.4615
73.6821
72.1419
73.5152
71.9692
71.2955
70.9052
71.4102
72.9331
73.0753
73.057
73.0648
74.2443
72.9587
73.5352
73.6614
73.1128
72.8358
73.0646
73.4659
73.1207
73.0504
73.7201
73.0201
72.1033
72.7396
73.5263
73.8737
73.7251
74.3409
74.0625
75.1721
75.2452
75.3301
73.8093
74.976
75.0963
74.8286
74.2927
74.5458
73.9186
73.2425
73.4935
73.3326
73.5641
74.3934
73.1556
73.0594
73.0276
72.0038
71.6071
71.2839
72.7084
73.2714
72.4251
72.5013
72.427
72.8162
74.4388
74.7088
75.425
75.2365
74.891
76.5416
76.0921
75.2489
74.3092
74.3567
73.4736
72.8466
72.3979
71.5435
72.7419
72.2723
72.3262
72.7612
72.6971
73.732
74.6147
75.6894
76.5714
74.6241
72.8698
72.6361
72.163
72.1005
72.4643
73.0924
73.2248
73.6858
73.5857
73.6333
73.3105
74.0094
73.2446
74.3003
74.1324
74.1337
73.9588
73.0705
72.58
72.7876
73.3233
73.0813
73.0052
72.7581
72.0525
71.8604
72.9696
73.6172
73.6776
74.379
73.2902
72.7421
72.9657
73.0628
72.6582
71.2161
71.8784
71.9468
73.9105
74.4657
73.4844
72.9763
74.1007
73.2873
73.2239
72.7303
72.1758
73.2631
74.6333
74.9832
75.1458
73.9426
73.5886
73.2786
73.7786
74.0227
73.9613
73.9943
73.1642
72.1581
71.5376
71.9214
74.0009
72.769
73.353
74.2962
75.2454
75.0566
74.752
73.178
74.624
74.3311
74.3295
73.9862
73.7131
73.4866
73.5676
74.1151
72.7011
72.8877
73.5851
73.721
73.0183
72.5056
72.2971
72.141
73.1361
74.0906
73.6513
73.997
73.2103
72.6806
72.0398
71.6787
71.8661
71.4471
72.9653
72.9651
72.9106
73.0198
72.559
73.5295
73.4783
74.1608
74.0495
73.624
73.3172
72.9484
73.0008
73.9325
73.4767
73.1682
72.8378
72.6306
72.113
73.5548
72.6557
72.4686
73.5563
74.845
75.5407
74.5521
74.5205
73.2297
73.522
73.5098
72.7267
73.4528
73.0538
74.6644
73.4614
73.2086
73.6766
72.9594
73.7329
73.4311
73.6843
74.3251
72.722
73.0244
73.2763
72.95
71.8697
71.1455
71.5095
72.3353
72.543
72.2232
72.8038
73.1972
73.6291
73.5403
74.235
73.1722
72.6851
72.8182
73.1936
73.3191
73.3701
73.7034
75.1826
75.2852
75.0116
74.9839
73.3638
73.3939
73.605
72.0207
71.9594
72.8711
73.0227
74.2082
73.0903
73.1503
72.9586
74.0707
73.1625
73.8747
74.5258
74.4389
74.8982
75.0333
73.47
74.0635
74.049
74.9469
75.133
75.1038
74.8672
74.4363
75.071
75.9224
74.3472
74.5343
73.7556
73.7656
72.5823
72.0161
72.3838
73.3845
72.2623
72.9954
72.9922
72.8258
73.6435
73.1467
72.9985
72.1555
72.5264
73.218
73.3461
73.7896
75.1597
74.4222
74.2693
73.2501
72.6864
73.124
73.1105
72.2614
72.6089
72.3591
72.1902
71.5602
72.0191
72.1475
73.8237
73.7542
72.2193
73.409
73.882
73.2623
72.9634
73.2686
72.6718
72.5095
72.0289
73.4449
72.3051
71.6907
71.6042
71.9292
71.3859
71.4922
71.4442
72.4085
72.6086
73.3166
72.0872
71.2975
72.187
72.5065
71.4518
71.3771
72.6641
72.7847
72.3852
72.5744
71.8827
71.2743
71.2945
72.5764
72.9715
72.2385
72.5942
72.5307
72.534
71.4837
72.5344
73.1248
72.6566
73.3056
73.8967
74.2608
74.1476
73.1631
72.8178
72.8232
71.6602
71.9839
73.0005
72.2371
72.9058
72.3424
72.3408
72.5673
72.9886
73.1896
74.4488
73.5066
73.0854
74.3383
74.0139
73.3417
73.8598
75.4788
74.5352
74.3833
73.7945
74.3808
72.0092
72.9064
72.123
71.6448
72.483
73.1816
73.7424
73.1348
72.8765
72.6258
72.9368
72.2306
72.3525
73.2659
73.0511
74.7307
74.0847
74.0791
73.9776
72.8673
73.176
72.9086
72.1853
73.0431
73.2315
73.4451
73.6501
74.3042
73.226
72.9323
73.3479
73.7293
74.3607
74.109
74.0092
73.6317
74.0404
72.9567
71.0777
72.1615
71.5229
71.5116
72.2253
73.136
72.6214
73.6356
73.2277
72.4264
71.9783
73.6764
73.8276
72.7165
73.3825
74.9788
75.2037
75.0424
74.7385
73.3465
73.3308
73.2784
71.8733
71.8931
73.5229
72.9103
73.5336
73.2217
71.9868
73.2099
73.3834
73.5297
73.182
73.3913
73.4754
72.714
73.2845
73.7795
73.7852
73.4031
74.0382
74.3905
74.2204
73.4459
73.3215
73.7204
73.4979
72.7167
