477.157
464.077
450.893
435.574
420.11
408.949
400.151
395.343
389.561
385.482
379.012
375.241
370.512
365.111
359.165
353.446
346.034
340.899
335.087
330.314
326.406
320.566
315.297
308.549
301.733
298.752
295.297
294.145
291.019
287.482
283.506
280.619
278.615
276.751
272.879
269.987
267.006
265.006
262.143
257.165
255.767
252.709
250.276
248.343
246.112
243.765
242.928
242.203
240
238.421
238.195
237.576
235.624
235.49
234.564
231.336
229.217
226.67
224.425
220.901
218.162
214.911
213.659
211.548
209.873
207.92
206.621
206.314
204.31
201.523
199.767
198.109
196.686
196.429
195.797
193.955
192.242
190.802
191.113
188.767
187.637
186.313
184.707
183.8
182.928
182.637
181.15
180.371
180.785
179.417
180.013
178.393
176.147
175.385
176.148
174.679
172.318
170.807
169.973
167.471
164.967
164.882
163.558
161.535
159.325
158.511
157.16
154.61
155.092
155.426
155.53
154.996
154.471
153.795
151.945
151.712
150.805
149.55
148.794
148.65
146.44
144.768
146.617
145.144
143.819
142.586
141.994
141.115
140.724
140.925
142.801
144.216
142.849
143.959
141.409
139.279
138.363
137.803
136.442
135.611
135.012
134.111
133.852
132.662
131.542
130.724
130.325
129.523
129.531
128.917
127.374
128.785
127.383
126.8
126.8
126.264
126.214
126.267
126.301
126.196
126.021
125.419
125.125
125.331
123.628
123.582
124.614
124.215
122.896
123.229
123.155
122.658
121.833
121.837
122.484
121.257
120.351
119.586
121.116
120.118
120.018
119.924
120.691
119.32
118.622
118.73
118.472
117.483
118.472
117.982
118.142
118.164
117.579
117.333
116.198
115.938
116.748
116.693
116.427
115.907
114.709
114.892
116.213
115.379
113.403
112.79
112.757
112.334
111.381
111.419
110.629
110.718
109.506
110.35
109.713
110.307
110.202
109.586
111.184
111.802
113.391
113.419
114.708
115.119
114.103
113.595
112.035
109.74
109.252
108.642
107.27
106.522
107.222
106.899
105.435
104.856
105.366
106.047
106.277
104.016
103.907
102.733
102.208
102.306
101.757
101.386
102.654
103.447
104.869
104.602
104.403
104.44
103.404
102.816
102.595
102.253
101.514
102.166
101.576
101.979
101.999
102.63
101.837
100.602
99.2957
98.208
98.1631
97.018
95.8649
95.1835
94.079
92.7967
92.1396
92.8205
93.9063
95.2403
96.5206
96.6244
96.9517
96.6784
95.9961
95.3993
95.4614
96.4512
96.7639
96.5513
97.232
95.3912
92.7582
91.5612
91.3506
90.7918
90.9339
89.6744
90.7261
90.7421
91.3383
90.5746
91.4601
90.2514
91.2054
90.3861
91.5033
90.9415
89.2977
88.4475
88.2472
87.9789
87.9999
88.356
87.5183
87.7831
87.0343
86.8153
85.9849
86.1092
85.7407
85.37
85.883
85.3166
85.9289
87.5352
87.1719
87.6069
86.2963
86.6093
88.3333
89.3078
88.9256
88.9071
88.1287
88.1965
87.1648
86.3456
86.7607
86.2555
86.6363
86.0487
85.1465
84.0994
83.7083
82.8853
82.4909
82.9014
82.5057
82.1113
83.3759
83.522
84.0638
85.0304
85.5491
84.0052
84.1528
83.2237
82.6463
83.1254
82.9812
82.4265
82.3632
83.0464
83.2728
83.5419
84.2468
82.4365
81.5534
82.0383
81.9337
82.1052
82.6967
82.9426
83.9325
84.292
83.5386
84.227
84.0425
83.8173
83.7386
83.73
83.118
82.3405
83.0577
84.6762
83.2527
83.405
82.5155
82.5261
81.916
81.4402
81.005
80.4944
80.8255
80.321
80.5648
81.6255
82.3295
82.2365
81.0317
79.3754
80.4115
81.0285
80.6629
80.5284
78.3687
78.4677
78.9261
78.8663
78.8722
79.6683
78.4662
78.5405
79.2957
79.7363
80.7727
80.4818
80.5729
80.7743
79.2365
79.3412
79.2083
79.5035
78.5404
79.4064
78.8786
78.2105
78.1196
77.5375
78.5637
79.6367
78.1047
78.0863
77.9786
78.0336
79.0006
78.727
78.0584
78.2151
77.3344
77.0597
77.7018
78.5622
78.9131
80.4842
81.8093
81.9024
81.6676
81.7591
82.1725
80.5069
80.0329
80.9356
80.8764
82.5956
83.0443
83.0201
84.6716
85.7891
86.1798
85.7228
85.5579
83.533
82.1958
80.9218
80.1821
79.3551
79.4503
79.5331
79.1582
80.6198
80.7313
79.5463
80.2936
79.3473
79.1695
79.4479
79.0111
78.8767
78.327
77.6684
77.7998
77.5053
77.9249
77.8792
77.4822
77.2576
78.1433
78.1422
77.7331
77.5469
78.112
78.2502
77.0354
79.2932
79.2728
78.7494
79.7534
79.3721
79.9084
79.0704
80.0725
80.688
80.585
80.1647
79.359
79.1074
78.1761
78.6396
79.7434
79.1179
78.2876
78.204
78.7653
78.4296
77.6281
77.918
78.4528
78.294
77.844
76.853
76.8554
77.3015
78.2988
77.3463
77.0476
77.3261
79.2893
78.401
78.6597
77.8332
77.411
76.7531
76.977
77.5733
78.5764
80.6454
81.5703
82.7519
83.1136
84.3332
85.3066
85.6906
85.1177
84.985
83.9963
80.954
80.4493
80.8487
81.2874
81.3092
79.8213
80.1765
78.8517
78.4535
77.4641
78.0321
77.6983
77.7923
78.5327
78.3805
78.9982
77.3534
76.4147
75.9522
77.0028
77.8925
78.3205
77.3774
77.0252
76.6319
76.0255
77.2061
76.3842
76.5903
76.2136
76.5284
76.2028
75.9718
75.8677
76.3168
77.1767
77.9073
77.1121
76.0726
77.2102
76.7003
76.8209
76.9066
76.8904
76.6336
76.761
76.529
76.3902
75.6552
76.1803
76.3099
76.2164
77.0422
76.7187
76.9207
76.6528
76.8423
77.2184
77.4832
77.6945
78.3388
78.659
77.887
77.9549
78.7483
77.7776
77.3028
77.0708
76.6039
76.6079
76.5192
76.8341
78.5911
78.0866
78.0235
76.8142
76.7132
77.2938
77.193
77.5736
77.5915
77.5299
77.9647
77.3409
77.5947
77.8221
78.2099
77.9227
78.0311
78.3744
77.7293
78.2679
77.6831
77.196
77.575
77.4822
77.9906
77.9717
77.2823
77.3742
76.6972
77.8141
78.438
78.404
79.2774
77.1439
76.7123
75.9237
76.5664
76.5882
77.2572
76.8712
77.1981
75.9165
75.6612
77.6941
77.4681
76.9917
77.8179
77.5836
77.8867
77.1182
76.8547
77.4275
77.4528
77.4713
76.7197
77.0685
76.7287
76.0247
75.5855
75.7014
76.5188
75.9577
76.0049
77.2368
76.2853
76.0851
77.3283
78.3484
78.138
77.8178
78.7485
79.7103
78.6809
78.5736
79.8237
78.8068
77.9255
77.3617
78.1541
77.5238
77.5289
78.6741
78.4673
78.9954
78.5208
78.5894
77.7457
76.7264
76.1697
76.6308
76.0118
76.0344
77.0374
76.4117
77.0651
76.441
76.7291
76.9992
77.8839
77.1626
76.9214
76.0449
76.9826
77.0237
76.4665
75.093
74.9126
75.4984
76.6706
77.3338
77.2052
76.9564
77.8901
76.6922
76.1298
76.3635
77.6299
76.7942
75.9266
76.8248
77.6832
76.5198
76.9064
76.6288
77.1052
75.3754
75.9905
75.6307
74.9658
75.3908
75.8437
75.5778
77.5026
77.1811
78.7769
78.9681
79.2449
78.1583
77.294
77.1604
76.2986
77.7357
78.2866
78.2339
78.437
77.348
77.1714
76.3094
78.3861
77.1628
77.6814
76.6435
76.6803
77.5885
78.247
77.5119
77.0599
76.7755
77.1177
76.0546
76.832
75.8848
75.4876
75.4972
75.5318
75.716
75.8009
76.2953
76.3931
75.3996
75.2912
74.6602
75.5319
75.0594
75.083
75.1384
76.9528
77.9362
78.1008
78.5443
77.8475
78.9477
78.2045
79.3025
78.6478
77.3089
76.9793
77.9024
77.4403
77.7293
78.0695
77.5772
77.1909
76.6619
76.4564
76.0153
76.5937
75.4202
75.476
75.2935
75.937
75.7024
76.2345
75.4402
75.332
75.4015
74.9032
74.2521
74.8107
75.2972
75.9136
75.6891
75.3131
75.6027
76.1206
75.9413
75.6044
76.0716
77.0456
76.4806
75.8952
76.6098
76.3392
75.8332
74.5675
75.4426
75.6178
75.4464
76.0645
76.6382
75.7268
76.4782
76.4148
75.5264
74.4461
75.2317
74.711
74.622
74.4714
74.3315
74.0433
73.7119
74.1783
75.0542
76.1351
75.8094
75.4311
76.2078
75.4827
75.4838
74.3676
76.3342
76.3694
75.1418
75.4998
74.7776
75.1121
75.8792
75.1287
75.7064
76.1765
76.7054
76.7249
75.4425
76.0015
75.1169
74.5161
75.0668
75.8506
75.92
75.7987
75.3753
75.7837
75.6731
75.9463
74.758
74.2189
74.438
75.0898
75.5738
77.1926
76.6099
75.0284
74.1261
75.7944
76.5347
76.1622
76.3107
76.0127
75.9682
76.1876
75.9875
75.8883
76.238
76.5285
76.5244
74.6692
73.6473
75.6178
75.4306
74.463
74.9944
75.4985
74.8103
74.5087
75.2285
75.2163
74.1178
74.3927
74.6618
75.7775
76.483
76.6567
75.4875
76.3014
75.8038
74.4327
73.7433
73.7814
73.6152
74.1128
74.5487
74.4678
74.6943
74.8262
74.5552
75.5109
74.974
74.5688
75.0062
74.6213
74.7103
74.6867
73.9843
75.2795
75.7706
76.2468
76.3564
75.6239
75.6706
75.6181
75.5705
75.1928
74.4701
74.2706
75.7198
76.9471
77.2976
76.0053
75.0177
75.3034
74.8139
74.0804
73.7581
75.5965
75.4936
75.9238
76.1833
76.0199
76.4891
77.8594
77.7331
76.891
77.029
77.6655
75.0268
74.5951
75.4206
74.6906
74.9344
74.291
74.8373
76.2477
74.8614
74.761
75.0617
76.283
75.6719
75.6219
75.6967
74.5216
75.8239
75.0761
74.6757
76.3743
76.4316
75.124
76.2187
76.2791
75.7448
75.6783
74.7265
75.0013
74.1867
75.3149
76.8404
75.9151
75.8464
75.7175
75.3267
74.9576
75.9628
75.4223
73.7496
74.342
73.5493
74.1808
74.4144
75.1028
74.8007
75.7261
75.777
76.1196
75.5059
74.8282
74.3792
73.8129
74.0218
75.2114
74.8481
74.4266
74.3483
74.9692
75.8545
75.8895
75.8617
75.9002
74.9611
74.4029
75.469
75.8354
76.194
75.2318
75.7456
77.2381
76.653
76.268
76.2989
76.3794
76.0299
76.1998
75.5315
75.348
75.5133
75.1296
75.1679
74.9964
74.5187
75.0233
74.1947
75.2903
75.5491
74.9787
75.3151
75.3993
74.7144
75.036
75.6118
75.4793
76.4344
75.6196
74.6944
74.9731
75.8658
75.9005
76.5593
77.0241
79.2318
78.2892
78.6331
77.4441
76.48
76.1485
75.7242
75.2794
75.7899
76.1635
75.8268
75.1338
74.3869
76.0963
75.287
75.3174
76.314
76.1565
75.4557
75.7629
76.4397
76.3404
76.2374
75.1742
76.2086
76.1031
76.1397
77.2682
76.827
75.7738
75.7813
76.8739
75.4455
75.3114
76.1622
75.1846
75.242
74.7976
75.8381
75.9577
75.3574
75.7811
75.2289
75.389
75.5785
74.9877
75.7466
75.1083
74.2325
73.8517
74.1847
74.4484
74.6314
74.3628
74.1326
73.7728
73.0704
73.9961
73.0835
74.2807
74.1518
74.0348
73.3182
73.6477
72.4214
73.8066
74.2395
75.0165
75.0028
75.56
76.3133
76.247
75.9512
75.1318
76.0092
75.93
75.897
76.4674
75.7407
75.1245
75.2912
75.6271
75.6574
74.5878
74.641
74.7361
74.4137
74.3914
73.5456
74.1344
75.088
75.3476
75.9992
76.0273
76.9549
75.7505
76.1854
76.888
76.4026
76.4476
76.2904
75.844
75.4258
75.6312
74.685
76.0751
76.1651
76.8282
76.7342
77.4588
76.7442
75.6071
74.7457
74.2405
73.6415
73.8081
73.8869
74.7589
74.0224
73.9029
74.052
74.1237
75.1842
76.1249
76.1347
75.7417
75.4828
73.9414
73.5058
73.927
74.4343
75.2248
74.8753
75.1095
75.7413
76.0738
75.5949
75.0008
73.5124
73.3369
74.4835
75.0073
75.6052
75.5373
74.3729
75.9123
76.0835
75.4043
75.1041
75.0894
74.9715
75.3637
76.5939
74.4733
73.4421
74.4288
74.0166
74.7071
73.8855
74.2555
75.6125
75.777
75.4766
75.976
75.3783
74.4957
74.9476
74.4605
74.9369
75.2852
74.2173
74.9189
73.8205
74.4383
74.9769
75.5435
75.0891
75.8115
75.7007
74.4372
73.8198
74.457
74.6054
74.9109
74.2701
76.1252
75.9043
74.2427
74.5609
75.2199
75.7022
75.3843
74.9851
75.2021
75.0082
75.8388
75.6971
76.3402
76.1392
76.6674
75.9257
75.8372
75.6065
76.182
76.7899
75.7073
75.7635
75.4239
74.7627
75.3862
75.1261
75.3273
75.9237
76.0836
75.643
74.1752
74.6303
75.7393
75.522
76.0894
74.5878
74.0592
74.9009
74.9659
75.6409
74.6998
75.222
75.4854
75.7781
75.6331
73.926
74.5212
74.4369
73.0107
73.7493
74.5765
75.2032
75.3788
75.9563
75.9058
76.3732
75.2553
75.9321
76.0812
75.8475
75.2027
74.4405
75.7089
74.9067
74.594
74.917
74.6438
75.9023
75.7502
75.4966
75.7728
74.8592
74.6277
74.7952
74.6365
75.6605
74.1154
74.7873
75.8789
75.1562
74.1865
74.8293
75.0262
75.1463
75.8243
74.9943
75.1566
75.4152
75.2818
74.4817
74.3723
75.051
74.8243
73.7195
74.9434
75.5669
75.6537
75.1175
75.1531
74.1565
75.336
76.2325
76.6895
76.9873
76.3102
76.4817
77.7807
78.5622
76.6417
76.4441
76.4715
77.2487
75.4111
74.6218
74.0476
74.21
73.9041
73.4489
73.6502
73.455
74.3163
74.2651
75.1859
74.961
74.9666
74.9048
73.9804
75.12
76.2329
76.7234
76.3055
75.5903
75.3888
76.0063
74.2968
74.2674
74.3884
74.8054
75.9663
75.8349
75.9935
75.5031
74.8624
75.1277
74.8113
75.845
75.0942
75.8872
75.5943
75.8144
75.2108
76.2442
76.2766
75.0686
74.1639
73.9749
73.7605
74.9792
75.711
76.377
75.4851
75.3522
75.8461
76.2724
75.5568
76.4949
75.0577
75.3485
75.6591
74.7606
74.2181
74.5977
74.4145
75.1982
75.3508
75.2114
74.3323
74.7414
74.8851
74.7987
75.282
75.0697
75.8339
75.1063
75.4106
75.1954
74.5061
76.0669
75.346
74.3084
73.1585
75.6163
74.8388
75.2523
75.7088
75.772
75.8852
75.6479
76.2047
76.1852
76.5139
76.889
75.8496
76.6707
77.0166
76.9305
75.1707
75.2773
75.8188
75.7737
75.5506
75.8865
74.7392
74.6432
75.6824
76.9348
75.7436
75.885
75.8347
76.3692
75.2739
74.8835
74.9374
74.5921
75.4017
75.0555
74.4755
75.2353
75.1308
74.3473
74.6247
76.005
76.1192
76.4181
75.1684
76.7815
75.0578
75.1859
75.4992
75.4788
76.4962
76.1428
75.7794
75.9751
76.6439
75.6115
76.5463
75.6645
75.9741
76.6428
75.9624
74.9535
74.2174
74.8397
75.5973
75.0411
74.9248
75.3237
75.7283
75.4389
75.5689
74.3281
74.8665
77.1693
75.5474
76.3196
75.4505
75.6145
75.5591
75.3062
74.8129
75.7374
75.0712
74.9291
75.9468
75.8249
77.3528
77.4796
76.4216
78.3914
77.4039
76.4352
75.857
75.591
74.9465
75.7517
75.5141
75.7311
75.0345
73.8999
73.9954
75.5144
75.6181
76.5623
75.6764
74.8343
74.5835
74.1885
74.9876
76.2766
75.0138
76.7631
76.0473
75.952
75.1585
76.1773
75.1728
75.427
75.0276
75.1025
74.9113
74.8591
74.076
74.8016
73.5457
73.1416
73.2927
73.8679
74.2689
74.9529
74.9978
74.6549
75.2709
75.7444
75.2675
75.0464
74.662
75.1898
75.2011
75.0372
74.5402
74.0696
73.1762
75.2352
74.5974
74.9492
74.2617
72.9208
73.4333
74.2861
74.8631
74.1096
74.7923
74.9584
75.185
76.0971
76.4991
75.3422
74.8696
75.2617
75.2673
74.7854
74.0536
73.8681
73.7248
73.8544
74.2884
75.57
75.3883
75.5462
75.3152
75.3746
75.5582
75.063
74.4921
75.1565
74.5364
75.7798
77.0141
76.3941
74.5877
74.6957
74.9196
75.3049
74.7333
77.4103
75.8185
75.9469
75.7453
75.6153
75.9573
75.7789
75.4454
74.2888
74.4171
74.5706
74.1866
73.862
74.4139
74.7498
75.4018
74.8493
75.5355
75.8093
75.4742
75.1693
75.8752
74.4072
74.2926
75.9808
76.5993
76.5825
76.7031
76.0006
76.255
75.9233
75.3357
74.2454
73.8542
73.459
73.505
74.1947
74.6728
75.5898
75.3458
76.217
76.1039
76.1218
75.4759
75.0521
74.6611
74.3708
74.3839
74.5665
75.4983
75.6362
75.5039
74.4645
74.2842
74.8122
75.0828
74.5207
74.9008
75.608
75.0098
75.4879
75.4648
75.2713
74.7183
75.2063
74.7031
74.8017
74.9326
75.1804
75.0985
75.2345
76.195
76.945
76.4549
75.1901
74.7014
75.6462
76.1645
77.6995
76.6885
74.9677
74.5578
75.5303
74.4866
75.517
74.4702
74.1745
74.7462
74.1776
75.8587
76.1105
76.7949
75.6946
75.5054
75.0621
74.7768
75.1713
74.0761
74.2372
73.7316
74.1163
74.5377
73.9714
74.9312
74.8017
74.3137
74.5104
76.4515
75.3122
74.5135
74.5212
75.8173
74.5913
74.4558
75.34
74.9351
74.3168
75.2409
76.4326
75.925
74.8439
76.4345
76.4059
75.4572
74.9852
76.1901
76.2575
76.2578
75.4304
75.0926
75.0816
74.5092
74.3931
74.3939
73.2962
74.0689
75.1834
75.2104
75.4787
75.5004
75.983
76.0575
75.4597
74.633
74.7192
76.1321
75.8784
75.9206
75.3936
75.125
75.6063
75.3089
76.1038
75.7637
76.1049
76.3454
76.4132
75.0786
75.1133
75.3563
76.0436
75.3246
74.8014
75.2279
75.0707
72.9983
74.0218
74.3634
74.6545
73.6573
75.1123
75.2454
74.8674
74.5587
75.2046
76.0212
75.6742
74.5442
74.2307
75.5137
75.2085
75.6948
75.8411
75.7541
74.5008
76.4564
74.993
75.523
74.4188
74.1555
74.586
74.6906
74.2524
73.1458
73.0286
74.304
75.8107
76.0972
75.8468
75.541
75.8342
74.9155
75.253
75.7704
75.4608
75.2429
74.3593
75.5324
77.0958
76.6477
76.0764
77.1054
76.9795
74.4476
76.1185
75.8993
76.1432
75.5317
75.8602
75.7085
76.1873
76.127
75.9403
74.7281
74.8213
74.5599
74.8777
75.8261
74.1272
75.9377
75.4881
74.512
74.7107
74.1688
74.2759
74.001
75.2367
75.0258
75.5324
76.501
75.5456
75.3685
74.7591
75.0026
75.0831
74.3705
74.8112
74.8508
76.1602
74.9076
75.2637
75.7047
74.9607
77.2245
77.0103
77.4514
75.4048
74.5787
74.4472
75.2392
76.2875
75.3136
75.0377
74.6731
74.89
75.7391
75.7217
76.2685
75.2385
74.9298
74.9055
74.9702
76.077
75.9466
75.9816
75.464
74.9102
75.2872
74.3397
74.4243
75.2614
75.1442
74.5799
74.5987
74.8407
73.972
73.5935
73.5314
72.9829
73.2153
74.6983
75.7423
75.9511
75.4468
76.0697
76.4862
76.3033
77.1567
77.5718
76.8181
75.7809
75.5484
75.5172
74.3052
74.5561
74.3757
75.5587
74.805
75.4559
74.5685
75.9103
76.3969
76.0587
77.6653
77.0887
75.9345
76.3127
75.1795
74.4318
75.403
74.8919
75.7069
75.9464
75.9202
75.9352
75.7209
75.6708
76.0209
76.0856
74.6881
74.8801
74.3115
74.405
74.142
74.8732
74.7933
74.1393
74.8738
74.9033
74.7842
75.536
74.1375
74.4715
74.5011
73.7287
73.707
74.6037
76.744
76.3114
76.4705
75.7406
75.427
74.7945
74.9816
75.4754
75.778
76.2848
74.2291
74.983
75.1758
75.7128
75.6823
75.5115
75.2438
75.1782
75.712
74.5081
74.7238
74.1305
73.6836
74.3726
75.7697
75.8148
74.2164
75.7837
75.1484
74.5598
75.3982
75.4629
75.8789
75.1204
74.0036
74.2465
74.621
75.2145
75.694
76.5184
77.5223
76.9391
76.7649
78.5707
78.2587
78.3559
76.9618
76.3591
75.0562
76.0658
74.2645
73.6655
73.5337
73.8757
74.4046
73.6811
74.4671
74.1496
73.6037
74.8617
74.3193
74.2592
75.721
75.7802
74.6734
75.2758
74.9372
76.3975
75.6945
75.0803
75.596
75.9364
76.1746
76.1455
76.5604
76.9615
76.0743
75.0967
76.1874
74.9378
75.5122
75.7888
75.6487
75.9721
74.9661
74.454
75.0587
75.4345
76.7811
76.728
76.1463
74.6216
75.4068
74.2802
73.85
73.975
73.3284
74.8225
74.5684
75.859
75.0197
74.5158
74.8865
75.6433
75.8397
75.3634
74.9096
76.3991
74.8738
74.5127
75.5131
75.303
74.9247
75.9108
74.5913
75.7631
75.1796
74.4419
74.3613
76.1338
75.9605
75.6793
77.0204
76.7915
76.6267
75.0813
74.1919
74.8925
75.5849
75.0491
74.9546
75.2831
75.1257
75.2753
74.5978
73.9704
74.3885
74.8767
76.0814
74.5446
73.9028
73.7012
74.1114
74.8418
75.8062
75.581
75.0902
74.8872
75.4769
76.8667
75.8671
76.4541
75.0048
76.2231
76.291
75.5856
74.9883
74.4702
74.413
75.4519
75.4554
75.9197
76.3483
74.3998
75.0654
75.2742
75.6787
76.6755
77.2003
76.6536
76.5628
76.5557
75.7334
74.7161
75.2246
75.9491
75.9612
76.2455
75.3554
74.7243
74.8698
74.9749
76.3812
76.122
76.0565
75.0512
75.4885
74.51
74.5038
74.3855
75.4579
76.1145
75.854
76.0682
76.1864
76.9246
76.7636
75.6024
75.7269
75.3096
75.4847
75.7038
75.3804
76.2796
76.7232
75.9841
76.4395
76.2216
76.5318
76.0603
74.4546
74.3525
74.1527
75.2633
74.7472
76.1003
77.0518
76.4658
77.6057
75.8952
75.6001
75.7239
75.2885
75.7676
74.782
74.6088
74.3511
74.5562
73.4174
73.3079
73.4781
74.9523
75.3609
74.3205
74.5225
75.2316
75.6554
76.0707
75.8907
76.2521
76.6533
75.6453
75.1194
75.4868
74.7139
75.0217
75.069
75.734
76.118
76.2667
75.2671
75.2539
74.476
74.6044
74.2637
74.0572
73.5464
73.5531
74.5325
73.1654
73.931
74.142
74.6793
76.1834
76.0923
76.1475
74.7418
75.9318
75.3632
74.2104
74.3886
76.2928
76.5849
75.5491
74.8766
74.245
74.5398
75.7878
75.2064
75.1969
75.0712
73.9518
75.2741
75.399
74.7815
74.9567
75.5522
75.0095
74.0405
73.6899
75.4879
73.6465
75.1212
74.2334
76.4741
76.4167
75.3564
76.4531
75.9805
76.2474
75.3433
77.0859
75.9616
75.2935
76.0497
76.4426
76.6921
74.7667
76.038
76.3302
76.7997
76.3698
75.3871
75.2691
75.3778
75.4391
76.402
75.2743
75.5165
75.7513
74.0515
73.0505
72.7673
74.5948
74.8033
75.58
74.1375
74.3544
73.9022
74.7174
75.0598
74.9494
73.8171
74.6493
74.4226
75.1099
75.0475
75.0345
75.8807
74.9171
74.2724
72.9848
72.9348
74.834
75.3549
74.3996
75.4574
75.4836
75.4406
75.712
75.8943
75.2794
75.3443
74.9717
74.7695
75.1012
73.5835
73.4907
73.3212
73.1948
73.2095
74.3559
74.5111
74.8268
73.4419
73.9777
74.7496
74.7095
74.1087
73.7757
74.5534
74.7201
74.5233
73.3599
72.4666
73.8178
73.0397
72.5176
73.4654
73.8656
73.0249
74.0614
73.3909
74.5038
73.988
75.3612
75.5918
75.4547
75.0915
74.4192
74.0322
74.5756
74.3267
74.4688
73.602
74.3414
74.3138
74.3326
73.9317
75.0016
75.9438
76.6135
76.0397
76.243
76.1345
76.4307
76.4662
76.5027
76.0342
75.6088
74.9448
74.9288
75.212
73.7654
73.7052
73.6755
74.2181
73.9883
74.1699
74.3153
73.9095
75.0123
76.3575
76.8337
76.8422
76.1862
75.9545
75.2977
75.3604
75.8447
75.1981
75.6928
76.1158
74.657
74.6274
76.1264
76.7527
76.1346
75.53
76.6275
76.0793
75.1624
75.8295
74.6285
74.6747
75.8281
75.8842
75.2411
74.8381
74.136
74.6559
75.1561
74.5014
74.713
75.1326
74.909
75.5082
76.1912
75.7059
77.2768
78.0201
77.4395
76.7018
76.0203
77.0015
77.0272
76.2357
76.0238
76.8828
76.1173
75.4491
75.7406
75.8391
75.3187
74.8612
75.2421
74.265
75.3831
75.3636
74.9898
74.7529
74.7671
76.5403
76.8694
75.7896
74.6083
74.3915
75.3007
76.4441
76.1093
75.6542
75.3659
75.3387
74.188
73.8932
72.8637
73.0263
74.6184
74.6445
75.9484
76.0962
76.0506
76.7838
76.9508
76.3292
75.2731
74.9164
74.7484
74.3056
74.3529
74.8218
74.4204
73.4974
74.467
74.5098
75.0792
74.6336
74.741
75.9329
75.5605
75.3856
75.3291
75.1872
74.7113
74.8482
75.4737
76.1302
76.663
75.9159
75.5499
74.8644
75.5105
75.9886
76.1245
76.7388
76.3742
75.9642
75.2839
76.1674
76.0077
75.6505
76.335
75.5654
74.7096
75.1956
75.8499
75.3074
75.8127
75.8762
76.9033
75.5937
75.1886
75.4248
74.4644
75.0985
75.1298
75.889
75.8913
76.0358
78.1197
76.9814
77.7042
76.6123
76.0237
75.246
73.9114
74.3725
73.7907
73.7822
73.5332
74.2828
74.7384
76.0886
76.2295
75.2895
74.9499
75.6211
75.712
74.5079
75.958
76.0247
75.8554
75.5454
75.4223
74.0269
74.9498
74.7469
75.0074
75.6665
75.1817
75.1302
76.5587
76.5853
76.0187
77.5813
76.4346
76.3484
76.1386
76.4992
76.4495
76.351
75.5216
74.9308
74.6639
72.9878
73.4426
74.3953
74.6089
75.2817
75.2732
74.9554
74.6541
74.5439
74.6045
74.6172
74.0429
74.3311
73.8566
72.9746
73.7779
73.3951
74.1413
74.0205
73.6521
73.5795
74.304
75.7679
75.5442
74.3415
75.2399
75.4867
77.4899
75.5174
76.7637
76.4919
77.2918
77.5548
75.834
76.2162
76.3986
76.9988
75.5223
74.3073
74.6097
75.1731
74.8959
74.1205
74.153
75.1966
74.5617
74.9275
76.1812
75.6044
74.6868
75.3711
75.0698
74.462
75.3017
75.1297
76.1305
75.505
75.7702
76.3477
75.0178
75.5512
73.9193
74.6891
75.2825
75.6589
75.5634
75.71
75.2917
76.0654
75.0218
75.0147
73.9506
75.1865
76.0074
73.6912
73.8969
73.8688
75.3352
75.723
76.0991
75.2585
74.3415
74.4836
76.4858
75.8869
75.0984
74.7378
75.6204
76.0596
75.3229
75.92
76.4162
76.546
75.202
74.8419
74.6579
75.0029
75.9094
77.5666
76.8166
75.566
76.4155
75.781
75.5859
74.6897
75.2741
74.029
75.8915
75.2294
75.8988
76.3186
75.7952
76.1133
75.6535
76.0349
75.9939
75.1613
74.5458
74.9687
74.8492
75.0751
73.5763
72.5984
73.5471
74.1244
75.1634
74.9201
73.2379
73.6519
74.2032
74.7736
74.1009
73.8464
73.815
75.7288
77.1861
74.9502
75.8083
75.755
75.5178
75.0511
74.4555
74.1491
75.0751
74.0479
73.7852
73.4541
72.8108
74.0259
76.2599
76.7749
76.8702
76.4741
76.4494
75.6143
75.1467
74.6817
73.5988
73.5373
74.1238
73.7571
75.3633
75.8951
75.5696
75.1595
75.4836
73.8866
74.4835
74.8934
74.9023
74.2385
73.7048
74.6198
76.1056
75.5141
74.6207
73.6708
75.6569
75.2773
75.0418
74.1205
74.765
75.5102
75.4964
76.2934
75.434
76.1229
74.59
73.214
74.3907
74.8614
74.795
74.375
74.8301
73.4817
73.0944
73.0271
73.0278
73.521
73.0108
72.5103
72.8802
73.498
72.6041
73.6365
75.6452
77.1998
77.332
76.7483
77.4416
76.6549
76.5624
76.8577
77.2385
75.4815
75.8747
74.9367
75.5685
75.8492
75.7061
75.4694
74.9824
74.5992
75.0822
75.6544
76.0328
76.6523
76.2078
76.6646
75.5997
76.0177
75.2516
75.5869
75.1038
74.8478
75.7848
75.9756
75.5552
74.4332
73.4525
73.7672
73.8
74.129
74.7806
74.2299
73.2457
74.2679
74.3309
74.7484
74.1893
73.951
73.7598
73.3855
73.2188
74.5098
74.4423
75.6087
75.5163
73.9886
74.9719
75.4601
77.0521
76.4765
77.208
76.4659
75.9488
75.4006
75.4795
75.2643
75.1458
76.3268
75.8931
74.9683
74.0604
74.3197
75.0054
75.8569
74.1348
73.6409
74.1617
75.0462
77.0367
76.7806
76.141
75.9428
74.5742
74.0775
74.1889
74.564
74.4462
74.3825
73.7863
72.4785
72.9062
73.6968
74.5961
74.2746
75.2523
74.4179
74.0894
74.4004
74.8763
75.0563
75.3035
73.9876
75.186
75.3508
75.9719
76.7309
74.9534
75.7499
76.7364
76.7295
75.7998
75.3047
74.8176
75.4074
74.1506
73.8
74.9822
75.0477
76.2535
75.9691
74.8313
74.9012
74.8339
74.6832
75.0242
75.7585
76.0268
74.5117
75.3616
74.424
75.1219
74.6205
74.7856
73.5103
73.8154
73.7077
74.6451
74.9146
75.2892
75.0299
75.1826
75.9423
75.9376
75.079
74.6324
74.349
75.9803
74.5058
74.5142
75.0501
75.9186
76.0242
76.4171
76.7485
75.3964
75.9142
75.0517
75.0662
74.4943
74.4509
75.5638
75.5454
75.4285
75.9184
75.2208
75.0347
74.3565
73.5354
73.9736
75.5571
75.3866
75.6661
75.8202
75.6332
75.5588
75.312
75.9241
75.0005
76.0788
75.7309
75.8711
75.2676
76.277
76.1219
76.231
75.1112
73.2828
73.5274
73.4523
73.9357
74.3824
75.2083
76.9609
77.0108
77.0174
74.6649
73.9346
74.3263
74.1367
73.4781
74.58
73.9989
74.6871
75.6213
75.146
75.6704
75.9357
74.5511
75.0209
74.3528
75.4759
75.249
74.6636
74.3851
74.7984
73.1603
73.4647
73.8208
73.1085
72.9184
73.3799
73.4989
73.7919
73.6719
73.644
74.097
74.4378
75.1948
75.0239
75.1225
75.8839
76.1504
76.1442
75.4746
76.1466
74.7911
75.9128
75.2323
76.2895
75.8889
76.2264
76.7265
76.6785
76.5862
75.3626
75.069
76.1944
76.064
76.616
74.7929
77.2574
76.1556
75.2729
75.7583
75.3693
75.3804
76.114
75.1469
76.8112
76.3
76.0617
75.3718
75.2537
75.3897
74.7049
73.9571
73.0025
73.4013
73.8894
75.083
75.2097
75.5443
74.5979
74.1075
74.0207
73.7506
74.6759
74.3534
75.1306
75.2312
74.0023
75.3623
74.1957
75.0076
75.1071
74.7549
75.3591
73.7407
74.3712
74.532
75.0772
74.0716
73.9597
75.418
74.9306
74.4232
74.1333
73.9226
74.3657
74.4269
74.4441
73.4038
73.7788
73.7354
74.2567
74.7539
75.3826
74.6283
75.525
74.8514
74.9685
75.9331
74.548
74.6543
74.521
73.4282
73.0285
73.4354
74.8236
74.6228
74.8027
74.8546
75.3195
74.1755
76.1156
75.5113
75.1506
74.9058
74.6866
74.2973
75.9631
74.8829
74.4543
74.4181
74.7323
75.4469
74.1854
74.4564
75.096
75.5356
76.1755
75.607
75.8102
75.9287
74.8048
75.3398
76.1278
75.4385
74.6415
74.2624
74.126
73.1372
74.7678
75.6821
76.2739
75.5485
74.5832
74.6999
75.4725
73.8407
74.0237
74.7622
74.6548
74.2618
73.9046
74.1371
74.5771
75.1457
74.943
74.1895
74.9254
76.0995
75.4126
75.1477
74.7189
76.0663
75.7472
76.4195
76.3463
75.8747
74.7534
73.8907
73.5269
72.393
73.5648
74.1053
76.0342
74.8338
74.5345
74.0117
75.807
76.4607
77.2281
77.8311
77.057
75.9207
76.6975
75.6844
76.1477
75.8161
76.2374
74.9866
74.33
74.6474
74.9139
74.0548
74.0161
74.8369
75.106
75.1268
73.6284
73.4892
74.757
74.3364
75.4312
75.1225
74.6128
75.0335
76.3793
76.0814
75.6985
76.0242
74.9307
73.7238
73.4847
73.14
73.6721
73.5619
73.6602
73.4828
72.6714
71.9276
72.491
73.4936
74.4012
74.5123
75.7255
74.9527
74.4974
74.7329
75.023
74.7035
74.0925
74.2175
73.8878
73.5919
75.2221
75.1123
75.9952
75.6649
75.9157
76.6867
77.7222
77.213
78.025
77.5027
76.8945
75.7026
75.4565
76.4789
76.42
75.8919
75.5948
75.4985
75.7123
75.5494
75.125
75.0376
73.9232
74.4357
74.0628
73.9267
72.8325
73.0212
73.8212
74.5809
74.8436
74.5629
74.7543
75.5845
74.9943
75.2602
75.8504
75.4424
74.6589
75.3479
74.8973
75.1888
74.327
73.9293
72.8276
74.3766
75.2724
75.1154
75.1115
75.5592
74.6439
74.3745
74.4327
75.17
73.1347
74.6637
73.9642
73.3237
73.4987
74.2637
74.1196
74.5713
74.5493
75.0782
75.0612
76.1688
75.7249
74.6834
74.081
74.1397
74.5883
76.0364
75.401
75.927
75.8377
76.0861
76.9372
76.106
75.6946
75.2904
74.3063
74.7571
74.0421
74.5008
75.0342
74.0495
73.8496
73.4835
73.0019
73.5067
73.9028
74.0726
74.4795
74.5125
72.498
72.3452
72.6604
72.2942
71.8566
72.5954
73.4846
74.8644
75.3205
74.9633
75.1168
74.4449
74.5191
74.518
74.3443
74.5025
73.4998
73.0764
72.7503
73.6047
73.7971
74.1272
74.0704
74.4639
75.0678
73.801
74.842
75.7686
75.5794
75.6943
75.9257
76.1227
75.2168
75.9358
75.2947
74.3731
74.9682
74.1951
73.6655
73.3471
73.9546
73.4643
74.4598
74.1455
73.8788
74.6011
73.55
74.7647
75.6376
74.662
75.0017
74.5018
74.3538
74.241
74.5671
74.2163
74.4968
73.9306
74.7643
75.3647
74.9081
74.8445
74.9821
73.801
74.1564
74.9704
75.1983
76.4113
75.6082
75.7784
76.4396
76.0611
75.6487
74.8803
75.1803
74.764
75.4236
75.5307
75.4215
74.7878
74.7369
73.9929
74.4061
75.5578
74.5859
74.8335
74.6515
74.3682
74.9939
74.1985
73.7278
75.1171
75.7884
74.8929
75.553
75.5148
76.1618
75.2608
74.5083
75.2
75.6773
75.9385
75.718
74.8014
75.0624
74.5952
75.2252
73.7926
73.9571
74.5554
74.1898
74.5135
77.0611
75.562
75.9984
77.1121
76.1026
75.8132
76.1221
75.0845
75.0941
75.338
74.9434
75.4329
75.2711
76.9735
76.31
75.8273
75.1918
75.2763
75.0935
74.7657
75.6417
75.3709
74.828
74.4436
75.3515
75.0479
74.5923
74.7869
75.0931
75.8685
75.5173
75.2051
74.8785
75.0225
74.7821
74.9281
76.9885
76.6791
75.0168
74.2099
74.4737
74.7648
74.6848
76.0575
75.3499
74.2194
74.9564
75.8052
75.266
74.971
75.9327
76.1811
75.7807
75.7752
76.537
76.0839
74.2737
74.9877
74.687
74.7227
75.3186
75.1479
75.4003
75.46
74.9616
75.6456
75.7293
75.1806
74.7146
75.4632
74.9882
74.9643
75.2549
74.6676
74.5099
74.3841
74.9212
75.7359
76.5978
76.2784
75.1526
74.9395
74.3586
75.3214
74.8018
74.563
74.3269
75.7956
75.5884
74.9083
74.8301
74.3879
74.6411
75.2401
75.6177
75.8673
75.4211
75.2606
73.5472
72.3548
72.5981
73.0545
72.7194
73.3107
74.2747
76.3002
75.875
75.4214
75.0008
74.7436
74.7793
74.3706
74.8667
74.9442
74.7555
73.3019
73.537
72.8759
73.5629
74.6078
75.2822
75.2903
75.3566
73.9935
74.1774
73.129
73.2394
73.971
74.5078
75.1693
74.6882
75.6318
75.6542
76.1429
76.2825
74.9955
75.6011
74.5399
75.0795
75.4259
76.614
76.3384
74.568
74.898
77.3105
76.7447
75.694
75.1354
75.6792
76.0125
76.1713
77.3096
76.5693
75.7153
75.0107
74.1706
74.1366
74.8984
75.1376
74.8049
75.4854
76.5862
75.4681
75.1644
76.2918
75.7255
75.786
75.5329
74.4361
74.5556
73.8128
73.7538
74.9244
74.3493
74.5172
75.8957
75.5104
76.0039
77.1555
76.2599
77.0018
75.7541
75.7313
75.9156
77.5133
77.1356
76.3518
75.4767
74.5258
73.9192
74.5472
74.4898
75.6229
76.6702
77.0276
75.7475
74.9688
75.6246
74.928
73.5793
74.3842
74.51
74.6236
75.6282
75.9147
75.5592
76.1909
75.662
74.7287
74.0085
73.4548
74.0627
75.332
76.4632
74.5346
74.0669
75.4408
75.3871
75.1388
74.7516
75.394
74.8099
75.4262
74.8207
74.5583
73.5583
73.7762
73.3748
72.3124
72.5978
73.3434
73.681
74.2564
74.0853
74.6052
74.7387
75.5922
74.749
75.1792
74.7326
74.8918
75.1704
75.0845
74.5854
75.5554
74.2615
74.4981
75.2096
74.5227
75.4715
74.7655
74.7285
74.6189
74.6899
74.1168
73.3492
74.1489
74.1786
74.7477
74.5778
75.2111
75.8903
74.9481
75.2129
75.3102
75.4161
75.3795
74.8982
75.907
75.8114
75.0622
74.8772
74.6769
74.007
74.6447
74.2082
74.4083
74.7531
74.7283
74.6791
74.4693
74.6827
75.8641
74.6237
74.7425
74.3822
74.6882
75.5224
76.014
75.4297
75.6577
75.6047
75.9955
76.513
76.4798
74.6772
74.2804
75.1484
75.158
75.2082
74.9353
74.6979
75.0435
74.3856
74
74.2039
75.1042
74.4829
74.4503
74.4481
74.4244
74.7679
75.1514
75.0768
75.091
75.2383
75.2917
74.0848
75.0128
75.6448
75.977
75.1393
76.7997
76.0222
75.1404
75.022
74.775
73.7953
74.4597
73.9159
73.3678
73.3577
73.7754
74.3842
75.2115
73.6662
74.8749
74.3556
74.6727
74.4529
73.7054
74.2675
73.9473
74.4579
75.3499
74.7946
75.1025
74.7817
75.9069
76.6665
77.051
74.9761
74.7081
74.6314
73.7546
74.1241
74.7907
74.4229
75.0606
74.5933
74.0783
73.9944
74.1894
74.463
74.692
75.5556
75.0828
76.1181
77.2425
76.528
74.2821
73.7262
74.0297
74.0071
74.7117
74.6339
75.6284
75.6675
74.4283
74.3673
74.9621
74.8446
75.5453
76.3069
75.9291
75.6914
76.6186
75.3081
75.9444
75.7373
75.4702
76.1416
75.8021
75.6794
76.0282
75.4558
74.3694
74.771
74.3962
74.5247
74.7503
75.7123
75.5239
75.1311
75.0235
74.2781
74.8188
75.5398
76.0435
75.3802
75.7848
76.0915
75.1705
74.6442
73.6742
73.6779
74.4299
74.101
75.0466
74.7475
74.6183
74.8329
75.7812
75.3034
74.3162
74.1775
73.8831
73.9978
73.8054
73.3547
73.6721
75.0151
75.4349
75.5328
75.5414
75.5638
75.8222
75.7584
75.6425
75.5178
76.0796
74.9277
75.6569
75.3506
73.7893
74.1323
73.5674
74.8716
76.0805
77.1913
74.3508
73.9686
73.1153
74.1435
73.3136
74.6786
74.7461
75.6237
75.0176
74.3465
75.789
76.2921
75.4124
74.382
74.2323
74.9953
75.6541
75.1961
75.7965
74.8854
75.929
77.1223
78.43
75.5036
75.9519
75.9464
75.4374
75.7359
75.4122
75.4482
74.7244
74.5397
74.6421
73.3238
73.861
72.6505
74.9059
73.545
73.6142
73.2527
74.5513
75.7823
75.8828
76.1544
75.5741
75.386
75.6013
76.2445
76.3963
76.2742
76.0022
75.1233
75.9356
75.0254
75.2637
75.4139
75.4925
74.7635
74.753
73.0887
72.9905
74.728
74.4211
74.6123
75.4614
74.8544
75.1132
76.2209
74.7849
75.1326
74.1082
74.1394
74.9253
74.7869
75.4644
75.8231
74.5439
74.0819
75.5464
75.1419
74.8289
74.8397
75.179
76.0486
76.3807
75.1532
74.3537
74.3885
75.084
74.7212
75.0898
74.5923
73.8336
72.8244
74.3088
74.2279
74.3075
74.3112
75.007
75.5018
75.415
75.4597
74.3126
74.0951
73.7575
74.4387
74.528
74.2953
75.1123
75.5126
75.2449
75.4586
75.0901
75.9983
76.0698
76.0599
76.1847
75.8859
75.2879
75.3065
74.6044
75.1231
75.2967
76.2229
75.7961
74.9886
74.3214
74.2219
73.694
73.7352
73.6639
74.1963
73.3867
73.8828
73.226
73.8084
74.0329
74.1015
74.297
73.751
73.404
74.173
73.593
73.0699
73.8055
74.1999
74.9502
74.3711
74.2609
75.2199
74.1306
74.7637
74.6183
74.6794
74.5991
74.0456
74.6277
74.9732
73.0777
76.1037
76.8191
77.0833
76.1351
75.5544
75.2419
75.0541
74.8976
75.7677
75.4831
74.7444
74.9358
75.6088
74.6764
73.71
74.2237
74.9977
74.3664
75.0708
74.1803
75.0173
76.5243
76.6477
76.713
75.8019
74.7339
74.2683
74.4812
75.6865
75.4396
76.5183
75.2381
76.7762
76.002
76.7079
75.6885
76.17
75.0514
75.4154
74.5577
75.7662
75.4835
74.8033
74.7006
75.5922
76.3008
76.4911
75.9131
75.6248
76.1618
75.6185
76.1927
75.0796
75.2773
75.0944
75.8105
74.8417
74.7796
74.1855
74.9561
75.9712
76.487
75.406
75.5192
76.7031
76.0394
75.87
74.8262
74.0747
74.5233
75.2092
75.1975
75.6067
76.0244
74.9108
75.6268
75.1665
74.7767
74.1017
75.2124
75.1709
74.8715
75.0618
74.7673
74.3568
75.7206
75.8299
73.2231
74.9445
74.2456
74.2444
75.2486
74.7921
76.161
76.8859
76.6137
76.973
77.2258
77.3196
76.4108
76.2629
76.0845
76.1972
76.7689
76.8705
76.1372
76.1109
75.4833
76.3248
76.4679
75.9428
75.3617
74.7762
75.537
76.0104
75.696
74.7856
75.4302
73.6811
74.165
74.8914
74.4231
73.265
73.594
73.3557
73.4918
73.647
73.8654
73.7856
73.9101
73.7704
74.6895
73.9888
74.0891
74.6258
74.9299
74.6102
75.0301
75.3071
74.833
74.8041
75.9396
75.1469
74.8641
74.9566
75.5446
76.1919
74.9085
75.2557
73.948
73.8798
74.7134
74.4178
73.799
74.556
73.5818
73.404
74.6777
74.6863
74.8952
75.6455
75.6859
75.096
75.5798
75.8942
76.6948
76.6915
76.5103
75.2144
74.8763
75.0633
74.0073
74.0579
74.1633
74.2223
74.2935
75.4913
75.805
75.4708
75.2713
75.7698
75.1185
74.785
74.9489
75.5039
75.1582
74.3839
74.5522
74.6301
74.9203
73.4883
73.9114
74.7166
73.8001
75.283
76.0577
76.4062
76.4187
75.9642
74.9169
74.9703
74.6774
74.9444
74.8279
74.2204
73.4236
73.6757
74.414
74.5858
74.5637
74.5449
74.5716
73.9019
75.0535
76.4826
76.2637
75.6103
75.7482
76.6795
74.6986
75.1962
74.2467
74.726
73.9529
74.7745
75.8384
74.4054
73.9112
75.9662
76.2492
75.6084
75.4559
75.3821
76.2214
76.3282
75.9376
74.8459
74.1431
72.8481
72.5754
72.9148
74.0121
74.0741
74.3401
74.5765
75.052
75.772
75.104
75.2925
75.6644
76.0396
75.1926
74.9377
73.9471
73.0845
74.2387
75.0078
74.9592
74.8558
75.0793
75.1503
75.9668
76.1652
75.3466
76.4346
75.4956
74.897
75.7005
77.3011
76.2857
74.3916
74.9947
74.2499
74.3175
75.0734
74.3894
75.359
74.762
74.7261
74.2957
74.4285
73.2905
73.6715
74.2099
74.7674
75.5848
74.9252
74.4847
75.0052
73.9726
73.9573
75.4044
75.1022
74.3533
75.6506
74.7048
75.0875
74.7597
75.0712
75.446
76.6482
75.2375
75.8711
74.642
75.1655
74.2189
73.8678
73.7225
74.5482
75.0014
75.8041
76.3675
76.4401
76.0982
76.1585
76.6865
76.5535
76.8184
75.6073
74.9923
75.2041
74.3539
75.4378
74.7664
73.4433
73.543
74.136
74.3134
75.2121
74.2027
73.7273
74.9878
75.4507
76.3888
75.3256
74.7825
75.6803
74.6308
73.8154
74.1116
74.2982
73.4691
75.3851
74.4637
74.268
74.239
74.2644
74.4843
73.7273
74.0551
74.7277
74.5304
74.1228
74.2339
74.4967
74.514
73.8455
74.2182
74.2436
74.4976
73.6953
73.9886
74.4403
73.8931
74.243
75.0951
76.5029
76.2059
75.5886
75.5482
76.0579
75.6797
75.1128
75.0629
75.8577
75.5793
75.4773
74.5872
74.4336
74.6991
74.8663
75.9032
74.0962
74.1914
75.2353
74.3131
74.3292
74.4049
74.7951
74.2227
73.3405
74.6617
74.2428
74.3617
74.4211
76.1364
76.9167
76.7324
76.1961
75.5845
75.3759
75.0531
73.9773
73.8437
73.7604
74.0336
75.1118
76.2104
75.1384
75.9548
76.0198
76.3414
77.3689
76.54
76.4974
75.661
75.466
75.5484
75.6808
75.5884
75.5061
74.3966
75.2648
75.4357
76.0199
76.0477
75.535
74.5611
74.9016
74.3672
75.3948
74.6593
75.4242
74.4976
75.6899
75.5494
75.66
74.308
74.694
74.9776
74.4146
74.7477
74.0919
75.2041
74.6247
74.3199
74.3079
74.8278
74.7763
74.2827
74.9183
74.4646
73.9601
74.8378
75.4902
76.1324
75.7453
75.8347
75.6069
74.2456
74.6111
75.211
75.5354
75.0477
74.9644
75.3159
75.8107
75.7434
74.0026
74.6371
74.5531
74.0199
73.8497
74.6422
73.9069
73.6819
73.9558
74.0128
73.041
73.4596
74.211
73.1067
73.0365
75.1765
75.2159
77.0306
77.133
75.7943
75.6166
76.5438
75.0108
75.7033
74.9086
76.0233
75.1031
75.1857
77.186
77.1202
76.5138
75.4105
75.0924
74.163
73.8205
74.9854
74.5281
74.2762
74.048
75.5525
75.5025
75.9099
74.3258
75.1987
75.2096
74.5506
74.6488
75.0441
74.2883
75.5899
76.0494
75.2115
75.7473
76.19
77.4935
77.7692
76.9477
76.4103
75.7806
74.5218
74.5967
74.3223
74.0895
74.9252
76.3805
75.718
76.0425
75.4933
74.6045
75.26
75.0942
75.6742
75.2199
75.2451
75.5422
74.9532
74.214
74.4768
74.8446
73.2975
72.7458
74.4537
75.3816
75.3362
74.474
75.9656
74.964
74.8146
74.5105
74.3284
75.0919
75.8431
76.3374
76.3336
75.9096
75.812
75.3854
74.417
74.7154
75.3534
74.5922
75.4558
75.4542
75.772
75.8045
76.0042
74.9647
74.6496
73.6362
73.4279
73.6682
73.724
73.692
73.9751
74.7313
73.3166
72.9327
73.2713
72.9503
74.4548
73.9607
75.0576
75.0305
74.7392
73.1752
73.344
73.7669
73.9918
75.5793
74.612
74.8695
75.7835
75.8638
74.1297
74.0334
74.4282
74.7349
74.8562
73.9163
73.7957
75.298
76.2872
73.975
72.702
73.5975
73.0503
74.1667
73.7644
73.7175
74.5317
73.8363
74.5327
74.784
75.1722
74.0878
73.8755
73.5723
73.4805
73.0378
73.9356
75.6674
75.9258
75.8173
76.4644
78.0841
78.1122
76.7308
77.3694
78.0039
77.9927
76.815
76.4941
75.529
74.496
73.4276
74.0125
74.6471
75.9795
75.8906
75.381
74.6962
75.6104
74.7187
74.6618
74.6312
74.8286
74.2069
74.273
74.8955
74.406
75.3394
74.7409
75.2904
75.4168
74.3223
73.3739
72.6339
73.1026
73.8045
74.2724
74.3462
73.6207
72.8428
73.5142
74.262
74.8035
75.2359
75.2233
75.1696
74.3279
74.946
76.2578
76.2624
75.8947
74.8076
74.5342
75.3317
74.271
73.2381
74.2746
74.1015
74.5814
74.2204
73.9105
74.1921
73.5381
73.781
73.3437
74.0357
73.7038
75.8384
75.8166
75.5086
75.6016
75.1493
74.6989
74.8693
75.7866
75.014
74.6652
75.6902
76.1061
76.11
76.0229
76.598
76.7215
76.8162
76.1748
76.796
76.5902
75.0943
75.8379
74.7502
76.6365
77.2006
76.3804
76.5149
76.0806
76.3136
75.0596
74.7816
75.4437
75.1072
75.2072
73.8249
73.0435
73.5441
74.3063
74.8649
74.5996
74.2817
75.3724
74.8912
74.5611
74.8738
75.1951
74.4469
74.7148
75.2561
75.0765
75.0832
75.1221
75.6703
76.5355
75.628
76.4789
76.1857
75.6676
75.6095
75.2643
74.5176
74.542
74.2024
73.8761
74.1803
74.3867
74.2784
73.0117
73.8449
74.5851
74.136
73.6541
73.3082
73.0788
72.9948
72.8535
74.9804
74.9218
75.0891
74.5095
73.9169
73.6883
75.3005
75.9652
75.9155
75.2489
75.5287
75.9271
75.2658
73.9633
75.588
75.0768
74.3386
74.3261
74.3465
75.1964
73.8904
73.9107
73.133
73.0542
74.2093
74.2742
73.7682
74.4588
75.4569
76.0939
75.3456
74.9365
74.7831
75.4516
73.8375
74.2009
73.9567
74.7942
75.157
75.8965
76.155
74.7515
73.823
73.6122
72.9901
73.5331
73.9464
75.2225
76.2659
75.3482
75.5948
75.7347
76.0604
75.3469
74.5268
73.2799
73.8896
74.8611
75.0795
74.9153
74.7106
74.4482
74.3732
74.6455
75.2249
74.2382
74.1385
73.1325
73.1297
73.9639
73.8201
72.8571
74.1378
75.1905
75.991
75.7765
75.0839
75.2016
74.3785
74.4626
75.5778
76.4161
76.0239
76.8148
76.4639
76.1614
75.5531
74.7255
74.355
74.6832
74.5436
74.1862
73.8069
75.9759
75.3199
75.8055
75.4
75.1942
75.4283
75.0735
74.4607
74.7553
74.924
75.7198
75.2329
74.9167
75.8203
75.3191
75.4754
75.5018
75.4655
75.5284
75.2837
75.6677
75.7187
75.0797
76.3625
75.5626
75.7601
75.3785
75.8299
75.9264
76.2205
75.435
74.763
74.9682
74.7824
74.6986
73.6064
73.6398
73.205
73.9303
74.6513
74.5664
75.5112
74.4297
73.4634
74.4178
74.031
75.8583
74.9326
75.2114
74.4637
73.4981
74.7384
75.3408
76.0147
75.7814
75.7564
75.2386
76.173
75.367
76.3791
76.7466
75.0406
76.1383
76.7431
75.946
77.3999
76.4529
75.8833
74.6194
75.0233
75.2112
75.8151
75.598
77.1415
78.7808
76.9214
76.7403
76.9136
76.4197
74.5046
74.9864
75.4669
74.5233
74.2018
75.1206
76.6266
76.4086
75.7048
74.9655
75.0656
75.2451
74.2822
74.7671
74.968
73.8284
74.4091
74.813
74.9048
75.6515
73.8804
73.757
74.7342
75.87
75.111
74.7171
75.1071
74.1608
74.0396
74.9812
74.5655
75.1603
76.019
76.1154
74.0725
74.9479
75.4477
74.0115
74.5671
74.6917
75.3133
75.0129
75.3066
74.6112
74.4803
73.9215
74.8369
75.511
75.8665
75.2204
76.2329
77.3147
77.2672
75.1614
75.3047
74.1304
74.006
75.026
75.0646
74.5941
76.375
76.1119
76.8391
76.7783
75.1935
75.722
74.4386
74.6876
75.0069
74.9226
75.0316
75.2827
75.6942
75.2386
75.7601
76.5198
77.8715
77.0185
76.5285
75.7286
75.8924
75.184
75.0252
75.3252
75.4695
73.7662
75.7332
75.4524
74.2674
74.8477
75.2663
74.1047
74.242
75.1726
75.9951
76.3306
74.9406
74.5309
76.1095
75.4846
74.3211
74.4216
74.7718
75.4576
74.6713
74.7472
74.5566
74.7226
75.2941
75.2771
74.6026
74.5218
73.8389
74.2651
73.9144
75.3641
75.5383
74.8514
75.5234
75.3577
74.774
74.5961
76.0083
75.6993
74.8686
74.9591
74.7925
75.3076
75.3062
74.4149
75.3657
75.5399
74.7761
74.8488
75.5003
74.1724
74.297
74.0838
72.4211
73.3802
73.3128
75.6386
76.3647
75.9816
75.8175
74.6922
75.8807
75.8931
76.2064
76.6423
74.8608
75.1598
74.4271
74.4204
74.5116
74.535
74.6778
73.6717
74.871
74.2519
73.7451
73.1359
73.714
73.7699
73.447
73.8356
73.6983
73.8977
74.9077
74.5849
74.8152
75.6185
75.9306
74.0083
73.5613
73.2663
73.6701
73.3992
72.3133
72.4894
72.726
72.483
73.53
75.0373
74.6251
75.7063
75.8779
75.6339
74.5163
73.8531
73.9386
72.5631
72.9726
73.7865
74.7268
74.1819
74.1745
74.1111
74.9123
75.82
76.0187
76.1644
75.9478
75.0621
74.3322
75.4041
75.0792
76.1661
75.0654
76.2075
76.2449
75.4223
75.0503
75.0007
74.7712
75.3098
75.9086
75.3707
75.311
74.2009
75.8519
75.6796
75.2663
75.2798
74.8947
76.2422
73.0769
74.5449
74.3013
75.4463
74.8384
74.3723
74.0128
74.5805
74.4302
74.1853
75.0574
75.2479
75.4971
75.0454
75.8358
75.8875
74.6188
74.9638
74.4115
72.6702
73.0644
72.5256
73.7128
74.4007
74.9003
73.7498
73.4261
73.4333
74.5718
74.8542
75.9475
75.1326
75.8207
76.2188
76.6983
76.5032
76.0857
74.811
74.1609
73.3787
74.12
75.1949
75.0918
76.6734
76.5572
76.6235
75.7151
74.8275
76.3678
75.8079
74.2478
74.8109
73.8686
74.0822
74.7139
75.0122
75.8194
74.8296
75.0926
75.7992
76.0414
77.1734
76.5628
76.4606
77.2733
76.4687
75.964
74.2658
73.8295
74.5813
74.1184
74.3695
74.536
74.7384
75.0437
75.348
75.0275
74.0732
74.4955
73.9921
75.0232
74.6501
74.2577
75.1797
74.1633
73.5571
73.3285
73.6932
73.416
73.3535
73.5654
74.1346
73.2662
73.6834
73.0048
73.0217
73.0352
73.3178
73.5132
74.0082
74.8466
74.5696
74.7537
74.2111
74.4097
74.6029
74.4589
74.6179
73.8766
74.4354
73.8444
74.4665
75.1894
74.951
73.7614
73.3776
73.6582
74.0557
75.0941
75.3916
75.8828
75.4262
75.1701
74.9575
75.2085
75.6001
75.6892
74.697
73.7076
74.5567
74.4308
74.7474
75.5115
75.3301
74.8535
75.3713
75.5212
76.4912
76.6073
75.5146
75.415
75.8629
75.4998
74.6154
74.7949
74.2067
75.3174
75.5651
75.8287
76.1804
76.0824
75.0408
74.3983
74.1837
74.3904
74.592
75.0262
75.9203
75.0961
74.2949
73.5362
73.4728
73.8715
74.2015
75.3419
75.2391
76.2448
76.0091
75.7188
76.0844
76.0208
75.5595
75.7222
75.4444
76.2816
75.5744
74.5189
74.5248
73.5209
73.7781
74.7536
74.7489
74.2414
74.2877
73.7325
73.3521
73.6325
73.9041
75.8805
75.9047
75.2481
75.3775
73.9668
73.7998
73.2053
73.7164
73.8892
73.4607
74.4166
74.3069
74.1078
75.4274
75.3974
75.7566
75.3648
76.3138
75.5536
74.4555
74.7895
74.8242
76.1918
76.4478
74.6778
75.4878
75.9902
75.8972
76.1263
74.8582
75.2063
74.7844
74.1104
74.5741
73.2695
73.0209
73.8019
74.6483
75.4744
74.3858
74.1459
75.8993
75.5791
76.526
76.596
76.571
76.6526
75.2795
75.1424
74.2577
74.2348
74.2669
73.8995
73.8012
72.5684
72.8175
73.083
74.5169
74.9833
74.8519
75.9383
75.6223
75.4379
74.2256
73.744
73.9697
73.8982
73.8848
74.4774
74.0699
74.3581
74.9145
75.0335
74.82
74.2518
74.8096
76.0854
75.7151
75.9428
75.0417
74.8832
74.3519
73.3552
74.2641
74.3672
73.8802
73.865
74.8064
75.1887
75.763
75.1064
73.3988
72.7757
73.5638
74.6878
74.4242
74.4625
73.7154
74.2545
75.0478
74.5403
74.7688
75.8668
75.9912
74.234
73.5628
73.3097
73.3562
74.5709
73.9737
74.8618
74.5418
73.8475
73.6904
73.5639
74.2418
74.5693
75.711
75.7889
75.6415
74.3803
74.0223
75.0245
75.4118
75.474
74.4609
73.7202
73.8311
74.0239
75.3037
75.5088
75.026
75.4353
74.3741
73.9665
74.5537
74.2292
74.6797
74.9225
74.5663
75.0062
74.2748
73.8955
73.8616
75.1991
75.3307
74.9931
74.6376
75.3678
74.5108
74.9233
74.3017
75.0007
75.5562
75.9853
77.0242
76.4649
76.2913
76.0311
76.7427
76.2218
75.9235
76.7285
76.1216
75.2437
75.6369
74.7629
74.6964
74.5445
73.644
73.8011
74.4478
74.6006
74.9395
75.1123
74.8642
75.8021
76.4643
75.4155
76.5857
76.7524
75.6708
74.459
75.7675
76.2173
76.553
75.0838
75.6566
75.1733
74.7951
74.7106
75.1832
74.5059
74.6384
74.1267
74.1389
74.0316
74.5601
73.8412
74.5338
75.3896
75.3948
75.32
74.7277
74.8747
74.8862
74.2164
73.7667
73.1441
74.0306
74.8296
74.9415
75.0075
75.4401
75.5219
74.9184
75.1871
75.7492
75.2691
75.1427
75.673
74.5971
75.6609
76.2183
76.2509
76.489
74.1044
74.5927
73.6788
73.9604
74.5447
74.1641
74.1596
74.4105
74.1605
74.2682
74.7956
75.1606
74.5846
73.8247
74.1211
74.0624
74.7567
75.0126
75.1668
74.5468
74.3017
74.7414
75.8852
75.8272
76.4702
77.0883
75.2065
77.0117
76.9443
76.4156
76.8145
76.2213
76.1353
74.0564
74.6385
75.2367
75.8567
75.3263
75.9631
76.3786
74.8399
75.1405
75.8834
76.8616
76.2673
76.7669
75.8555
75.5236
74.7987
75.0773
75.1431
75.36
75.0518
74.8506
74.9819
74.8461
75.2307
76.471
75.5695
75.7123
75.5185
74.7935
75.322
74.7865
75.227
75.2861
75.6996
75.0179
75.7861
75.8217
74.8027
75.3316
76.209
75.855
76.0745
76.9077
76.8442
75.8705
74.8536
74.7654
74.5012
74.7532
74.9629
74.7437
75.059
73.8691
74.1494
75.6534
75.2773
74.0144
73.7425
75.6646
74.033
74.7003
74.1824
75.2957
74.4132
74.6786
73.7243
73.8006
74.0876
75.216
74.2259
74.4764
74.3736
74.6825
73.6785
73.96
73.8984
74.6935
75.1191
75.3409
75.3852
74.0623
74.4849
73.8522
73.956
74.0046
75.0293
75.4999
75.1435
74.8342
74.2019
74.5984
75.3359
74.056
75.1245
75.6408
75.3443
74.5126
75.6624
76.4704
76.8065
77.0674
75.8717
75.7382
76.6528
75.8719
75.5802
75.9818
75.412
76.2326
74.8159
73.3547
73.6958
73.9931
74.3813
74.5547
74.0862
74.1643
74.0588
73.5485
73.1624
73.5418
74.195
74.3744
73.8743
74.789
73.8193
74.3916
74.544
74.3523
75.0032
74.9795
75.739
76.0627
75.5785
75.462
74.889
74.6229
74.629
75.7487
75.7969
75.1896
75.0722
74.7416
74.886
75.2081
74.6331
74.7206
74.495
75.5202
74.4958
75.1676
75.4987
74.9483
75.3851
73.7975
73.9832
74.0335
73.952
73.9583
73.011
73.9263
73.9818
73.8174
73.7998
73.8033
72.6574
72.6825
72.5645
73.1441
73.9009
74.4819
74.9014
74.5584
75.7525
75.4322
75.5107
75.857
76.0284
74.9485
76.0516
76.3093
75.7294
75.4291
74.3007
75.0747
74.7963
74.9457
73.8777
74.6233
74.5164
75.0857
75.2412
73.8078
73.5577
74.9979
74.2535
73.8625
74.5025
73.8446
73.5366
73.0092
73.0642
73.7425
73.4557
73.8732
73.817
74.8673
73.9128
74.0361
75.1948
75.2034
75.0878
75.8164
75.6097
74.4303
74.7841
75.0814
74.6874
74.2269
72.9991
73.7123
74.8693
74.3597
75.214
74.4791
74.9273
74.9913
74.9083
76.0166
75.9044
75.1418
75.2626
75.9237
75.3856
76.0313
74.7027
74.3476
74.9969
74.3659
75.2456
76.1716
76.4463
77.0123
75.8964
74.6811
74.9447
74.6851
73.7818
73.1346
74.4161
73.194
73.0722
73.8307
72.9948
72.6121
72.505
73.6234
74.1282
73.2914
73.5941
72.8962
74.3197
73.5222
76.0302
75.4451
74.7754
74.7469
74.6927
75.7634
76.4575
75.1137
74.8649
74.5994
75.6142
74.6119
74.3616
74.7406
74.81
75.0961
76.37
76.9015
75.6602
75.9423
74.7128
74.124
74.968
74.6258
74.7458
75.4203
75.7919
74.8378
72.6574
73.6778
73.091
72.891
74.3473
74.0609
73.5711
73.2975
73.9323
74.8256
74.4464
74.6411
75.8868
75.6734
76.0177
76.7783
75.9026
76.0344
77.5188
77.9933
76.8911
76.8334
76.8238
77.3085
77.4268
76.6603
75.468
76.0226
74.9486
75.2765
74.3745
74.118
74.6943
75.161
74.6906
75.9593
74.9855
73.7723
73.5808
74.7975
74.6649
74.752
75.2262
75.6503
75.079
75.4701
75.6127
75.7048
75.1493
75.3227
75.1909
75.2318
75.0312
76.5016
75.2216
75.6573
75.4912
74.3845
75.8756
75.014
75.1491
74.1659
73.3709
74.1998
73.4787
75.008
75.0831
76.1095
76.02
75.1508
74.8554
74.7054
74.8417
74.1594
74.3068
74.1394
74.9685
75.7552
74.5918
74.1722
73.7479
74.07
75.2019
74.9243
74.8772
75.6696
76.4909
76.264
75.2338
75.5319
75.4441
75.4732
76.1177
75.8714
74.7033
75.0109
75.7672
75.434
75.4417
75.1049
75.9896
75.2856
75.163
73.8842
74.9144
75.5703
75.4955
75.4479
75.1549
74.2949
73.9691
73.7548
73.7215
73.8595
73.7701
74.4417
74.1279
74.1991
75.3152
75.2331
76.538
75.4262
75.8869
75.8939
75.1399
74.0952
74.2467
74.9932
74.2336
74.1597
73.9195
74.4931
74.4154
75.0719
74.1115
74.843
74.7539
74.561
74.7671
74.6632
74.993
74.9654
75.2802
74.4165
75.4077
75.299
75.414
74.4928
74.7552
75.6741
75.3306
74.7092
74.5282
74.0579
74.1398
74.7614
75.455
75.4283
74.18
73.5583
72.9143
73.048
74.0907
73.7076
74.4496
74.9031
74.9785
74.1173
73.9848
73.8303
74.3269
73.6432
73.4788
73.7885
73.9644
73.2351
72.729
74.5696
73.7297
73.5614
73.9502
75.2858
75.7894
75.6363
76.3845
75.9812
75.5342
74.5325
75.377
75.8452
74.7197
75.0533
74.7925
75.4131
76.2254
76.0942
76.4064
76.1201
75.9597
75.1794
75.3283
74.7866
73.6887
74.2356
74.8774
75.3209
75.4327
75.5594
75.3416
75.0016
75.9051
74.3902
74.5825
74.1125
75.4808
73.4324
75.7243
76.3259
74.7166
75.0546
74.6519
74.9791
74.8652
75.1083
74.6302
74.9491
75.2767
74.6344
75.1458
76.1402
76.6872
76.4693
75.9157
75.9329
75.5649
74.978
74.9695
74.5684
75.0494
75.6771
76.1734
76.0856
75.0218
75.2266
74.3295
74.2329
73.4157
73.6
74.5024
74.2374
75.0153
73.7298
73.9454
74.872
76.1895
76.054
75.2716
74.4434
75.3034
74.4779
74.3331
75.0481
75.1584
75.0944
76.1642
76.0928
75.3096
74.4656
74.3208
75.2171
75.8881
76.5048
76.5127
76.8945
77.2414
76.6011
76.3583
75.9353
76.228
75.0273
74.5992
74.3077
75.2027
74.7806
75.0598
75.2433
75.0582
75.2653
74.2826
76.4245
75.0436
75.1199
75.3896
75.3648
75.0857
74.9486
73.7464
73.1397
72.862
73.6156
73.3566
73.9583
73.8036
73.6228
74.2172
74.5519
75.0674
74.813
75.0558
75.9847
75.3905
75.0948
74.6569
74.5267
75.4628
75.6289
75.2315
76.4993
76.0353
75.8155
75.3893
75.7669
75.4364
74.4677
74.9323
73.8792
73.8895
74.0297
75.52
74.3529
74.2697
74.1385
75.1746
75.5402
75.2109
73.8548
73.8763
74.7013
74.6718
75.7154
75.7073
74.8267
75.0868
75.0877
74.9665
74.4856
75.3752
74.5857
74.5132
73.933
73.9387
74.3479
74.854
74.2817
74.3194
74.3102
74.0307
73.9061
74.1416
74.4229
74.7984
75.2472
74.5379
76.7447
76.1499
76.4221
76.1596
74.7259
73.458
74.3584
73.6265
74.5748
74.0869
74.1225
73.9741
73.7013
74.4032
74.7665
74.3734
74.5929
74.0264
74.2894
74.2874
74.5366
74.4114
75.1977
75.9379
75.6127
76.6412
77.0152
76.9417
76.1871
76.5393
76.1391
75.2055
77.1783
76.6294
77.5317
76.2947
76.1717
74.6366
74.0257
73.9989
73.6816
73.7358
72.909
73.1563
74.3717
75.1786
75.1452
76.231
75.4134
76.357
75.5975
74.42
73.5813
72.9404
73.3158
74.3205
74.3313
75.1066
74.5449
75.0499
74.4196
75.1883
75.2682
75.3729
75.9731
75.4134
74.6811
75.8117
75.2736
74.5515
74.1943
74.958
73.9893
74.2379
74.1715
74.0437
75.32
75.2895
75.2534
75.5024
75.7008
75.8193
74.0372
74.8572
72.7688
72.3413
72.7069
72.7314
73.459
74.6502
75.3752
75.1178
75.162
74.1486
74.6869
74.6803
74.4806
74.8933
73.5742
73.9335
74.181
73.8433
75.2613
73.9018
74.4518
74.146
74.4141
74.5908
74.2162
74.1165
73.5593
75.0275
75.0388
75.2135
74.5414
74.3624
75.1539
75.502
76.7821
76.7837
75.6062
75.6165
74.8353
75.9629
75.9525
76.8831
75.6278
76.3232
74.9084
75.8803
76.3291
76.3394
76.2777
74.2996
75.2967
74.1385
74.4168
74.7048
74.2223
75.2126
74.7317
74.683
75.3825
75.1493
73.8894
75.2794
74.8751
75.822
75.566
75.607
75.2841
76.2938
75.5464
74.6615
75.7129
76.5259
75.0412
75.5767
74.9345
75.6922
74.7291
73.7325
74.5772
74.1517
74.0035
74.3057
75.4537
76.6552
75.8814
75.7561
75.0458
73.8967
75.1062
73.52
73.4418
73.6543
74.3544
74.3196
73.6422
73.658
73.3759
73.9805
74.2587
74.9449
75.1472
74.6668
74.9984
74.8621
74.7865
75.1939
74.1395
74.9991
75.9605
75.3179
74.6472
74.1815
74.2991
75.151
74.759
73.1907
72.8153
73.0038
73.1713
73.0256
72.3943
72.7098
73.0538
72.981
73.4053
74.5147
74.4755
74.8708
74.5184
75.7809
74.6551
74.5417
74.7947
74.818
75.8717
76.1874
75.3248
74.6619
74.6067
73.9632
74.71
75.0459
75.1477
74.5394
75.3033
74.1661
73.0654
73.0389
73.4562
73.4772
73.9635
74.6368
74.374
74.4077
74.3004
75.654
75.7887
74.783
74.2095
73.9957
73.9944
73.1629
74.1201
73.461
73.9732
73.3081
72.9568
73.5314
74.5053
75.4968
75.4694
75.9828
74.5744
74.5093
75.3121
74.8091
75.6172
77.0526
75.5163
74.8845
75.8568
76.6916
76.3112
76.1104
75.5565
74.9443
74.2072
73.4314
72.9951
74.3406
74.372
73.9344
74.4016
75.5075
75.4745
75.1117
73.8028
74.4465
75.1175
76.0078
76.7138
76.0302
77.0682
76.8297
77.5173
76.2632
76.6035
76.4423
76.1929
77.0315
76.2318
75.9502
77.4147
77.9145
76.9534
76.2288
75.4789
74.429
74.4111
74.2723
74.6961
74.3811
75.6105
75.1823
74.2536
74.2152
74.9136
74.5573
75.6073
74.0404
74.7283
74.4924
73.9394
73.4828
73.7529
74.4461
74.8525
73.9981
74.2015
74.0405
73.2557
74.9105
74.7392
74.8469
75.3464
75.0185
73.6173
74.0496
74.6135
73.9987
73.6175
74.2503
73.8458
74.6919
75.4251
75.1844
73.9221
74.9989
74.7002
74.6876
74.8274
74.1584
74.5298
74.1716
73.3504
73.7665
72.7175
72.8322
72.7942
74.6443
74.4245
74.1827
74.5385
74.3161
74.9028
75.2011
75.4864
74.1876
75.1441
75.3621
75.0338
75.4961
74.998
74.1947
74.0947
73.645
74.005
73.9245
75.0989
74.381
73.8089
73.5529
73.7978
74.1455
74.0343
74.1444
73.4583
73.5548
73.9666
74.1623
74.2959
74.3908
74.0587
74.7217
74.2971
74.4175
74.808
75.2491
74.7461
73.9056
74.3063
75.2975
74.7527
75.3276
75.3464
75.7408
75.9157
74.9526
73.8916
74.0733
73.658
73.95
74.1939
74.5737
74.1924
74.6452
74.3907
75.4623
74.729
75.527
74.3285
73.6244
74.8325
74.9998
73.9299
74.2495
75.3484
75.0196
75.6373
75.2658
74.9037
75.7935
75.7978
77.3569
76.2184
76.0193
75.8283
77.2821
76.1228
75.0432
75.3425
74.8172
75.1579
75.2858
76.3446
75.4608
74.2731
74.3611
75.1399
74.5041
74.6572
75.8246
74.54
74.5991
74.4514
74.6685
73.9594
75.1649
74.438
74.3925
76.2925
76.4567
74.9741
75.7364
76.1773
76.4857
76.8697
77.6275
76.653
75.9037
74.9331
73.9022
74.0086
74.5327
73.3664
74.0832
74.6386
74.7672
75.2198
76.2591
75.1899
75.9526
76.9424
76.7362
76.2985
75.6437
76.1402
76.8818
75.8701
75.4994
75.5262
76.4792
75.6128
74.9605
75.0793
74.7033
74.9207
75.6044
75.227
75.1845
74.0815
75.528
75.3442
75.2483
75.2028
75.739
74.4303
75.0341
74.0512
74.1158
75.0105
75.0916
74.1362
74.3245
73.873
73.9965
73.7783
74.0266
73.2384
73.608
74.0353
73.9959
73.493
73.4871
74.2444
74.4069
74.1271
75.1254
74.7938
74.7026
75.4742
75.7264
76.9603
77.0376
76.8858
75.6107
74.276
73.655
73.9754
73.7771
73.5461
74.1941
75.3788
74.6089
74.0047
74.2667
74.1184
73.6301
74.5151
74.6908
75.1532
74.5045
74.6025
73.4007
74.7881
74.8057
74.9612
74.2981
73.7551
73.4183
73.4364
74.9484
74.7611
75.4108
76.2881
76.858
77.1529
75.6675
76.1488
75.3206
74.7251
75.4176
75.6887
76.5324
76.0183
75.9886
77.4263
75.199
73.999
74.36
73.7881
73.7139
73.5333
73.7176
74.7457
75.43
75.011
74.6222
74.2842
74.2683
73.6935
73.7518
74.7733
74.9988
75.427
75.5451
75.5429
74.4402
73.802
75.4032
74.3103
73.6726
73.4723
73.8355
73.5662
73.5566
73.2595
74.4849
74.9074
75.6118
75.2498
74.9797
74.8132
73.6541
74.3547
75.4386
74.6643
74.5664
74.2596
73.6498
74.6564
74.5804
73.9405
74.3879
75.2422
74.7599
74.1617
75.6007
74.3751
74.0096
74.1666
73.7484
73.4461
74.5053
74.5671
75.9687
76.1222
75.0762
74.8398
75.9152
75.5014
74.7743
75.0124
75.5847
76.227
75.7574
74.8688
73.7524
74.4859
74.588
75.4412
74.8439
74.6589
74.6122
74.3357
73.6407
73.4269
74.5032
75.6632
75.7022
75.4832
74.9131
74.0359
74.8142
73.3141
73.667
73.8656
75.0683
75.0394
74.2363
74.9349
76.5521
76.1679
75.7487
76.6063
76.4352
76.0905
74.4137
74.9844
73.5447
72.6319
73.0518
73.9576
75.1714
74.4414
75.6476
75.7079
75.4521
74.9498
75.05
75.278
74.6929
74.9924
75.4442
75.6327
75.1048
74.3259
74.4911
74.1458
74.3174
74.6881
74.7402
72.165
72.616
74.255
75.6475
75.7515
75.7639
76.2451
76.9903
76.801
76.0894
75.1498
75.5201
75.3002
74.1287
75.5461
75.5675
75.9629
75.3441
74.5141
73.057
73.6866
73.715
74.2855
74.4514
73.7994
74.9352
74.7996
74.6027
74.4741
73.9612
74.8459
74.8801
74.3319
75.4317
75.7888
76.4862
76.4419
75.83
75.5525
74.0068
74.0478
73.4932
73.916
73.8365
74.7204
74.8591
74.495
74.1443
73.1009
72.6423
73.0524
74.4155
75.2705
74.4502
73.8003
75.8499
75.362
74.9227
74.4755
74.398
73.8568
74.4032
73.5912
73.6625
74.2745
74.2806
74.378
73.6807
72.7594
73.0178
73.8292
75.148
74.4992
74.4142
74.0955
74.0417
73.4568
74.471
75.1462
73.4877
73.949
73.8413
74.3306
74.0392
74.4541
75.2708
74.4912
75.1434
76.0216
74.6746
73.8519
74.0421
74.124
74.5871
75.3206
75.4646
75.4343
74.6688
74.6477
74.2631
74.6476
75.4762
76.0813
77.7543
77.6619
76.6402
75.2537
74.9219
75.6767
74.9872
74.8756
75.015
74.4222
74.3238
74.1232
73.6308
73.4059
74.5004
74.5477
75.2573
73.6755
74.627
76.2499
74.9286
74.1248
74.591
74.462
74.2766
72.8555
74.1295
74.6987
74.2981
75.6558
74.7306
75.7739
76.7748
75.7882
75.6794
75.0371
74.9693
76.2421
76.636
76.9029
75.3583
74.1542
75.1359
74.9594
74.6307
74.4125
72.9693
73.389
73.8913
74.393
75.6382
74.8244
73.4906
72.5773
73.0862
72.1461
72.2964
72.7494
72.9144
73.1057
73.7277
73.8262
73.789
74.5846
74.3171
74.1567
74.7073
76.4818
76.1341
75.9609
75.9943
74.9379
75.4572
75.1701
75.0622
75.0682
75.272
73.9933
75.0583
75.1846
74.8373
74.4308
74.8919
75.4168
75.6341
74.7108
74.8182
75.9869
75.313
76.0524
75.1487
75.6763
74.4515
75.6407
76.123
75.0926
75.1484
74.9906
74.4
74.2822
74.6261
75.1979
74.7617
76.1521
75.8627
75.992
76.431
76.1318
76.5336
77.0267
77.2521
75.8268
75.7079
75.1241
75.2008
75.3926
75.3771
74.9776
74.2825
73.7757
73.6454
73.2317
73.4924
73.6695
75.2282
75.727
75.1268
74.7633
75.3051
74.9381
75.356
74.1197
74.3549
74.6984
74.3685
74.6536
74.912
75.2531
75.2417
75.1953
76.0319
75.9626
75.0285
75.0827
75.3507
73.7522
73.6746
73.9218
74.7911
74.2219
74.6727
74.274
73.1201
74.1808
73.3598
73.4094
74.5268
74.3851
74.5607
74.7734
74.1048
75.0573
74.027
73.7592
74.5452
75.0579
74.4717
74.6776
75.1376
74.6556
74.4355
74.6561
74.4423
74.3695
74.9284
75.0286
75.373
76.9047
77.1685
76.1828
77.0876
76.5051
75.5478
74.8883
76.8449
76.2359
76.0951
75.8434
75.4244
74.7941
73.9603
74.9828
74.4402
74.8448
74.5338
74.5806
75.3559
75.6351
75.1309
76.7817
76.3513
77.3459
76.3426
75.4619
74.9509
73.3818
73.0075
73.2688
73.2741
73.2593
73.8967
74.0156
73.4377
73.4257
73.5028
73.8611
73.8246
74.1551
73.3764
74.1247
75.328
74.5131
75.5092
74.7344
75.2044
75.2245
74.9668
75.3338
75.6497
73.6091
74.0156
74.7937
74.3428
74.5247
73.8093
73.6227
73.6461
73.5239
73.8544
74.6685
74.818
74.3233
74.769
73.4936
74.1466
73.6879
73.9053
73.3198
75.7578
75.2161
73.4252
74.0429
75.3149
75.0644
75.2853
76.0643
75.8184
75.6168
75.4477
74.9578
75.4274
74.475
74.0463
74.18
74.7419
74.8757
75.1128
74.8051
75.1625
76.3032
74.4065
74.3815
75.6852
75.1704
75.2513
74.7424
74.6613
74.5471
73.7904
74.3113
75.2762
75.8632
74.352
74.1633
74.2602
74.4758
73.6139
74.0627
75.0138
73.8766
74.1749
73.3841
73.5015
73.9285
74.0545
73.4395
73.6908
75.0315
74.4553
72.9823
73.1414
73.096
74.5965
74.7028
75.1897
74.1636
73.2178
73.5337
74.0784
73.9577
73.9846
73.9092
74.4204
74.4228
75.2044
75.406
74.4006
73.9412
74.4797
73.3142
74.7474
73.8069
74.1533
74.612
75.8058
76.1684
75.0753
74.1118
73.5844
75.5031
75.5917
74.4355
74.3807
73.5169
74.5575
74.8365
75.7668
76.0382
75.9618
75.7671
76.0347
76.3616
76.7825
75.9508
74.4124
74.015
74.8318
74.3333
74.9412
74.6383
74.9009
74.3437
74.0403
74.3558
73.888
75.3393
75.5168
75.844
76.3953
75.852
75.635
73.8715
73.7027
73.9411
74.9383
73.1325
73.8078
74.7085
74.1849
74.5541
74.6086
74.382
74.3832
75.4838
75.1581
74.5508
75.6353
74.3186
74.461
75.0054
75.0138
73.8388
75.0503
73.4699
73.3067
72.9503
72.678
72.778
72.9217
73.5935
73.948
73.8211
74.5474
75.3635
76.2981
75.8953
74.604
74.7022
75.2955
75.2272
74.7739
73.4009
74.3521
74.8413
74.498
75.0991
74.9184
73.9622
74.2796
75.412
74.1558
75.6763
74.9508
74.3175
74.9182
74.539
74.0771
75.0897
76.5437
77.05
75.3073
74.184
74.4895
74.1708
74.295
73.8296
74.6581
74.4579
75.3774
76.2261
76.7005
77.6338
76.5949
76.1039
75.5405
75.8398
75.4803
75.0583
73.9092
75.0736
73.5549
74.8474
74.2497
73.7989
74.9341
74.0664
75.4047
75.9456
74.4845
74.0822
73.5214
74.1913
74.8932
73.4324
74.388
75.2013
75.5031
76.0363
75.5855
74.3116
74.4988
74.5432
75.0572
74.4731
74.8042
75.8116
75.9983
76.229
76.3803
75.3675
75.7456
75.8362
76.1675
75.6458
75.3442
75.1236
74.7065
73.4572
74.2464
74.539
74.1588
74.9323
74.396
74.9925
75.7644
75.3793
76.6274
76.2662
75.6719
76.1429
74.3778
75.1195
75.1264
74.92
74.0002
72.8897
73.5276
75.3039
75.4832
75.2966
76.717
75.4238
74.9744
74.4102
73.9049
74.6037
74.5214
75.3169
74.3672
75.533
74.5128
75.2605
76.8047
75.466
75.6742
75.4526
74.8661
74.2794
73.3864
73.6581
74.818
75.4546
77.0481
75.6153
74.0255
74.799
74.6522
75.4544
76.5581
76.5155
76.1335
75.6622
73.8393
73.9293
74.2825
74.242
75.3919
76.1897
76.7228
76.8621
76.8099
76.5991
76.4709
77.4583
76.9984
76.4389
76.1477
76.2898
76.2127
75.6328
75.4075
74.517
75.3856
76.5341
76.2743
76.2272
76.0589
75.2833
75.3043
75.4288
75.9845
75.4909
74.7983
75.6345
76.3884
76.1225
75.2338
75.4415
77.073
76.698
76.5355
75.6039
75.4288
75.5646
77.138
76.6481
75.7247
75.757
74.8948
74.5755
73.8518
74.477
73.9852
73.0896
73.8166
74.4843
75.2614
75.9306
75.5333
76.2225
75.2971
75.6108
74.6333
75.3117
76.0186
75.1039
74.7132
74.1771
74.453
75.1846
76.3252
75.3276
75.7341
75.8916
76.3902
75.2215
75.6591
75.0749
75.1073
74.9789
75.4792
75.3823
75.3773
74.887
74.5968
75.712
75.0496
74.8523
74.2689
72.4572
72.9995
72.043
73.7486
74.5704
74.4502
74.7933
74.8809
75.5446
74.6569
76.1585
76.2954
76.6815
75.1059
75.6328
75.4613
74.4402
75.3996
74.8338
75.065
74.0517
73.1588
73.4511
72.6581
73.5221
73.437
75.0096
74.3992
74.3652
74.8815
75.2025
75.7869
75.6847
76.1839
75.5312
75.3267
73.2513
73.8472
73.8825
74.9592
74.8918
74.3793
74.4125
73.7365
74.6849
73.6921
74.7754
74.6024
74.2158
74.3983
75.0678
75.1761
74.0913
75.0162
74.5183
73.955
74.1018
73.4758
73.5651
74.352
73.8029
73.8469
74.3064
74.1206
74.5467
75.3145
73.7682
73.5971
73.377
74.1838
73.5585
74.1627
73.7611
74.1562
74.0853
75.3467
75.4018
74.6031
74.2436
74.705
73.4954
73.6174
72.8708
72.7062
73.1947
73.5758
73.8188
73.7272
74.1824
74.979
74.7617
75.037
76.1845
76.2845
76.5324
76.103
74.8303
73.865
73.4246
73.6925
74.7299
76.4293
76.3949
76.2935
76.1692
75.335
75.4648
76.1745
74.7911
74.4008
74.6137
74.352
74.4371
74.9647
75.0118
75.3693
74.8985
74.0118
74.2527
74.6491
75.5066
74.6387
73.7912
74.2634
75.0173
75.9436
74.7081
75.4307
74.4581
73.8197
72.777
72.7429
74.0302
74.2944
73.8933
73.2764
73.2352
74.3557
73.4103
73.1774
72.9105
73.3285
74.1296
73.718
74.7813
76.0689
75.7364
75.1841
75.2896
74.8979
76.3959
76.2094
74.8282
74.209
74.4898
74.6197
75.0504
75.7148
74.5871
75.8407
77.7949
75.5648
76.0378
76.1115
76.2557
75.9394
74.8681
74.3967
73.8883
75.1775
74.0069
75.298
75.2366
75.4998
75.36
74.937
75.1386
75.7594
74.8575
74.4404
73.9712
73.0916
73.3836
73.8147
73.4987
74.0253
74.654
75.5487
75.3971
74.1559
74.5864
75.5597
74.7174
74.4913
75.0356
75.3871
74.7443
75.9746
74.9569
76.0492
73.5367
73.2998
73.7332
73.2194
74.8486
75.3144
74.3822
75.7245
75.3243
75.6036
75.8811
75.134
73.3684
74.5626
74.1784
73.4978
75.415
75.3076
76.3757
76.1594
75.5563
75.8245
77.5358
77.9627
77.3043
76.7302
75.4422
76.3846
76.4392
75.5407
75.1194
75.0881
74.848
75.4799
75.5236
75.4904
75.4259
75.3797
75.397
74.8855
76.2449
76.7153
76.3095
75.4763
74.9477
75.129
75.4796
75.0074
74.5541
73.5789
73.405
73.7586
74.0782
74.7694
75.1743
74.1128
74.1373
72.607
72.1362
73.3012
74.3297
74.2643
73.9427
74.1627
75.011
76.6345
76.6698
77.5397
77.3294
75.6354
76.8127
76.398
76.6383
77.8491
77.0446
76.1934
75.6283
75.3373
73.7208
73.6946
74.1552
74.3781
74.7681
74.9136
75.8049
75.6269
75.8198
74.8176
73.8897
73.802
75.0572
74.4628
74.1036
75.554
74.8934
74.8283
76.126
75.7052
75.7142
76.2684
75.361
75.3915
75.156
74.9885
74.479
76.2328
75.6395
75.1955
76.0562
76.8443
75.3483
74.9364
74.8155
75.0758
74.5316
75.2421
74.8755
74.4013
74.1513
74.0438
74.1037
73.26
73.399
73.8369
73.5653
73.9792
74.9237
74.0591
74.6691
75.8252
75.21
74.4774
76.9116
75.9669
74.9664
74.461
74.608
75.6726
75.6029
74.4855
73.5103
74.2171
73.9049
75.2416
75.7629
74.7166
74.8258
75.4677
74.8758
75.4187
74.5204
75.6863
74.3031
75.2228
75.9899
74.328
74.0823
74.2372
74.7547
73.8619
74.1684
74.8746
75.7311
74.578
73.6504
73.2504
72.6692
74.0722
73.9088
73.8758
75.0646
75.3376
75.0825
76.2713
76.5317
75.9321
76.3878
76.7369
75.6153
75.2737
73.6149
73.3381
74.2924
73.7234
73.8709
74.396
74.8552
74.1438
74.0782
74.7981
75.0418
74.2075
73.9701
74.698
74.3987
74.7561
74.271
75.0415
75.4174
75.3181
75.7615
75.7179
75.3767
74.8534
75.0288
76.8227
75.672
75.0127
75.0228
74.9232
74.5587
74.8384
76.2345
76.4039
76.9865
75.7306
74.4923
74.5002
73.4264
73.9715
74.0422
73.967
74.7423
74.099
73.9669
74.6689
74.3099
74.6438
75.0581
76.2813
76.1449
75.4064
75.1818
75.0531
75.4084
75.2537
74.6538
73.8416
73.7929
74.519
74.0048
72.7881
73.7981
74.3812
74.5864
74.9227
74.1995
75.0424
74.5277
74.4841
74.1113
74.0721
74.6838
74.9736
74.1339
75.9138
75.9463
75.9041
76.0119
75.4772
75.5563
73.8206
73.9568
74.6225
75.0028
75.0174
73.8094
73.4376
74.1576
74.7119
75.6379
74.1204
73.3813
72.6025
73.3679
72.9157
74.46
75.8857
76.4726
75.3196
76.0158
75.854
75.5577
74.0462
73.6986
74.9145
74.6919
74.7653
73.9725
73.7913
74.1439
74.3413
74.1509
74.2657
73.6954
73.6358
73.8634
74.2627
74.3686
73.9451
73.985
74.5429
73.0159
74.6541
73.9322
74.029
74.1848
74.854
73.9145
73.7747
73.7191
73.3788
73.6025
74.8756
75.3578
74.8577
74.1982
74.3132
73.7763
73.7633
74.8069
73.8188
73.7829
74.8016
75.3155
75.0938
75.0775
75.41
75.5365
74.8905
74.0142
73.7034
74.2625
74.4319
74.7123
74.1504
73.8124
73.5677
74.2413
74.0649
74.2782
73.6347
74.581
74.904
74.1004
74.2612
74.272
75.0034
74.1447
74.0722
75.2583
74.7804
75.13
74.118
74.3242
75.5063
73.6775
74.2126
75.0394
74.403
74.2147
74.1143
74.3239
74.3248
74.2562
75.4769
76.0533
76.068
77.357
75.3545
74.6924
73.8834
74.6963
75.832
75.0574
74.4732
75.3818
76.0824
76.7173
75.891
76.2705
75.6151
74.8743
73.8612
74.4569
75.0315
75.8615
75.9775
75.015
76.3706
76.2624
75.5642
74.1173
75.1993
74.4601
73.9942
74.5879
74.4816
75.2056
74.9861
75.5554
75.6591
74.5169
74.5462
73.6763
73.2124
75.3958
73.5126
73.5028
74.5144
74.6111
74.1457
74.8986
75.7265
76.3
76.6977
76.23
76.9593
75.1102
74.8957
73.4189
74.4853
75.4149
75.0882
75.5869
75.9751
75.039
74.5046
73.4426
73.9903
72.1938
72.5483
73.4579
72.5035
72.9972
74.2833
74.3338
75.4169
74.7143
75.0945
74.597
74.2053
74.1508
74.5682
75.2074
75.227
74.1409
75.0654
75.4889
75.6473
75.2774
75.4443
74.5485
74.1954
74.9758
74.4607
74.533
76.7699
74.4131
74.3916
74.7641
74.6211
73.5279
73.7183
74.0755
75.7041
76.5244
76.6487
75.4474
74.5847
74.7134
74.8869
76.1327
75.2952
75.4298
75.3465
75.2326
75.1736
75.0945
74.0642
74.045
74.2384
73.5427
73.5634
73.6214
73.8732
74.7128
75.5828
75.6072
74.6177
75.5435
74.4681
74.7607
75.0234
75.0034
75.4069
75.4735
75.0946
74.1001
74.5154
74.2375
74.4771
75.516
76.4282
75.3998
75.1145
74.3617
74.6598
74.2273
74.6458
74.795
74.2825
74.275
74.255
74.6879
73.9783
74.9037
74.1522
75.4633
76.5134
75.2714
74.5688
74.5627
73.8316
74.0979
74.5461
74.908
74.4519
73.9584
74.5176
75.0401
73.5057
73.2128
74.2493
74.2065
74.6537
74.7319
74.4598
73.6712
73.8967
74.6375
74.9726
73.8938
73.7847
74.0822
74.9355
75.6581
74.91
73.4746
73.4098
74.0442
73.6223
74.5499
76.294
76.8862
76.5582
74.9528
75.0484
73.9442
74.7666
74.9088
75.1877
75.4428
73.8214
74.7229
74.9247
74.158
74.848
75.245
73.5232
74.3326
75.1834
75.0369
74.6164
75.0783
74.5438
74.6807
73.881
74.3136
74.2648
74.3885
74.5336
75.6989
75.2879
73.9842
74.1456
74.5041
75.26
74.9184
75.5046
74.8125
74.8274
74.2965
73.9634
73.6712
75.3417
76.2089
76.4567
76.0981
76.2588
76.3909
77.348
77.2237
77.0623
77.5525
76.2696
75.2722
76.145
74.8859
73.9689
73.9747
74.7662
75.3985
74.6575
74.5355
74.8244
76.1936
76.0358
75.5894
75.215
74.1936
75.1755
75.0561
74.1477
73.5034
75.1842
74.1965
73.6232
74.6481
73.4988
73.1728
73.9312
74.4657
73.9973
74.3755
74.6389
74.8795
74.6376
75.5648
74.9903
74.6072
74.5382
75.8081
76.7011
77.973
77.3379
77.303
75.5608
75.9829
75.9882
74.5843
74.2404
74.3848
74.3368
73.5105
73.5807
72.6492
72.354
73.3651
74.2279
73.4461
74.6324
74.6262
73.4284
73.4188
72.916
73.8049
73.2176
74.2658
75.3496
74.7519
75.2166
74.9067
75.0666
75.4335
75.443
75.1692
74.2408
74.3256
75.3131
75.2456
73.4763
73.7308
74.2123
74.2658
73.9107
74.5948
74.2493
73.0714
74.212
73.6231
73.9188
74.1268
74.1961
74.6296
75.1231
74.4844
75.2543
74.3162
76.408
75.1291
74.9581
74.4809
75.1626
74.8625
74.4823
73.7995
73.373
73.4012
72.6995
74.3233
74.4471
74.7591
74.7485
74.6935
75.1327
74.9923
73.7287
73.1782
72.602
73.2886
72.8737
73.7682
74.1456
74.548
74.9276
74.5341
75.5051
74.5914
74.4675
74.5942
73.8006
75.5216
75.5069
75.3402
75.3433
76.0698
75.1254
76.7644
76.0312
75.6918
75.6213
75.6446
76.1227
74.5549
74.6522
73.7944
74.4326
74.1433
73.3496
73.6944
74.0116
75.3907
75.6518
75.292
75.125
75.966
76.3181
76.3799
75.8485
75.4868
74.5608
74.1612
73.1034
72.575
73.784
74.6566
76.0028
75.8916
76.8764
75.9072
76.4468
75.9844
74.8691
76.1862
76.2927
75.3362
75.5275
74.8703
73.6283
74.1588
74.9209
73.8747
74.4968
74.9659
74.9468
74.5572
74.0965
74.7815
75.6394
76.4105
77.0846
76.4489
76.5226
75.9175
76.6604
75.7048
74.9174
75.2332
76.1041
75.9897
75.4652
74.3518
74.8594
73.2053
74.3265
75.0304
74.2544
74.8573
74.9029
75.4138
74.6372
74.2262
75.3164
75.7932
77.025
77.169
77.0317
76.2184
76.1698
75.9098
76.0671
75.8447
75.0788
74.8787
73.5827
74.6434
73.3715
73.1068
74.0512
74.6749
73.974
75.3276
75.3885
75.1852
74.7317
75.0756
74.4917
74.0308
74.5753
74.6699
74.6502
75.4265
75.1169
76.3219
77.4523
76.0486
76.4102
75.5847
74.1888
74.3673
75.3148
75.819
76.3534
75.2158
76.2469
76.7401
75.2264
74.9386
75.8451
75.0993
74.319
74.0106
74.2666
74.7874
74.7688
75.5223
75.2721
74.6878
76.1539
76.8823
77.6689
76.7324
75.9975
76.7591
76.919
75.2925
77.258
76.543
76.0713
75.7286
75.4482
75.6234
75.9081
75.3439
74.3117
74.8758
75.6335
75.5802
75.8405
76.8773
77.73
76.4776
75.4292
76.215
76.1145
75.8057
75.8233
75.8807
76.4242
75.323
75.4862
76.4966
77.3967
75.6578
76.0429
75.1608
76.7756
76.6283
75.6579
75.9986
75.8584
76.1304
75.6261
75.0217
75.7171
74.3863
74.4515
74.912
74.9877
75.2734
75.1579
75.1058
75.1711
74.1075
73.7517
73.5391
73.1479
73.6203
73.4064
73.9988
74.7553
75.3389
75.3397
76.1581
75.9721
75.1197
74.7339
74.9781
73.6963
74.1409
74.7848
74.5584
74.2377
74.1393
75.0638
74.8862
74.4498
75.3661
75.4297
75.4802
74.9335
73.817
73.995
75.3371
75.0146
74.4878
74.191
74.8224
74.8398
75.9233
75.2507
75.2549
73.4505
73.7843
73.1229
75.9634
74.8091
75.0828
76.7437
75.4371
75.1691
74.8606
74.5308
74.2055
75.4017
73.5729
73.586
73.7474
74.2317
73.8315
73.9684
72.5587
73.8568
73.715
74.336
74.4574
73.8872
74.2883
74.1576
74.1874
74.6106
75.1014
74.6168
75.2602
73.9358
74.0578
73.909
73.5104
73.6518
73.1992
73.737
73.9826
74.5072
73.0449
73.6165
74.489
73.9855
74.8939
74.2344
74.603
74.5038
73.8189
73.9791
73.255
73.7351
74.3903
74.5959
74.5542
75.5963
75.6401
76.3407
74.8113
75.3848
74.4547
75.1893
76.1627
75.3998
74.8653
74.9285
75.1012
74.8838
74.2837
74.01
75.1996
74.8402
76.3843
76.3102
75.2187
75.6633
75.6633
74.4652
74.7073
74.944
73.9371
74.6656
75.1056
76.2266
77.082
76.3724
76.679
77.0057
75.8413
75.0984
75.2786
74.63
74.6593
75.3069
75.0009
75.3025
75.4954
75.1582
74.6995
74.5445
74.7486
75.5125
74.4305
73.8291
73.1554
74.1873
73.0774
73.0441
72.9545
73.4327
74.2001
73.8814
73.5656
74.5885
75.2389
74.0348
73.5103
73.2654
74.5537
75.1852
75.4191
74.5855
74.6983
74.7138
74.6578
74.0827
75.3178
76.1157
73.9548
74.7863
74.0488
74.1062
72.9108
71.9838
72.938
73.6158
73.8027
74.3056
74.5
74.1068
74.8451
74.9101
73.8468
73.9226
73.4546
74.1344
74.2977
73.9947
73.6108
73.6713
73.4976
74.4794
74.2205
73.0766
73.2331
74.0187
75.0199
74.4122
74.4837
73.9573
74.1096
74.7007
74.2766
73.3571
74.545
74.8612
73.6707
74.8438
74.8858
74.1729
73.8956
73.5535
73.5316
74.3313
74.5514
73.5809
74.4927
74.835
74.881
75.8005
75.2432
74.6097
75.2339
74.6642
74.39
74.6674
74.7031
75.4795
74.817
74.7338
73.515
73.3198
73.2153
73.8346
74.069
74.5668
73.4294
74.0387
75.0204
74.3057
73.7838
74.032
74.9875
74.5558
74.4883
75.1488
75.1061
75.1612
75.4838
75.3528
75.9269
75.5445
75.0258
73.3044
74.2431
73.1901
74.203
74.5004
73.7608
73.7389
73.7501
75.8512
75.2755
75.3474
75.0339
75.2961
75.582
74.6192
75.9074
75.0719
75.0755
74.7417
74.1407
73.7994
73.5756
73.2628
73.215
73.846
75.3643
75.4086
74.7044
75.7554
74.3777
73.244
72.7129
73.6342
73.3927
73.3648
73.6432
74.2583
76.1193
74.0026
74.21
73.6572
74.5222
73.9074
74.4021
75.4757
75.7487
76.2895
74.3612
75.3363
73.8052
73.8795
73.477
74.0447
74.1561
74.0922
74.3405
74.3466
74.8164
74.4492
75.6086
76.5
75.3456
74.8738
75.1462
75.4883
75.3218
75.2294
74.3504
74.615
74.2363
73.1061
73.357
73.408
73.9696
74.6533
73.6512
74.1938
76.0895
75.8334
77.6263
75.6035
75.7943
75.1571
75.6512
76.4448
76.1112
75.8757
75.1529
75.1443
76.1389
75.9596
74.8169
74.7564
74.8975
75.1487
75.7006
75.2902
75.9499
75.3074
74.4587
75.1387
74.8221
74.405
72.9632
73.731
74.4902
74.0104
74.578
75.5463
75.9559
74.2952
74.0507
75.6894
75.8357
77.7631
76.2785
76.6781
75.3391
75.6381
75.0423
74.4412
74.6098
73.3663
74.4131
74.3133
74.2826
75.043
75.3016
75.3564
74.2741
73.0388
73.546
73.3605
74.1655
74.7022
74.8611
74.4659
73.6656
74.0916
73.5764
74.0264
73.666
73.0165
74.3824
73.1786
74.0626
74.0765
73.2385
73.9381
74.1811
75.0984
74.9708
75.6141
75.598
74.8821
75.4167
74.5647
74.8274
74.5373
74.4412
73.4367
73.7217
74.3188
74.581
74.278
73.5465
73.6491
74.7054
74.392
74.9194
74.2876
74.4676
74.8691
74.3356
74.0466
74.8422
75.1936
75.1696
73.9835
73.507
73.6166
73.7826
74.226
75.7488
75.1096
75.0195
76.5254
76.4011
76.3448
77.03
77.3344
77.1608
76.2677
75.5749
77.4068
78.1578
76.6357
75.7048
75.7938
74.4944
74.5964
74.2575
74.3569
74.4939
74.4705
75.0591
75.8058
74.1986
73.4753
73.3999
73.7472
73.5694
73.0095
73.2834
73.04
74.2822
73.6118
74.4633
75.4177
75.5207
74.7779
73.4334
75.3151
75.7658
74.4211
74.1916
74.8268
75.0268
75.7165
75.3726
74.7951
75.7769
76.1715
75.3753
75.2167
74.7945
74.0601
74.4422
74.7006
74.2264
74.0238
74.8064
75.0191
74.1676
74.8755
73.7954
73.8783
73.9054
74.0255
73.827
73.9776
73.7046
74.5092
73.4532
73.8855
73.4944
72.2132
72.3905
73.6587
74.0948
74.3277
75.127
74.8503
74.5791
74.3209
74.0032
74.2491
74.4186
74.2142
74.423
73.7896
73.6761
73.207
73.0465
74.1834
74.7299
74.8934
74.2421
73.5759
72.9829
73.5336
74.9695
74.7151
75.7859
75.7784
75.9288
75.4995
76.9646
76.8137
76.195
74.9683
74.6663
75.7609
74.972
74.3328
74.7507
74.339
73.7329
74.2181
73.7796
74.0565
75.3065
75.0704
75.0672
74.407
74.4575
74.5652
73.8611
73.9298
73.9154
74.5094
75.2025
75.1486
75.5661
75.5301
76.0201
75.9557
74.537
74.2973
74.1099
74.5092
74.4345
74.0245
73.9044
74.0329
74.4325
74.0275
73.1183
73.3508
72.7542
74.3258
74.5946
73.6839
73.8143
75.6368
75.8394
76.5382
76.4244
75.1211
74.8535
73.6695
74.7546
74.6263
73.6263
73.4713
74.3536
74.1662
74.7979
75.1099
75.1827
73.8748
74.8379
74.4928
73.8172
73.6326
74.1936
73.4695
73.3533
73.6248
73.7943
74.4786
73.8693
74.1194
74.1026
74.3847
74.747
74.9802
73.9693
74.0606
73.7718
73.5512
74.8086
74.0221
73.457
74.1345
73.9478
73.1903
73.534
73.2382
73.7277
74.5094
74.9034
75.3219
75.6977
73.9645
74.783
74.2756
74.9492
74.0007
75.1926
76.486
75.6798
74.5078
75.1488
74.5901
74.8404
74.7728
74.893
74.4443
74.2358
74.094
74.2864
75.098
74.4942
73.5594
73.1298
73.2493
72.6476
73.6726
73.5645
73.1029
73.1913
74.1872
74.3651
74.0804
72.9342
73.1433
73.6534
72.5033
73.2618
73.5883
73.6539
74.256
75.0501
75.4609
74.9188
74.7805
74.3315
75.51
74.7487
75.4783
75.5285
76.0936
74.3367
74.8556
74.5357
74.6724
74.5896
74.8252
74.7063
75.0984
73.8204
74.3073
74.5799
75.8644
75.8244
75.6067
76.735
74.5742
74.4336
73.6648
74.1067
74.3203
75.091
74.7661
74.7377
73.8707
74.3901
75.2763
74.4124
74.4038
74.2395
73.3067
73.096
73.5499
73.5836
74.5412
74.2351
73.8363
72.5138
72.2364
72.8525
73.3742
73.9991
74.5579
73.7452
73.4953
73.9153
74.5353
74.3814
74.4593
75.0942
74.1237
74.6082
73.9389
74.3043
73.2179
75.4061
74.8257
75.2306
75.1428
76.0063
74.9865
75.2785
75.2577
74.149
74.1462
74.5023
74.6175
74.2349
74.546
73.8103
73.6371
73.9467
73.6141
74.1252
74.1988
74.1839
73.155
73.0847
73.379
73.4491
73.8038
73.3179
74.0145
74.2773
74.6745
75.5055
75.3688
76.3854
76.431
76.1476
75.9825
74.8687
74.7437
75.0234
74.6944
73.3428
73.914
74.4102
74.6615
75.0552
74.4659
74.2465
73.8494
73.479
74.2915
74.148
74.5095
74.5755
74.9111
74.4507
75.0305
76.0734
75.1624
75.0959
76.1482
75.131
76.099
76.0408
76.1224
75.0483
75.2707
75.534
76.5233
75.8218
74.6458
74.6317
74.2827
73.7115
73.9935
74.754
75.2416
74.6859
74.4373
74.169
74.5905
73.8402
73.8897
74.0253
73.4065
73.5854
72.5656
73.3763
73.9487
74.9713
74.4049
75.8023
77.1725
76.5939
75.4454
74.2828
73.9205
73.2521
73.8206
73.6917
74.3268
74.418
75.1671
75.2516
75.0114
74.7558
75.4303
74.7468
75.6829
76.9879
76.3838
76.5552
76.1342
76.4411
75.9526
75.689
75.5441
75.8194
75.1156
74.8636
74.2514
75.0054
75.3124
74.4989
73.2054
73.4517
74.4158
74.1878
74.0031
73.9629
74.3212
74.5904
74.2882
74.5259
74.3191
74.9968
75.0829
75.3373
74.2197
74.3122
74.1788
73.2637
74.0307
73.2916
74.2174
74.1337
74.3802
74.536
74.6115
74.9166
75.5613
74.9882
75.8976
75.0993
75.5601
75.637
76.7836
77.3823
77.1007
75.6227
77.0995
75.4935
75.802
75.398
75.576
74.3357
74.554
74.5611
74.7587
73.7219
74.7234
74.0596
73.4208
74.2366
75.0364
74.9016
75.3016
76.0018
75.353
73.9016
73.0855
72.3236
73.0583
73.9943
74.3755
74.6297
75.1355
75.3429
74.6384
74.831
75.4571
75.3179
74.8973
75.533
75.1254
74.4932
74.6567
74.8148
76.2997
75.5193
75.6444
76.8584
76.2135
74.8499
75.3304
75.4716
75.5558
74.8439
73.7631
74.5317
74.2747
74.8769
74.449
75.2773
75.1927
74.1579
73.391
74.43
73.8362
73.158
73.304
74.1742
74.7461
75.2065
74.6616
75.8867
76.0321
74.5477
73.6941
73.966
74.6751
75.5143
76.8066
75.845
75.9841
75.9685
74.7601
75.4505
73.4777
73.8246
74.3123
73.6603
73.9562
73.3651
73.8789
73.7947
73.7592
73.731
73.1975
72.2676
73.4422
73.3242
73.8795
74.5372
74.4281
73.5393
74.1387
74.0247
73.977
75.1708
74.4855
73.3094
73.7673
72.5583
72.5996
73.2386
73.0487
73.6639
74.4323
74.9872
74.1288
74.5496
76.0983
76.0286
76.3325
75.934
75.4409
75.6482
75.8091
75.3967
74.3279
74.3471
75.3705
74.6493
74.8554
74.5226
74.8249
74.5016
73.9785
74.2336
74.9374
75.1099
74.5148
73.2497
72.6033
73.5548
74.1783
73.7102
73.0942
74.1402
74.2843
73.7221
73.3351
73.9952
73.6074
73.6757
74.0632
74.2353
74.6959
74.8611
74.2975
74.8059
74.1421
75.611
75.7994
77.2066
77.3358
76.7498
74.5565
75.202
75.5533
75.7507
75.9216
76.7759
76.6298
78.363
76.6724
76.7033
77.3759
77.0955
77.2851
77.295
76.1891
76.0069
76.0192
77.0498
76.7165
75.3381
75.4959
74.6305
74.4531
74.5508
73.8175
73.8112
74.0971
73.4772
74.1014
72.8319
72.7966
72.9055
74.2847
73.8637
73.102
73.0457
73.2104
73.014
73.2475
73.7483
73.2168
73.1474
73.0447
75.1108
74.4596
74.3282
73.8356
75.0564
76.473
76.2541
76.0535
75.0216
74.6304
75.9306
74.8702
75.0605
74.2692
75.0014
75.7236
74.536
73.4482
72.7515
73.5216
73.4358
73.3511
74.0487
74.0896
73.9119
73.1748
73.9095
73.8999
