480.124
463.198
447.67
435.28
423.476
412.193
403.969
396.192
390.906
384.415
375.525
365.75
354.602
348.017
343.867
336.834
332.804
329.699
326.512
322.652
318.889
316.237
311.7
305.863
302.881
298.407
295.468
291.689
288.653
284.441
281.526
280.256
278.834
276.141
272.805
270.085
267.74
265.867
264.56
261.975
259.973
259.84
257.783
255.17
251.559
247.966
244.481
242.833
240.611
238.563
237.504
235.731
232.655
231.174
228.916
228.162
227.842
227.164
225.888
224.543
222.822
220.718
219.274
217.704
215.761
214.28
212.507
210.888
207.862
205.465
204.354
203.591
203.155
201.849
201.078
198.808
196.375
192.742
189.393
186.386
186.33
185.778
184.483
183.176
181.773
179.558
177.338
176.521
175.793
175.921
175.744
176.085
175.759
175.868
175.755
175.811
175.21
174.508
171.847
170.246
168.764
168.131
166.105
163.992
164.254
163.613
162.043
158.981
157.578
156.157
155.129
155.949
156.173
155.739
155.291
156.062
156.374
154.997
153.992
152.691
152.021
152.57
152.511
152.699
150.795
149.63
147.751
146.669
143.449
142.102
140.593
139.761
139.272
138.029
137.454
137.009
135.409
133.635
133.279
132.412
131.872
132.349
131.238
130.299
129.361
129.466
129.264
127.641
125.672
126.302
126.34
125.703
125.712
126.808
125.035
125.141
124.253
123.257
122.85
123.056
122.486
122.269
121.594
121.348
120.802
120.181
120.445
120.974
120.105
118.632
117.838
117.672
118.186
118.127
117.17
116.873
118.293
117.604
117.497
117.602
116.235
116.225
115.486
114.61
114.498
113.892
114.243
113.691
112.455
112.183
111.213
110.6
110.284
110.201
110.158
110.003
110.321
109.601
108.904
108.659
109.195
109.018
108.813
108.93
108.265
108.769
109.217
109.535
109.423
108.652
108.916
108.508
107.736
108.277
107.135
106.274
106.434
106.817
106.185
105.855
104.709
105.457
106.768
105.905
105.918
104.513
103.094
102.918
103.164
103.596
103.425
103.654
105.588
105.899
105.456
104.729
104.28
104.243
102.799
102.743
101.936
101.26
100.337
100.286
100.742
100.64
101.308
99.9943
99.7479
100.341
98.293
98.032
97.7293
97.6611
96.995
98.0397
98.9575
98.2138
98.8876
99.2713
99.0871
97.8802
98.0752
97.9833
97.2302
98.5455
98.5439
99.3398
98.1905
97.5965
96.527
95.3646
95.083
94.3449
94.4296
93.9259
94.746
94.0954
94.1626
94.877
94.4377
94.5314
96.2964
96.8321
96.7236
97.5259
99.1633
99.5027
99.1509
99.891
100.374
97.6796
97.9422
96.7132
95.335
95.3609
95.469
94.062
92.865
92.8106
92.5511
93.5717
92.3511
93.6719
92.4287
91.5424
91.0235
91.3611
91.465
91.1174
90.8071
90.8645
91.0623
91.3072
92.5924
91.8627
91.2844
90.2158
89.1665
89.2742
89.2864
89.848
88.5287
88.2524
89.534
89.1662
88.2557
88.3745
88.7428
88.0688
87.6616
87.5608
87.6126
87.563
87.4223
87.3869
87.5703
88.5093
87.9107
86.8614
86.2172
85.1093
85.359
86.9817
86.9298
87.2584
85.9769
87.1897
87.2175
87.223
87.3573
86.3366
85.1887
86.5488
86.4661
85.5207
85.9868
85.7347
86.7995
87.8231
87.5752
87.5494
88.1675
87.8913
87.1882
86.951
86.0387
85.7304
85.0773
84.9272
85.0619
85.3
84.5916
84.0576
84.3105
84.4917
83.9294
84.3987
84.1293
83.7293
83.0522
83.4909
83.5767
83.4282
84.7747
83.952
83.5973
83.8474
84.3635
84.8471
84.7959
84.5912
84.7008
84.4394
84.1774
84.5162
83.0003
83.3552
82.477
82.7777
83.0451
82.9574
84.0305
84.6246
82.5103
82.1712
82.3038
80.9899
81.6384
82.3343
83.2021
85.0332
85.3725
86.5507
87.3215
86.2044
86.3157
86.0076
85.1566
84.4194
82.3603
82.3327
82.285
83.3586
82.5746
82.7187
83.4442
83.6362
83.3274
83.8122
82.7519
82.3387
81.7462
81.9435
83.0991
83.8102
83.4432
83.8907
82.979
82.1893
82.178
82.3073
80.6488
81.1663
80.6465
80.4167
79.9568
80.3134
80.847
81.6824
80.9452
80.8359
80.7017
81.5629
81.8117
82.0774
81.224
80.5858
81.4338
80.2942
79.8897
80.4491
79.9937
81.2988
81.5324
81.7081
81.8758
81.3509
81.4003
81.8082
82.3353
82.7154
82.0854
81.6107
81.6172
80.7231
81.0578
81.5062
81.9788
80.9946
80.2118
78.9212
79.3276
79.9835
79.7241
78.8751
79.4215
79.5368
79.0929
80.8587
80.4331
79.2596
80.2175
80.8805
80.4339
80.0691
80.2285
79.2802
79.2879
79.9877
80.1552
79.1727
79.1859
78.7119
79.4068
80.3115
79.0799
79.7236
79.7885
81.2839
79.6702
79.8708
79.4298
79.6937
79.1036
79.8736
79.3467
78.4576
78.5927
79.8522
78.8777
80.1974
81.3261
80.0088
79.3018
78.8177
78.6964
79.1573
79.8592
78.9673
78.9373
78.5462
79.3093
78.7666
79.2222
80.8623
79.4512
80.4535
78.9955
79.2994
79.1098
79.6104
78.0761
78.236
78.0354
78.7465
78.252
77.5511
77.5123
77.2444
78.1291
78.8678
79.1613
78.786
78.6971
78.7143
78.8713
79.2037
80.2977
79.3658
79.1603
78.1257
79.5129
78.5792
77.8239
78.5005
78.5079
79.3861
79.0578
78.8608
79.0363
78.5063
79.2461
78.4044
77.6017
78.835
78.3324
77.8921
78.3301
77.9471
78.2748
77.7432
77.7941
77.5697
77.8903
77.9846
77.8799
78.079
78.2077
78.3625
79.2844
79.7342
79.482
80.3025
81.3101
81.5901
79.6861
78.9151
78.782
78.1133
78.5718
78.41
77.6308
77.9379
77.3342
78.4785
77.5978
77.7987
77.3477
79.2101
79.1227
79.207
79.5403
78.2383
78.0937
77.6722
78.9649
77.6927
76.9503
77.1
77.4811
76.1556
76.1117
76.6533
77.145
77.8751
77.5054
77.0429
75.6899
75.1682
76.3972
75.9084
76.0725
76.4857
77.3362
77.2026
77.0027
77.5156
77.5922
77.2401
77.3941
77.4763
76.6281
75.5956
75.9895
75.8483
76.3147
76.9438
76.9672
77.4582
77.1218
77.5391
77.6581
77.3963
77.4355
76.877
77.9855
78.1256
77.2803
77.1783
77.3212
77.6941
78.8978
77.9418
76.6037
76.4558
75.5046
75.5431
76.7974
76.5531
75.6458
76.9954
76.5879
76.0119
75.9493
76.2497
76.806
76.639
77.1572
76.096
76.511
76.7953
78.3021
77.9322
78.0563
77.7454
77.6359
76.8923
77.5844
78.1759
77.8805
76.7032
75.3599
74.9238
76.5375
76.0958
76.6557
75.9561
77.0106
77.3638
78.1471
78.0573
77.2776
77.5747
76.8177
77.7863
77.5522
76.3281
76.1992
76.1634
76.9028
76.4489
76.7511
77.4205
76.4595
76.0463
75.6746
75.5966
75.163
75.6292
75.2547
77.2113
76.9067
76.5418
77.1836
77.4484
78.2377
78.2875
77.6214
78.0161
77.1842
77.35
76.5497
76.2392
76.5111
76.3204
76.4247
75.8481
76.894
75.8197
76.8888
76.6159
76.6627
77.7821
76.7469
75.5442
76.5463
74.9469
75.077
75.7262
76.2729
75.4748
76.7179
76.1671
76.2295
75.3822
76.117
76.0057
75.9608
75.9701
76.5501
77.4884
77.8676
77.5417
77.5677
77.2784
77.0085
78.5113
77.6836
78.1675
77.781
77.7914
77.6811
78.099
78.6661
78.1556
77.5523
77.6882
75.9815
75.332
76.096
76.0215
76.0774
77.5047
76.6871
76.3986
77.4141
76.1497
75.8043
76.0521
77.3647
76.6756
76.5664
77.452
76.3555
77.1293
76.5628
76.6717
77.3789
78.6846
78.75
78.1429
77.1527
76.0099
75.7204
75.2725
76.3566
76.5858
75.9486
76.3102
76.8598
76.9833
76.8837
77.5654
77.1025
77.0217
76.6927
75.4285
76.8228
77.5899
77.002
76.2382
76.8443
77.9178
77.2586
76.8792
77.353
77.6619
77.5554
77.3118
77.5381
77.7975
76.2579
76.4831
76.2557
76.8437
76.5987
76.3891
74.9423
75.3157
75.3837
74.6314
75.4146
75.4754
75.0588
75.6886
75.1735
76.4786
75.3537
74.8259
74.9152
75.696
75.9825
76.1109
75.9029
76.0559
75.3236
76.008
77.5676
76.9311
77.4797
76.4471
77.655
77.7445
75.6484
75.8618
76.7989
76.8366
78.3275
76.1381
76.1593
75.4014
75.1725
75.247
75.8556
76.3177
76.3709
75.78
77.2953
76.5075
75.9488
76.7009
76.0846
76.5273
75.9531
77.0299
77.6916
77.6823
76.5855
76.2939
74.9576
75.5126
75.8227
75.4131
76.1214
76.0352
76.4028
76.9555
76.6551
76.9756
78.1626
77.327
76.2543
75.218
76.3102
75.902
76.3488
76.7361
76.4224
76.6275
75.8074
75.5773
76.0485
76.3098
76.7419
75.1315
74.947
75.6637
74.8516
75.2703
75.4189
75.1799
75.6164
75.643
76.1323
76.553
75.5503
75.1487
76.0753
74.6433
75.6828
74.935
74.9498
75.1972
74.4163
73.96
75.191
75.8305
75.7425
76.0925
75.6948
74.5672
74.1684
73.5849
73.4592
74.1538
74.7499
76.117
76.7944
76.1286
75.8271
76.0046
75.9631
75.4266
76.0289
74.9437
75.6115
75.6235
76.1257
76.3094
76.5352
76.0718
74.2492
74.6091
73.9126
74.128
73.8132
74.36
75.1184
74.467
75.2546
75.7421
75.9713
76.521
76.1106
74.8872
74.7843
74.5289
75.41
76.1119
75.8229
74.8876
75.044
75.0206
74.9271
76.5393
75.6386
76.4656
75.7843
75.8515
75.3806
75.0006
75.2169
75.8888
76.024
75.6508
76.3073
76.6984
77.5446
75.8632
75.8152
75.9039
75.9684
76.6477
76.0474
75.9544
76.1138
75.8212
76.3967
76.3822
76.2078
76.4012
75.9688
76.2933
76.0317
76.4337
76.6091
76.0405
75.7504
76.4524
75.281
75.0467
75.0733
74.712
75.709
74.8034
75.1213
75.4916
75.5681
75.9465
75.6356
75.4892
74.3402
74.4002
75.6072
75.3692
74.8141
74.2235
73.6799
73.3413
73.7205
74.527
75.4424
75.6573
75.5891
76.41
76.9469
77.1698
76.1471
76.7998
76.9162
76.6695
76.4381
76.1363
75.305
74.8495
75.3028
74.3862
75.3772
75.1744
75.0551
75.6666
76.0276
76.2838
77.2359
76.1145
76.3546
77.2904
77.9034
77.2243
75.3607
74.8883
75.3253
74.13
74.6944
74.687
74.3248
74.7197
74.9881
74.4268
74.2608
74.6255
75.5752
75.9288
75.9552
74.6421
75.3652
74.6719
74.6817
74.5611
74.859
75.4709
74.9638
75.9223
76.0701
75.954
75.2566
75.1539
74.3544
74.8538
74.4434
75.7385
76.4212
75.7762
76.1562
76.938
77.0296
77.3057
77.0584
77.3595
76.7337
76.846
76.4166
76.3442
77.3924
77.3822
75.3314
74.6142
74.3646
74.2919
73.5706
74.2969
74.3671
73.6529
73.7468
74.5234
73.9235
73.8554
72.676
72.8621
72.8205
72.6724
73.2251
74.0234
74.478
74.1206
75.5217
74.7368
74.9042
74.8846
75.595
75.0371
74.4868
73.445
74.1886
73.8491
74.8289
75.2545
75.9509
76.1364
75.0702
75.7118
74.9203
73.7431
74.5737
74.128
73.6767
74.5824
75.0952
74.0746
74.1604
74.7327
75.4034
75.4528
76.3016
76.411
75.9071
76.4259
75.5889
76.751
75.603
75.4132
76.2721
76.3473
75.0747
75.1137
75.6894
75.8395
75.3349
76.8252
76.7761
75.7873
76.0143
75.3006
75.5718
75.7089
75.5058
75.1008
74.7284
75.2329
74.6376
75.198
75.4698
75.7848
75.8338
75.2045
75.8115
75.7192
75.5868
75.1441
76.0133
75.3452
76.3538
75.2013
74.9107
74.8492
74.9021
75.7949
74.9131
75.1564
75.284
75.3147
75.041
74.9285
75.6432
74.9307
74.689
73.3353
72.1816
73.5219
74.439
73.4023
73.7525
73.8485
73.8265
74.1256
75.44
74.7149
74.7353
74.7775
75.8225
75.1589
74.4554
74.3141
74.3422
74.2513
74.2339
73.1396
73.7919
73.7615
74.6646
75.2591
76.7074
76.3493
75.6566
75.923
75.8496
76.3808
75.5201
74.1296
73.96
75.0421
74.748
75.0937
75.4235
75.3064
75.7972
74.6597
74.4474
74.7485
75.1031
75.6262
75.8897
76.198
76.7166
76.6655
75.9988
76.215
75.4726
73.9389
74.6052
75.6251
75.3909
75.7863
74.874
74.7689
75.4658
76.1198
74.9384
74.9331
76.4344
75.5016
76.5382
76.8946
75.9541
76.2716
76.4853
75.7024
75.6059
74.7655
75.5768
76.0397
75.6212
76.6695
76.2187
76.8432
76.021
74.921
75.0062
75.5847
76.4147
76.057
75.892
75.7072
74.6139
74.8168
73.4523
72.91
73.5909
73.6311
74.7667
74.883
74.2364
75.3517
75.4606
75.5515
74.8453
75.4534
75.5877
74.2113
73.9549
73.9822
75.886
76.0834
75.376
75.7957
75.2323
74.183
73.8706
74.0298
74.1258
75.1503
74.7383
75.0304
74.9849
74.381
74.4294
74.5856
74.577
74.2177
74.5739
73.8752
73.1057
74.2285
74.3059
74.6259
74.4654
75.3383
75.0344
74.1466
73.9496
74.6744
75.3446
74.4579
74.023
74.7595
75.5605
74.7388
74.8766
73.8742
73.5074
74.3557
74.2871
74.2251
74.2135
74.4615
74.074
74.2673
74.9187
75.6023
75.5254
76.0113
75.8499
75.6031
75.8436
75.7766
75.7991
75.2692
75.8244
75.4112
76.1154
76.4062
75.678
75.0206
75.8333
75.9791
76.5793
76.9869
76.7406
76.8471
75.6851
75.0446
75.5978
76.1528
76.0101
75.6227
76.5794
77.0265
75.3968
74.9818
75.8487
77.1261
76.502
74.8459
76.0738
74.9577
76.2774
75.4193
75.642
73.9369
74.79
74.7696
74.3039
74.8234
76.2457
75.8311
74.0424
73.863
74.4288
75.0625
74.1741
75.4178
75.7205
75.1123
75.184
74.7789
75.7244
74.8235
74.5888
74.1641
74.3386
74.8565
74.3486
75.3138
74.6665
75.0987
75.6657
77.4749
76.6356
75.3162
74.435
73.428
74.0391
74.9783
75.2988
74.5635
76.3369
75.5849
76.0542
75.3068
73.8017
74.2261
75.4334
75.4245
74.671
74.8581
74.6752
74.8323
75.716
76.1731
75.7622
76.7188
75.5093
76.4605
75.0815
74.2899
72.9117
73.323
73.3313
74.8192
75.0157
77.2949
77.7269
76.8181
75.3283
76.1413
75.7821
76.0205
76.0806
76.7187
76.2364
75.753
75.2268
76.073
75.273
75.5335
76.6192
75.7211
75.4676
75.0832
75.4738
74.9136
75.5939
75.4066
74.5416
75.4595
75.4105
75.2009
74.6741
74.943
74.8642
74.46
74.5152
75.1015
76.7793
76.7564
74.8829
74.5992
74.7324
75.2128
73.3699
73.9512
72.971
73.7854
74.2466
75.1798
73.5935
73.5052
74.3352
73.7316
73.8967
73.0064
72.4679
72.9165
73.2256
73.6642
73.2881
74.6467
76.6995
77.3887
78.0307
77.3041
77.177
75.9787
75.1622
74.7831
75.4499
75.1549
74.8554
74.1994
75.0488
74.7585
75.5282
75.8892
75.5592
75.549
75.4035
74.1671
74.0367
75.159
73.749
74.0398
74.5996
74.9634
75.3313
75.7324
75.9848
76.3851
75.575
74.2602
73.8865
75.0655
74.3845
74.8962
74.5521
74.3558
74.5328
75.121
74.2327
73.511
75.4009
74.4071
75.3687
75.0153
75.0005
74.2565
74.197
74.2787
74.3084
75.3046
73.919
74.4181
74.6554
74.3136
74.0563
73.3529
73.243
74.4927
74.6852
73.759
74.8771
75.0337
75.4907
75.2871
74.6972
74.2701
74.5001
74.5246
74.543
74.7815
75.0474
75.0185
74.9708
75.6067
75.994
77.6281
75.9566
75.7892
75.6773
75.6319
74.4853
75.0009
74.3974
74.9734
74.7928
74.7187
74.2663
73.7681
73.3849
73.1049
72.3592
72.3594
72.8622
72.7254
73.5141
73.7935
74.4743
75.2618
75.3097
74.5026
73.8038
74.7408
74.0426
73.7662
74.5969
76.2991
75.0034
75.2149
74.4529
74.0547
74.9079
75.1697
75.4188
75.7618
75.5847
76.012
75.7135
74.5098
73.3547
73.5081
74.0921
73.9823
74.6561
74.1351
74.8646
73.5484
73.4097
73.6614
74.415
73.8799
73.6126
73.0467
72.5563
74.6923
73.638
73.8133
74.1675
73.8479
74.945
76.1043
75.8797
76.4545
74.6712
74.5569
74.9651
74.5903
73.7936
73.2272
74.8833
74.88
74.2295
74.3137
74.1004
75.1834
76.5926
75.612
75.5464
75.2201
75.1842
74.485
75.9688
75.2494
74.409
74.521
75.5559
75.5957
75.4437
75.523
75.9804
75.0399
74.9262
75.0713
76.2801
75.1759
74.6553
74.075
74.5255
74.6001
74.3091
73.8992
74.0934
74.3969
74.2775
74.7797
74.9322
74.1695
74.3068
74.491
73.2751
74.4478
74.7799
75.4237
74.2389
73.1015
73.2997
74.6454
74.3363
74.0035
75.278
75.1807
75.1702
74.98
74.3203
74.8235
74.6332
74.7182
75.2495
75.8196
75.8414
76.1078
77.1401
76.015
73.8274
73.7413
73.3532
74.3235
74.4454
73.2729
73.8195
74.5342
74.6836
74.3861
74.6111
74.3877
74.0747
74.398
74.1204
74.7096
73.9164
73.5099
74.6478
74.6958
73.5817
73.9751
74.663
75.0577
74.9028
74.1606
74.0185
74.0757
74.9415
75.2772
74.7121
74.7612
74.6529
75.4703
75.6184
76.3925
74.9226
74.7301
74.2692
73.2895
73.342
73.9362
73.7751
73.2571
73.8534
74.4476
75.3602
76.5319
75.3875
74.8766
75.5793
75.4411
74.5358
74.0083
74.8305
75.665
76.596
75.8823
75.7873
76.2623
75.3064
75.0238
75.0283
76.1523
75.2018
75.848
75.4495
75.2965
74.6217
73.9454
75.0495
74.1537
74.9841
75.2549
76.5867
76.437
76.1557
75.7293
75.3344
74.4744
74.5992
74.6075
74.9387
74.7719
74.1413
74.8814
74.857
74.4877
74.1386
73.6374
75.0197
74.153
74.6046
74.4891
74.8371
74.624
73.6917
73.3357
73.4575
73.0453
73.0037
75.1409
75.1321
74.3836
74.3042
74.1628
74.2527
74.6019
74.6061
75.0713
74.1977
73.6053
74.6221
75.1887
74.1503
74.7697
74.3682
74.5324
75.954
75.3429
76.1182
74.1149
74.1244
74.1187
72.8595
72.5743
73.0004
74.8143
73.5781
73.6519
74.0623
74.6305
75.5539
75.4785
75.761
75.7468
75.0896
75.1858
75.5612
74.8933
74.7133
73.3374
72.7511
73.4305
73.5668
74.9223
74.1841
74.5871
74.4392
76.2068
75.3723
75.0586
74.9658
73.7663
73.2227
73.1664
74.0138
73.6212
73.8177
73.4837
72.7004
72.7936
72.2733
72.7881
72.4671
72.5277
73.8796
74.4092
75.3723
74.004
73.642
74.3805
73.9464
74.4972
74.3701
75.4846
74.8025
72.7557
73.0257
72.7254
74.3416
74.3011
73.4599
75.1859
75.1366
74.022
73.9275
73.6746
73.9028
74.5792
74.567
74.3177
75.4603
74.9941
74.5865
74.185
72.7779
73.1747
72.7547
73.5796
73.097
73.0491
73.1092
73.1887
73.0909
73.772
74.1539
74.1411
73
72.7825
73.5276
72.7826
73.2207
73.2778
72.7043
73.1786
74.1072
74.5258
74.9699
74.185
73.4877
73.9746
74.996
75.3808
75.8052
74.1808
74.7282
73.5975
74.0912
75.039
74.5595
74.9181
75.2181
75.1723
75.5572
75.6948
75.0694
74.3606
74.3866
74.8083
74.9195
74.5412
74.409
73.9394
73.0334
74.0377
73.6283
73.7461
74.202
73.579
74.0661
73.6256
72.983
73.5807
74.2876
74.293
74.2953
73.5855
73.1305
73.7144
74.342
74.1999
73.9433
73.666
73.6232
74.542
74.0526
74.1944
73.5096
73.3429
74.1776
75.2083
75.7551
75.7773
75.4558
74.0672
75.0881
75.1507
74.6193
73.8556
73.9206
73.4084
73.5406
73.0966
73.2331
74.1202
74.437
74.2584
74.2258
75.2544
74.4136
73.8601
73.6741
74.1005
73.9817
72.8683
72.371
72.8801
73.3431
73.1948
73.8742
74.0761
73.29
73.7485
74.5711
73.7083
74.5392
74.564
73.4593
74.3649
73.4856
73.8408
74.0417
74.291
74.9601
75.1683
74.7763
74.7168
74.1259
73.9693
74.0845
74.0634
74.2163
74.2341
74.3388
74.4772
74.4339
74.5997
74.272
74.5745
74.1819
74.4155
74.9596
74.3738
73.9392
73.5148
74.0889
73.4956
73.6709
75.1376
74.5964
74.1887
75.4403
75.229
75.0053
75.6348
74.7618
74.9805
74.2592
75.5469
75.4881
74.5906
73.5202
73.0493
73.2774
73.3387
72.9228
73.856
74.7424
74.1617
73.8139
74.3167
74.71
75.4636
75.2461
75.8472
74.7943
74.3299
75.4423
74.1574
74.2893
74.6396
74.3709
74.8573
74.2174
74.2456
75.0106
74.3631
74.3021
74.6858
74.3094
73.5892
73.1349
73.2292
73.8481
73.4176
73.2934
73.9769
74.0751
74.134
74.3811
74.9023
76.018
74.5658
73.4638
74.0737
75.0663
74.9834
74.9606
74.8106
74.9605
74.9266
75.4207
75.1257
75.4346
74.8568
74.2776
74.6991
75.3435
75.5661
75.7284
74.627
74.2846
74.2021
74.774
74.5273
74.391
73.3735
73.5789
73.5155
74.0472
74.2984
74.7168
76.5658
75.8632
75.5991
75.5306
74.4671
74.1628
75.6082
74.6276
74.2277
73.9906
75.3139
75.2409
75.3668
74.7457
74.5098
73.8678
74.3808
73.7617
73.5812
72.9641
73.9578
73.5226
73.1923
72.9453
73.7685
72.9959
73.6676
72.7384
72.9043
73.5815
74.0708
74.3328
74.3323
74.666
73.669
74.7332
74.878
74.199
74.5358
74.3048
75.5149
75.0972
74.4697
73.744
73.645
73.1783
73.4201
74.2535
74.0654
75.4362
74.8217
74.4561
74.61
75.0294
75.5995
75.2848
74.6812
73.8134
74.4723
75.0747
74.0401
75.1353
74.5631
75.3909
74.6944
75.9942
75.0687
74.3753
73.8936
74.1065
74.3778
74.4405
74.3299
74.8239
74.7697
75.2455
75.0657
74.3712
73.7108
74.3084
74.0748
74.6554
73.9135
73.7062
74.7585
74.2455
75.612
77.1701
76.7447
76.3716
76.1949
75.6222
75.3219
75.2708
75.1681
75.7178
75.3667
75.5541
74.8923
74.9867
75.0604
74.4927
74.113
73.6449
74.569
74.099
73.4764
74.5168
74.2335
73.7294
73.8906
73.603
74.3255
74.8416
74.4096
74.411
74.5479
75.1737
74.7852
75.0935
74.9221
74.5748
73.8053
74.42
74.5186
75.0523
74.827
73.2164
74.8508
75.2336
74.7855
74.7123
73.6626
74.7213
75.2844
74.5595
73.5314
73.443
73.8082
73.5364
74.1784
73.8132
74.112
73.9761
74.5692
73.6341
73.8433
74.1046
74.6853
75.294
76.0823
76.0505
75.706
75.9278
74.7328
75.1919
74.4963
74.6493
75.0191
75.6698
75.4056
74.8594
75.4835
75.2001
74.7735
74.2612
75.216
76.1757
75.598
76.324
75.0152
73.59
74.2933
73.0347
73.9009
74.8113
75.0817
75.1874
74.8125
74.6673
74.7495
74.1597
73.2823
74.3507
72.9952
73.7872
73.9894
74.2409
74.4482
74.2794
73.515
72.9786
73.253
73.4123
72.8447
73.6116
73.1521
74.6655
74.2569
74.9288
73.9796
73.7369
72.6462
73.2012
73.7235
74.152
74.4558
74.4072
74.6945
75.4535
75.4408
74.7746
74.4672
73.8016
73.1052
72.4601
72.0143
71.68
71.746
73.1243
73.3541
73.9357
74.1325
73.8028
73.8615
74.6968
74.2417
75.5281
76.996
75.6087
75.2645
76.2957
75.3288
75.8308
75.4431
74.9115
75.2354
74.5575
74.5531
74.0636
73.7851
74.6257
75.5007
75.0995
75.5437
74.2941
73.8912
74.076
73.5961
73.3481
74.1621
74.6602
75.2711
75.35
74.2924
74.0242
74.9753
74.4352
74.0481
74.0273
75.0024
74.5574
74.0461
74.3499
75.5684
75.0032
75.0664
74.8993
74.1975
75.4401
75.7123
74.6099
74.857
75.0451
76.8861
75.9294
73.8639
73.5355
74.4903
75.8143
74.2268
73.7704
74.0546
74.5149
73.5001
73.3077
73.1274
73.6373
73.6687
72.8571
73.3128
73.2927
73.0296
73.0321
72.7523
74.3137
73.9049
73.6095
73.841
73.6901
74.9108
74.9724
74.4709
74.7259
74.864
73.938
73.4484
74.3677
74.5468
74.5568
75.4552
75.6571
74.633
74.3003
74.8975
74.3872
73.7253
73.482
73.3589
73.3185
74.168
73.4699
73.0211
73.6499
73.6488
73.8618
74.7087
75.1861
75.2927
74.8861
74.4391
73.9586
72.9522
72.9306
72.6596
74.0096
74.6696
75.046
75.3746
74.591
73.9134
73.6067
73.8348
73.4975
74.4989
74.8311
74.0511
74.5463
74.0021
74.5232
73.9725
74.4022
74.1164
73.6066
73.6017
74.2722
73.4942
73.9356
74.0489
73.8917
74.5772
74.7118
74.455
75.7832
75.4603
75.5138
74.4135
75.8731
75.8483
74.4839
73.937
73.2702
73.711
74.6565
74.7845
75.3827
75.2168
75.3794
74.9075
74.5111
74.7821
74.787
74.2097
73.88
73.888
73.9255
74.3433
74.0375
73.4714
73.4029
73.5399
74.1396
74.71
76.2459
75.3616
74.7048
74.348
74.3659
75.5161
73.8518
72.7814
73.2935
74.4641
73.8184
74.3555
74.9461
74.6642
74.1798
75.2364
74.0379
74.968
74.2718
74.238
74.8723
74.5217
75.2476
73.8861
74.4854
74.3913
74.0847
74.9252
74.4352
74.8832
75.6072
74.6211
75.0033
74.6864
73.5981
74.7407
73.9454
75.0129
74.3493
74.7262
73.5301
73.4511
73.541
73.2551
73.2265
74.3045
74.1647
73.4077
73.8161
73.647
74.155
73.6758
73.4047
73.5232
73.2327
73.7283
74.8729
75.3971
74.2873
72.9162
73.6861
73.4479
74.6541
74.9172
75.5171
75.1969
75.3671
75.8547
75.9495
75.1198
76.5963
74.2881
74.9508
74.7091
76.2007
75.6958
75.0034
75.0434
75.0119
76.3223
76.0258
74.5914
74.2954
75.0082
74.6021
74.7173
75.8354
75.2561
75.2909
74.6943
74.9746
74.743
75.1226
74.5566
75.258
74.6922
74.2126
74.4302
74.6968
75.2795
75.7687
76.0364
74.2194
74.4453
73.8561
73.6654
73.4528
72.1468
73.6938
72.8291
72.8778
73.8997
74.1993
74.0109
73.2836
73.6652
74.1256
74.9002
75.4163
74.688
75.1799
74.5253
75.1325
74.8108
75.14
73.8982
74.5185
73.762
73.4872
73.7482
73.5471
73.7751
74.0945
74.1091
72.878
72.9442
73.1569
73.2763
73.5515
73.9323
73.1505
73.5975
75.2593
74.6479
73.995
73.7225
73.2732
73.219
73.4174
73.7142
73.0511
74.0107
73.6101
73.5998
72.7477
72.798
73.1529
72.5205
74.1193
73.8349
75.6053
75.9448
75.103
75.5523
75.3376
74.1591
74.7918
74.5342
75.0251
74.3489
74.2579
74.8465
74.135
74.6244
75.2892
74.2861
73.7713
73.7831
73.9418
74.9956
74.8327
73.8961
74.6569
74.5838
73.9489
73.6683
75.1765
75.9804
76.8908
76.9348
75.6054
75.4852
74.9321
74.2064
75.1224
75.4633
76.3869
76.3857
75.3494
74.9584
74.3545
75.1734
75.4647
74.7943
75.626
75.6521
74.6013
74.5228
74.9768
75.2249
74.7041
74.5695
73.8008
73.6191
73.8875
73.3775
73.8611
74.2033
74.8011
74.5733
75.1818
74.6195
73.946
73.8849
72.4534
72.4838
72.4001
72.6635
73.5645
74.6233
74.252
74.0442
73.7144
73.8197
74.1885
73.8386
74.1786
75.2886
74.8581
73.7267
74.9173
73.922
74.3074
73.9027
73.6303
74.1358
73.4529
73.1859
73.9487
74.0767
73.9285
74.1667
74.4972
73.8602
74.5324
73.7951
74.8679
74.4091
74.7919
74.5868
73.9704
73.3623
73.7293
74.3213
75.0905
73.388
73.7124
73.9729
73.3452
73.1469
72.9939
73.5042
73.1146
72.5327
71.9599
72.8913
73.233
74.23
73.9274
72.6457
73.5114
74.6611
73.041
72.3048
72.7768
72.7754
73.308
73.2779
73.5758
73.7866
73.6566
73.4536
73.2006
73.2841
74.1575
74.3657
74.32
73.6814
72.1897
72.5913
73.8177
75.1421
74.6253
74.4062
73.5655
75.1154
74.7377
73.6347
73.134
72.8202
73.7282
73.9626
73.9948
73.9017
73.9022
74.2727
73.8441
74.5114
74.936
74.3941
74.4256
75.3174
73.8935
74.4683
73.1998
73.1235
75.1293
74.3293
74.156
74.0573
73.1958
73.4613
73.6121
72.969
74.3003
74.1227
75.4632
73.8287
74.0717
74.5155
74.4209
76.7051
77.2314
76.2188
76.546
75.4617
75.5007
74.2696
74.343
73.76
73.4851
73.5766
72.9938
72.5221
72.8217
74.3984
74.5905
74.2272
74.4699
74.0806
75.2848
73.9078
72.8455
74.5262
73.8718
74.565
74.2362
74.0716
74.0226
73.7088
74.4174
74.162
74.3563
73.3529
73.7341
74.0836
74.7544
73.1042
72.8576
73.4642
73.2191
73.4785
74.1258
73.832
74.3423
73.7675
74.9087
75.3669
75.412
76.1208
74.0974
74.0344
74.0835
73.4211
73.3466
73.7028
73.7395
74.7718
74.4908
74.8066
73.9869
73.508
72.922
73.7989
75.1266
74.3239
74.9172
75.0973
74.62
74.2075
75.4255
74.4972
74.0186
74.3058
72.6596
71.9794
71.8865
72.4275
72.5472
72.7689
72.5397
73.2421
72.9493
72.5769
72.8266
74.0549
73.8529
74.4852
74.6166
74.0489
74.4023
74.4675
75.2215
75.0662
73.7872
74.6323
74.9645
73.9461
74.0016
73.4854
74.0013
73.8529
73.8287
73.1361
72.6392
73.0386
72.9019
72.5566
72.641
72.9394
74.0742
74.1263
74.4529
73.4915
74.1846
73.818
74.2178
73.9817
73.119
73.8301
73.7258
74.3908
74.098
74.0185
75.041
75.7756
75.9817
74.8889
74.6985
74.2362
72.3911
73.3668
73.2047
73.5631
73.2358
72.9694
73.251
73.0577
73.3906
73.5729
74.0425
74.1689
74.5853
73.6796
73.0271
74.4395
74.168
73.7186
73.1423
73.8238
73.5842
73.8444
73.0628
73.2377
73.3597
73.3822
72.6382
72.6448
72.6759
72.1169
71.4778
72.1007
72.5149
73.9035
72.8002
73.1285
73.5766
73.0118
73.4517
73.0878
72.8693
72.5841
73.5024
72.8489
73.0026
72.4067
73.107
73.8029
74.215
74.8141
74.6252
74.1423
74.9592
75.8866
76.4053
75.9264
75.6967
75.4171
74.4978
73.7225
73.7257
74.5881
76.0836
75.3274
76.1896
74.6829
73.3011
73.9581
72.8513
73.6087
73.0239
73.0315
74.0829
73.3095
73.0616
72.5605
72.3177
72.166
73.3857
74.1459
73.8147
73.8726
74.0426
73.5443
73.0846
73.4174
72.2338
72.7448
73.0106
74.3734
73.6852
73.7432
74.0539
75.0691
73.4357
73.1446
73.3406
73.1822
74.1542
73.7271
74.4499
75.0441
74.9594
74.1797
74.2391
75.8978
74.9872
74.7536
74.5015
74.3951
74.4946
74.5876
76.3149
74.9398
74.3277
75.355
74.8689
74.9092
73.5716
72.8966
72.4231
72.153
71.9933
71.8072
71.8755
72.284
73.1729
74.1347
73.4264
74.3655
72.9807
72.6291
72.992
73.3921
72.9457
73.5876
73.4291
74.7454
74.1414
74.0911
73.7077
74.6345
74.9988
75.4092
73.8672
73.7929
73.9861
73.8141
73.8353
73.1537
73.1886
72.7935
72.861
73.6314
73.984
74.708
73.6193
74.0951
72.9232
73.4748
73.4871
73.9449
73.5875
72.4399
72.48
72.193
72.9496
73.1775
73.2393
73.2602
73.1004
72.9737
73.7539
72.7462
73.7335
73.7671
72.629
74.0019
75.0055
75.3316
74.3185
74.4098
74.2848
75.3101
75.359
75.1641
73.2528
73.5172
73.9932
73.3554
72.9632
72.0296
71.7557
72.7823
74.1045
74.3508
75.0582
75.1938
75.7614
75.6893
74.9187
73.1117
74.6236
74.7778
75.4643
74.6744
73.9768
72.9766
73.036
72.9604
73.0193
72.7295
72.8545
72.5493
72.9602
73.3625
73.4207
73.9357
73.5021
74.0756
74.3017
74.049
73.3426
73.0296
72.8161
73.0002
73.3611
72.773
72.9959
72.6026
73.2116
74.1896
74.5945
74.6902
75.0213
73.6812
73.0501
73.2617
73.0228
74.5309
73.6033
74.8832
73.9341
73.8492
74.0329
73.5371
73.2097
73.0316
74.0355
73.8103
72.9614
72.127
72.6498
72.0734
72.7037
74.9921
75.1661
75.862
74.9002
75.707
74.7472
75.2776
72.8382
73.8961
74.2644
73.858
74.6573
74.6558
74.6888
74.1262
72.4585
72.8648
73.5356
74.6084
74.5451
73.9562
74.3991
74.2443
75.1026
75.2833
75.4874
75.405
73.8303
73.611
73.2724
73.7641
74.2191
74.8586
74.7824
74.2655
75.1002
74.4443
74.207
73.3179
73.1131
73.4278
73.9252
73.9425
72.8786
73.6491
73.6775
73.6616
73.9515
73.0044
72.6427
74.043
73.5698
73.6176
73.7082
72.9267
71.7614
72.8828
73.3665
73.9166
72.8896
72.3864
72.4665
72.7363
73.159
73.6486
74.1514
72.9385
72.1465
72.1981
72.3344
73.0828
73.0486
72.9221
72.5513
72.295
72.6644
72.9599
72.892
73.4226
73.0573
73.156
73.4861
74.47
73.9267
73.6994
73.8298
73.9289
73.4269
72.8415
73.376
73.1062
72.872
72.8331
72.1975
72.9114
73.5433
73.191
73.6881
73.74
73.9621
74.0506
74.3671
74.5614
73.4537
72.9607
72.3319
72.911
73.5529
74.5255
74.068
74.9337
74.6
75.5688
74.4009
74.517
73.7901
72.9258
74.3326
74.2908
73.5962
73.6876
72.8538
72.3168
73.6513
73.7599
74.526
75.1881
75.5885
76.3789
75.7053
75.6691
74.0223
73.8343
73.0761
75.006
74.0512
73.8943
73.5807
72.564
74.3384
73.2405
72.9473
73.0712
73.2845
73.5302
72.8955
73.8662
74.0966
74.7776
75.7751
74.7986
75.2431
74.7901
74.04
74.4921
73.8258
72.9945
73.3449
73.5198
73.6572
73.121
73.4471
74.4229
74.773
74.5346
74.5161
74.023
74.2896
74.234
74.1711
73.6318
73.0729
72.7199
73.9503
73.5552
72.9272
72.4398
72.4614
72.0095
71.7574
71.9361
73.0895
73.2148
74.0534
75.1797
75.6011
75.334
75.2511
74.3394
74.3346
73.9474
73.7204
74.7853
74.4281
75.4067
74.36
73.6495
73.6698
75.5175
75.5197
74.5288
74.9314
75.1766
74.2404
74.7429
73.1721
73.1081
73.923
73.4998
72.8267
72.5473
72.5708
72.1348
72.9338
73.9716
73.6659
73.415
74.4845
73.5925
73.0345
72.812
72.8689
72.7227
73.0952
72.5593
71.998
73.0291
71.7979
71.9119
72.8285
73.5876
73.8128
74.0021
72.8543
73.3979
73.9409
74.6927
74.0412
73.7416
72.5637
71.9961
72.6705
72.4435
72.947
73.3473
72.8869
73.1387
73.9887
73.7688
73.0296
74.387
74.4893
74.0058
73.8548
74.6053
75.4896
75.9565
75.605
74.9882
74.0402
73.8144
74.1286
73.6883
73.167
72.7718
72.9877
74.2223
75.3762
74.3615
73.6743
73.7494
74.1456
73.8107
72.3301
72.7542
73.5759
72.5864
71.8346
72.6322
73.6294
73.4316
73.473
74.2654
73.5497
73.5277
72.9091
73.0325
73.9064
73.1694
73.1425
74.1469
73.4169
73.5113
72.8349
73.1706
73.28
74.2106
73.2361
73.3766
74.0714
73.0924
74.2517
74.9102
74.4371
74.6664
74.1426
73.3245
73.0907
72.1068
73.5514
73.2413
73.8465
74.1918
74.1902
74.2964
73.828
73.3855
73.7739
74.2197
75.1932
74.0631
73.7553
72.5696
73.08
72.9255
72.6202
72.477
71.3702
71.3212
71.9075
73.2881
73.2494
73.3823
73.2481
72.558
72.0866
71.9192
71.8308
71.5976
72.641
72.5561
73.3216
72.6726
73.5404
73.2272
73.0017
74.1791
73.7012
73.3248
73.5495
72.6541
71.9139
73.2534
73.3396
73.167
73.5973
74.0507
74.7089
74.7658
74.2184
74.8044
74.5517
73.663
73.8298
73.1356
73.6836
74.171
74.1966
74.1629
73.4804
73.4072
73.6976
72.3583
72.2831
73.0465
73.7155
73.5777
73.6575
74.6105
73.6352
73.6335
74.8952
76.0899
75.0667
74.8064
75.2962
74.41
74.5114
74.4488
73.4
73.9271
74.1287
72.988
72.9452
72.3963
73.0883
73.951
73.1832
73.3793
72.297
71.5284
70.8204
71.7661
72.0402
71.8508
72.9018
73.1637
73.0146
73.7272
73.5731
73.7624
74.2231
72.5786
73.5644
73.405
73.6052
74.3993
75.0223
75.2051
74.4159
74.6758
73.9036
73.5357
72.7851
72.7642
71.412
71.1112
72.0393
72.2746
72.7598
73.1358
72.4071
73.4087
73.1705
72.4733
71.9335
72.8225
73.5813
72.246
72.7297
73.0515
72.7582
73.5828
73.4579
73.6397
73.0941
72.756
73.6493
74.4796
75.0461
73.2146
73.6442
73.6222
72.8866
73.6563
73.6649
73.7439
73.1254
73.1176
73.2098
74.086
74.6235
74.5202
74.7724
74.6142
74.943
74.1619
73.9987
73.4499
73.7711
72.4477
72.9875
71.8918
72.6986
72.5729
73.7766
73.1332
72.3392
72.0526
72.5659
72.2112
72.6425
72.6162
73.2175
72.1365
72.2411
73.7099
73.4216
72.6917
72.6983
73.5412
74.0194
73.6999
73.2293
72.8921
72.349
72.6406
72.7496
71.6803
71.4445
72.4905
72.2382
70.948
71.1074
71.3173
71.4271
72.011
72.4279
74.7112
74.4666
74.327
74.2299
75.2011
74.6409
74.0422
73.4537
72.741
71.8303
73.5943
73.4591
72.1367
71.8938
73.4758
74.375
74.4003
73.2143
73.7289
72.7418
73.5708
73.159
72.3224
74.2234
74.6533
74.2392
73.3292
73.5124
74.0781
74.2958
73.6052
73.5457
72.6001
72.7016
72.0709
72.2797
72.749
72.2307
74.0606
73.0056
73.4676
74.2246
74.3543
75.2108
74.8271
74.405
73.6234
73.9465
73.0817
73.902
74.4101
73.2955
71.9252
72.6994
72.7817
73.7556
73.6955
75.2636
74.6698
74.6174
73.4199
73.7649
74.373
73.8082
73.6258
72.9901
74.1072
74.6046
73.1016
73.6187
73.0816
72.544
73.3238
72.7517
72.8546
71.6108
72.2014
73.0796
72.6849
71.8297
72.2815
72.7119
73.544
75.0282
74.0915
74.9941
73.9698
75.2236
73.7295
73.9445
72.9966
72.5768
71.6149
72.1497
72.4173
72.3444
72.5529
71.7208
71.4256
72.632
72.8406
73.4303
73.153
73.3353
74.3557
74.1957
73.4428
73.372
72.8611
72.7859
73.4832
73.4799
74.2735
73.4357
73.4878
73.2751
73.7867
73.8259
74.0266
73.6071
74.1403
74.3648
74.373
75.1077
73.0588
74.7278
74.9752
74.9772
73.958
73.7297
73.1744
72.9495
74.1895
74.9275
73.8504
73.6201
73.94
73.8807
73.2547
73.094
73.0919
73.3616
71.8782
72.8504
72.8289
73.2792
73.8961
72.4223
72.5503
72.3037
72.9316
71.7892
72.2568
72.6077
72.4207
72.0654
72.6992
72.3603
72.5696
71.853
72.9272
73.757
73.1254
72.801
72.6182
72.9216
73.4392
73.4906
74.2445
73.602
72.289
72.4179
72.5979
72.8057
72.6409
73.6759
73.7377
73.009
73.7061
73.7467
74.2385
73.6879
72.9394
73.4755
73.0376
71.5238
72.6533
72.4366
72.7276
74.5255
73.9165
72.9751
73.7276
72.3825
72.0739
71.4912
72.7161
73.2426
73.773
72.672
73.2563
72.3083
72.1958
72.2773
73.4257
73.5315
73.556
74.8041
74.2839
74.0261
73.3925
73.9469
74.3592
73.5154
75.098
73.9251
74.3351
75.0649
74.4052
74.4759
74.141
73.9042
74.0328
73.4928
74.1149
74.2126
73.2371
74.0801
74.1424
73.5643
74.2426
74.3831
74.2199
74.1356
73.0789
73.5287
73.2603
73.6899
73.959
73.861
73.4758
72.9108
72.4945
72.1264
72.3258
72.9408
72.871
73.0826
73.6752
75.1857
74.8129
74.0399
73.8995
72.9532
73.8937
72.8122
72.8915
73.1971
73.4896
73.9566
73.0021
73.82
74.7119
75.0511
75.1034
75.8544
74.788
74.2476
74.7094
73.6889
73.3241
72.7508
73.1393
73.5887
72.68
72.852
72.8668
72.0798
72.0496
72.0386
71.492
72.5354
72.684
72.8418
72.9939
73.178
73.4879
72.9636
73.0299
73.1147
72.8988
72.5556
73.2617
74.3923
74.3138
73.6472
73.3658
73.9411
74.6791
74.7248
73.646
72.6361
72.3356
72.4037
72.2864
72.2916
72.6755
72.9479
72.7088
72.4642
72.1783
72.2021
72.6712
73.6868
74.1505
73.1514
72.9538
73.408
74.322
73.3731
73.0205
72.0449
72.1411
71.7918
71.9745
71.7835
72.4691
73.8661
74.5398
73.7651
74.6709
74.8126
73.4747
73.9817
73.2963
73.6853
74.0941
74.1187
73.4398
74.5035
73.365
72.7744
73.8188
74.619
74.7516
74.368
75.1436
72.4689
73.6221
74.8274
73.9828
73.9347
73.7806
74.7866
74.4303
73.5446
74.0523
72.7756
73.3273
73.5171
72.8326
72.5042
72.4978
72.8176
72.38
72.9012
73.641
72.8554
71.3159
71.343
70.861
72.1613
72.3662
72.7416
73.4274
73.2998
73.4961
73.3106
73.2327
72.9739
73.2495
73.5367
73.4953
73.8518
73.8403
72.5053
73.2706
73.6763
73.739
74.1726
74.7285
74.5869
74.8036
74.1542
74.7459
74.9653
74.7166
73.7732
73.9275
73.3886
74.2692
73.8324
74.3493
73.2327
72.3873
72.4315
72.8064
73.3914
73.9797
74.6313
73.5424
73.2392
73.6278
73.6369
74.2571
74.9529
75.4634
75.78
74.3277
74.157
74.2562
74.9276
73.6786
74.1194
74.038
74.1469
72.7579
72.0413
72.3421
73.3373
72.5796
73.0514
73.5472
73.7161
72.492
73.8313
73.3502
72.8228
73.1606
72.9813
73.3228
72.7865
73.0015
73.1693
73.1173
72.6763
73.3842
73.329
73.7349
73.4438
73.6925
73.7505
74.5489
74.8163
74.6901
74.799
74.6734
75.1514
75.1887
75.441
74.4794
74.1686
73.333
73.2561
72.6316
73.3796
74.0118
75.7905
75.5892
75.0428
74.2517
73.6999
73.3217
72.6244
71.8903
72.1481
71.3627
71.9644
72.7933
73.2015
74.3595
74.2155
72.7476
73.0561
72.4368
72.8224
72.8603
72.4026
72.3647
71.7357
72.4447
74.0412
74.271
74.0751
73.6386
73.608
73.5217
73.3214
73.5557
72.4924
73.6202
74.0965
73.5252
74.4045
74.4753
73.5062
72.897
74.3569
75.3256
73.657
74.2284
73.8899
73.3271
74.2994
75.142
74.44
74.014
74.5613
74.3511
73.9894
74.1622
74.2677
75.0499
75.0652
74.5491
73.1637
73.2334
74.35
73.8918
72.9834
74.5486
74.2062
73.7843
74.2781
73.2055
74.045
72.4544
72.9519
73.5944
74.0405
73.3514
73.2776
73.1969
73.7185
73.0382
72.7651
73.2219
73.488
72.9701
72.3482
72.3401
73.2624
72.0475
72.7455
73.5579
73.4227
73.6041
73.7967
74.0255
72.9282
73.4389
73.3581
72.3944
73.9031
73.3542
73.5125
72.9162
73.9009
72.9689
74.0118
72.4744
73.564
73.5178
73.1966
73.4278
73.4574
72.384
72.0675
74.175
74.1556
73.4712
74.6351
74.2762
74.0065
73.3298
73.1588
73.6721
72.7127
72.9927
72.4333
71.9921
73.7635
73.062
72.584
72.8542
73.8817
73.1045
73.0958
73.8835
74.2388
74.8525
74.7366
74.7566
74.7953
73.1492
73.4415
73.2049
74.4398
73.3885
72.8896
72.3379
73.6927
72.4062
72.3486
72.8241
73.7956
73.5197
73.4007
72.9466
73.3502
73.4084
73.1474
74.1927
74.8077
75.567
75.1965
74.8117
73.9028
73.5969
74.0816
73.8094
73.2659
73.6068
73.5791
73.2797
73.3223
73.5194
73.9623
73.8652
72.4942
73.5221
73.4329
73.6327
72.8531
72.8464
73.1614
73.8544
74.2142
74.3398
73.6653
73.5382
73.8066
74.7786
73.855
73.9572
74.0651
74.4839
73.7304
74.4717
74.4501
75.1867
74.9612
73.7966
73.7724
73.8737
73.5315
72.004
72.2638
72.552
72.785
73.0322
73.7722
73.9093
74.6033
73.8832
73.9317
73.293
73.4913
73.5844
74.341
73.2683
72.4154
72.9337
73.2395
73.1161
73.2003
73.2134
73.3496
73.7868
73.812
73.9548
74.1243
73.6401
74.6723
75.836
74.6669
75.2307
75.0909
74.4796
74.3326
74.0468
74.1646
72.8734
72.4163
73.4221
73.2819
73.3929
72.4888
72.7214
73.0034
73.103
73.3146
72.9465
72.3279
72.8721
72.6333
71.5508
71.9094
72.7764
72.1134
73.3944
71.7719
72.4614
71.5664
72.4864
73.7007
73.9069
73.4571
74.7563
75.0289
75.2397
74.3077
73.0169
73.4564
74.5048
75.3937
73.9698
73.4041
73.8607
74.2087
74.0792
73.8516
73.509
74.4372
74.6596
73.8053
72.5717
73.4521
74.2826
74.5049
75.2903
74.8226
73.5316
73.5945
73.3993
72.9389
72.9395
73.9116
74.9001
74.2633
74.1005
74.3821
74.8313
74.7023
74.9922
75.1298
75.0671
75.8143
75.6482
75.6715
76.906
74.8996
73.6071
74.595
74.514
73.4542
73.4926
73.5014
73.7877
74.1702
74.5561
74.2477
74.541
73.0488
73.2807
73.6879
73.9152
73.6943
74.6201
73.3683
72.3187
72.2471
73.0303
73.8827
73.7534
73.3525
73.1473
72.3194
72.2636
71.9308
72.8544
73.2654
73.8552
73.0939
74.4325
75.5886
75.6884
75.0801
75.7102
74.5189
73.6695
72.5065
72.0003
72.5778
72.4645
72.958
74.3632
73.0878
73.1631
73.2147
72.9719
72.7054
73.3584
73.2784
73.4776
73.1093
73.4323
73.4691
73.7515
73.5336
73.9882
73.2957
73.6209
73.5886
73.4519
73.2998
73.5141
73.6493
73.8797
73.6927
75.2787
74.6742
73.2274
73.6162
74.2774
74.7462
73.7007
73.4485
73.4744
73.5985
74.6693
74.8751
74.8291
73.1975
73.2124
73.0251
72.6531
73.9892
73.3137
73.4996
73.392
73.745
73.8723
72.9798
73.5636
74.074
74.4691
73.6365
74.5219
74.3968
74.3434
74.6764
74.2542
73.7106
73.5917
74.1357
73.9089
75.0766
74.6422
74.9745
74.6303
74.9952
75.7941
74.6846
73.8759
73.7459
72.3566
73.1942
74.0483
73.3185
73.3919
73.6018
73.734
73.1887
73.5244
73.9988
73.8184
74.4773
73.4298
74.3237
72.8222
72.3845
74.3581
74.7594
73.662
73.8025
72.8499
73.5593
72.867
73.7177
74.243
74.5136
74.5159
74.1832
75.5827
75.03
75.4723
74.8045
74.9911
74.3292
74.5753
74.4548
74.849
74.1259
75.4042
75.4138
75.3307
73.9976
74.2819
73.9614
75.2771
74.9497
74.9899
74.0326
75.3253
74.1138
74.213
73.4172
73.7339
74.4718
74.1961
75.0889
73.4637
73.3127
72.7235
72.6676
72.1159
71.6311
72.3383
72.7712
73.2432
73.6608
73.0241
73.1882
74.4421
74.3059
73.2732
73.6823
74.4684
72.743
72.8115
73.6168
74.4802
74.8192
74.5448
75.0634
73.5171
72.575
73.9461
74.2432
75.1481
74.9613
75.2099
75.346
74.157
73.739
74.7318
74.968
75.8791
74.5381
75.5385
75.6525
74.5325
74.9893
74.4132
76.2362
76.6928
75.6336
73.9172
72.8572
71.9045
71.5454
72.6935
72.4626
72.984
73.637
74.2843
73.988
74.2968
73.6876
74.5082
74.8194
73.9067
73.6005
72.9871
72.4466
73.5028
73.4739
72.1563
72.3896
73.7724
73.0894
74.0125
73.8351
74.6871
73.6832
72.9057
73.1028
72.7623
72.5945
72.8614
72.6443
72.6621
73.6499
73.8546
73.7046
73.0672
72.2918
73.8404
73.8773
74.6213
74.2701
74.4425
74.3219
74.4076
74.2045
73.3429
72.0341
72.8672
73.0543
73.0589
73.8395
73.9291
74.4918
75.1756
74.8369
74.3735
74.576
73.5083
73.7995
74.1636
74.6466
73.8542
72.7133
72.4401
72.2138
72.7196
73.3064
73.0787
73.7431
73.2278
73.7819
72.8538
72.2963
72.2849
72.195
72.3995
72.401
73.2904
73.5583
73.891
74.1333
74.2548
74.7284
74.5552
74.2447
74.0422
73.6257
74.0113
74.0771
73.495
72.71
72.5812
72.1221
72.4612
72.9862
74.0457
74.054
74.7835
75.1657
74.2843
74.3821
73.9048
73.9963
74.047
73.9257
73.8894
74.3088
74.0451
73.9081
74.359
72.7968
73.2824
71.8233
71.6834
72.6859
73.7274
74.4867
75.0924
75.2613
72.5743
73.6863
74.4968
74.1668
73.7715
74.9286
74.0898
75.2593
75.4508
75.6653
74.5446
74.8311
74.7464
75.0295
75.405
74.3509
73.6557
72.6719
72.6208
72.3143
73.2542
73.0969
73.5846
73.482
73.3371
72.644
72.7972
72.5955
72.1254
71.8912
72.5719
73.3379
73.7963
74.0788
74.1411
74.6817
73.6557
74.2014
73.7869
73.951
74.5048
74.5076
73.3743
72.9928
73.6874
74.7683
74.7326
73.4727
73.7152
73.6531
73.3602
73.5294
73.263
73.8658
74.4558
73.692
73.9227
73.9764
72.9821
73.1138
73.4168
74.2562
73.8943
73.2882
74.1403
72.5731
73.6552
73.0317
73.7733
73.9148
72.9687
72.9188
72.3828
73.7148
73.8729
74.2913
74.967
74.2471
73.0506
72.6573
72.6269
72.6284
73.9688
74.9154
75.248
75.6067
74.5102
73.6854
73.7517
72.573
73.6624
74.3021
75.2097
75.0133
74.8598
73.6646
73.9832
73.8827
72.9682
73.0646
72.6242
73.5883
73.6126
73.5301
74.7369
73.3751
73.5375
72.7912
73.5622
72.3881
72.7866
73.3779
72.3491
72.6276
73.3021
72.9275
73.4611
73.0975
73.3746
73.7281
73.8213
73.3323
72.7745
72.3352
72.4694
72.7881
72.0772
72.0667
72.0945
72.0343
72.2758
72.8589
72.767
72.9953
73.1836
72.315
73.1186
73.1836
73.7168
72.2624
72.507
72.6809
73.771
73.7995
73.4594
74.0414
75.3146
74.0186
73.1815
73.6744
73.0162
73.0842
73.1969
73.133
73.5582
74.1197
74.294
72.6514
73.3503
73.8974
72.8901
74.412
74.3061
74.8006
75.0083
75.5353
75.1853
74.2994
73.8616
74.134
73.8096
73.0312
72.9822
74.0992
74.3281
73.677
74.1831
74.1439
74.4173
74.2849
75.6761
74.5643
75.468
74.4046
75.1387
73.9273
73.41
73.7909
72.8997
73.3783
73.0725
74.2819
72.6763
72.1229
72.6104
72.7355
73.6523
72.9335
73.6797
73.3364
74.1373
74.9544
75.5158
75.0825
76.0294
75.4401
74.5159
74.6929
75.0622
75.5514
75.3885
74.3296
73.5255
74.2373
74.0184
74.0264
73.2377
73.3021
72.8304
73.6009
73.3653
72.9082
73.4009
73.2162
73.4227
74.6908
74.8333
74.8319
74.0556
75.3601
76.6003
75.4862
75.2155
74.2689
73.6121
74.1143
73.8151
72.5175
72.5763
73.36
73.1114
73.3347
73.1176
73.4456
73.8763
73.9876
73.9998
73.7635
73.8471
73.9987
73.6384
73.6211
72.8466
72.5552
73.0217
73.5007
73.5243
74.0606
75.0711
75.8063
74.402
73.929
73.3924
74.5888
74.4432
74.0022
73.2771
72.1874
72.9506
73.0327
73.8797
73.1914
73.0383
71.9107
71.7999
73.9275
73.5833
72.9908
73.2949
73.0715
74.3214
76.2827
75.7941
74.8061
72.8762
73.3001
74.1193
75.1781
75.0897
75.0866
73.5823
73.5074
73.9671
73.5825
74.5694
76.0288
75.7953
75.0869
73.1695
73.5883
72.387
72.9338
72.6921
72.225
72.1219
72.9444
72.2048
72.3876
73.3129
75.083
75.0224
74.3405
73.5061
73.6289
73.285
72.9895
72.9407
73.0603
72.4361
72.5608
73.4203
72.4132
72.5444
72.7842
72.2121
73.1572
73.806
74.0817
74.9783
74.368
73.8988
74.2695
74.1225
73.6611
74.2257
75.8491
75.2726
73.9603
73.9743
74.0707
73.4809
74.2493
74.9364
74.7086
73.5901
73.7218
73.7026
72.7083
74.1007
74.8725
73.1021
72.8019
72.4554
73.2273
72.6849
72.7645
73.1601
73.7645
74.0988
74.4744
75.1862
74.9382
74.3696
74.2449
74.413
74.1532
73.4946
72.3217
72.4171
72.8099
72.2262
73.11
73.2463
73.7826
74.0957
75.1791
74.1246
74.3988
73.2764
73.3715
73.6456
73.0119
72.9659
73.4418
74.6083
74.2951
74.6289
75.9308
74.9039
74.3942
73.8518
74.0663
73.3068
73.3768
72.9031
74.5771
73.7012
73.8672
73.6401
73.5367
74.0785
74.6073
74.8837
74.1676
73.1093
73.7146
74.6096
75.3684
75.1165
74.9904
74.5786
73.7459
73.23
73.4796
72.4959
72.3634
72.4194
73.1048
72.6303
72.9402
73.4012
73.2817
72.6425
72.9155
73.1658
73.728
73.0817
73.4441
74.2238
73.9483
74.4978
75.1645
74.1705
73.5874
73.5301
73.6275
74.5038
73.0099
73.7085
73.2832
72.9614
73.085
74.2003
74.1529
74.1697
73.7648
73.7682
74.287
74.4317
75.138
74.7111
74.572
72.8648
73.6817
73.4284
74.7138
74.239
73.8379
74.3046
73.6398
73.4892
73.922
73.9654
73.5072
73.8981
73.217
72.5946
72.0838
71.458
72.2918
73.6278
73.4459
72.915
72.9404
72.4816
73.4888
73.3636
73.6774
73.0439
73.5873
72.9733
74.0114
73.9165
74.1526
73.2783
73.5592
73.4539
74.7348
74.7969
75.1051
73.7467
75.0058
73.9214
73.5706
73.8937
74.7404
74.777
75.1153
74.5786
74.6524
73.7011
73.3828
74.0667
73.4873
72.3808
72.147
72.2069
72.4799
73.3279
73.56
72.5487
72.4518
72.3494
72.3952
73.5853
73.6347
72.8957
73.3513
73.0954
72.8415
72.6588
72.6617
72.5797
73.2863
74.4233
74.6872
73.9683
74.3476
73.6599
73.1302
73.5323
73.3405
72.1484
72.1726
71.9562
72.1598
71.2939
72.6356
73.6953
73.2459
72.8166
72.5914
72.8941
72.7472
72.2745
71.9288
71.8091
71.7138
72.4301
72.4029
72.6861
72.7363
72.4876
74.189
73.3216
73.3342
73.4901
73.5932
73.3346
73.8338
73.5739
73.8977
73.8822
74.9661
74.009
74.1388
73.3936
73.0383
74.0625
73.6791
72.9252
72.8129
73.6592
73.9833
74.6609
74.0442
73.9372
73.3636
73.2977
73.9531
74.8959
75.0036
74.3634
73.5532
74.7289
74.929
75.1123
75.7339
74.6016
74.1443
74.6598
73.9761
73.7448
72.3982
72.7842
73.5212
73.7903
73.1132
73.7357
74.5677
74.5937
72.9189
72.9224
73.7683
75.1458
73.9552
75.0303
75.2608
75.3822
76.0891
74.1412
74.2357
73.5795
73.9959
75.3144
74.9058
74.4623
73.4159
72.7376
72.5901
72.911
73.3036
72.4869
73.5231
74.6545
74.6708
74.3314
74.0628
73.0146
72.9453
73.2343
73.6448
73.4426
72.8664
71.9335
72.0732
73.7096
73.6489
74.2294
73.7425
73.1172
72.8058
72.7597
73.1119
72.7064
72.8917
72.1586
72.2278
72.2527
72.2165
72.395
72.9815
72.9118
72.5095
73.092
73.7495
73.5688
74.2616
74.0497
74.2676
74.8724
73.8956
74.6244
73.3258
73.5337
73.0957
73.3011
72.1872
71.9185
73.3386
73.3227
73.155
72.6711
73.649
73.7825
72.8564
73.0508
72.5549
72.7953
73.2144
73.6893
74.2593
74.5133
75.7642
74.5335
74.652
74.2317
74.0794
74.5566
73.7769
73.6678
73.625
73.8547
74.1519
74.8971
74.7405
74.1394
72.946
72.984
73.4621
73.4355
72.87
73.4459
73.1629
74.0792
73.6489
73.8715
72.7133
73.5304
73.275
72.7786
72.9994
73.3334
73.6896
73.8807
73.2219
73.598
74.0236
73.8761
73.0428
73.7987
74.7722
74.0745
73.7031
74.1031
73.6996
73.7008
74.3122
75.4669
75.1449
73.8333
73.9321
72.8323
73.5515
72.7579
72.7734
73.5476
72.5554
73.1586
72.7895
72.8849
73.0274
72.7115
72.3295
72.382
72.8317
73.5205
73.1364
73.6892
72.5362
72.5196
72.4511
72.7365
72.7205
74.1352
73.0965
74.2256
72.5068
73.7069
74.7461
73.9789
73.8894
74.1005
74.0196
74.048
73.6303
74.1382
74.6018
73.8936
74.7019
74.7688
74.223
73.8688
73.8906
73.3775
73.2996
74.0737
75.0865
75.8069
76.0224
75.8495
75.6603
74.7194
74.7928
75.0988
74.0575
73.7996
75.1732
75.3167
75.2807
74.461
74.4844
73.4776
73.2665
74.2972
72.944
74.1434
73.7734
74.326
73.8633
73.4889
73.8065
73.0623
73.005
73.5023
73.6497
73.938
73.1151
71.7865
71.9671
72.1302
71.8183
71.5518
71.8544
71.7419
72.2701
72.5655
72.2298
72.6522
71.8302
73.6496
72.8733
72.3124
72.6082
72.7761
72.7675
73.2346
73.2269
73.2843
73.5465
73.7248
73.1933
72.5973
73.2106
73.4326
73.465
74.2172
73.6271
73.4636
72.7233
73.3519
72.9896
71.9661
72.8195
72.2263
71.8074
72.618
72.9952
74.2326
73.845
73.8481
73.827
74.4886
73.4279
74.4812
74.8501
74.5975
75.3179
74.6347
74.1556
73.5267
73.3027
73.8019
74.7637
74.6458
74.7267
74.2046
73.5809
74.1851
74.7395
73.333
73.3083
72.7204
72.7519
72.7398
72.9335
72.803
73.2597
72.6157
73.0198
72.5437
72.436
72.0953
71.6388
71.7125
72.5919
73.3716
73.3228
74.2142
73.6924
73.7022
73.6654
73.3951
72.7144
72.4141
72.3542
72.3726
71.8737
72.2127
73.8961
73.8013
73.4745
73.3263
72.2979
73.3196
72.2596
72.5561
72.922
73.5518
74.5484
73.0279
72.9469
72.6656
73.4902
73.423
72.959
73.7661
73.8061
74.3481
73.7432
74.1073
73.9116
74.0855
74.2492
74.1425
74.9562
76.2822
75.9856
75.2951
74.3153
73.4695
72.6769
73.6153
74.2061
72.3583
73.2019
73.0961
73.0718
72.7671
73.3851
73.9011
73.0139
72.5717
71.8224
72.3732
72.1058
72.0007
72.7148
73.1764
73.1046
72.2772
72.7326
73.5322
73.7569
74.4789
74.287
74.0611
73.7169
72.5416
73.1043
73.1093
73.7877
73.9532
72.9293
72.9945
73.5623
73.8152
73.9103
72.9607
72.9471
73.2277
72.2317
73.5772
73.8077
74.3072
72.7858
73.1389
71.6743
72.5449
72.6227
72.5585
72.1958
72.1472
72.7195
74.0894
72.9676
72.3202
73.2132
72.7227
72.7725
72.1896
72.0377
72.2994
72.4911
73.2901
74.0565
74.2644
74.3997
75.2083
74.9169
75.1479
75.4491
74.5098
75.0689
73.3744
73.0259
74.9344
75.2247
73.1871
72.2611
72.6459
74.0681
74.4714
73.942
73.5528
73.9954
73.9251
73.9717
73.4116
72.5026
72.6859
72.8105
72.4746
73.5043
73.9681
73.0124
72.654
72.7834
72.795
71.7098
72.6387
72.772
74.343
74.5678
74.8572
73.9609
74.7375
73.8003
72.253
72.5555
74.2189
73.8658
73.6012
73.3871
73.2401
73.516
74.0214
74.5507
74.2535
74.7567
75.1787
75.4663
75.1836
76.2753
76.3649
76.1414
76.0326
73.7979
73.4035
73.926
74.6062
74.4307
74.4319
74.8812
74.94
74.3054
73.6235
75.439
74.253
73.9364
73.1108
73.7044
73.0154
73.3301
72.3559
73.5281
72.9116
74.2075
75.2504
75.3271
74.2499
75.3821
75.3043
74.9737
73.5698
73.5313
74.2456
73.8623
73.4806
72.0884
71.9683
72.3645
72.3752
73.0029
72.451
73.4164
73.1046
73.07
71.6139
72.2032
72.793
72.8712
73.2572
74.2875
73.7897
73.4312
73.5175
73.3641
73.5286
72.6575
72.0018
72.8718
73.7605
73.2382
73.8662
74.0598
74.8127
75.1436
74.7579
73.6189
74.2803
73.8438
73.1991
73.6211
72.8215
72.617
73.2536
74.1195
74.0888
73.4969
74.9474
74.3372
74.8138
74.8982
74.5702
75.6266
75.4702
75.0349
73.899
73.5173
72.815
72.0621
73.2995
73.2256
73.0837
73.4342
73.177
71.4388
72.4492
72.9197
73.3216
73.7501
73.4503
73.8715
73.7983
73.7507
73.7449
73.5502
74.0697
73.7792
73.9119
73.8692
72.4896
73.475
74.2391
74.7009
73.8717
74.0924
74.4674
73.8169
73.6003
74.3774
73.9784
72.9603
72.8232
73.5873
73.9449
73.5291
73.5239
73.4745
73.6725
74.2079
74.8647
75.1523
73.8443
73.9401
73.7975
73.729
72.2952
72.7374
73.4468
73.9775
73.6918
72.9673
72.2086
72.1917
72.2578
71.5841
71.2147
71.3922
71.9938
72.598
72.5045
72.5667
72.3289
73.3869
73.4003
73.0329
73.3187
73.6703
73.3485
74.376
75.8512
74.6734
73.1458
73.6247
74.6167
74.4984
74.8094
74.8094
74.6482
74.8861
74.6667
74.5962
74.3475
74.9177
75.044
75.8815
73.8885
73.0038
72.8035
73.9367
74.3921
75.2014
74.2119
73.9368
73.7774
74.1713
73.8341
73.3212
73.1787
73.8119
74.677
73.6983
74.558
74.3686
73.5993
73.3155
74.2602
74.0928
73.7153
73.0274
73.324
73.8869
73.8733
72.3048
72.1325
72.5318
72.9249
73.0967
74.6556
73.8548
73.7525
72.9754
71.9861
72.0532
72.2851
72.7781
72.2802
72.069
72.4183
71.794
71.1702
71.3129
70.8054
71.6232
72.1104
72.2768
72.0687
72.5494
73.6192
73.0181
74.1914
73.7865
73.7521
73.5861
73.2893
73.7771
74.0337
74.0345
74.1239
74.4866
73.9016
73.7376
73.9844
73.288
72.1352
72.203
73.6649
73.9305
72.9689
72.837
72.8939
72.2616
72.3999
73.2928
74.3134
73.8705
72.8384
74.1747
74.556
73.3998
72.8605
72.8822
73.4849
73.8838
74.1435
75.2555
75.8075
73.6145
73.2522
72.873
73.3114
72.9403
73.0097
73.6858
73.1461
72.8552
73.9092
73.0315
72.6005
72.1408
72.253
73.0104
74.7781
74.9098
74.0702
74.9786
74.3064
73.4485
73.2994
73.6217
73
72.7805
72.3829
73.2058
73.8059
74.8524
73.7778
72.559
72.7555
72.9394
72.7271
72.6173
73.4778
74.6534
73.2435
73.5724
73.3174
73.5805
73.3371
74.4313
73.5236
74.9355
74.1056
73.9362
73.652
73.6867
73.9086
74.6024
73.7749
75.5139
75.6051
75.4652
73.7342
73.5936
73.3894
73.7726
73.7975
73.4382
73.4023
73.1066
72.7574
73.3412
73.8292
74.4546
73.6597
74.0142
73.7078
74.2376
73.9066
74.0883
74.9542
74.7032
74.2297
73.4398
73.6034
74.5243
74.0483
72.9651
73.5802
72.4756
72.4051
72.2732
72.718
72.5648
73.7318
74.1534
74.5536
73.6796
73.0339
73.0718
72.0371
72.8922
72.1864
72.0455
72.866
72.5554
72.8105
73.2619
73.1243
74.0989
74.2535
74.5068
74.3335
73.6992
72.7073
72.6555
72.8081
72.3017
72.377
72.9787
73.1312
73.1064
73.8663
73.1472
72.9082
72.9061
72.6632
73.1918
72.4463
72.2648
71.7925
71.9475
73.1328
71.8413
71.8256
72.1815
73.3432
74.4271
73.6538
73.9415
73.6243
73.2248
73.6813
73.6893
72.4305
72.9328
73.797
73.6783
73.0917
73.701
74.5644
72.9809
74.1487
74.3969
74.785
73.8734
74.8332
74.8485
73.2717
73.2218
73.2328
73.4673
73.4935
75.2389
74.5288
73.8846
73.6871
73.5653
74.8751
74.9106
73.8004
74.1886
73.2085
73.6382
74.4462
73.4622
73.2764
73.2943
73.4251
73.8522
72.6572
71.727
72.1263
72.2967
72.7393
73.1775
72.87
73.3732
73.4994
73.1629
73.0418
74.5422
74.2702
72.7806
73.3922
74.4512
74.5529
74.1745
73.99
74.4855
74.7359
73.8081
73.5493
74.0736
74.0839
73.7491
73.5247
73.2362
72.6254
72.3026
72.6461
72.8709
73.0406
72.8647
72.3984
72.6567
72.7181
73.1144
73.7922
74.1878
73.8827
73.0609
72.9461
73.9197
73.7624
72.2238
74.0692
73.6793
74.1428
73.8977
73.4899
73.4992
74.4459
74.6063
75.4221
75.4141
75.543
75.3149
73.9381
72.9642
72.3652
73.3207
73.3541
73.9723
74.8209
74.9316
74.2781
73.3848
74.7368
74.3176
72.9021
73.4645
73.9168
73.7818
74.3684
73.8943
73.6569
72.8204
72.9957
73.0812
73.658
73.638
73.3752
73.4885
72.9961
72.5241
73.2331
74.154
73.8357
73.3452
74.4195
72.8421
73.5838
71.9996
72.9528
73.479
73.4338
73.9022
73.0514
73.0086
72.9231
73.0752
73.2569
73.5082
72.4717
73.2568
73.234
74.2595
73.937
73.7301
72.7649
73.1769
73.1183
74.0187
73.6288
75.1785
74.7746
74.4152
74.094
72.6179
72.8529
72.2223
73.7572
73.655
73.0885
73.4536
73.0577
73.9139
73.6192
74.5471
75.5092
75.7792
75.1636
74.788
73.4739
73.0296
73.9434
74.289
74.3386
73.6121
73.0354
71.4704
72.6336
72.6434
73.7197
72.8814
72.6007
72.9045
74.5481
74.8273
74.8136
73.2041
73.8718
73.7757
74.0714
73.0807
74.1158
74.8597
73.9412
74.3135
74.4134
74.4457
73.9837
72.5032
73.1095
73.645
73.6159
73.6746
74.0547
72.5567
73.1593
73.7169
73.6374
73.3779
73.937
74.7987
72.9836
73.0861
73.2296
72.7966
72.3295
72.2375
72.1623
73.2586
73.2159
72.4271
72.2957
72.9301
72.3784
71.3075
71.8032
71.7209
71.5284
71.8313
72.0968
72.6728
72.749
72.6776
73.7623
74.6132
74.0455
73.4879
73.7637
74.592
74.7103
74.1713
75.2368
74.126
73.2079
73.785
73.2275
73.2962
74.0655
74.2448
74.0271
73.8894
74.0473
74.377
74.5246
74.7932
75.477
75.8576
74.9504
74.2839
74.4577
74.4952
74.5021
73.6175
72.7016
71.8246
72.2221
72.1672
72.1321
73.402
72.8913
73.3829
73.9163
75.4672
74.7714
74.8926
74.2762
75.0508
73.6641
74.3093
75.3516
73.2816
71.7731
71.9221
73.1435
72.899
72.763
71.7166
72.3274
72.0268
73.2555
72.7969
71.528
72.9802
72.7465
72.702
73.6131
73.6145
73.6389
73.864
72.5822
72.6833
73.2984
73.0912
72.0865
71.6431
71.6488
73.2671
73.5351
72.812
72.5979
72.7923
72.5646
73.2031
73.6555
73.125
73.8566
72.9606
73.9016
74.5528
74.6781
74.6296
72.1594
72.5472
73.0804
72.7
72.7994
73.5473
74.1921
74.4955
74.4771
72.2
72.8218
72.5421
73.4813
74.4116
75.0676
73.8294
72.837
73.4595
74.6054
73.7828
74.5465
73.8299
73.8942
72.901
72.7176
72.7464
72.2556
73.5041
73.04
72.7029
72.1387
73.1784
72.9714
72.8619
73.1542
74.1784
73.8992
75.3963
73.1658
73.5655
73.6806
74.5622
73.3739
73.9171
73.2763
74.392
74.3155
74.3565
72.9164
74.0535
73.9462
73.9564
73.9834
73.7845
73.5769
73.8175
73.7543
74.7022
75.231
73.7864
73.3497
73.1697
74.116
73.5477
72.6329
72.5634
72.6068
72.8916
73.2234
72.4412
72.7034
71.9079
71.8642
71.7363
72.3952
71.6986
71.088
72.2768
72.0684
72.3496
71.7893
72.1423
72.9182
72.7084
73.3736
73.0742
73.6555
74.5756
73.2962
72.7572
73.2171
73.5873
73.0557
73.7305
73.5264
73.6486
73.9218
74.7429
73.712
73.316
72.0116
71.7192
71.7144
72.4809
73.2716
73.1503
72.8526
73.0058
72.1772
72.1992
72.8862
72.4211
71.9794
72.3648
73.0506
74.4816
73.7313
74.1569
73.4255
72.5092
72.2252
72.7023
72.3617
73.4541
73.5752
73.1317
73.5618
74.7329
73.9705
73.374
73.5294
72.8878
73.3509
73.3081
72.7995
72.4378
72.71
71.8561
72.4661
73.2023
72.5274
73.1507
74.0794
72.9194
72.3667
72.0466
72.679
72.3454
72.8609
72.5821
72.2645
72.8188
73.4799
73.3132
74.3834
72.915
73.3624
74.1243
73.1729
73.0422
73.8328
72.3282
72.1317
72.3967
72.0867
72.2576
73.2515
73.9213
72.7909
73.1006
72.8858
72.8429
72.173
71.9742
72.4089
72.388
72.7956
72.1521
72.4245
72.792
73.1589
73.6212
72.8049
73.5437
74.4064
73.7225
74.3446
73.4328
72.7826
73.033
73.613
73.1752
73.5008
73.6725
73.0089
73.099
75.3311
75.0413
74.3827
73.3481
73.4367
73.6217
72.729
71.1694
71.4393
72.0015
72.7309
73.8566
73.0375
73.0388
72.464
72.6216
74.0498
74.5773
74.0924
74.0099
73.1747
72.8313
72.6177
73.8528
74.7617
73.715
73.5799
73.5224
73.3791
75.0449
75.2753
75.08
74.4197
74.3409
73.737
73.0884
73.0994
74.4904
74.3641
74.0189
73.4545
72.93
71.8157
72.3229
73.1042
72.4866
73.2596
72.3086
72.6466
72.1888
73.7666
73.7118
75.1716
74.5605
72.8599
73.7674
74.1642
73.6845
74.2642
74.5446
74.8757
74.7062
73.7577
74.9226
74.2826
74.3529
73.9973
74.8879
74.6914
73.3117
72.7283
73.4846
74.0962
73.4378
73.8771
73.5699
73.9311
73.6294
72.9729
73.0377
74.0358
73.1663
73.4908
73.9992
74.6501
74.2198
73.0685
72.9647
74.1718
73.33
74.112
74.4451
75.8078
75.4705
75.5434
74.5713
75.0711
74.034
74.4884
74.09
73.7347
73.3316
74.3411
73.4401
73.7315
74.3084
72.805
73.0232
73.3048
73.7585
74.675
74.5452
74.0048
73.845
72.661
72.9773
72.8916
71.6833
72.6266
73.2312
72.6966
72.9878
73.7116
74.1097
74.684
73.6127
73.1312
73.9367
73.9649
73.2091
73.1883
73.1857
73.3525
73.6196
73.0809
72.8368
73.2923
73.7461
73.7822
73.3263
73.2805
74.2854
75.0286
73.4198
73.7413
73.2622
72.4455
73.0465
73.3726
73.5843
74.2202
73.484
73.4679
72.623
72.9276
73.3612
74.2162
73.7964
72.7127
71.5493
72.1795
71.7041
72.2294
71.8914
71.8799
72.589
72.0815
72.6028
72.839
73.3769
73.0539
74.4497
75.2596
74.4189
74.1487
74.1186
73.5677
72.8404
73.4947
73.0932
73.4201
73.4216
74.2485
73.5997
73.0049
72.9136
72.4837
71.9008
72.4459
72.211
72.0618
73.0413
72.9171
72.5526
72.6634
72.9613
73.7154
73.3369
72.9933
72.2118
72.7564
73.5472
72.4604
74.1917
74.8454
73.6637
73.9603
73.8221
74.8718
73.7623
73.5061
73.794
73.877
74.3557
74.7455
74.8398
74.2689
73.2443
73.5938
74.599
74.4987
75.4996
77.0722
75.984
74.4153
73.7276
73.9907
74.361
74.6107
75.2026
74.5503
74.4065
73.4906
73.7466
73.7778
74.3871
75.1498
75.1378
75.0292
76.0439
74.2224
73.6493
73.1492
73.0225
73.0785
73.1589
72.8586
73.8601
74.2752
75.0866
74.3746
74.9656
74.0429
73.793
73.6811
74.5085
73.4378
73.2216
74.4932
75.1358
74.0502
73.3127
72.4063
71.6844
71.2507
71.7935
72.0935
73.4602
72.2197
72.7346
73.5922
73.7865
73.6828
73.2737
74.3751
74.2649
74.3176
74.691
75.7238
75.1909
76.2349
75.6233
73.415
72.7937
73.5755
73.4234
74.5234
74.3215
73.1532
74.3116
74.0798
73.6001
74.1242
73.6327
73.9493
74.6272
75.0143
73.3245
72.2711
72.1976
72.4876
72.4207
72.8605
72.1512
72.9912
71.7818
72.3118
72.8368
72.5134
73.1503
73.723
73.0387
72.4403
71.7692
71.4664
72.8192
72.4864
73.066
73.0839
72.5498
72.7126
72.9625
73.0702
73.4463
73.7136
73.1609
73.4342
72.8101
73.8752
73.5064
73.5526
73.1832
72.0024
72.7522
72.4999
73.6161
72.6997
72.2729
72.877
72.292
71.1986
71.5713
72.6598
72.9008
72.6971
74.2366
73.9975
74.6187
74.5069
73.128
74.2174
73.857
74.1145
73.9035
72.4631
72.7567
72.8525
72.5922
72.331
72.9105
72.3099
71.7873
72.564
72.8684
73.8074
73.1882
73.2135
72.4171
72.3638
73.1321
72.3759
72.4929
72.8256
73.8306
73.6595
73.3883
72.1296
72.2599
71.3874
72.8224
72.7184
72.3095
72.0769
72.8775
72.8666
72.9191
72.6082
72.7567
73.5207
75.4444
74.3873
74.3152
73.7353
73.7303
73.5427
72.7469
74.7879
73.6185
74.8433
74.5574
75.143
75.5291
75.5292
74.635
73.4097
73.0236
73.0318
72.2837
71.8752
72.1636
73.2408
71.9069
72.2785
71.2334
72.1262
72.5472
71.9831
72.0084
71.4946
71.2422
71.5247
71.8662
73.0287
73.374
73.0977
72.6712
72.4737
72.9758
73.1018
72.7251
73.2029
73.0299
72.8567
71.9455
72.4636
72.1847
71.8553
71.7542
72.4591
72.1812
71.671
71.3412
71.6657
72.9541
73.4072
73.0517
72.6035
72.9946
74.2134
74.1781
74.2789
74.3719
73.6639
72.2265
72.7517
72.3666
72.3977
72.9083
73.333
72.9348
73.6204
72.8004
73.1083
72.9706
73.0007
72.387
72.494
72.7968
73.336
72.8722
73.1188
72.7442
73.846
74.7214
74.2643
73.4807
73.1993
72.9016
72.4462
71.7746
71.154
72.3651
72.489
72.8313
73.3702
74.1576
74.3786
74.8351
74.4272
73.7831
73.9201
74.0487
73.6036
73.1498
73.518
73.0242
72.7111
72.0503
71.2261
71.7894
72.3373
73.1695
73.0953
73.6264
73.9165
73.4967
73.4622
73.6674
74.0578
74.83
73.9186
74.2994
73.271
71.8774
72.301
72.4451
72.7327
72.543
73.3183
73.8058
73.8883
74.1903
73.8516
72.5485
71.8331
73.826
72.6158
72.8353
73.0728
71.6519
72.2035
72.3784
72.7728
73.638
74.1852
73.7595
73.1799
73.7474
72.746
73.8878
73.1146
74.7132
74.2613
73.1055
73.6527
72.6631
72.9393
72.8033
73.9013
74.6439
75.2256
74.1218
73.3802
73.7844
73.3994
72.515
73.5649
74.7888
73.6919
74.4934
74.9906
73.6928
73.9461
73.8855
74.1672
73.2974
73.4782
72.0817
71.3792
72.0148
71.7936
72.5927
72.7644
72.7564
74.2369
74.0248
73.7063
74.1856
72.828
73.4624
72.3149
72.442
71.1758
71.2465
71.6982
71.7736
72.3514
72.4061
71.5636
72.332
72.0831
72.1016
72.5423
72.5662
72.9468
73.2959
73.5944
74.0781
75.09
74.6066
73.6207
73.608
73.7162
73.5643
74.4866
75.3424
74.0873
75.1597
74.7972
74.3983
74.3787
74.5415
74.036
74.4421
73.8387
73.4949
72.889
73.2418
72.3161
72.0399
71.2832
71.3
71.2135
71.9372
72.8388
72.2855
73.0296
72.5708
71.8455
72.6758
72.3874
72.9043
72.4199
73.1693
72.9826
73.4308
73.0361
73.9936
72.8483
73.1306
73.9501
74.1558
74.3413
73.1478
74.8449
74.6665
74.4153
73.6717
72.6076
72.7405
72.5895
74.3658
73.4922
73.8607
73.3765
73.2174
72.9665
73.0811
73.1591
73.4936
73.6734
73.2181
72.9674
72.6366
72.3903
72.5808
72.512
72.7264
71.7067
72.5549
72.1823
72.96
72.5715
71.8468
72.2243
72.4177
73.3383
72.5892
71.5512
72.5787
73.7001
73.4881
74.3254
74.3979
74.5587
74.223
73.2017
72.8894
73.3029
72.6246
72.8837
72.6467
73.4237
72.9482
72.733
72.9627
72.8389
72.8974
73.6013
73.081
72.2332
73.5281
74.4282
73.6984
73.663
73.4429
73.6256
72.6407
72.0901
72.1508
71.1949
72.1946
72.5033
72.7508
73.0395
73.4634
72.2692
72.6757
73.5322
73.2271
73.3145
74.017
73.4953
74.2135
74.0277
73.3763
73.6975
72.8923
73.708
73.253
73.6094
73.7707
73.1453
74.2507
74.3296
74.6863
74.4899
73.8687
74.0251
72.9736
72.6432
73.108
73.4445
72.9575
72.0721
73.5305
73.1522
73.527
73.6002
74.7763
74.9817
73.9165
73.1135
73.2668
73.427
73.4624
74.2874
73.6878
74.7281
72.8117
73.9942
72.9657
74.4292
74.128
73.6867
72.9483
73.6704
74.0313
75.0913
74.6585
74.0242
73.5097
73.6677
73.1607
73.0067
73.3042
72.9542
73.5497
73.7356
74.9325
74.1257
74.7969
73.1416
72.2795
71.9005
71.9094
71.9952
72.2405
72.7591
72.3079
71.7952
71.8847
72.9606
73.8849
72.9337
73.109
72.262
72.2357
72.7268
72.357
72.9059
73.1043
73.2347
73.8717
74.4258
73.331
73.8477
73.138
73.9447
74.0734
73.4613
72.8985
73.906
71.8871
71.6898
73.1369
73.0671
72.241
72.5539
72.7707
73.1125
71.7258
71.9826
73.4997
72.7546
74.0032
74.5985
73.6787
73.3896
73.2084
73.0147
73.7351
73.607
74.1399
73.0167
73.0488
73.2963
72.9195
72.6559
71.5415
71.4919
73.3434
73.8234
73.4585
74.2204
74.468
73.3848
73.9217
72.8009
74.4517
72.9954
72.413
72.7928
74.208
72.2579
73.22
72.7569
72.0017
72.3839
72.3029
72.5515
72.991
73.5408
72.7812
72.3767
73.6329
72.876
71.8776
72.0868
72.0468
72.6404
72.7956
72.0695
72.4026
72.0916
72.1888
72.3025
72.0216
71.281
72.2966
73.2784
73.0359
72.4107
72.4188
73.5806
73.7781
73.6716
73.1471
72.9753
72.5766
72.6109
72.4869
71.9078
72.4034
72.9358
72.8736
73.0396
73.0364
72.469
72.6705
72.9154
73.3456
72.7424
72.6118
72.3012
71.8162
72.1107
70.7153
71.5831
70.9446
72.0405
72.0586
72.1685
72.8023
73.3346
73.5383
73.4734
73.9726
73.8117
73.7794
73.4325
73.8768
73.7259
74.5283
73.8212
74.0194
74.0937
72.5754
72.8326
73.228
73.6911
74.2652
73.159
71.8782
72.4201
72.4414
73.3663
73.6647
74.2602
74.3634
73.6626
73.5422
72.892
73.2995
73.6438
73.8116
73.7221
73.8845
73.869
73.5239
73.4489
73.3777
73.5497
72.8972
71.8472
71.7846
72.7162
73.429
74.5455
74.4545
74.4114
73.4378
73.5877
73.6241
73.5771
72.5914
74.09
73.8615
73.8135
73.9746
72.5159
72.1524
72.6117
72.1034
72.1807
72.4498
71.8118
73.1789
72.0631
71.8784
72.4434
72.6118
72.8809
73.0556
73.5436
73.8456
74.2678
73.2256
72.2094
72.8449
71.7696
73.1986
73.3951
74.0549
73.1749
73.2587
74.4586
74.6152
74.4165
73.8368
73.2164
73.1726
72.2578
72.6621
72.1312
72.7761
73.1519
73.5955
73.8389
73.5518
72.5661
73.0297
73.297
73.18
72.8136
73.252
73.3466
72.5996
72.6461
73.6491
74.1784
74.0087
74.9353
74.2755
73.5541
73.0312
74.2648
73.8578
74.1329
73.5012
72.9739
71.4715
70.9624
72.2523
71.9759
72.9066
72.212
72.3899
73.493
74.0089
72.4296
72.8374
71.4764
72.6409
71.8846
73.2105
73.5364
72.3876
72.7441
72.4475
72.0275
72.8211
72.6948
72.514
73.8701
74.3699
74.1608
74.1419
73.6059
72.2001
72.2144
73.28
74.151
74.2567
74.0397
73.9608
73.9694
74.4283
75.3887
76.0126
74.1555
73.9242
73.9038
73.0681
73.9384
73.4944
73.3164
73.739
73.5119
73.1597
73.9481
73.9663
73.6417
71.6811
72.2683
71.7836
71.7019
72.2831
72.1639
73.0555
73.1431
72.8639
72.3544
72.7476
72.7335
73.4576
73.1308
73.3387
74.2551
74.1697
73.5831
73.8181
74.15
72.8033
73.7474
73.0235
72.8817
72.4798
72.8638
73.6765
73.265
73.7255
72.9593
72.9135
73.3613
72.2819
72.663
73.0493
73.2448
72.3357
72.3306
72.0247
72.6139
72.0634
72.9597
73.2665
73.0438
72.3493
73.3321
72.6524
72.7533
72.3223
74.1277
74.024
74.1213
72.9432
73.3101
72.8805
71.4845
71.8224
72.7937
72.8208
72.5773
72.1795
72.7648
73.0555
74.0182
74.035
73.6294
73.7841
73.5902
73.9495
73.9091
72.4419
73.1195
72.8159
72.67
73.4591
72.8809
72.2095
73.5443
73.267
72.8622
73.9456
73.6227
72.8524
72.5101
71.9255
72.7332
72.1261
72.5392
73.2712
73.2293
72.6392
73.0042
73.4121
74.0547
73.1772
73.1828
73.5302
74.0711
72.7569
72.9896
72.8807
73.9695
74.0645
74.0022
74.7897
73.5116
73.5011
73.0503
73.0615
73.5855
73.5672
72.5312
72.1962
72.4669
73.5247
73.7317
73.221
73.8827
73.0268
72.8923
72.5816
73.7606
73.5936
74.0913
73.572
73.9345
73.1694
73.6365
74.7611
74.5397
74.0001
73.6659
72.4727
72.0842
72.0816
73.0569
73.1058
73.2179
74.6557
72.5465
71.9925
72.2672
72.2743
72.5569
72.4769
72.8052
72.8359
72.9223
72.1494
72.0058
72.3208
72.698
72.2597
72.5903
72.7916
72.5342
73.2124
73.5829
73.0114
72.764
71.2397
72.3699
72.7806
73.6709
73.3727
72.9451
72.6238
73.3865
72.3492
72.8142
73.2696
72.246
71.6981
71.1018
72.5186
73.8864
73.4296
72.7719
72.5926
72.3216
72.5308
72.9664
72.1476
73.2447
72.9122
71.6191
71.5902
72.3025
72.97
73.37
73.4751
72.4269
71.1802
72.1808
72.5219
72.2626
72.3937
73.0206
73.0385
72.5553
73.4858
73.0071
72.7345
73.6318
73.4857
73.8036
72.7875
71.2787
72.3845
72.4208
72.5034
73.1493
72.8689
73.0439
72.9967
73.0354
74.2925
73.1616
73.1681
73.7372
73.3281
73.6972
73.8588
74.6486
73.7133
73.4388
74.2283
73.9741
73.3677
73.8474
73.627
74.1251
72.6482
71.7377
72.8493
72.5493
72.4223
72.5679
72.6775
73.2014
72.8976
73.1054
72.0271
72.9004
72.7526
74.2396
75.0391
74.8734
74.9048
74.0413
73.5557
73.9714
74.8434
74.6496
74.1767
74.6044
74.0732
74.1682
74.2176
73.875
73.3766
73.3852
73.4513
73.4328
72.1837
74.1106
74.6046
74.3585
73.0219
73.0758
73.5655
73.7018
73.7102
74.7851
73.5821
75.1615
74.8344
73.4143
72.8028
72.9454
71.85
71.9203
72.6255
73.1165
72.9612
73.7948
74.1958
72.7901
73.1067
72.6468
72.6758
71.9999
72.4647
71.8499
72.6312
71.9799
72.5545
71.9488
72.1961
72.8277
72.3856
72.4944
74.1917
74.0246
73.4955
73.0812
73.7551
73.3462
73.3758
73.2892
72.4948
71.6356
72.3668
72.6709
73.6395
73.7873
72.7391
72.436
73.0818
72.2384
72.2239
72.5273
72.1466
72.3421
72.0985
72.4611
71.9872
73.3814
72.4224
72.6864
72.408
72.9449
72.9275
72.8775
73.8244
73.2429
73.1326
72.0816
71.8961
71.8685
72.1981
74.3413
73.4652
72.5728
72.6758
72.5755
72.8379
72.5729
72.5115
72.8336
73.3229
73.177
74.034
74.6541
74.5933
73.7767
73.9148
73.5017
73.8059
73.9817
74.0096
72.7752
72.6065
72.3328
71.806
71.5367
72.2921
72.0276
72.4025
72.5978
73.2998
72.5018
72.1751
73.1004
73.6559
74.162
73.1011
72.9032
73.1417
73.4126
73.1137
72.2874
72.7955
73.3257
73.2392
72.5186
72.7006
71.4656
71.6772
72.1214
72.9183
73.0634
73.8631
73.8231
73.6974
74.6428
74.5438
74.3418
75.018
73.9286
73.2163
73.2084
72.7902
73.2064
71.8271
72.8036
72.1734
73.7799
73.2757
74.1084
74.8681
74.5854
74.2815
74.2342
74.1423
73.4029
72.907
72.8145
72.789
73.2679
73.0616
72.3883
72.4595
71.7845
71.9955
72.0962
72.6642
73.2669
73.5493
73.5951
72.1237
72.6455
72.6519
72.5286
72.1856
71.998
72.2784
72.0654
71.6636
71.319
71.7051
71.5708
72.3404
72.8861
72.717
72.18
73.2327
73.0375
72.2202
72.6122
73.4105
74.339
73.6185
73.0753
73.7331
73.3041
72.4445
72.9581
73.7953
73.1384
72.5311
72.1489
73.0503
72.8758
72.6931
73.149
73.7898
72.6399
72.9707
71.995
71.7768
73.2011
73.0214
72.9681
72.069
72.4026
72.492
73.4362
73.9189
74.8777
73.1858
73.1003
74.139
73.717
74.2684
73.4332
72.9446
72.6569
72.4832
72.6715
72.3035
73.3505
73.2948
73.498
72.7834
72.095
72.2836
72.6916
73.2991
73.6222
73.2716
75.0275
73.2524
73.0817
72.0092
73.0448
73.3546
73.1487
72.2007
72.3807
71.6811
71.0839
71.5152
72.9944
72.9503
72.4093
72.4516
71.8622
71.6401
71.4761
71.0099
71.2422
71.8411
71.4554
71.104
71.2683
72.4929
71.7027
73.2827
73.0757
73.3827
73.9093
74.6701
73.8429
74.0594
73.216
73.9393
74.1711
73.7913
73.9806
73.1475
73.4586
73.0902
73.1324
73.8942
74.0074
74.2946
73.1677
73.3174
72.891
71.7295
71.7695
72.7143
71.5544
72.5786
74.2914
73.6105
73.5033
73.92
75.1244
72.9493
72.3573
72.3811
72.959
74.4122
74.4604
73.5485
72.9412
72.1162
72.5303
73.1065
73.068
72.7252
71.7733
72.5498
72.9797
71.7393
72.4076
72.8002
71.8638
72.6489
71.6315
71.8333
71.8267
72.0138
71.195
72.0524
73.6611
73.919
72.5662
72.7756
71.9067
71.8011
71.6025
71.2649
72.0656
73.8357
73.2157
72.4234
72.4432
73.244
73.9133
73.3713
72.7675
72.3078
72.7517
73.9223
73.9617
73.2314
72.3799
72.7975
73.3706
73.0098
73.0545
73.0419
72.4855
72.0931
72.992
72.7496
73.5654
73.2056
74.2801
73.9692
73.9421
72.4966
72.9937
72.4079
73.6019
73.7793
73.4499
74.3329
73.7092
73.2966
73.98
72.9079
72.8222
73.6148
74.2294
74.1781
74.0016
73.7952
74.1753
74.0825
73.4047
74.3427
74.5767
74.5345
74.5934
74.8004
74.0096
74.4333
73.3813
72.4005
73.5053
72.6855
73.7327
74.5972
76.3515
74.142
73.4218
73.2888
73.7461
73.832
73.8393
75.4323
76.1776
74.0259
74.3287
73.6601
73.4567
73.9183
73.2639
73.5153
73.5012
74.2183
73.4692
73.3647
73.0849
73.0254
73.7369
73.976
74.2463
76.171
76.2167
75.143
73.5483
73.5996
72.8202
72.6008
73.6098
72.7853
72.3243
73.0317
72.9778
73.1105
73.2279
73.6553
74.5336
73.7341
73.1859
74.2456
74.1636
75.3136
74.0589
74.1406
74.6884
72.7357
72.1362
72.4162
73.8099
74.2852
74.1958
73.9031
74.4454
74.1654
75.1837
74.9138
74.791
76.282
75.7668
75.5974
73.5692
72.7443
73.2763
73.0905
72.4749
71.9997
72.7636
73.2941
73.5492
73.4122
73.3723
73.1193
73.9236
73.735
73.321
74.2213
74.3134
74.2485
73.831
72.6901
73.0007
74.2019
74.2025
73.953
74.713
73.6338
73.2134
72.9447
73.2608
74.331
73.299
73.0568
72.834
72.9619
73.634
73.5831
72.5331
73.4298
72.4085
72.3365
72.2267
73.3344
72.8089
72.186
72.4614
72.5678
72.5467
72.8116
72.4324
72.0356
72.6195
73.6419
73.7443
74.447
73.5023
73.0877
72.6911
73.1431
73.5066
74.0305
73.424
73.6923
73.9747
73.557
72.6515
72.7405
74.3779
73.5604
73.7432
74.4388
75.2763
75.3411
74
73.7669
73.4815
72.8863
72.56
74.1092
73.9777
73.5575
74.337
72.9998
72.3509
73.1686
73.9194
73.4653
74.5692
74.1763
75.2278
74.0504
73.491
72.6847
72.648
72.992
72.9522
73.1217
72.9576
73.7193
73.1135
74.485
73.7288
73.2852
72.7798
72.215
72.0299
72.4421
73.2548
73.3871
73.2876
72.4695
72.7577
72.7821
72.4494
73.0272
72.3946
71.9281
72.7009
72.9091
73.4612
73.4149
73.5522
73.2362
72.3806
72.4545
72.0363
72.3337
72.9565
73.7184
72.6201
71.2791
71.4948
71.971
71.6401
73.3878
72.2393
71.9297
73.2332
73.1144
72.4075
72.4679
73.0301
73.0125
72.7918
72.308
72.5512
72.7508
72.7068
72.9414
73.143
72.3686
72.7356
73.0865
72.9992
72.5483
72.8949
73.4419
74.0577
75.2028
75.459
74.3908
74.9317
74.3148
73.4142
72.5116
72.0943
72.6715
72.3313
72.6929
72.4203
72.351
72.1806
72.1188
72.6814
72.6088
73.2718
73.3371
73.011
72.2944
72.1287
73.3494
72.5169
73.2393
73.7784
73.3464
73.8524
73.6058
74.7445
74.5679
73.7835
73.7885
74.4178
73.7694
72.6013
72.7744
72.8606
72.6131
72.695
73.397
74.7023
74.8403
74.9568
74.1817
73.9845
74.5193
74.4307
73.9966
74.0348
73.2648
73.2104
74.4939
74.9765
74.6899
74.519
73.1933
72.2497
73.9523
73.0542
73.503
73.5601
74.2597
72.891
72.9032
72.054
72.1696
72.1616
71.6507
71.8987
71.7292
73.1885
72.7687
73.1554
72.7298
73.2551
73.3401
73.6793
73.7288
73.9208
72.6802
73.7839
73.2158
73.9104
72.6285
72.974
73.2553
73.9936
75.1557
74.4998
74.4008
73.1852
73.4317
72.3867
73.5969
72.5396
72.7816
72.3434
72.3204
72.2042
72.8515
72.53
72.1406
72.0287
72.8121
73.3767
72.0929
71.9198
71.8373
72.2991
72.9528
73.2009
73.8506
73.073
73.9704
72.356
73.5916
72.4327
73.7124
73.0876
73.396
72.6765
72.0429
71.9127
71.5484
72.4284
72.7818
73.4158
73.065
73.5271
73.2388
72.9813
74.0565
73.1116
73.0064
72.5346
72.97
72.7476
72.1059
73.3602
73.7756
73.4631
74.7843
75.5596
74.7898
73.9686
72.9767
73.9717
73.9242
73.3693
73.0456
74.1512
74.3053
73.5514
74.6743
74.5353
73.9038
72.6751
72.8273
72.7125
73.4986
73.6993
73.6659
73.7376
72.4632
72.7399
72.0483
71.593
71.5665
71.9114
72.7963
73.0253
71.5299
72.6742
72.5048
71.5143
71.8931
71.5848
72.2878
71.8774
71.4891
71.8083
72.2318
71.2452
71.958
73.0258
72.39
72.1106
73.3936
73.0374
74.1538
73.8488
74.1555
74.3562
74.1511
73.1132
72.5895
71.9565
72.0887
72.5196
72.4941
73.1128
73.3702
72.3352
71.686
72.9455
73.5506
73.9686
72.8206
74.5751
73.3994
74.9736
74.6456
74.3642
74.2852
73.44
74.1534
74.8261
74.3684
75.1338
75.5552
75.0941
74.9545
74.1111
72.388
72.8161
72.8917
72.5984
73.1894
73.605
74.3002
73.7745
72.7674
71.9041
72.6894
72.8168
73.1121
73.1447
73.7093
73.8294
75.8059
74.9003
74.5731
75.3396
73.3688
72.1145
73.4255
73.2305
73.2513
74.5282
74.6074
74.0693
73.9577
73.9125
73.1259
73.0901
72.1068
73.1813
72.6055
72.8522
73.2285
73.2045
73.3551
72.6232
72.6916
72.2263
71.9019
72.3922
73.2595
72.948
73.6329
73.5603
72.1847
71.8576
72.8263
72.3067
72.654
72.5051
74.4655
73.5482
73.3471
73.85
74.6041
73.5177
74.4485
73.6974
73.8404
74.9913
74.3116
74.3669
74.2417
74.9189
75.4549
75.5763
74.8683
74.9431
74.8853
74.4408
73.9588
73.5002
75.4935
75.0291
74.654
73.6603
73.372
72.7549
73.2867
73.1488
72.3075
73.0981
73.6853
73.7454
74.1118
74.9844
74.3338
74.3174
74.4231
73.0564
73.2001
74.4661
74.9071
74.9004
74.7215
74.3943
74.2913
74.3634
76.0477
74.3178
74.2524
74.1624
72.9834
72.6356
73.4155
73.4498
74.3241
73.594
74.8982
73.9146
73.7552
74.165
74.0291
74.039
74.1886
75.1885
75.337
74.7581
74.0404
74.1281
74.7703
74.3978
74.8006
75.4885
75.2754
77.1455
75.9068
76.7953
76.1855
76.7799
74.6906
74.5472
74.0621
72.7065
72.6135
72.5933
73.4948
73.2614
73.1209
73.0583
73.6582
74.4527
74.8636
76.182
75.9501
75.335
73.9068
74.0714
74.0759
74.4988
74.5317
74.4621
74.28
74.3265
74.001
74.6426
74.6488
73.5757
73.4987
72.67
72.5673
73.362
73.1892
72.927
73.4574
73.159
72.747
72.9403
72.9732
73.7401
73.9644
73.8722
74.3365
73.2101
73.0428
73.2791
74.0246
74.7339
75.324
74.6152
74.1738
75.0743
73.2518
73.2428
72.9381
73.523
72.6322
72.6594
72.2724
71.4141
72.2113
72.1496
71.9207
73.0013
73.2031
73.0781
73.4705
73.3087
72.6621
74.6425
74.1901
73.8147
73.5149
73.1517
72.5723
73.3193
74.3557
73.2953
73.7004
73.4319
73.9882
72.5333
72.3788
71.8558
71.6624
71.0895
72.8451
73.4255
73.4168
72.7055
72.9632
73.6449
73.1328
72.2081
73.7831
72.9333
73.2925
73.3431
73.2641
71.9924
72.32
72.8318
72.7892
72.1529
73.8159
74.3112
74.6094
73.782
74.419
74.2826
73.8549
73.4874
73.8797
73.861
73.4902
72.497
72.7989
72.448
71.3552
72.6475
73.6179
72.632
72.082
72.0148
72.9348
72.4499
72.1275
72.3181
72.5544
72.5481
72.2439
71.8647
71.8038
71.6212
71.3394
71.5698
73.5823
72.2263
72.9413
72.8841
72.4839
71.9949
72.3391
71.6198
71.1727
71.5121
72.4462
71.8663
72.5252
72.643
73.7194
72.9975
72.775
73.7142
73.1501
73.1009
73.9451
72.7049
73.437
73.1816
72.4973
72.813
73.4989
73.211
73.9639
73.7023
73.6574
73.0809
73.5145
73.3617
73.4537
73.2453
73.4778
72.1214
72.4474
72.3716
72.8685
72.8284
72.4678
72.9371
72.1977
73.6198
73.4013
75.9319
74.9269
74.0368
73.5242
72.2646
71.5025
72.0596
71.6445
72.9453
73.0058
74.0602
73.5243
73.1167
74.0868
73.4797
73.6292
73.5184
72.7214
73.3132
73.3436
73.2781
73.9424
73.8313
73.2705
73.6493
74.1919
74.2181
73.7651
73.4575
73.3046
72.8635
72.2957
72.9076
72.2143
72.3124
73.2578
72.0683
72.9549
72.4141
72.4389
72.5003
72.2987
72.3824
73.0997
73.2391
73.4703
73.1332
72.344
72.9081
72.7334
72.3417
72.0806
72.3778
73.1054
72.7894
72.1481
72.1439
72.6118
73.1433
72.5824
72.0137
72.9875
73.261
72.5593
71.6539
72.0613
71.6834
71.9329
72.5267
73.8205
73.3134
72.6422
72.7331
72.121
72.6956
72.5696
72.3004
71.7628
73.0306
73.3294
72.9428
72.7075
72.3998
72.0004
73.4305
74.9258
73.7229
72.9628
73.0719
73.1426
72.5995
72.8981
74.5647
74.5885
73.1545
73.4278
74.3054
74.0621
73.2994
74.1329
73.7726
72.5367
73.4526
72.9778
73.2566
73.6107
74.7464
74.5025
74.7945
73.2666
72.6475
72.7754
72.9206
72.6858
72.8309
72.5883
72.7307
73.3733
73.13
72.8466
72.8498
73.0138
73.455
73.0935
73.3717
72.5911
71.8985
71.9448
71.6092
72.234
72.0372
72.1268
72.1051
72.4121
71.8254
72.4119
72.2855
73.1379
73.3448
73.1239
74.4272
72.6238
72.568
73.0842
73.6618
73.8811
73.834
72.6234
73.2747
73.5863
73.6283
74.1844
74.0636
74.4698
74.3279
74.4038
73.1007
73.3525
72.8918
73.1017
73.9834
73.2857
72.909
72.6669
72.2242
72.4991
72.7643
73.6323
72.9809
73.1255
73.8979
74.045
73.5448
73.8793
73.506
73.8522
73.2507
72.6653
72.1464
73.728
72.8675
73.775
72.8739
73.4732
74.875
73.6559
73.3314
73.0685
73.7787
74.4435
74.391
75.8291
74.0116
73.5145
73.1529
74.4225
73.4272
72.8775
72.6528
72.8534
72.9329
73.5552
73.2357
73.8305
74.5345
73.5915
73.3609
73.9281
73.6311
72.5792
72.5332
73.0188
73.2157
72.6581
71.8222
72.3451
73.0181
72.894
72.5436
73.004
71.1673
73.3135
73.1591
74.3311
74.6239
74.1969
73.4984
72.8143
73.6536
73.0342
73.8365
72.8713
73.1163
72.3068
72.4632
72.7299
73.1388
73.0221
72.2036
71.7555
70.7356
71.1926
72.7202
72.8288
72.9267
73.1264
73.1117
72.2513
73.3941
73.5423
72.5368
72.9425
72.8355
72.484
72.3727
72.1497
73.4765
73.1364
73.2566
72.5615
72.5208
72.5626
71.2475
72.1673
72.0963
72.238
72.5941
73.2479
72.0872
73.0486
73.1801
74.4036
73.747
74.2354
73.251
74.2635
73.4589
72.9145
75.1157
73.8591
73.5764
72.9932
72.9811
72.2646
73.5829
73.7243
73.27
74.2959
73.9001
73.2525
73.7215
73.7925
72.7167
71.3161
70.5995
71.4127
72.6665
71.7333
71.5967
71.8012
71.6972
72.0541
71.7298
73.3367
73.9065
74.3793
72.873
72.8707
73.2909
73.2916
74.2295
73.5363
72.2376
72.4141
71.5224
72.1152
71.4787
71.1806
71.3235
71.616
71.7807
72.036
72.7004
72.8378
72.788
72.0613
72.396
72.1624
72.1912
71.873
71.7514
72.27
72.7461
73.0113
72.2828
72.3501
72.6332
72.5875
72.5934
72.5145
72.2894
71.6625
72.849
72.402
72.6126
71.8885
72.0381
71.8615
72.8513
72.4263
72.1504
73.0064
72.9686
72.9431
73.4826
72.378
72.8305
72.2972
72.3903
73.5319
72.6669
72.712
72.5659
72.5815
71.6131
72.0228
72.7809
72.2106
71.4867
71.6597
71.0092
72.0537
71.5702
72.4178
72.7761
72.5281
72.1885
72.896
72.7202
72.3137
72.6218
72.8907
72.3294
72.7962
72.6907
73.3958
72.978
73.0437
72.2944
72.0832
71.9696
72.7237
72.8272
72.9473
73.0436
72.5974
73.9304
74.08
73.7375
73.4411
72.7073
71.6062
72.9829
72.4509
72.7788
73.1462
72.8051
72.3134
72.1209
72.3255
72.0807
72.8637
74.0271
72.8051
72.6215
74.3278
75.3247
74.6121
74.068
72.9898
73.6825
72.3118
71.7169
72.0832
72.5871
72.7416
72.6231
73.5811
73.4034
73.1746
73.88
70.5721
71.3862
71.5775
71.5556
72.0448
71.2117
70.6596
71.3953
70.6244
71.8611
71.4999
71.4596
71.8758
73.2125
71.6271
71.3032
72.0385
71.7736
71.3351
71.9776
72.78
72.6591
72.26
72.6504
72.9367
72.8017
72.7541
74.0091
73.2401
73.6412
72.2892
72.0511
72.4369
72.9982
73.209
72.7555
73.7957
73.6383
74.3784
74.5313
74.355
74.7132
74.3324
73.1349
72.1101
72.3569
71.5448
71.7038
71.0679
71.6135
72.8404
72.9696
73.0157
73.8321
72.6032
73.6984
73.9643
74.4687
74.6139
74.2768
74.6078
73.2772
73.0149
71.4911
70.8111
72.3894
71.8421
73.079
73.647
72.8998
71.8616
71.4088
71.0796
71.7839
71.8885
71.0557
70.4573
71.184
70.8297
69.3727
70.3212
70.8019
72.1507
73.3864
72.8468
71.7649
71.6705
71.1837
71.2997
71.609
71.4468
72.2443
72.2814
72.2633
72.5025
72.8928
72.2301
72.1892
70.4548
71.5532
71.7084
71.6637
70.6181
70.8555
70.8771
71.0125
71.8637
70.8149
70.7659
71.3852
71.1326
71.3444
71.4342
72.6127
72.4987
71.3154
71.2008
72.1881
71.8012
71.9784
71.6429
70.641
71.1839
71.0519
70.8738
71.9587
70.4498
71.4453
71.1939
71.4909
71.9688
73.4606
73.4853
72.1551
72.1667
71.4904
70.2893
70.0853
70.7423
70.5022
71.1073
71.0552
72.0458
72.5476
72.3642
72.3312
73.1074
73.5451
73.0566
71.9768
73.3721
72.0496
71.974
72.3884
73.1731
73.276
72.7154
72.2419
70.5786
71.0419
70.417
69.8763
68.9994
69.9391
69.7965
70.5638
71.0367
71.4901
72.6374
73.076
72.3825
73.2244
73.5423
73.3068
73.6598
73.8265
73.0356
73.7256
72.2361
72.4495
72.7744
73.2959
72.6249
71.5853
71.8945
70.7121
70.6025
69.6681
69.9306
70.0384
71.6296
71.6668
