476.875
462.273
442.9
425.96
412.201
401.273
394.376
387.836
380.591
370.634
358.757
349.189
342.884
335.39
329.286
323.559
320
316.269
313.245
308.795
306.259
302.473
299.504
297.006
294.88
294.687
293.138
291.317
289.238
285.555
281.561
276.396
273.496
270.877
268.223
265.094
263.297
259.687
258.508
254.645
251.916
247.1
243.089
240.709
238.988
235.835
232.934
230.85
229.979
227.801
225.844
225.265
223.751
221.592
218.523
216.444
213.7
211.196
210.097
208.304
205.647
204.156
202.989
202.128
201.237
201.018
201.3
201.637
201.202
200.184
199.225
197.932
197.203
195.933
194.058
192.821
191.123
190.818
188.395
187.225
185.88
184.614
184.663
185.192
185.201
185.48
185.144
184.052
183.392
183.169
182.502
180.379
180.372
178.906
179.399
179.92
177.958
175.471
174.057
171.184
169.504
169.972
171.117
169.467
167.139
166.638
165.335
164.97
163.639
161.167
160.971
159.934
159.598
159.233
158.107
159.172
157.889
156.817
155.535
154.421
153.727
154.261
153.872
152.429
151.057
150.859
151.924
151.276
150.635
149.207
149.614
148.993
146.666
146.257
145.684
145.063
144.982
145.986
145.203
144.754
144.492
144.634
144.827
143.216
142.424
141.105
140.474
141.963
141.307
139.942
138.599
137.68
137.654
137.268
136.515
136.329
138.47
139.92
138.387
138.095
135.177
134.883
134.733
134.506
132.832
133.492
132.491
132.087
131.653
131.168
130.771
132.331
132.846
132.921
133.142
134.71
134.4
134.048
133.316
132.171
130.217
129.309
128.441
126.124
124.901
123.764
124.012
121.837
120.459
120.814
120.493
121.679
121.661
122.027
123.131
124.164
124.181
121.743
121.39
120.513
121.271
121.031
120.871
121.644
120.361
119.218
117.753
117.647
116.637
116.964
116.603
118.485
118.836
117.895
116.898
116.819
115.251
114.555
115.132
113.798
113.93
112.832
111.948
112.143
114.028
113.336
114.336
113.712
112.735
111.587
110.078
108.854
106.674
106.65
106.654
106.068
106.024
105.059
104.143
102.5
103.063
103.777
105.578
107.244
107.836
108.394
108.399
107.964
108.388
108.816
108.646
107.788
107.472
108.047
107.117
106.101
106.768
106.445
107.083
106.579
106.058
107.846
108.237
109.946
110.082
110.028
109.778
107.906
107.116
106.65
106.42
105.536
104.904
106.762
107.784
108.65
109.295
109.01
108.669
107.801
108.23
109.351
108.739
107.709
107.506
106.351
107.254
107.867
107.842
107.059
106.891
104.987
103.989
104.445
104.244
105.505
105.168
103.654
101.81
101.879
102.392
101
101.552
99.8756
100.242
98.1008
98.7237
98.5581
98.6349
98.5585
98.7353
98.3191
97.4532
98.7526
99.8281
99.848
100.422
100.106
100.507
101.008
100.416
100.264
98.9274
99.1224
98.651
98.444
97.3454
97.9434
99.4469
99.9424
102.847
103.861
104.237
104.459
104.824
104.083
103.372
102.38
101.862
99.8474
98.0788
98.2635
96.5556
94.025
93.9593
93.778
93.6327
96.0004
96.3155
96.1886
97.3251
97.4935
98.0848
97.3376
96.0017
97.0554
96.5727
94.6319
94.5918
94.2917
94.4303
93.6158
94.5259
93.1615
93.6377
94.5343
93.4253
92.782
91.8454
92.1333
92.5718
93.0504
92.4033
91.7618
92.063
92.4299
92.47
92.272
92.5994
92.7767
92.5675
92.0462
92.7075
92.9677
93.1484
92.1409
92.1038
91.6508
91.0646
90.9053
90.7242
91.1599
91.0434
91.128
91.6446
92.1418
94.7191
96.2788
97.327
98.1519
98.5333
97.8983
96.2088
96.8347
98.2578
98.7637
99.1675
98.2816
99.4053
98.4608
97.9001
97.6964
97.4372
97.0408
97.7338
97.6795
96.5078
96.129
95.9131
94.1679
92.3653
91.4295
89.8562
88.9477
89.8473
88.6682
88.7713
88.3176
87.4666
87.9176
86.9899
88.8675
89.6412
90.0817
90.7978
92.5066
94.0738
94.9347
95.4599
96.5753
97.2026
96.8825
96.0049
96.2996
95.8139
95.5672
92.7929
92.2012
92.2055
91.9469
90.6704
90.3492
88.3565
86.8558
87.8488
88.1771
87.0222
87.0243
86.9947
87.1615
86.5534
86.8777
86.5634
86.3936
86.5698
87.2156
88.2466
88.7984
88.1601
87.0722
88.3424
87.8315
87.2603
88.4178
87.8302
87.636
88.0732
88.902
88.3274
86.6475
86.7821
86.8772
85.8544
86.3278
86.455
85.128
84.7121
85.0187
86.3318
86.421
86.9533
86.0959
85.7619
86.449
86.7792
87.4343
87.4042
88.513
87.0611
88.3518
87.7108
88.5571
88.9313
87.5276
86.9785
85.8739
87.5207
87.3503
87.1889
87.0421
87.8286
86.6361
86.1417
85.1378
85.3508
85.304
85.8354
87.76
89.1324
89.6555
88.2184
87.4699
85.7371
85.5117
85.5606
84.5662
83.6158
84.3791
85.8773
87.0015
88.4896
88.9731
90.7393
89.4044
87.5829
86.0528
86.0779
86.0789
86.4507
85.6543
85.9517
86.566
85.2715
85.5046
85.2994
85.3107
84.848
85.693
85.7195
84.5437
85.1321
84.616
84.4041
84.1258
84.4829
84.2867
83.6509
83.2144
82.931
82.212
82.6695
82.97
83.3829
84.2344
86.6915
87.6209
89.7246
92.6604
92.9941
90.6918
90.1209
89.9632
91.0128
90.9396
89.4661
88.8579
87.0173
87.4365
89.0764
89.7042
89.972
90.488
91.4726
90.1695
90.4935
88.5753
86.5642
85.1083
84.9594
85.3935
85.1682
84.6459
83.0872
84.0551
83.4083
83.8077
84.5703
84.3696
83.741
83.1715
81.6223
81.9533
82.2813
82.9185
82.4798
82.5085
82.0627
82.4792
82.7196
83.2088
84.538
83.8279
83.4008
85.3098
85.2702
85.9525
86.4384
87.0744
84.3639
82.1828
82.2293
82.4218
81.8494
82.1362
83.0635
82.7132
82.2746
81.9507
82.5165
82.1616
81.319
81.1593
81.3609
82.0053
82.5231
80.7273
81.2057
80.6034
80.7661
81.1827
81.8825
82.6819
81.887
82.34
82.2341
82.9103
83.1972
83.5818
83.7504
83.1432
82.6404
81.6249
81.665
81.3715
82.5587
81.4619
82.4711
81.2259
81.1793
81.4457
81.0944
82.1707
82.6462
82.2011
81.6592
81.4789
81.2429
81.7549
81.7159
81.0762
81.1064
81.5881
82.768
83.006
83.4838
82.2853
82.4103
81.8576
82.9196
82.7847
83.262
82.4173
82.5696
80.765
81.0243
81.9245
82.1233
83.2124
83.5492
82.1297
81.5002
81.1308
82.7031
82.321
81.6904
81.2338
81.611
82.0346
81.4606
80.9185
79.6769
79.6106
80.2941
80.3393
80.1579
80.4793
81.7648
81.126
80.6471
80.6066
81.1952
81.204
81.8926
82.7401
82.9539
81.9101
81.2881
81.7678
81.0809
81.1698
81.4523
80.3156
79.232
80.158
80.5283
80.3376
80.5738
80.6679
80.1164
79.6464
78.6258
78.562
78.0019
78.5864
78.6076
78.7473
79.4324
79.6078
80.221
80.3898
80.8352
80.3252
80.1188
79.9972
79.4889
80.0213
80.0117
80.8518
80.3666
80.9808
80.4832
80.8298
80.5767
79.5522
80.1697
80.6543
80.0974
78.9939
80.0642
80.4667
80.9353
80.3953
80.8588
80.0744
79.5291
79.0723
78.7831
80.4397
80.2577
81.5057
81.8997
82.7416
82.8787
81.5132
82.1863
80.473
80.4115
79.7743
78.2652
79.2315
79.1205
78.9435
78.6117
79.7326
79.4264
79.0449
80.9312
80.8183
80.3935
81.1943
79.9116
79.8517
80.1713
80.2047
80.4432
80.8133
80.3823
80.6532
80.8568
79.3387
79.0988
79.8625
79.4273
80.0376
79.5953
79.4993
79.5032
78.0047
78.1366
78.4655
79.0942
78.5226
78.7332
80.5434
80.4529
80.6317
81.4564
80.6903
81.2035
79.9668
80.376
80.5092
80.0233
79.3751
80.6631
80.3672
80.6732
80.6595
81.3671
80.7576
80.5667
79.6422
80.8149
79.6923
79.6253
79.189
80.27
79.9591
80.2604
80.775
80.8606
80.3579
81.1846
81.4432
81.5744
81.7159
82.1679
81.3685
81.2552
80.4093
80.6458
79.6087
79.4544
78.8477
79.0194
79.7019
79.6009
79.0487
78.6973
79.1232
79.5057
79.8861
80.6443
80.3728
79.6281
78.8502
78.7104
79.6472
79.5568
78.2743
78.0535
78.0094
78.2905
79.0533
78.0248
79.0336
79.4595
79.7898
79.931
80.4571
80.4673
81.7129
79.9857
79.577
78.3369
79.1643
80.3045
79.7705
79.8763
79.8855
80.0978
80.5741
80.1282
81.2971
80.6302
80.2622
80.2226
79.2697
79.7961
80.365
81.6375
80.8213
80.5831
80.7664
80.9011
80.9296
80.7633
79.8058
78.8164
78.407
78.6028
79.496
78.922
79.1568
79.8773
80.4539
80.8121
80.8977
81.2346
81.9129
81.1492
80.1684
80.7548
80.4283
81.7735
80.0935
80.6124
80.3005
81.1921
80.0611
80.1049
78.5055
78.3114
77.7614
77.8304
78.6559
78.352
78.515
78.86
80.0803
79.9072
79.975
78.7942
79.6647
80.7125
81.4553
80.3138
80.4723
80.4309
81.1503
81.2311
81.9254
82.3319
84.6908
84.6907
85.927
85.3361
85.0524
86.6528
84.851
85.2179
84.752
82.7483
81.1511
80.8515
81.3026
79.0734
80.7539
80.1479
79.5432
79.7114
80.1526
79.9558
79.7159
79.204
78.2452
78.9334
78.8446
78.6099
78.9897
79.6012
79.7832
80.5859
79.5727
78.7432
78.1742
78.3192
78.3657
79.4348
79.9495
79.0625
78.3892
78.7364
79.6535
80.4043
80.4157
79.4404
80.2614
79.6772
79.2842
78.989
79.249
78.7597
78.6205
79.326
78.392
79.0919
80.0873
80.8224
79.6911
78.1241
78.2939
77.6862
77.7136
77.9686
78.3825
77.5829
77.8745
79.1098
78.1011
79.8543
79.3741
79.7208
80.2273
78.562
78.862
77.9703
77.8954
79.2837
80.4346
80.8477
82.8766
84.8694
85.7198
86.4396
86.4371
85.9502
84.2605
83.0889
81.7285
82.4031
80.7282
80.0516
79.5625
79.6212
78.6176
79.163
78.8724
78.3301
79.2639
80.6077
80.3727
79.3695
78.8039
78.1761
79.4441
79.2553
79.0925
79.3983
79.5731
79.4709
79.8925
79.6516
80.2884
79.9174
80.5608
79.8214
78.8924
79.7227
78.4799
78.6301
79.1193
78.7906
79.03
79.8437
79.0813
79.0941
79.2106
78.9805
79.4039
78.6434
78.2026
77.9341
77.9199
77.4926
77.4895
78.2432
77.5891
77.3381
77.5582
77.2621
77.7501
77.3675
77.9319
79.4748
78.3671
78.7171
78.1955
78.9401
79.0864
78.7341
78.3299
79.2705
78.7865
78.6052
77.6301
79.2949
78.1026
77.6683
78.8039
77.2209
77.3901
77.6711
77.3963
78.1654
78.727
79.2755
77.9848
77.4337
78.6882
78.2186
77.1434
76.0731
77.1164
78.1907
78.7591
79.2316
78.7778
79.0894
78.9922
78.9643
79.6845
79.5974
78.9753
78.5496
77.7925
78.426
78.1438
77.5327
78.1406
78.3536
77.5575
77.4771
77.4576
76.5562
78.1841
76.7401
77.1188
77.8731
78.6279
78.6334
78.4706
79.2794
79.2055
78.95
78.2808
77.7031
77.7148
76.6798
76.9288
78.0093
77.7959
77.341
77.2548
76.739
78.6732
78.8319
78.0564
78.3048
78.2386
77.3447
77.4493
78.166
79.0713
78.9536
78.4508
79.1197
79.5858
78.1997
78.0823
78.7628
79.8746
80.1529
79.7904
77.9676
77.0229
77.8712
79.329
78.0501
78.1511
79.5169
79.3825
79.1314
78.3118
77.2221
76.8373
77.6518
77.6591
77.6449
78.7752
79.2054
79.6639
78.9653
79.237
78.556
77.0747
76.9652
77.3922
78.0989
78.9435
78.4936
78.8285
79.648
80.0122
80.3572
79.0417
78.3294
78.0784
77.7623
77.394
77.3043
77.8294
77.8065
78.7653
79.1345
77.9938
77.2188
76.5656
77.8913
77.0173
75.6757
77.0018
78.4557
78.3022
78.6575
79.1167
78.9415
78.6672
78.3421
78.6258
78.3152
77.596
78.4676
78.2987
77.9542
77.4223
78.085
77.9822
78.3969
78.4172
77.375
76.6845
75.5589
75.9041
76.0901
75.9527
76.4389
75.9706
76.5823
77.2547
77.3434
77.121
76.6608
77.3977
77.2924
76.7801
76.6258
77.1644
76.6294
77.0879
76.235
77.5827
76.9803
76.3438
77.2328
76.8373
77.3741
79.2631
80.6783
78.1213
78.1322
77.0992
76.9828
77.4646
78.1516
77.8778
79.4871
79.8613
79.3055
79.2033
77.3724
77.0533
77.6025
78.4527
77.744
76.5832
76.3032
76.7916
76.3784
76.6344
76.813
77.0575
77.3852
77.5701
76.8482
77.0209
76.0511
76.3552
78.0553
77.5749
77.4105
77.5107
76.7278
76.2946
75.326
75.3923
76.1984
76.3404
77.0103
76.7034
76.471
76.7882
77.6344
78.2983
77.1661
76.9553
77.5414
78.1338
78.1277
77.2047
78.5902
79.5406
78.5729
77.703
78.9637
77.3493
77.9487
80.2493
80.7968
79.6162
79.4883
77.5409
77.713
78.0549
77.9543
77.759
77.958
77.2861
78.7521
78.8096
79.3459
79.2217
79.171
79.3753
79.5909
79.3475
78.0409
78.733
77.2616
77.5165
77.577
77.2196
76.5129
75.6151
76.1038
76.9886
76.5278
76.8738
78.2966
77.0138
75.6435
76.9721
78.3956
78.5328
77.9579
76.4848
76.9846
76.1283
77.126
77.1855
77.8315
77.6185
76.7832
76.621
76.2315
76.7425
76.5674
76.9403
76.1675
75.9714
76.3717
76.1556
76.6553
76.9845
77.2381
78.3352
78.2594
78.9793
78.7533
78.1164
77.9673
77.3825
77.4817
75.8563
76.471
76.4285
76.3877
75.5138
75.4589
76.796
76.3611
77.3084
77.7103
76.488
77.4401
76.6304
75.2582
75.1854
75.4075
75.032
76.4623
78.479
77.506
77.4646
76.8559
77.0854
76.098
76.4436
77.6478
77.9342
77.2331
76.7954
76.5039
75.8475
76.1959
76.9451
76.617
75.7377
76.4526
77.5847
76.7812
75.9744
77.7669
78.0689
78.9226
77.6006
77.6653
77.8718
76.9114
77.4733
77.6819
76.4
75.9257
75.6724
77.0291
77.4694
76.496
76.3318
76.4375
75.6554
75.5772
75.6185
76.1251
75.1816
75.9759
77.2181
77.5131
77.1762
78.2084
76.5571
76.6285
76.7345
76.9507
76.2693
75.4206
76.3056
75.7351
75.4913
76.0199
75.4119
76.6051
77.408
77.4821
75.0875
74.7929
75.5677
75.4918
74.3929
75.0119
75.899
76.5207
76.8609
78.0576
77.5037
76.6308
76.1966
77.1708
76.9171
76.3115
76.638
76.6969
76.8223
75.9161
75.0104
75.753
76.077
76.8751
76.4191
77.5231
78.1576
78.1724
77.3463
76.7122
76.8869
76.6862
76.3573
77.9716
77.6465
76.8798
75.9465
77.3538
77.351
76.3056
75.703
76.1991
76.0641
75.3887
75.5057
75.8887
75.2026
75.0765
76.3086
75.628
76.4399
76.6357
77.1056
76.5272
75.9227
75.9887
76.3482
77.2335
78.1055
78.1474
78.8703
77.3411
77.4735
77.6602
77.9353
77.8588
78.5923
77.9117
78.2139
76.9305
76.5114
75.537
75.4896
75.5563
75.7388
76.5465
76.6473
76.1786
76.3889
75.8738
76.1516
75.5068
76.3632
76.9736
77.1353
77.2703
76.6712
76.2436
76.596
77.4051
77.7917
78.1649
77.8783
76.429
76.6576
75.9154
75.24
76.0223
75.4636
74.8659
74.8681
75.9968
75.9198
75.5676
75.3392
75.7996
76.5454
75.4601
75.0969
76.2962
76.5343
76.7327
76.6401
76.385
75.4773
75.9958
75.8453
76.2921
76.2981
76.4845
76.6981
76.1868
75.8433
76.3767
76.8622
76.1106
76.2248
75.7265
75.0638
76.2638
75.6611
74.915
75.841
76.1151
75.3414
76.5742
76.0614
75.4343
75.7849
76.9595
77.1957
75.5319
75.4739
75.5279
75.3233
75.3564
75.5149
75.5859
75.624
76.227
77.2846
76.5957
77.3706
76.6502
76.7653
76.1375
75.9775
77.6309
77.3489
79.0042
78.7512
78.0443
76.8162
76.8141
76.9981
76.2368
75.2035
75.7577
75.7254
76.6234
76.2764
76.5972
76.5869
76.4128
76.3155
77.7838
76.3627
77.1639
76.7248
76.3076
75.8162
76.7746
75.7911
76.8345
76.1437
76.2493
76.4526
76.5904
78.2059
79.7556
75.9386
76.7833
76.6472
77.0184
77.3358
75.8159
76.081
76.3723
76.0422
75.5406
74.1631
74.2414
75.5874
76.3179
75.6708
75.5762
75.1201
76.4243
76.3536
77.0505
76.2776
76.0128
76.3952
76.8015
76.6496
75.6659
75.7701
75.8405
76.4033
76.6135
75.69
76.7159
77.4409
77.132
75.9508
75.9693
76.3656
75.7154
76.4884
76.699
76.4881
75.8098
76.8813
76.8523
76.9392
77.3827
75.6882
76.2703
76.4977
76.929
77.1239
77.0376
77.894
77.5474
77.5042
76.6986
76.4853
76.6719
76.3176
77.2178
77.1102
77.6656
77.4685
77.5521
76.476
76.5562
75.7651
76.1519
76.7365
76.0163
75.7155
76.6139
76.8688
78.178
76.445
76.9259
75.6023
76.5582
75.9014
76.0999
75.8828
76.2525
75.5566
74.9775
74.7776
75.036
76.4924
75.7674
74.7963
74.817
76.5238
75.6545
75.1836
75.4271
74.7907
75.514
75.4537
75.5778
74.4749
74.6455
74.8358
75.2669
75.8379
76.3237
75.8736
75.5759
76.3197
76.0015
76.0714
76.0012
76.1911
75.8683
75.7278
77.2139
77.4048
77.3551
75.2898
75.3174
76.1972
75.614
76.214
76.3384
75.8035
75.9064
76.6548
76.3909
76.6563
76.2966
76.6295
76.3336
76.7803
75.7052
75.9208
75.1442
74.7989
74.5764
75.082
75.1577
75.2432
75.0795
74.9742
75.1096
76.1465
75.8634
76.0762
75.1428
76.0156
75.9612
75.8173
75.3787
75.8755
75.2392
75.035
75.6716
76.1073
75.894
76.9494
76.7757
77.1038
75.467
75.3712
75.346
74.4936
75.4325
76.5463
76.6455
77.4198
78.7933
77.8523
76.8791
76.2539
74.8532
75.4798
74.9907
75.1594
74.5002
74.9288
74.418
74.273
74.6644
74.6086
75.0268
75.5462
75.5168
75.4543
75.2911
75.7895
76.8653
76.7581
75.7438
75.9001
77.0048
77.0998
76.1155
75.2793
76.0395
76.7302
78.2922
77.6046
75.9305
77.317
76.7951
76.3588
76.4387
76.3614
77.0979
77.1122
77.1118
76.2198
77.1315
76.6415
78.8781
78.4548
77.6767
77.9604
78.5033
79.2845
77.3476
78.3969
77.3121
75.9749
75.4535
75.5801
75.0539
76.5332
76.4748
76.7849
75.798
76.1327
76.1917
76.434
75.1996
75.3235
76.6813
76.0199
76.0819
75.9581
75.8197
76.0813
75.5486
76.616
76.6773
76.5608
76.7816
75.592
75.891
76.44
77.445
77.3302
75.9489
76.3137
76.2144
76.2476
76.4086
74.9342
76.1727
75.1439
75.2613
74.903
75.4496
74.7623
75.905
75.0755
74.985
74.5188
75.4545
75.3271
75.1334
75.9039
76.4248
75.7168
75.537
75.2813
75.2682
75.0672
76.2674
76.9489
77.8101
76.9047
77.574
78.0863
77.2853
77.6648
77.225
76.7442
76.7606
76.4362
75.177
74.958
75.6831
74.9528
76.1773
76.268
76.8517
75.8228
74.7257
75.3116
75.2344
75.7236
76.9133
77.8952
78.0265
76.2544
77.8726
76.1725
75.935
76.8715
77.0516
77.8442
78.5419
77.8354
77.0652
77.1472
76.1921
75.9001
76.8959
76.013
75.5711
75.7214
76.1028
75.6407
76.0842
76.2342
75.5439
74.6958
74.7391
74.3426
75.5456
76.6684
75.2311
75.8216
75.872
76.6748
76.8319
78.021
76.5159
75.5019
75.6201
75.8788
76.3866
76.5668
75.985
77.0029
77.4626
78.2012
77.1774
77.1589
76.3964
76.0241
76.1147
77.0184
76.611
75.3805
75.4171
75.0527
75.7136
76.3546
75.7851
76.1515
76.2729
75.9939
76.8635
76.9909
78.5931
77.3205
76.5721
77.1978
77.3214
78.3245
76.5848
75.5518
76.0261
76.6019
76.9168
76.6148
76.783
77.232
77.4954
76.7955
76.4566
75.6128
75.1275
74.8062
74.8396
75.9388
76.3601
76.7397
75.9925
74.8148
74.9645
75.5028
74.7884
75.6711
75.6258
76.7712
77.1997
77.4896
76.3768
77.6344
76.7171
76.0391
75.3377
76.2077
75.8937
75.52
75.6077
76.0933
75.4783
75.5661
76.0014
75.7184
76.1593
75.979
75.2681
75.0931
74.9426
75.3602
75.8779
75.3622
74.7293
75.813
75.1678
76.4832
76.31
76.4882
76.8124
75.7544
75.3376
75.2994
74.4845
74.9171
76.2334
75.3054
76.4127
77.4879
76.9288
76.426
76.8772
76.7161
77.1756
76.8093
76.0687
75.3039
74.7714
74.8429
74.9005
74.8117
75.7963
74.7113
74.9279
75.4651
74.8393
75.5626
77.0554
75.9478
77.2337
76.0168
75.2963
75.2282
74.9467
74.512
75.1403
75.5467
74.9845
75.1244
74.4865
75.4198
74.9754
76.4863
75.0622
75.3049
75.4645
74.6223
75.077
75.1814
76.44
77.1299
76.8506
77.6145
77.656
77.4864
77.1974
77.4922
78.0995
78.3554
77.2361
76.1667
76.3908
76.1593
75.3665
75.6983
75.0864
75.1901
76.2023
76.235
76.072
76.3716
75.395
75.176
74.3265
75.4131
74.804
75.7713
76.4004
75.7434
75.7841
75.6014
76.0726
76.8538
75.9469
76.6499
75.9058
74.8448
75.2882
75.2476
76.4769
76.6599
75.7538
76.2939
76.9105
77.8477
76.2086
76.43
77.0933
76.4613
76.1321
76.6937
76.0445
75.487
75.5187
76.2069
77.0671
77.6468
78.8662
77.7586
78.0822
78.4921
77.7483
77.0865
77.7291
76.8827
76.4428
75.5019
76.1217
76.7457
76.9512
76.0979
76.5284
76.9732
76.7723
76.725
75.7733
74.9646
75.4531
76.31
76.9127
77.4499
77.8521
78.5692
76.5538
75.8031
76.3057
76.9978
75.5511
75.6917
76.4073
77.1502
78.3277
77.9044
77.0723
76.6066
75.6916
75.8412
74.7266
75.2757
75.3402
76.0065
75.6605
75.334
74.5522
75.0352
74.7815
75.0376
74.9166
74.4045
74.9281
75.0813
75.8021
75.6714
76.6897
75.9111
77.2674
77.9248
76.8359
75.928
75.5948
75.3004
75.1923
75.5012
75.1554
75.4579
76.6215
77.3156
76.3325
75.793
75.9737
75.1706
77.0904
76.4058
75.7876
74.9421
74.6623
75.1192
74.7893
74.9574
74.9348
75.1826
76.1725
73.8371
75.2646
75.0359
74.8693
76.3806
76.3637
76.2997
75.8677
75.9285
75.5047
76.5249
76.2644
76.9174
77.4256
76.68
76.5701
75.5714
75.2681
75.3919
75.0753
75.9485
75.8261
75.9866
76.3021
75.3096
75.5668
76.8387
76.7805
76.2669
75.1755
74.7297
74.733
75.8898
75.2359
75.2777
75.8193
77.4713
76.0105
75.8517
76.3797
76.7678
76.5749
76.3283
76.9563
76.1052
75.6206
74.4924
74.4543
74.6002
74.496
74.6815
74.2148
74.4968
75.0595
75.0758
74.1796
75.5516
76.2844
75.4926
75.4799
75.5083
76.1059
75.1414
75.3838
75.8872
75.5863
75.75
75.8774
75.5033
75.356
75.3938
75.7477
75.2084
74.2243
74.9717
75.9246
75.4148
76.4709
76.0151
75.3329
75.5373
76.0955
75.8372
75.9409
75.6499
75.4723
75.4898
75.1315
74.7269
74.2068
75.2922
75.4781
75.4982
75.2919
76.2236
75.3972
75.3447
76.3052
76.5208
75.7997
76.0885
75.9767
75.8746
75.3702
75.519
75.1435
75.341
75.564
74.7605
74.8594
74.774
75.6258
75.8464
74.9463
74.8162
76.0792
75.6204
76.3913
77.5164
76.7974
76.63
76.3237
74.9528
74.9352
75.2153
75.712
75.3874
75.5316
75.5949
75.408
74.4188
74.2516
75.1873
75.8298
76.4453
75.7853
75.6346
75.346
74.6717
74.7786
75.4413
75.905
75.6124
75.3048
75.8755
76.4263
74.8305
75.4276
75.8167
75.5636
74.7501
75.2713
76.126
76.1129
76.0446
75.9919
77.3711
77.3744
78.3963
78.5313
76.468
75.9793
75.4092
76.1139
76.1568
76.2878
75.0676
74.6987
73.6536
73.7736
73.4347
74.2878
74.9642
75.4605
74.7918
75.2673
75.6985
76.3666
75.764
75.2225
76.2074
75.6471
76.3323
76.3471
75.8011
75.7682
74.4343
74.3588
75.0235
76.551
76.4031
76.6115
76.824
75.6831
76.3208
76.5152
76.514
76.4529
76.2743
75.3398
75.2659
74.9657
74.8676
75.4413
75.8483
74.5974
74.7379
74.839
75.9894
76.5257
77.4417
76.898
76.2586
75.7162
76.057
76.0821
74.9257
76.0911
76.7115
77.0235
76.5168
75.9394
78.0478
77.8627
76.4037
77.5036
78.0324
77.0382
76.4667
75.8262
76.6693
77.8477
75.7998
76.5833
75.9127
75.9909
76.5698
76.254
75.828
75.6456
74.633
74.7832
74.6125
74.619
75.1704
74.2713
75.2629
76.2647
75.5043
74.4024
75.3138
74.5636
74.7571
74.8077
75.0544
74.3868
74.0652
73.5355
74.1752
74.0765
74.7133
75.399
76.3454
76.3178
75.0472
75.2847
75.1711
75.4809
75.7218
74.3968
75.2541
74.2548
75.3994
74.9308
75.0597
75.4758
75.563
76.3386
76.0074
75.2843
76.115
76.7875
76.3788
76.6302
76.751
75.7655
76.5509
77.5556
77.5181
77.8148
77.7802
76.8138
77.4235
77.9717
78.711
76.8113
76.0128
74.579
73.956
74.0182
75.175
75.7204
76.2803
77.0289
76.3908
76.845
75.62
76.35
75.4523
76.5499
75.4471
75.5727
75.9212
77.1831
76.1256
75.1817
75.354
75.4814
75.688
76.3632
75.7335
75.4904
76.3765
77.4103
76.8317
77.0341
75.9657
75.5075
74.9635
74.3336
75.1818
75.4618
75.0523
75.6992
76.0791
76.0559
76.9742
75.9408
76.0936
76.0729
74.4649
74.0014
74.9021
75.0188
75.1605
74.6207
75.571
76.2748
75.768
76.0313
77.0417
75.8739
76.2576
77.428
75.7433
76.0507
75.97
76.9446
76.2034
75.5691
74.8437
74.9361
73.9697
74.455
74.4179
74.5817
74.4899
74.4213
74.9486
74.4269
76.2234
75.4213
75.851
74.8315
75.5165
75.7403
76.6003
76.1249
76.6602
77.7318
76.9654
76.4894
75.6747
76.2225
76.6439
75.5385
75.8124
74.94
75.6023
76.3409
75.5484
76.5281
77.3875
77.5546
75.5086
76.4612
76.5368
77.2377
76.1459
74.9879
76.0112
75.7547
75.6488
74.6891
73.855
75.521
75.6732
75.0932
76.199
75.0806
75.0664
75.4457
75.5542
75.1096
75.7965
75.8648
75.5229
74.4933
74.2732
74.3773
74.9231
75.3866
76.8794
76.7048
77.225
77.5594
76.8447
76.0028
75.9347
74.3705
73.9292
73.5842
74.5046
75.102
74.5174
74.4514
74.3375
74.4704
74.156
74.4669
73.3927
75.0363
75.1105
75.9098
76.191
76.1491
75.2655
74.8644
75.2327
75.1151
75.4954
74.764
75.7919
75.1753
75.3764
74.5979
74.1655
74.6942
75.3238
75.1277
74.6832
75.3396
75.6544
74.9708
75.1759
75.2047
74.9517
75.5782
75.2881
74.9836
74.4353
74.3438
74.7864
74.9089
75.2726
74.5022
75.1778
76.108
75.7425
76.4359
75.6482
75.8686
74.8755
75.4535
74.3772
75.0768
74.3783
74.072
74.4971
75.3078
74.8639
74.8804
75.0135
75.8205
75.1305
75.8343
75.454
75.7956
75.9186
75.6822
75.6433
75.4761
76.5922
75.6578
75.2954
75.7252
76.3091
76.06
74.8416
74.9227
76.2865
75.9745
75.761
75.7236
75.7402
75.6879
75.9625
76.0338
75.6487
75.2357
75.2181
74.4317
75.8765
76.132
75.9753
76.3729
76.611
75.6264
76.3093
76.6416
76.4853
75.8763
75.6677
74.6432
74.9936
76.1628
74.997
75.0112
74.7952
74.1084
73.5882
74.6287
73.3118
73.99
74.3561
75.5089
76.2385
75.3396
74.2994
75.0049
75.0792
75.1161
75.8467
76.7569
76.4632
76.8036
76.1134
75.6459
74.9824
74.8113
76.8518
76.623
77.0802
76.0352
76.3173
76.7354
76.5066
77.0076
76.5442
76.3547
75.2201
74.8102
76.0264
75.526
77.104
76.4953
76.7198
76.1407
75.9994
75.8522
74.4153
74.8385
75.9826
74.4958
74.3689
74.0769
73.6091
73.9201
74.2334
74.5146
74.7008
75.2476
75.0444
75.5794
75.8142
74.5327
73.9039
73.9423
74.0343
74.2241
75.6786
75.1856
74.4997
75.2131
75.5695
75.2651
74.281
74.5503
74.6619
74.8499
74.5869
73.6664
74.1892
73.9274
74.0372
73.5294
73.7915
74.6579
74.9035
75.214
75.2738
74.7781
75.5456
74.7825
74.1979
75.1201
75.8513
74.9306
75.568
74.5887
73.5432
74.2736
73.9871
74.3784
74.0813
74.0593
74.9163
75.0023
76.0888
76.9039
76.7571
75.1562
75.8191
76.2295
75.8944
77.0562
76.3405
77.0625
76.8176
75.4686
76.998
77.0756
77.9395
77.441
77.4677
77.3471
75.6489
75.3456
75.0188
75.6017
75.5946
74.4987
74.7664
76.6147
75.6244
76.1766
74.4072
75.3871
75.3888
74.3441
74.5098
74.4161
74.5462
75.712
76.1815
76.3228
75.0658
75.7452
74.7754
75.3267
75.4008
76.7392
77.3301
77.1016
77.4092
76.7712
76.7329
75.7834
75.2002
74.9918
75.5461
74.9918
75.375
75.5478
74.8063
75.9896
76.3943
75.4997
76.0474
75.4958
75.2784
74.8286
74.435
73.8468
73.5513
74.1416
74.3567
74.2145
74.8331
74.4604
74.5904
75.4039
75.6649
76.3804
75.5072
74.7923
74.6677
74.1935
75.752
76.9037
76.3364
74.8686
75.6484
75.897
76.3629
76.1743
75.5383
74.1239
73.4593
74.1787
74.8267
74.6191
74.5294
75.0335
75.2223
74.5431
75.2318
75.5977
75.0713
75.7524
75.903
75.1969
74.8735
74.7115
75.6238
75.3968
75.4698
75.2274
75.3726
74.6533
74.4082
73.945
74.3002
74.4642
75.4657
75.2371
74.5451
74.6927
74.558
75.411
75.7142
75.9701
75.2305
76.4614
77.0258
75.9525
76.8448
76.3512
76.2979
77.4832
75.6231
75.8471
75.1349
75.8798
74.7865
74.5642
75.0423
74.751
75.0558
75.472
74.3875
74.8803
73.9958
74.0415
73.841
75.6079
75.2032
73.2926
74.0351
73.3951
72.9572
74.6857
74.3016
75.1847
74.9622
75.4498
74.8003
74.9489
74.4706
75.6633
75.5617
75.9559
76.0249
76.2897
76.2625
76.8962
76.9892
77.4066
76.0804
76.1599
75.9076
74.8398
74.8353
74.6052
74.7793
74.5234
73.9799
73.8586
73.785
74.0316
74.3894
75.0797
75.3982
74.429
74.5355
75.1703
74.4505
74.6978
74.4977
74.1158
74.2828
74.6404
74.4216
75.4383
74.4664
74.9841
74.6715
75.8245
74.6214
75.5873
74.7974
73.3417
74.2906
73.3447
73.6896
73.2002
73.6665
73.7339
74.9915
74.9072
74.1583
75.2476
75.171
74.9561
75.256
74.7391
77.0478
77.6164
76.1879
76.3852
76.6497
76.6814
77.8363
79.2278
80.3769
81.7801
80.0841
80.6811
81.2374
82.6502
81.8234
80.5672
78.3225
77.1118
77.284
76.8193
74.2755
75.1262
74.2812
73.0243
73.9872
74.4314
75.5058
75.4802
75.1614
74.2378
73.5488
72.5522
73.278
72.488
73.7482
73.2478
73.547
73.7172
74.6297
73.7136
75.4684
74.6841
74.3954
73.5497
72.8737
73.8395
73.7615
74.3484
74.1584
74.2835
74.0466
74.1202
73.0532
73.5478
74.2905
74.0443
72.9837
73.3375
73.2728
73.5302
73.8847
74.1791
74.0889
75.4384
74.9372
75.421
75.0516
76.1498
76.8064
77.892
76.8416
76.5597
75.7661
75.4888
75.1253
75.4036
74.5504
73.6581
74.1309
74.4917
75.0992
75.4195
75.753
74.521
74.3376
74.0865
73.9542
74.0755
74.7478
75.1931
74.5966
73.66
74.3128
74.1682
74.2924
74.1959
74.1675
75.0095
74.5818
74.8463
74.1621
74.3138
75.2124
75.3401
75.2925
76.1944
75.8594
74.9362
73.6796
73.442
73.4632
74.2899
75.1131
75.5148
74.5552
75.0885
76.4618
75.6193
76.0012
74.8413
73.864
74.3007
73.8895
73.8167
73.1834
72.8728
74.2836
74.6954
75.5417
74.7511
75.2989
75.9948
74.5216
74.4623
75.3478
74.9024
74.6653
74.0082
74.3041
74.5405
75.3528
74.9132
74.1408
75.2146
75.2412
75.0254
74.7977
73.1493
72.973
72.82
72.6484
73.9926
74.2497
73.7992
73.202
72.7284
73.0492
73.9353
73.9331
73.9148
73.5689
75.0253
76.6995
76.1904
76.701
75.7785
74.787
74.2339
75.2245
74.9508
73.5207
72.9389
73.6963
74.657
73.7664
74.9708
74.4673
75.429
74.179
74.1577
73.7208
74.6289
75.2669
75.5609
75.5946
74.8648
73.0911
74.1718
74.4117
74.6181
74.5896
73.5559
74.1028
74.1059
74.4053
74.1321
75.7852
74.7448
75.4626
74.9522
74.8666
73.8253
73.4697
72.9666
73.4723
73.8982
73.7701
73.6419
74.8638
73.991
74.6406
74.3085
74.0726
74.5832
75.8819
76.897
75.9252
76.0782
77.3767
77.8498
77.2704
77.0972
77.2378
76.4501
74.7986
75.6971
75.5256
75.373
74.3197
74.5356
74.0081
73.8857
72.9812
73.7443
73.8083
74.5192
75.1824
75.2749
73.4826
74.595
74.6981
74.9137
74.4397
75.3903
75.0877
75.388
75.7262
74.8784
74.2867
74.154
73.9407
73.4747
73.4212
73.7977
72.8308
73.2303
74.1228
74.0797
73.7098
73.3718
72.9483
73.191
73.572
74.1683
74.2031
75.0374
74.9751
74.5738
75.0442
74.2155
73.5841
72.7159
72.5476
73.5126
74.926
74.4717
74.2064
74.2782
74.8752
75.0721
74.0339
74.7112
73.995
74.1672
73.9608
73.6389
73.3083
73.975
74.475
75.2833
75.933
74.0508
73.479
74.0081
74.2084
74.7378
74.6818
74.6057
73.9151
74.2226
74.7405
73.4117
74.2026
74.2116
74.6289
75.3121
76.7415
76.1389
75.6844
74.664
73.7596
74.0811
73.4186
75.1549
75.0345
75.9323
75.0172
74.938
74.8645
74.9903
74.8345
75.6113
74.6867
74.7014
74.2866
74.8891
75.2112
76.0557
75.1824
73.884
72.8969
73.2311
73.4996
75.0684
75.0481
75.4467
75.0734
75.1777
74.3109
73.403
73.0431
72.431
74.0471
73.2352
73.6558
74.4678
74.3553
73.5331
73.0198
74.2396
73.4517
73.5503
74.058
74.255
74.1481
74.6688
74.0639
73.8601
73.9912
75.0565
73.5872
74.2429
73.9736
74.4076
74.4311
74.3734
73.9522
73.8864
74.8818
74.9008
74.6742
74.6823
75.2399
75.0953
74.7598
75.1848
75.4764
75.2937
74.3309
75.0828
74.6018
74.199
73.4284
73.7131
74.1095
75.0775
76.7849
78.106
76.2785
75.1722
75.492
74.7525
75.7406
74.8891
74.2089
74.4935
74.5587
75.2682
73.6157
73.6929
73.7091
73.6151
73.8308
73.331
73.4568
74.457
74.786
73.6456
74.7924
75.4695
75.0891
74.9368
74.5318
73.794
74.1811
73.8963
74.7295
74.8207
74.6875
74.8287
74.7281
75.9583
76.3087
76.1414
76.843
76.9983
77.5049
76.426
75.3765
74.9881
74.5488
73.8021
73.5926
72.9188
73.0067
72.059
72.8995
73.7554
73.7796
74.7839
74.9865
74.365
75.5318
74.6058
74.7422
73.1857
73.9155
74.512
74.3179
75.0859
74.4484
73.348
74.0439
74.5721
73.5818
73.7685
73.496
73.969
74.8659
74.5497
74.4766
75.2797
74.29
73.3618
74.044
74.5615
74.728
74.7484
74.724
75.482
77.1484
76.1908
74.6577
73.8767
75.5629
75.9095
74.5407
74.783
74.6946
75.2597
74.582
74.0777
74.8519
75.4782
74.9603
75.9299
75.7684
75.4553
75.183
75.8185
75.8013
75.7537
74.6057
74.8176
74.5958
74.8374
75.1075
76.0339
77.252
75.9152
75.9149
75.2906
75.5789
74.2871
75.8356
75.0688
75.9901
76.4688
77.9314
77.6601
77.784
79.4313
79.6409
81.0902
80.7425
81.1903
81.2241
78.8993
79.1694
78.3061
76.7667
76.6763
74.4594
75.294
75.3588
74.8334
75.2551
74.2471
72.9823
73.7432
73.9597
73.5365
74.3496
74.9471
75.1428
74.3407
73.9525
73.3377
75.5263
75.5078
76.1056
75.3568
75.2497
75.2984
74.4575
73.8969
74.0953
73.7457
72.5345
71.9039
72.2156
73.7725
73.8197
73.1554
72.3736
73.386
72.9507
72.6448
73.3345
72.9828
71.8911
73.5229
74.704
75.4109
75.7653
75.2913
74.9563
74.3551
74.3488
74.3235
74.4063
73.9067
74.1757
74.7481
75.0105
75.734
75.0973
75.2553
74.4646
73.214
73.009
73.4775
74.2391
74.0209
72.9645
73.695
73.8413
73.7153
73.2093
73.6864
73.9263
73.0742
73.2678
73.0502
73.8701
74.2125
74.1312
73.8236
72.9739
74.2957
73.9261
74.9479
73.9065
74.0329
74.5279
74.6392
74.5957
75.3053
74.4329
74.9163
73.5964
73.8631
72.8825
73.0237
73.2142
74.025
73.5153
72.7505
72.7208
72.1355
72.5737
72.5979
73.1195
74.5511
73.6831
74.1882
74.474
74.0072
74.3708
74.1775
74.2827
74.7431
75.5273
74.9783
75.9796
75.731
75.484
75.7839
75.6894
74.5164
74.6044
73.9108
73.8637
73.866
73.6228
72.804
72.8791
72.9431
72.7564
72.9993
75.7595
73.9851
73.9718
72.9618
73.818
73.874
73.9079
73.7078
73.4796
72.6595
72.8953
73.7397
73.6929
73.7795
74.176
74.8585
74.1059
73.854
74.7642
74.4381
74.2595
74.7836
75.2465
75.7778
76.2014
77.0791
76.3022
75.2925
74.9753
74.7674
74.0392
73.938
74.0643
74.5122
74.2367
74.1957
73.6306
73.3194
73.8304
74.2902
75.002
74.278
74.5522
74.5081
73.8593
73.3243
74.8757
75.7506
76.1194
75.4838
74.0237
73.9171
72.6206
71.8956
71.9377
73.6146
73.3777
73.3508
73.1661
73.7831
73.8436
74.3978
75.2426
74.935
75.599
74.5363
74.64
73.8507
73.4968
73.9982
73.889
74.6181
73.7753
73.5952
73.4208
73.6535
73.6998
74.1496
74.5659
74.5292
75.1537
74.113
73.8559
74.0312
73.4736
73.0095
73.5525
73.1381
73.2531
73.0358
74.2207
74.7284
74.3213
73.927
74.2453
73.9036
73.9446
74.5254
74.0777
75.5777
76.0168
73.8376
74.258
74.9578
73.4298
72.8784
73.1278
74.9012
75.0301
74.5981
72.768
72.976
72.4464
72.7821
72.9328
73.8825
73.2298
72.8437
72.88
73.3097
74.6607
73.9944
74.1136
73.9115
73.6553
72.5025
72.9909
73.41
74.5558
73.9933
73.9212
74.4055
74.5984
74.2617
73.9039
73.8437
75.1131
74.9141
74.5346
73.4841
73.4499
73.9186
75.429
75.914
75.2596
75.4416
75.392
74.6835
75.0826
75.1259
73.6159
74.0886
75.3744
74.7852
74.2353
74.1827
75.0555
75.306
73.4626
73.1231
73.1621
73.2743
74.7265
74.5612
74.9401
74.5362
75.044
75.1258
74.2874
74.6077
73.6623
73.5029
74.2216
75.528
74.6084
74.9445
76.0455
75.5176
74.617
74.8442
75.6683
75.5295
75.1358
74.2003
74.7105
74.415
73.4688
73.8814
73.8186
73.6671
73.6387
73.4667
73.0141
74.9149
74.2722
73.9314
74.8902
74.1662
74.2673
73.7851
74.6012
75.0129
76.4325
77.9144
76.6407
76.2942
76.0086
75.3832
75.2617
74.2652
73.4541
73.8244
73.8924
74.0046
72.9717
72.9776
72.8408
73.4921
74.1453
73.5896
72.757
73.296
73.7564
72.2032
72.7392
73.7592
74.3
74.3135
73.7053
73.1164
73.7774
73.6906
74.2437
75.1226
75.0409
74.9361
73.6956
73.9457
73.9999
73.5883
73.8502
73.8889
73.8869
73.8742
73.2812
74.6096
74.2317
73.4087
73.1771
73.4045
74.2792
72.7284
73.4489
73.5434
73.8287
72.9134
73.0895
74.0002
74.4714
74.4529
75.0556
74.5928
75.0396
74.766
75.1486
74.528
75.2127
75.4257
74.9519
74.6316
73.4636
72.6976
73.9325
74.6726
73.8967
72.0636
72.5276
73.1301
73.5059
73.7284
73.7755
73.4735
74.5208
74.8344
73.2285
73.523
73.0594
73.0224
73.2442
73.9708
73.9464
72.8168
73.6464
73.6812
73.3506
75.244
75.1326
73.7984
75.1655
74.1813
74.6375
72.9867
73.0302
74.2049
73.3583
73.7697
74.322
74.0507
73.8708
74.9831
75.1855
74.9795
75.2404
75.808
74.0915
75.0484
74.2396
74.9173
75.024
74.0165
73.7886
74.197
73.9458
74.447
74.0104
72.9607
73.7937
73.6734
73.6526
73.1632
73.5447
72.9651
72.632
73.3698
73.6078
73.0968
73.0043
73.1148
73.7342
74.5491
73.1659
72.5755
73.2749
73.5091
73.8875
74.8763
74.9125
73.0326
73.6517
74.6856
75.5478
74.6427
75.0577
73.629
72.7693
72.743
72.814
72.6663
73.2395
73.8746
75.0848
74.0461
72.6391
72.5973
73.7613
73.9647
73.9915
73.3965
72.7123
72.4585
72.2985
73.7102
74.3067
73.9993
73.0811
72.6013
73.6352
73.8399
73.8976
73.8176
74.0531
73.9639
73.8408
74.48
74.4289
73.8719
73.3707
72.99
74.1146
73.3804
73.0432
73.225
72.5924
72.6678
72.5939
72.7277
72.5148
72.8271
73.992
73.6198
73.1714
73.8203
73.4674
73.9265
73.7249
74.6438
74.9439
74.8415
72.9457
73.296
73.2374
74.0029
73.7522
73.0794
73.5609
72.0821
72.8016
73.6326
75.4063
74.9888
75.7193
75.0395
75.351
75.0252
73.5169
73.5497
74.4713
73.5447
73.7552
72.9729
73.1572
73.7628
74.3503
74.1487
73.7856
73.7201
74.5303
74.463
73.7317
74.1823
73.8335
74.2535
74.1153
73.8075
74.2171
73.7257
74.0505
74.5845
74.5538
74.462
74.1623
74.2838
73.8604
73.8446
73.7945
74.4647
74.9925
73.3496
73.1243
72.8096
72.1677
72.4739
72.2535
72.829
73.0577
73.699
73.5287
73.923
74.6458
73.6693
73.6613
74.1821
74.1583
74.3743
74.8735
74.3952
73.6187
74.6024
73.8989
73.529
73.6928
73.8608
73.5958
73.0564
72.8123
72.8898
73.061
73.3319
72.9811
72.6754
72.9502
73.2916
74.2823
75.5011
75.9353
75.4868
76.877
75.4684
75.2778
74.0291
74.3485
75.1321
74.9042
76.7107
76.3777
74.8514
74.0686
73.873
72.9456
73.1226
74.4317
74.5855
75.1756
74.3848
73.9104
73.0391
73.2169
73.3744
74.0699
74.3717
74.4333
75.551
74.7952
74.581
74.8099
74.4944
73.8782
74.6001
73.7776
73.4892
74.0042
72.4667
72.9279
73.6027
73.435
71.7487
71.8391
71.8181
72.2916
73.0641
73.4461
73.0664
73.1361
72.8573
73.7944
73.3701
73.2464
74.0755
74.0877
74.0911
74.723
75.01
74.1438
74.0853
73.7078
73.1291
72.8304
73.3713
72.4627
72.9052
73.7451
73.9903
74.3624
75.2034
75.4296
75.4516
74.0198
75.2413
75.96
75.066
75.1959
74.0423
73.4751
74.0053
72.7048
72.6885
73.4516
74.1094
73.129
73.1596
73.6472
72.9652
73.3628
73.5141
73.0877
74.0878
73.4639
74.4507
74.4885
73.9871
74.3541
73.6289
74.1441
73.4626
74.3589
74.3506
74.1717
73.6502
72.9076
73.6427
73.4219
72.9927
72.9782
72.8389
73.3178
73.5746
73.4045
73.6389
73.5583
73.226
73.0256
71.9917
71.6833
71.3472
71.9616
73.3255
74.438
74.851
75.729
75.9266
76.1817
76.2142
74.8962
74.0935
74.4436
74.3777
73.3448
73.1579
73.4111
73.2541
73.5733
72.998
72.6975
74.0279
74.5084
74.5078
74.4017
73.867
74.388
74.2966
73.7607
73.5791
73.953
73.8783
75.8159
76.3196
75.8574
75.2541
74.347
74.6475
73.9735
74.2979
74.8306
74.6149
73.5163
73.3893
73.4557
74.184
73.8197
73.3582
73.2588
73.834
73.7864
73.915
73.715
74.42
75.4523
75.0723
75.0207
74.6263
74.5371
74.4771
73.8814
74.1779
73.3282
73.2177
73.5426
72.9199
73.3138
73.1313
73.6285
73.2818
73.6402
73.876
74.6636
73.0686
74.1108
75.3665
73.9054
73.4619
72.4702
72.4389
71.9545
72.6772
72.2059
73.3836
73.1227
72.9618
72.7485
74.2973
74.8998
75.3617
75.9715
74.4116
74.1896
74.4049
74.5153
73.5244
74.9737
74.6425
73.759
74.15
74.2605
73.6423
72.9941
72.6693
73.1811
72.4034
73.1536
74.2195
74.4043
74.5314
73.1558
73.708
73.6179
74.226
73.807
73.8035
74.2109
73.9178
73.4212
74.2427
74.3008
75.3089
75.0039
75.5668
75.2668
76.3646
77.2913
75.6436
74.6982
75.249
75.6707
75.3263
74.7239
74.3106
74.6453
72.9745
73.5601
73.9785
74.4575
75.2525
74.6881
72.8292
73.8722
73.2636
73.875
73.3516
73.7696
73.5921
73.9321
73.0689
73.0331
73.2773
72.7557
73.2621
74.0834
73.454
73.6879
73.2779
73.1503
74.0945
75.3433
74.3612
73.8401
73.8048
74.0817
73.0897
73.4175
74.158
74.5749
74.2824
73.2363
73.21
74.4496
73.7911
74.2122
74.5283
73.2672
72.6981
72.6321
73.5797
74.4319
74.1755
74.7011
74.4039
74.0684
74.4847
74.0057
75.4431
74.4881
73.2134
73.5672
72.5928
71.8853
72.9158
72.8254
72.9398
73.8
74.2053
74.6561
74.2269
73.6097
73.9867
74.5336
73.9115
74.5038
74.0584
75.4337
76.1104
74.657
74.5613
73.7299
74.5894
72.9976
74.0614
74.0982
73.6144
73.778
74.1979
73.6079
73.4291
74.1301
73.9529
73.2427
73.0568
73.1007
72.8859
72.3947
72.1594
72.6595
73.0223
74.2055
74.7524
73.5084
73.9738
73.422
73.7101
73.4102
73.8607
74.0318
73.4762
75.3167
75.2807
75.2116
73.7564
73.0794
73.1122
72.9471
73.7329
73.0358
73.5144
74.0244
75.4257
76.4522
74.9267
74.883
74.2039
73.851
74.2929
74.7088
73.8457
74.176
73.8347
72.9627
73.0549
72.5157
73.2027
73.3966
74.338
73.9409
74.0146
73.7134
74.0572
74.1141
73.679
74.5637
73.9918
74.6501
75.6317
76.461
76.4557
74.5219
75.7892
75.2308
74.6503
73.6576
74.5993
74.6266
73.5368
73.3756
74.0105
72.6692
71.7918
71.6064
71.8037
73.3435
73.0707
72.6814
72.2628
72.513
72.4896
73.4585
73.8306
74.6617
73.7106
74.2719
73.8216
73.8957
74.0226
73.7962
73.6425
73.7621
74.2591
73.3914
73.7314
73.0066
73.2535
73.4621
73.0731
73.8136
73.1715
72.9273
73.217
72.6886
72.7852
73.9666
73.6078
73.1833
72.8217
74.1017
73.9551
74.3212
74.0855
74.0832
73.6413
73.7794
73.0575
73.2861
72.8774
72.7575
72.2912
72.2818
72.1346
71.403
71.9838
72.9416
72.9125
72.672
73.2814
73.2935
73.0356
73.5823
74.0159
75.6703
75.8353
74.7486
75.2727
74.8276
74.9005
75.6966
75.7618
75.3403
74.5068
74.4621
74.6195
73.82
73.7162
74.3309
73.9941
74.2724
73.5923
72.3637
71.7102
72.365
72.551
72.9916
74.9833
74.4284
74.4272
74.4169
73.4616
73.0806
72.2754
72.1084
72.137
72.7597
72.4869
73.6914
73.0995
73.3584
73.2213
72.6401
72.869
73.3397
73.9364
73.518
74.7338
74.098
72.9083
73.7674
74.4275
73.7516
73.7833
73.7582
72.8592
72.6615
72.2078
73.1102
73.0193
73.4613
72.6336
72.632
73.1308
73.8109
73.3113
73.4044
73.5895
74.095
73.7213
73.39
73.328
73.7251
73.92
72.5387
73.8112
73.5452
73.6911
73.8288
72.9876
73.8275
73.1599
74.5271
73.7819
74.8125
74.4719
75.1545
75.6223
75.7292
74.9162
74.3075
75.1467
74.9403
75.2141
74.6704
74.1812
74.1117
75.1097
74.2312
73.668
74.3007
74.0461
73.607
73.2466
73.2259
72.2121
72.0623
73.8127
72.4775
73.1178
73.0747
73.7051
73.0692
73.3496
73.055
73.0595
73.3308
72.9887
74.1325
75.5745
76.2866
75.6208
76.4402
74.6046
75.3888
75.1667
74.3966
73.0294
74.093
74.9513
74.5527
73.3392
73.4569
72.6329
72.9286
73.2544
73.2552
73.3624
74.0911
74.9864
73.9238
74.8136
75.4612
74.6048
75.3683
75.3048
74.5211
74.5803
74.0097
74.2038
73.9116
73.6382
73.9518
74.5931
74.8684
75.0638
74.5676
72.977
73.137
74.768
73.7767
73.051
73.5622
74.0804
72.7043
71.985
73.2473
75.0196
73.7789
74.3777
74.6754
74.0444
74.8263
74.1315
74.8699
74.0408
72.837
73.0987
73.3808
73.3827
73.286
73.6109
73.706
73.4901
74.158
74.2453
73.5045
74.4189
75.5792
75.049
74.211
74.3118
73.9378
73.9678
73.8195
73.5159
73.0413
73.8094
72.9526
73.258
73.4916
74.0731
75.1175
75.0341
75.0327
74.8261
74.3672
74.2159
74.1212
74.1358
74.8936
75.5412
75.6034
74.8711
74.9473
74.7095
73.654
74.0072
74.1786
73.6589
75.139
75.4508
74.9596
75.279
75.3738
75.2465
74.78
74.8213
75.2636
74.5337
74.2733
74.5133
73.5493
74.0516
73.8383
74.0676
73.3721
73.1924
72.8191
72.7973
73.5246
73.2507
73.0343
73.6845
73.2142
72.8856
72.3936
72.0899
73.0024
74.6171
74.8785
75.4169
74.2736
74.7462
73.3446
73.1602
75.2828
75.0681
76.3404
75.8183
73.6235
73.7385
73.4942
74.4562
74.092
73.6023
73.1396
73.0407
72.4359
73.0373
73.3722
73.116
72.1967
72.3962
73.0687
72.9114
73.3253
73.5447
74.1189
73.7342
74.2606
73.2922
74.1895
74.3001
74.7051
75.2455
75.3471
75.02
74.5444
74.2003
73.8741
73.3072
72.8597
73.8543
74.4709
74.599
73.8715
73.996
74.8789
75.2469
75.5857
74.8791
74.2277
73.7868
73.8519
74.6196
73.3152
74.135
73.522
73.68
73.6173
73.1423
72.9737
72.6117
72.7212
73.3662
73.6897
74.8764
74.8705
74.7482
74.3885
75.6007
74.6612
74.1301
74.378
74.2144
72.5962
72.7469
73.4792
73.0661
73.0239
72.8644
73.3413
73.3155
73.9383
73.7953
72.5571
72.1003
74.1536
74.7757
75.5252
75.1692
75.2286
75.8203
76.6194
75.5786
75.7368
76.2445
75.4703
74.6952
74.6201
74.3884
73.8508
73.5143
73.4881
73.5689
74.1728
74.289
74.1698
74.3801
74.4527
74.9379
73.7755
74.634
75.6339
74.428
74.6034
74.8392
74.1409
75.3118
75.6738
75.3565
75.429
74.3323
73.8745
74.0167
74.1706
74.4962
75.422
74.2182
74.6763
74.0634
74.3015
73.3619
73.5473
72.453
72.3438
72.5262
72.878
72.4791
72.6821
73.0733
73.7833
73.8128
74.7632
74.9533
74.4184
74.8009
75.4436
74.766
74.215
73.563
73.6404
73.1077
73.9961
73.795
71.81
72.8807
73.198
73.3708
73.1882
75.0721
73.7864
74.8278
75.3519
75.9029
74.9833
75.0453
74.8166
74.7933
74.362
73.4153
73.9647
73.2201
72.567
73.0391
73.7112
73.4822
73.6481
74.7823
74.1745
73.184
73.6654
74.2814
75.4389
75.6515
75.3998
74.486
74.2152
73.5838
72.9092
72.5555
74.0382
74.3421
74.4075
75.4105
75.3868
74.9116
74.3955
73.8574
72.9498
73.0901
72.9908
72.8334
73.8582
74.3131
72.797
73.5583
74.5584
74.7615
74.3585
74.339
74.0367
74.018
73.1996
73.3686
73.938
73.034
73.222
72.5673
73.2704
73.2386
74.0982
74.6287
75.3871
74.9157
74.034
73.6163
74.6511
75.5678
75.302
73.6607
75.1018
74.4084
73.7813
74.1694
74.1526
74.4963
74.2735
74.8162
75.5742
75.8043
75.2162
75.3034
74.9231
73.5793
73.565
74.2981
74.3239
73.4686
73.0723
73.4234
73.8235
73.7238
73.7803
74.1114
74.4775
73.9904
73.9566
75.0369
74.9016
73.6928
73.5319
73.5927
73.9687
75.7862
75.0395
74.5082
73.8718
73.5029
73.6958
73.1568
73.8021
73.8658
73.6674
75.1775
74.7213
74.9829
74.7738
74.295
73.9946
73.5069
72.6281
72.4456
73.1477
73.1241
73.2493
72.9762
72.6731
72.2759
72.8649
73.4206
73.3777
72.9324
72.4079
72.0802
72.0201
72.5024
72.5764
73.9518
74.6648
73.6008
73.6833
74.6686
73.0334
73.8393
74.1676
73.6323
73.8755
73.1472
72.9671
73.9044
73.4241
72.495
73.3142
73.0291
73.2143
73.2814
74.1816
75.5966
74.2866
73.7312
73.6669
74.3741
73.7293
73.7843
73.6564
74.1025
74.7952
75.0257
74.722
74.7803
73.6264
72.3475
72.6205
72.8859
72.7575
72.9642
74.1598
72.7533
73.3709
74.1182
74.9065
74.7427
74.9988
74.8701
73.3917
74.4753
74.1089
74.2729
74.3787
74.9028
75.0322
74.1479
73.5834
73.5634
74.8211
73.537
73.5968
73.6377
73.5199
73.9005
73.1255
72.9885
74.1704
73.0144
73.5406
73.2404
73.9653
73.8616
73.3419
72.8869
72.923
72.846
73.51
73.607
73.3976
73.3251
74.1552
73.2845
74.2472
73.1433
72.6099
73.4649
74.3662
74.4681
73.736
75.2987
74.87
75.3298
75.5301
74.0442
74.31
74.9464
75.1053
75.0515
74.3998
73.4489
74.5282
74.0267
73.0811
73.3909
73.0628
73.7609
74.1186
72.9422
73.0994
73.4589
73.7232
74.8231
74.8506
74.8048
75.3686
74.3695
75.5626
76.8673
75.8704
76.0752
75.0591
74.6871
74.3402
73.6811
74.6053
75.075
74.7604
74.4633
75.0124
74.8565
73.6308
73.5079
73.2313
73.6506
74.6158
73.981
74.4415
73.7101
72.5718
72.8955
73.5981
73.2552
73.7294
74.3931
73.5538
73.807
73.5672
72.9988
72.967
74.9152
75.4204
75.237
74.1726
74.1153
74.7346
74.1881
72.8402
73.6812
74.4071
73.9903
73.9472
73.9273
74.087
74.717
73.5022
74.4986
74.0101
73.6228
72.8995
73.34
73.4172
75.3887
76.1678
75.3318
74.4529
74.3072
74.5396
73.9653
74.2332
74.0809
74.9938
74.2329
73.3148
74.0951
73.8608
74.4431
74.0365
73.5645
73.3769
73.4587
72.17
71.9814
73.4148
73.6371
73.9676
73.4439
73.992
74.1806
74.511
74.2113
73.0178
72.768
73.4629
73.5856
73.6313
73.0596
73.7992
74.1889
74.6079
75.678
76.1194
75.689
75.2039
74.0298
73.5979
73.5997
73.7139
73.6449
73.4546
73.2643
74.7096
74.0471
74.8786
75.1399
74.3453
75.1399
75.5766
76.0775
75.1101
76.1763
76.5106
75.4948
75.8091
74.9316
74.5187
74.6138
74.4256
73.7502
73.4045
73.4018
73.8804
73.5994
73.566
74.4524
75.5562
75.2576
74.6454
75.3486
74.4321
73.6545
73.4685
73.8712
73.7617
73.9389
74.5276
74.7043
72.7455
72.6397
72.8012
74.2205
73.8638
73.2242
72.843
73.9582
73.7751
74.2624
74.7294
74.7423
73.6142
73.4564
73.9045
74.3223
73.0321
73.2528
73.2321
72.853
73.5591
73.4709
73.1102
73.6965
73.8099
73.9984
73.2985
73.386
72.188
73.299
73.6192
73.6019
73.6583
73.4385
73.5787
72.9751
72.9676
72.5289
72.8158
73.7731
73.9318
74.2936
73.2519
73.6385
73.7192
74.429
73.8648
73.0364
72.1769
72.8458
73.729
74.0975
75.097
75.5856
75.3871
75.4213
76.339
74.8633
74.7249
74.077
73.5706
74.3147
74.8876
73.4049
73.03
74.4321
74.4771
74.0322
75.7113
74.714
75.3458
75.0619
74.4943
73.5446
73.792
74.7189
74.4577
73.0355
73.442
74.0724
74.5226
72.9536
73.3679
73.1805
73.0514
73.901
73.7412
73.8646
73.685
73.5759
73.9241
74.0303
74.602
75.0823
75.0221
73.875
73.3779
74.6098
74.5497
75.0868
73.4474
73.9418
72.8552
73.394
73.8729
73.7105
72.9115
73.0996
73.3652
72.9257
72.0511
72.6507
72.4852
72.5687
73.5523
73.9035
73.5458
74.0698
73.8951
73.0128
72.8476
73.5826
74.1098
73.6091
72.7038
73.3209
73.3349
73.8878
73.9981
74.1427
73.978
72.7634
72.9221
73.2226
72.4123
71.9035
72.8439
72.1977
72.2799
73.135
73.0292
73.6518
73.4758
74.0496
74.4978
73.9819
74.2924
74.1761
72.8645
72.9505
73.1322
72.8341
72.5802
73.0479
73.1468
72.6022
74.4423
74.2494
73.4374
73.0406
73.7106
74.0545
74.2591
74.5512
74.4017
73.6083
74.2567
73.7141
74.3556
73.8195
74.0414
73.5529
73.2187
73.6134
74.2596
74.3805
74.7352
75.4098
76.2295
75.1814
74.5801
75.6694
74.8391
73.8611
73.0925
72.4572
72.8791
72.7019
72.6383
73.4212
73.3424
73.0521
72.7055
72.3516
72.1842
73.5953
73.9724
72.7372
73.8427
73.5986
74.6982
75.8991
75.8336
75.3629
75.2694
75.1901
75.0776
74.5156
74.1912
72.1652
71.8196
72.6567
73.8367
74.6673
75.7828
74.3314
73.5756
73.3732
73.0169
74.5706
74.8526
73.268
72.3411
72.6677
72.8926
72.8723
73.4253
73.1237
72.9296
73.0041
72.4793
72.3186
72.2994
72.5688
72.1562
73.2242
73.7837
73.1717
72.7109
73.8112
73.7523
74.1805
74.6651
73.5403
73.2894
73.6542
74.3601
74.942
74.0936
73.2714
73.4559
73.575
73.1424
72.9486
73.2236
74.803
74.834
75.0891
75.0101
74.3816
74.0995
74.3114
74.4169
73.7388
73.4511
73.4394
73.4194
74.5956
74.1956
73.5892
75.3984
74.2436
74.7158
74.4875
74.7806
74.878
73.6002
74.1788
74.6468
74.8757
74.8421
74.4229
73.9459
74.8923
74.0943
73.3689
73.6707
73.2356
74.0341
74.8547
73.1883
73.0599
72.5416
72.2095
72.2804
72.2449
72.4904
73.3854
73.3771
74.0907
74.4688
74.2463
73.9813
74.7655
74.7124
75.0133
74.6258
74.2538
73.3799
73.563
73.0444
73.7774
74.7308
73.9234
74.4231
74.5992
73.468
73.0798
74.5068
74.9696
74.1856
74.1989
74.5214
74.7621
75.3858
75.4341
74.8817
73.6368
74.633
74.5281
74.6681
74.443
74.1662
74.8097
75.279
74.5218
74.5396
73.0159
71.8613
72.1893
71.7465
72.0266
72.7572
72.9257
73.1035
73.257
72.8627
73.1065
73.3535
73.7129
75.1101
73.7969
73.6081
74.0539
73.7702
73.3134
73.6011
73.3637
73.7812
73.4454
74.391
73.36
74.0444
74.6755
74.0595
72.6709
72.7616
73.3969
73.9516
73.2203
74.6599
74.2883
73.8183
73.5356
73.8348
73.4135
72.6537
73.0455
73.7363
72.3091
73.6633
72.2512
72.6011
72.5915
73.5693
73.2405
73.2923
73.0787
72.7917
72.9734
72.6799
72.3791
72.9204
74.3204
73.6976
73.4537
73.4575
74.1906
74.1824
73.9744
73.737
74.7678
74.9959
74.3935
74.5339
74.9828
74.8328
75.0214
73.5445
73.6959
73.9303
72.8122
71.9933
72.0455
72.9125
72.7064
72.7644
73.3307
72.6357
73.5181
73.9294
74.2622
75.3765
75.1638
75.8274
74.8932
75.7668
76.6866
75.451
74.2347
73.9354
74.4488
73.5617
74.8796
73.9028
73.9945
74.1803
74.6677
75.3263
76.5524
74.7771
75.0146
74.394
75.1326
74.0482
74.8674
73.2178
73.8276
74.0195
73.3173
72.5338
73.6395
73.3692
73.2334
73.3847
72.8245
72.1332
72.2027
72.4283
72.5749
73.0347
73.1869
73.0627
73.9444
73.6318
72.9784
73.1884
72.7877
73.5791
73.9197
73.4833
73.9588
73.8842
74.1188
74.5938
74.4173
74.6593
74.9461
75.0989
74.814
75.2284
74.7935
73.6999
75.0846
74.8363
74.3276
74.0518
73.5257
74.287
74.5167
74.9242
74.1553
74.5354
74.1
73.8646
73.5345
73.7546
73.8586
73.5781
73.9835
73.6897
72.9859
74.172
73.0408
73.7338
73.3803
73.3789
73.8806
74.6594
74.996
74.2515
73.5027
71.9933
72.1725
72.3305
71.6426
71.5201
71.9128
72.3766
72.8678
74.4455
74.6306
73.8324
73.007
73.1222
73.1066
73.365
73.1734
74.3125
73.8198
74.6498
74.8709
74.4684
73.3224
73.8273
73.5166
73.92
72.4516
72.9261
72.4983
72.234
72.3796
72.5405
73.0261
73.2204
72.2899
72.3424
71.9422
71.8942
72.1077
72.8131
73.521
74.1434
74.2935
74.2658
73.3817
73.4201
73.1729
72.8251
73.5941
73.7414
73.2202
72.4645
72.9707
72.726
72.4908
71.9343
71.5536
71.4493
71.5982
71.6408
72.6371
72.2475
72.3076
72.9916
72.9097
74.2838
74.1347
74.1383
74.0969
73.7862
74.5928
73.9632
73.3551
72.965
72.9642
73.0712
75.0286
74.226
74.1172
75.1427
74.3109
73.4308
73.8199
73.6923
73.3229
72.5098
73.746
73.5374
72.3931
73.0167
72.8821
73.1106
72.2743
74.1076
74.4969
75.0686
74.3679
74.5333
74.9106
74.922
74.6508
74.994
74.8022
74.0447
74.3374
74.1012
74.2598
74.2975
75.0992
74.6573
74.8946
74.6546
73.9538
73.4369
73.7451
73.6586
74.5096
73.9492
73.232
74.107
73.2851
73.4532
73.3154
73.6536
73.9132
73.7144
74.9431
73.4295
72.787
72.0603
72.883
73.1076
73.3128
72.8919
73.6266
74.6744
73.8044
73.349
73.6094
74.5236
74.6792
74.7115
74.9584
75.5542
73.6502
73.2685
72.7551
73.404
72.7905
73.037
74.0967
74.0947
73.9433
73.5482
73.3842
73.9982
74.8208
74.9839
73.9089
73.1828
73.3378
73.6706
74.5412
74.8539
73.6909
73.497
72.8378
73.2342
73.3606
74.0329
75.6681
75.9873
74.6733
74.7098
74.218
74.6934
74.5311
74.3094
74.4517
74.6983
73.984
74.4779
73.4726
73.9328
74.3897
75.1736
74.9439
74.7196
75.0807
74.3167
74.7702
73.0159
74.2894
74.1167
72.8244
73.7712
73.7436
73.4993
72.9029
72.7689
73.175
73.4598
73.8858
74.9033
73.1249
72.147
72.3389
73.5604
72.8638
73.6961
74.0899
74.7734
73.2641
73.5245
73.0626
73.6671
72.9869
72.6757
73.0434
72.8199
73.8049
73.6969
73.7084
72.8434
72.5574
73.4193
73.89
73.3701
73.7498
73.509
74.0182
74.0549
74.0551
73.2795
74.2062
74.9806
74.666
75.0157
74.7658
74.2485
74.6534
74.555
73.2149
74.1765
74.3996
74.9016
73.1682
73.9803
74.6601
74.4447
75.4495
74.4274
74.508
75.8229
75.348
76.5508
74.6184
73.7976
72.918
73.4079
73.1048
73.5511
72.3725
72.434
71.7135
71.872
71.7874
72.0248
72.0144
71.1394
73.0455
73.9567
74.1416
74.2807
74.2386
74.4392
74.6748
74.0265
73.512
72.4627
73.0213
73.5822
73.0634
73.6512
74.4402
74.4651
73.977
73.1953
73.5259
73.9289
74.251
73.6871
73.4365
72.9499
73.3277
73.4771
74.1484
73.9909
72.8415
73.4852
73.623
73.273
71.7343
72.8762
74.1902
74.2675
73.7048
73.9466
73.5119
73.9053
73.4808
72.748
73.4135
72.7575
72.9957
73.9712
74.0923
73.5931
73.742
74.6898
73.8304
74.269
73.636
73.1742
73.7533
74.9637
74.2949
74.1074
74.6757
75.2469
74.3214
73.6758
74.8797
74.8003
74.3968
73.9133
74.2389
75.0607
75.3905
75.865
75.9018
75.6145
74.6066
74.8596
75.4803
75.4813
73.6402
74.1654
74.4142
74.5138
74.5272
74.7526
73.0013
72.0154
72.4475
72.5565
73.3625
73.9244
74.5992
73.0762
72.9064
73.4687
73.6552
73.3912
74.1182
74.1676
73.4451
73.986
72.5773
72.5784
71.6543
72.2747
72.8596
73.5529
74.1228
72.583
72.7324
72.8697
73.0416
73.7815
74.1466
74.7006
74.6331
73.8504
73.4021
73.0709
72.1463
73.5446
74.3526
73.6347
72.5521
73.7069
73.1957
73.0759
72.4941
73.3059
72.3137
72.9678
72.235
71.9294
72.5585
73.5126
73.4531
73.1709
73.6155
73.8039
74.62
74.9611
73.8678
74.0117
73.9406
73.2816
73.4489
73.9624
73.7097
73.2851
73.2835
73.2564
73.4084
74.316
73.09
73.5063
74.8856
75.5143
73.9236
73.4697
72.4236
73.2078
73.1742
74.5965
73.66
73.2399
73.1084
72.4409
72.5771
74.495
74.8876
74.7985
74.3619
73.1052
73.2567
73.6061
73.3101
74.2766
73.6728
74.4008
73.6315
73.5939
73.8096
73.1911
72.6974
73.1193
72.8382
72.901
73.9877
74.3228
74.3959
74.0074
73.1283
73.1849
73.4806
73.666
73.5885
75.5768
75.4587
76.1161
75.7594
75.3194
74.2929
73.7092
72.5815
73.52
74.0612
74.1483
73.775
74.9758
74.7599
74.6373
76.0473
74.2512
73.3086
73.3466
72.4602
72.5244
73.3472
73.3404
73.5689
74.8188
73.5322
71.9985
71.6489
72.1064
71.8715
72.5457
72.1958
72.49
73.4266
72.8821
73.3844
73.0655
73.2986
73.8326
75.1157
72.8169
73.8565
73.3305
74.032
73.1945
73.3741
72.8419
73.0042
73.9247
73.9937
73.1357
74.0621
75.0216
75.3124
74.2191
73.7106
74.0368
72.4875
73.965
73.7131
73.1936
73.2753
73.4341
73.6359
73.2049
74.3158
73.8324
75.4947
74.4147
73.6177
72.9497
73.5086
74.2935
73.9077
74.7939
74.107
73.6999
73.6816
73.7843
73.1072
73.3626
73.2956
73.633
73.6758
73.6607
73.9948
73.6832
75.2566
75.7976
74.1367
73.341
73.0437
73.2525
73.9426
73.7542
74.2185
73.1821
73.0522
73.7729
73.0022
73.5847
72.9662
73.3717
73.3047
74.1903
75.1177
74.3023
75.2071
75.8932
75.6849
75.7499
74.3936
74.714
73.4914
74.5
74.1648
74.2655
73.0076
73.1416
73.7874
73.2222
73.4673
75.0322
75.0099
74.1987
73.9149
73.5092
73.1932
72.8173
72.5718
72.7532
73.319
73.6045
73.0515
72.1875
72.1925
71.9828
72.5006
73.9816
73.791
74.3332
74.368
73.8624
74.5842
74.7814
75.6015
75.8315
74.484
73.5495
73.5423
74.0311
72.2791
72.3717
72.6378
71.8563
72.3721
71.5769
72.3188
72.6344
73.1618
73.869
73.7104
74.9916
74.271
74.1199
75.0116
74.5542
74.7545
74.7013
74.5371
73.7649
73.7558
73.3714
74.4251
74.3235
74.6718
72.8874
72.7241
72.3893
74.793
74.4638
74.5851
73.1769
73.6099
73.8749
74.1924
74.5582
73.7126
73.1289
73.0533
73.5163
73.6869
73.8222
74.4397
74.2268
73.0015
72.929
73.2905
74.2135
74.4297
73.9363
73.2821
73.357
72.6803
73.8482
74.0232
74.4576
74.2968
73.9904
74.1175
75.2033
74.6464
74.7786
75.0379
74.7374
74.6369
75.1276
74.027
74.1085
74.3933
75.157
76.0043
76.2733
76.1797
75.9258
76.2022
76.661
75.7304
74.2714
74.5674
74.3898
74.3687
74.1594
73.4995
73.7431
73.5169
73.7496
74.4671
74.3965
74.5368
75.5775
75.3038
74.7225
74.2561
74.3845
73.3639
72.8316
73.2163
73.376
73.4328
73.4091
73.2262
73.8746
73.8418
75.161
74.2615
76.0961
76.747
76.2589
74.9094
74.3569
75.1863
74.3967
74.9609
74.7762
74.7504
76.4078
75.2968
75.3254
75.2617
74.7891
73.7874
74.7881
74.6706
74.6845
74.1269
73.68
74.4401
74.7653
74.325
73.9682
73.9709
73.1532
72.9964
73.7253
73.7501
74.0768
73.5424
72.5388
71.0571
71.0234
72.5847
73.0703
72.1452
72.4703
73.0452
72.5559
73.7414
72.8892
72.6794
72.4934
72.741
74.4765
73.9229
72.1647
73.1775
72.7566
72.7476
73.9895
73.6752
73.5594
74.1716
73.6364
74.2727
75.6616
74.2458
73.3694
73.5311
73.1705
72.8914
73.0428
74.167
73.4226
74.6657
74.3728
74.7144
75.4512
73.7688
73.0562
74.0746
73.8606
74.2106
75.3473
75.6028
74.4554
73.547
74.1337
74.1006
73.2381
73.0096
74.0261
74.8596
74.6097
74.8089
73.8849
74.5891
72.7404
73.3173
73.4594
73.5276
73.3764
74.7142
73.9894
73.8236
73.4572
73.9133
73.5099
74.0552
73.5372
74.0285
73.5295
73.022
74.0818
74.9017
74.8839
74.363
72.7195
74.1552
73.4771
73.596
74.0031
73.1817
74.4686
73.6028
73.595
73.1828
73.1108
73.9223
74.5182
72.9944
73.155
73.9942
75.2136
74.0575
73.6768
74.1703
73.1475
73.6918
74.0994
74.2532
74.6165
73.6099
73.5109
73.8439
72.9021
72.727
72.5263
72.5722
72.6626
72.3683
73.7516
74.6629
74.7003
73.5837
72.8685
73.0192
73.5505
73.5668
73.8623
73.6984
73.3953
74.2497
74.678
75.5816
76.2497
75.581
74.9186
73.3843
73.2217
73.6225
73.5812
74.9779
74.6318
72.8638
74.142
73.4574
73.8187
75.337
75.4024
75.1607
75.0966
74.9277
75.0438
74.2321
74.789
74.1907
74.7139
74.5459
75.2794
74.9631
74.4839
74.0623
73.8358
73.5633
73.9788
72.8673
73.6683
74.7515
74.41
74.1368
73.6571
74.293
73.5515
73.9574
73.0833
73.3846
73.3235
73.1513
74.4495
72.8847
72.6884
71.8872
73.0512
72.2032
72.5026
72.8184
73.4925
73.3018
73.1808
73.2964
73.7979
73.7305
74.2618
74.6173
75.4193
75.0209
75.0959
75.0463
73.5971
73.6099
74.5326
74.3803
74.2938
75.3466
76.2094
75.1836
75.3376
73.5721
73.7409
74.4466
73.6827
73.0052
72.2405
72.7229
72.4428
71.5009
72.5548
73.1939
74.1011
73.0373
71.9667
72.5647
71.9594
73.3396
75.2047
75.1141
75.2578
76.1563
75.3038
76.2859
75.5754
75.0394
75.5113
74.6728
73.8252
73.3081
72.621
71.9251
71.6656
71.5275
72.3215
73.2307
73.905
72.7439
72.3661
72.7797
72.9834
73.9183
74.0096
73.287
74.3775
75.3937
75.2738
74.7899
75.257
73.823
74.0071
73.9766
74.9079
74.2411
73.3011
74.0871
74.2086
75.4362
75.6934
75.2318
74.2555
75.0849
74.73
74.1432
74.4316
74.5736
74.3567
73.749
73.8255
74.4863
73.6512
74.5776
74.5228
75.3003
75.0051
74.3972
74.0635
73.1429
74.2599
74.452
74.2087
74.2335
72.7547
71.9535
72.9596
72.9413
74.0985
74.2843
75.3285
74.2243
74.6715
74.9755
74.0568
74.5189
74.5791
74.6541
73.2224
73.2414
73.3105
73.1244
73.6502
72.7798
74.0001
74.6827
75.4765
74.7083
73.7606
73.9344
74.0957
74.1925
74.1955
73.681
73.7883
74.3734
73.6377
73.3484
73.0262
73.1094
74.028
75.1959
75.5203
75.1522
74.7475
74.6365
74.0879
73.5168
73.946
74.2038
73.5339
73.8945
73.9695
72.9375
73.5397
74.4183
74.7958
73.501
74.6399
74.4735
74.2458
74.3667
74.3253
73.9796
73.4088
73.209
73.7249
74.8574
74.8016
74.5504
74.4087
74.2965
72.808
74.1845
73.9237
74.4118
74.2208
73.2397
72.9934
72.2722
72.8144
74.0253
73.2997
74.4767
74.0907
73.5531
73.9489
73.7268
74.1698
74.6288
74.0671
73.5822
72.8264
74.9239
75.5941
75.1455
73.936
75.2509
75.0243
75.0517
74.9199
73.9482
75.2249
74.3306
73.8569
73.4518
74.7317
74.2256
73.9074
73.9259
74.4156
75.3
75.1565
75.222
75.3553
75.6175
76.2165
74.9839
74.0016
73.6905
73.0094
72.6297
73.7191
73.7808
73.44
73.9351
74.0825
73.8743
74.7341
74.4264
74.0708
73.4123
73.7682
74.0411
73.7902
74.5581
75.7705
75.834
76.0042
74.7355
75.1762
74.7031
74.4917
73.7624
73.7467
73.5018
73.0954
72.5165
73.2814
72.8929
73.0818
73.3108
73.8163
73.7946
73.3358
73.0081
74.1374
73.6766
74.4289
74.1396
74.4063
74.3983
74.4267
74.3173
73.886
73.8884
75.0037
73.7687
73.2664
74.259
74.62
74.1143
73.1292
73.8793
73.0325
74.7301
74.2005
74.8213
75.0187
74.0437
74.6959
74.1762
74.4334
74.0826
73.033
73.0643
72.6221
72.8259
72.9527
73.5472
74.5442
75.2057
75.7624
76.2405
75.8724
75.3294
74.7842
74.0557
75.4802
74.797
75.8373
75.3651
73.8018
75.3876
75.7641
75.5758
75.0297
76.1186
74.1467
73.5275
74.6288
74.3069
73.2081
74.3302
74.371
72.9245
74.0136
74.0119
73.5267
73.8456
73.8764
73.033
74.3906
74.073
74.2286
74.7862
73.8826
74.1401
73.679
74.4504
74.8697
74.3233
74.1589
73.412
73.9594
74.4605
74.5907
75.9155
76.0418
73.745
74.182
73.8233
73.5494
73.7661
73.1814
73.0825
72.594
73.1245
72.4133
72.6647
73.4705
74.1231
73.5349
73.7292
73.426
74.3576
74.6223
74.1961
75.5742
75.77
74.5499
74.6997
75.0655
74.7187
73.4978
73.2382
72.81
73.784
73.4335
72.9578
74.1676
74.9219
74.5814
73.9684
74.7918
75.2173
74.4384
74.9069
75.6941
74.7605
73.8789
74.9301
74.5112
74.084
72.8843
73.723
73.844
74.0214
73.4735
74.0141
73.0428
73.4798
74.1826
73.648
73.8483
74.1331
73.9514
73.7732
73.2336
72.9772
73.2758
73.6939
73.4179
73.4499
73.6781
73.8816
74.0393
73.7508
73.8566
73.0036
72.9389
73.2519
73.8541
74.6208
74.3835
74.5402
74.5204
74.7273
74.8846
73.8047
72.8856
73.8306
74.0463
74.0697
74.711
75.0086
74.8812
75.6305
75.126
75.1467
75.1751
74.7142
73.9359
73.0078
72.2382
74.6466
72.7199
72.0358
72.7075
73.6179
73.9836
75.5714
74.1875
74.6394
73.2916
74.3968
74.4354
74.1685
73.9692
74.9172
74.7989
75.4229
75.5016
75.742
75.4486
74.8814
74.3485
74.0805
74.1343
73.9816
73.985
74.9082
74.5958
75.0124
74.5185
74.7808
74.5292
72.9243
73.1361
73.6487
74.0759
73.6433
74.4114
74.1686
75.546
74.826
74.5856
74.7085
75.1096
75.8012
75.2029
75.0823
74.8684
74.3513
74.0086
73.8745
72.7534
73.5286
74.2564
73.254
73.4358
74.1431
73.7684
74.0374
75.1371
74.5648
75.4413
74.6192
74.4033
74.3676
74.6565
74.0254
73.8515
73.9181
74.5254
73.7143
73.8259
72.2484
72.8006
74.0297
73.3102
73.6404
73.7709
73.6085
73.6349
73.0029
74.2442
72.944
72.6827
72.7057
73.2696
73.3081
74.4608
73.9378
74.1309
73.6095
74.9509
74.5791
72.7823
73.022
73.0964
74.4457
74.331
73.5734
74.0562
73.6588
73.5871
73.6888
73.4263
72.481
72.3458
72.8147
72.8589
72.697
73.6136
74.3646
73.6531
72.7305
73.2205
72.7196
73.0384
72.9316
73.8924
73.3172
73.4255
73.0055
73.1647
71.8485
72.1099
71.3821
72.2942
74.0058
73.8648
73.2032
74.5108
75.1484
74.5407
74.1206
73.6962
72.929
72.5457
72.6506
73.4479
73.6802
73.552
73.5772
74.6302
73.868
73.1748
73.7984
73.4137
73.515
73.4803
72.8867
72.0585
73.0077
73.977
73.9979
72.4856
73.0423
75.104
75.0644
74.7581
74.6555
73.8966
73.4449
74.3917
75.0728
75.4271
75.5317
74.7172
73.899
73.5355
73.3304
73.4106
73.3286
72.7914
73.2335
73.3858
74.0734
73.0448
72.9514
74.5977
74.5607
74.281
73.7735
73.9936
74.5943
74.6161
73.3536
73.3498
73.4906
73.9916
73.1643
73.3404
72.674
73.555
73.9433
74.0266
73.7982
73.0778
74.0898
73.976
73.6532
73.7469
73.4936
74.0709
74.5432
74.1495
73.6951
74.8342
74.9031
75.9645
73.7206
74.4533
73.6953
74.4519
73.9624
74.9459
75.7746
74.3323
74.6303
74.6023
74.4774
72.8097
73.6623
72.9811
72.8852
73.5194
73.2799
73.4269
73.7253
73.9799
73.3265
73.7624
74.1709
73.768
74.3109
73.5721
74.2091
73.4034
73.5266
73.3441
73.07
73.8168
73.8723
75.1795
74.873
74.7109
73.7075
74.0374
74.397
73.1585
74.5636
74.7262
74.1369
74.6138
75.372
74.3851
73.4773
74.181
72.7773
73.1132
74.0002
73.2539
73.4049
74.6457
73.893
73.4464
72.4691
72.8234
73.5974
73.2283
73.2639
73.6396
74.0044
73.2841
73.3192
73.6325
73.5983
73.7469
74.2253
74.6761
74.2552
73.6085
74.1829
73.4628
73.9395
75.092
74.4591
74.6421
74.2567
74.2719
74.2503
74.2914
74.2221
74.9391
74.9824
73.8958
73.9772
74.6059
73.5321
73.0103
73.6576
73.683
72.6799
73.1098
73.4511
74.208
73.5817
73.6776
73.2326
72.6178
72.5578
73.4208
74.2435
73.6522
73.2253
73.4583
73.3085
73.1242
72.7769
73.6418
72.4214
73.2752
73.2262
73.0218
73.4264
72.4572
73.4061
73.6698
74.7165
74.9744
75.3421
73.888
73.6992
74.0122
73.8364
72.8982
73.9586
73.5903
74.6725
74.1141
74.9799
74.3459
73.4685
73.2082
73.0971
73.0899
73.0706
72.6921
73.3908
72.508
73.3514
74.154
74.9039
74.8963
74.1447
74.4329
75.3579
75.1453
74.9612
74.2473
73.3084
73.4145
73.6419
72.8325
73.6933
74.1973
73.1681
72.9767
73.8219
73.0586
73.1139
73.681
73.9121
72.5191
71.8114
72.9558
72.5989
72.4018
72.9493
74.0703
74.1162
74.5998
74.882
73.1119
72.2798
72.5337
73.7806
74.9915
75.4096
75.3285
74.4177
73.8372
72.039
72.8305
72.5751
73.7463
73.1081
72.842
73.1797
73.5251
73.2401
73.6867
73.2783
73.3085
73.5171
74.0556
74.1242
73.8296
73.711
73.4025
73.0507
72.7476
73.537
74.1597
73.9078
74.4444
73.9005
74.5528
73.9597
73.5662
72.5918
73.1268
73.6057
72.4509
72.7078
72.7298
74.8362
74.8417
74.448
74.5362
74.571
74.0892
74.7737
75.2502
74.8256
74.6324
72.9081
71.9503
72.8501
72.1033
72.7728
72.2936
72.5822
73.4284
73.1406
73.8778
74.0575
74.6165
73.6937
73.4183
73.6134
72.5043
72.7675
72.4219
72.9795
73.5197
73.0702
73.8761
74.7352
75.2319
73.9037
73.2268
73.0359
73.4653
73.5304
74.3992
73.7031
73.3172
73.5699
73.5214
73.2868
72.8783
72.5067
72.6223
72.2665
71.8634
72.9786
72.6565
72.6536
72.4798
71.9942
71.7036
72.2483
72.8087
73.7961
73.5668
73.0692
73.5486
73.0125
73.8956
72.7713
72.0045
73.4833
73.5448
73.3408
72.4068
72.0214
72.2831
72.5506
72.4731
73.3416
73.3881
73.0649
72.8191
73.9287
73.4635
74.197
73.9048
73.1695
72.5609
73.3267
73.3268
73.677
73.0233
72.9706
73.0147
72.4116
72.6914
73.0253
72.7837
73.3878
73.6012
73.3756
73.6888
73.1254
72.6344
74.4804
74.5711
74.7687
73.7902
74.277
72.7774
73.1363
73.0237
73.1021
73.6626
74.1937
75.3216
74.8769
74.0306
75.0641
75.7521
75.2793
74.1708
73.7019
74.9835
74.6323
75.0448
74.1716
74.8241
74.748
75.1479
74.1483
74.6231
76.0084
76.1758
77.2022
76.2945
75.8344
75.7913
75.2604
74.8051
74.438
75.3571
74.9661
74.2346
74.0093
74.4941
74.2556
74.1688
73.7603
74.8218
74.1574
72.7623
72.0673
73.6069
74.7273
74.1066
74.154
73.2187
73.1558
73.4791
73.0909
74.2211
74.5972
74.1969
72.9597
73.2167
73.7795
74.1326
74.3019
74.5804
73.5521
73.7484
75.0838
75.5967
74.1538
73.3464
73.0155
73.3585
72.3091
73.5003
74.4098
74.8094
74.0014
73.1135
72.2469
72.5953
72.9453
73.3685
73.1086
72.6236
72.8744
73.7114
74.7643
74.5774
72.3889
74.1192
74.2276
73.5602
72.1207
72.3202
73.1562
73.2698
74.338
73.2769
73.195
74.1042
73.7851
73.2326
73.4334
75.233
74.6093
74.4912
73.4274
73.4163
73.5899
72.8135
74.0049
74.728
73.9656
74.7607
73.8392
74.5855
74.9299
74.7625
74.3018
74.7094
74.088
72.392
73.6909
73.5889
73.496
73.207
72.7842
71.9155
72.8973
73.4901
72.5349
72.8392
73.8426
74.0271
73.4014
74.3907
74.469
73.4692
73.9446
73.9743
73.1759
73.1285
74.4766
74.4007
74.1059
73.4729
73.5244
73.6951
72.704
72.9756
72.464
71.9086
72.7567
73.0198
73.4315
74.3939
73.9143
74.714
74.554
74.7457
74.5406
75.4474
75.8627
75.6429
75.4245
74.5966
74.2152
74.9662
74.5729
73.0116
73.5703
73.6585
74.8847
74.7833
74.2662
74.3375
73.8835
73.5455
74.6648
74.0416
74.0659
73.3144
73.6818
73.216
73.2321
73.1061
73.7889
75.7593
75.1671
75.7866
76.6569
76.383
75.3125
74.5999
74.708
74.9218
73.5081
73.0817
74.1456
74.0512
73.5477
74.1167
73.7347
74.4927
72.6691
72.3099
72.0836
72.9459
72.782
72.9619
73.1769
73.0562
73.234
73.6799
72.9508
72.3439
73.7081
73.251
73.2034
73.8705
74.9395
74.6616
74.7044
74.7462
75.263
74.3631
73.037
72.8069
73.3135
73.4287
72.7253
72.3254
73.2192
73.2819
73.1916
74.7175
74.3659
74.0267
73.7299
73.8459
73.8021
73.1512
72.9498
72.8961
74.6108
74.1123
73.5634
73.5973
74.0077
73.4433
73.2175
73.6716
73.6701
73.3666
73.5675
72.4553
73.1569
73.4027
73.7016
74.4845
74.7907
74.1325
74.5579
73.9657
73.6532
73.7446
73.6761
73.6613
73.3853
73.1086
73.2324
74.0411
74.1393
73.7042
73.913
73.3744
74.0697
74.6892
75.3469
74.6649
73.7979
73.6251
73.7143
72.1127
72.091
72.6077
74.0009
74.2583
74.1493
73.2423
73.0991
73.5164
73.4337
73.0443
73.0652
74.2662
74.9704
74.9092
74.8675
73.9094
73.055
72.9654
73.32
73.1711
73.5804
73.3509
73.0727
72.738
73.3644
72.8767
73.3897
74.9645
74.0074
73.398
73.0492
72.9126
73.0346
74.5208
75.0778
74.439
74.9283
74.4103
74.0277
73.5285
73.0758
73.4232
72.8843
72.6254
73.1786
73.1851
72.7837
74.3233
73.1849
73.1938
72.4519
72.9294
72.7317
73.6074
75.1038
75.0748
74.098
73.6788
73.0533
73.2268
73.0694
73.2175
73.6762
73.6955
73.7243
74.1954
74.1856
74.3769
74.7455
74.57
74.9256
75.2683
73.8619
74.018
74.4999
76.0006
74.7578
74.1902
75.2218
76.4703
75.9649
75.2942
74.6969
74.7691
73.9394
74.3608
74.3229
75.4668
75.0494
74.5858
73.9979
72.4777
73.0306
73.3157
73.8811
73.0773
73.6597
73.491
73.5587
73.9451
73.3851
73.8266
72.2606
73.7254
73.8187
73.4315
73.9647
73.2382
74.9596
74.2358
74.5054
74.8413
74.3021
72.9373
73.5328
73.8078
74.706
73.9315
73.4296
74.6133
73.5126
74.0897
74.3461
73.262
73.2519
73.7102
73.3191
73.7353
73.419
73.2696
73.839
74.806
74.742
73.9812
74.0989
72.6053
72.1614
73.0574
72.7476
73.4695
74.9446
74.2463
73.8414
73.8503
73.2048
73.1268
73.4006
73.5403
73.8381
74.0869
74.1596
73.6642
74.3309
74.1612
73.7063
74.332
74.152
73.9563
74.3512
74.9308
73.869
74.7377
74.1203
74.0151
73.8101
73.9809
75.0865
75.0976
72.7253
72.0295
73.7551
72.8949
73.7221
73.9454
74.0999
75.5104
74.2192
73.7753
74.2652
73.783
73.5321
74.1089
74.5121
75.3593
73.7027
74.7733
74.2847
74.4006
74.4712
74.7165
74.5968
74.0754
73.074
73.7408
73.935
74.4265
74.6016
75.7576
74.5055
75.3008
74.5661
73.3311
73.9296
74.3568
74.1495
74.4073
73.6637
74.8996
74.5816
73.9586
74.6613
73.5484
74.4105
73.9897
74.0152
72.7194
73.7379
73.4553
72.9016
72.3746
71.6639
72.7677
71.4559
71.6614
72.0435
72.5078
72.4037
74.0942
74.1012
73.7817
72.461
72.4054
73.3834
73.4576
73.8643
73.1409
72.6837
73.8698
73.9512
73.7416
73.4853
73.9862
74.4667
73.5198
73.3072
73.5116
73.6989
74.3745
74.4859
74.1226
73.9112
73.6424
74.2562
73.74
72.9846
73.0919
72.2813
72.5785
72.6587
72.937
72.571
73.1005
74.8403
74.2357
73.8643
73.9417
74.5189
74.4538
75.4287
74.8585
73.6571
73.3559
73.6189
73.0538
73.4956
72.9874
72.5444
73.3385
73.7702
72.9841
72.6909
73.0612
73.4319
73.8817
73.9256
74.2452
74.9034
75.7674
73.89
73.5233
72.9989
72.296
72.6852
73.2622
73.0711
74.2157
74.2702
73.1355
73.4226
74.728
74.1163
73.6734
74.0853
74.2808
75.786
74.9017
75.0586
74.0497
73.9372
74.0593
73.7236
74.4037
74.8755
74.6312
73.9199
73.542
73.4763
72.6636
73.2574
74.0334
72.875
72.6676
73.2093
72.9615
72.9118
73.2574
73.3947
74.0503
73.5678
73.3898
72.6775
73.1409
74.0166
74.6636
75.2675
75.5402
75.6002
74.6739
75.021
74.9043
73.6318
74.4952
75.3861
75.198
74.6606
75.0366
73.888
73.9766
74.4514
73.3382
73.1661
72.6478
73.106
72.4135
74.1214
73.541
73.0338
73.2489
74.2671
74.4735
75.6264
76.6032
75.862
75.2979
76.8101
76.1728
75.3958
75.3332
75.2583
74.8528
74.1583
74.7267
74.4568
74.5593
74.257
73.9873
72.9148
72.8307
73.709
74.0079
74.5398
74.515
74.0041
75.0073
74.8602
74.9869
75.36
75.1405
74.6106
74.6278
73.0911
74.0022
75.1856
73.7465
73.1655
73.2102
72.6365
73.0051
73.7915
73.6163
72.9684
72.4912
73.3142
73.4751
73.6663
74.153
74.9931
75.1748
74.8558
74.964
74.4487
73.5393
73.2548
72.6413
73.1297
74.0293
74.6689
73.5307
73.235
72.9566
74.0952
74.0641
73.5056
73.1277
73.8388
73.428
72.9859
74.3748
74.825
74.3718
74.4845
74.0357
72.9887
73.4056
74.4491
75.3312
75.1755
74.7044
73.72
72.971
73.0878
72.554
73.0542
72.8527
73.1673
73.5401
72.5641
73.6961
73.4295
72.2628
72.0921
72.1475
73.3142
74.5917
74.525
73.4293
74.828
75.2493
74.1681
73.291
73.5879
72.5968
73.2286
73.2841
72.536
72.1755
72.7725
73.916
73.929
74.4444
73.8674
73.3555
75.2131
75.3252
75.6367
74.8264
73.1092
74.1345
75.3046
74.2585
72.9765
73.6482
73.1263
72.968
73.5972
73.6155
73.9577
73.3543
73.2199
72.7567
74.3356
73.8974
74.9768
75.0134
75.1432
75.7478
73.5218
74.4126
74.102
74.4385
74.0332
74.1387
74.9811
75.442
74.2375
75.1207
74.2922
73.7975
74.416
75.0139
75.4369
74.5878
74.5637
74.8532
74.5495
73.4274
73.2593
74.4795
73.4272
74.1278
73.925
74.557
73.84
73.3608
73.2559
72.2776
73.3941
73.7169
74.5226
74.2338
74.652
75.1161
74.6476
74.7425
73.3525
72.1419
72.0675
72.5711
72.5064
71.5579
72.6989
72.3376
73.3325
73.0828
73.5246
74.7229
74.2243
73.1598
71.6809
71.7869
71.6922
72.2266
72.6302
72.8319
73.8491
73.3154
73.2882
73.2514
73.8085
73.2183
72.3081
72.8458
72.673
73.0648
72.2931
72.5913
72.4908
72.7418
74.5834
73.6211
73.5552
73.8211
74.4344
75.0667
74.2847
73.8538
73.6
74.2344
74.2267
73.963
73.3364
74.4349
73.7545
73.9408
74.5325
74.0092
74.3536
73.5988
73.6736
72.4843
72.6987
73.159
72.4327
72.519
72.2065
72.8736
74.1932
73.9006
74.2635
74.9448
74.1236
73.7641
73.5144
72.875
73.5045
74.1658
74.6075
74.0643
73.1208
73.3572
74.5624
74.1704
73.7122
73.2559
72.4923
73.9404
73.7085
73.5768
73.424
73.9704
73.2974
73.2915
74.0465
74.9121
75.2447
74.9785
75.1857
74.9911
74.114
73.3303
73.3318
73.6791
73.5022
72.5077
73.5011
74.0383
75.017
74.6628
74.4928
74.6275
73.0635
73.7691
73.0337
74.0353
74.8313
74.5188
75.4577
75.0031
74.8244
74.5103
74.1501
74.0036
72.8477
73.6269
73.7473
72.8682
73.5189
72.6312
73.1598
73.1365
73.6822
73.6352
72.5965
74.2592
73.0019
72.2587
72.2516
74.1246
73.784
74.1953
73.6415
74.2522
73.6924
73.7217
73.8372
73.6226
73.603
72.7568
72.3535
73.2501
74.4269
74.9879
73.4087
73.4031
74.165
73.8711
73.9454
73.4751
73.4896
73.9956
73.9603
73.1254
73.2549
72.2246
72.2537
72.4689
72.4226
72.5549
72.6061
72.3927
72.3338
72.3412
72.2935
73.3551
73.8598
74.9346
74.6036
73.7507
73.2803
72.9676
73.7061
74.4156
74.7064
74.9897
75.208
74.3812
75.0193
74.8452
75.1822
74.0942
74.0681
73.9956
74.6662
75.2176
74.8511
74.6256
73.9618
72.7848
73.0802
72.8513
73.5632
72.9831
72.5394
72.2972
71.9384
72.8508
73.6625
73.6958
73.3386
73.6852
74.4573
74.5902
74.6399
74.4371
74.8707
74.7167
74.9671
73.8434
74.5486
73.8699
73.4336
74.265
74.5966
75.5648
75.0479
75.7178
73.5915
73.9081
72.7461
73.6145
74.0986
73.763
73.752
73.6587
74.2698
74.6715
74.8059
74.6991
74.2892
74.4619
74.1331
72.931
73.1153
73.3494
73.6173
73.4985
75.3413
74.4415
73.7184
74.1791
73.8283
73.6533
74.5919
74.4372
73.8098
73.9516
73.9639
75.3786
75.5531
74.4992
74.3017
74.1443
74.113
74.4755
74.0383
74.5518
74.9743
74.7422
73.36
73.894
73.8974
74.348
74.8705
73.4419
73.0808
72.8878
72.7061
72.239
72.6002
72.6056
73.6622
74.175
73.7457
73.7999
74.3348
75.5683
75.9649
74.248
74.6776
74.8491
75.3291
74.7366
74.6349
75.566
74.4215
74.7275
74.7313
73.8544
74.6123
73.8905
73.9951
74.3543
73.6484
75.5592
75.4562
74.5545
74.3648
74.1521
74.0867
73.6496
73.115
73.1646
73.0225
73.6373
74.5767
73.291
73.9436
73.345
73.0561
72.156
72.7205
72.0754
71.9574
72.3817
72.9324
73.6142
73.4304
73.7637
74.617
74.4709
74.763
74.0476
74.1544
74.6761
75.0692
74.7032
74.4679
74.9728
75.3262
76.8978
76.9105
75.0132
75.2557
75.3913
73.8519
74.9248
75.7666
75.7634
76.6978
75.4172
74.5934
73.4627
74.0193
73.9255
73.5162
74.682
74.1243
74.6704
74.625
73.5164
73.6121
73.1426
73.665
72.9526
73.5513
74.4359
74.7004
73.9891
72.9742
73.9698
74.4566
74.0035
73.2934
73.1749
74.1494
73.6904
74.4589
74.6618
74.7417
75.0575
75.2068
74.4454
74.8743
74.5852
74.4764
73.9171
74.6729
74.3615
73.2217
74.084
74.0538
72.3654
73.0848
72.3018
72.2951
71.9244
72.3496
71.3516
72.1269
72.4044
72.7819
73.0513
72.6525
73.2078
73.8101
73.4686
74.2363
73.4683
74.976
73.589
73.021
73.1529
72.7535
72.8399
72.9742
72.9761
73.8774
73.2196
73.1737
73.6203
74.6221
73.259
73.0907
73.0126
72.8007
72.9841
73.5066
73.1976
73.6183
74.0051
74.1322
74.6073
75.4998
74.6013
73.9663
73.9752
74.2787
73.6793
74.363
75.7844
76.1879
75.4809
75.5469
74.9847
74.7148
74.8281
75.7026
75.2477
74.9557
73.522
74.0097
73.6498
74.4886
74.0932
74.2792
72.8306
72.4537
71.024
71.036
71.5526
72.3975
72.9226
73.3489
74.473
75.2252
73.7129
73.4449
73.5417
74.8286
75.8932
74.8668
75.2576
75.609
74.3135
74.8404
73.2565
72.9444
72.9542
73.4461
72.7947
72.5667
72.0435
72.9207
72.4427
73.7691
74.0729
74.1346
73.5134
73.3789
73.3519
73.1547
73.0806
73.2654
72.5524
72.603
72.7144
73.3825
72.6742
72.4151
72.318
72.2412
72.5113
72.3243
73.3443
72.8839
72.3925
73.0521
73.008
74.6836
75.3102
75.6654
76.2403
76.0872
75.1022
75.0122
75.6617
74.1803
74.4582
73.7595
74.2085
74.9003
74.8363
74.3675
75.3133
75.6544
75.1796
75.158
75.5773
74.5097
73.6332
73.2326
73.4101
73.6197
72.9599
73.1998
73.3199
73.5106
73.2226
73.6189
72.229
72.5818
72.7296
73.6696
72.8468
73.6935
73.8425
74.3006
72.9182
73.0844
72.8176
73.839
74.1511
74.9885
73.2754
72.6291
71.5674
71.8765
72.5475
73.3329
72.9635
73.3707
73.9501
74.2671
73.7636
73.2799
73.8209
74.331
75.7304
74.8999
74.6106
73.0395
73.4228
73.7031
74.2741
74.0988
74.1434
73.6558
74.2555
75.1764
74.4955
74.6511
74.5889
72.7206
72.772
72.6918
73.0288
73.8501
74.8203
74.579
73.9784
74.6974
75.061
74.4124
74.1719
73.6871
74.1661
73.8844
73.5294
74.1565
74.0605
74.8698
75.4544
76.1477
74.459
75.034
74.1598
73.9654
73.6109
72.9032
73.0496
72.8605
73.8992
73.6608
73.5248
73.7708
72.6036
72.5794
72.5012
72.4631
73.3139
72.6805
72.8275
73.3925
73.8362
74.8253
74.0018
74.6907
74.3452
73.3297
73.7558
73.8898
73.7208
73.6191
74.2866
74.3189
74.1449
73.5233
73.5722
74.0263
74.4823
75.3529
75.2308
73.7364
73.2798
74.0481
75.4009
74.0642
73.6139
73.0664
72.5762
73.2033
73.5772
73.8212
73.8556
73.3341
73.9486
72.3733
73.5273
73.5589
73.6308
74.3915
73.7615
73.6634
73.0972
74.4484
74.1706
74.3709
74.2727
73.4547
72.0978
72.962
73.4869
74.4345
74.0225
73.4346
74.4052
73.9351
74.0701
73.8043
74.1452
74.3827
73.9972
74.7103
74.9531
76.2296
75.188
76.0188
74.791
73.7222
74.4367
73.8983
72.9833
73.1059
73.8017
74.2463
72.8434
72.6307
73.0671
73.462
74.5593
75.0511
75.9185
75.8648
75.2592
74.0849
74.2103
74.5062
73.9143
72.3367
74.4672
74.9614
73.9054
73.6201
73.3038
72.5215
73.4839
73.6565
74.8027
74.2569
73.4138
73.224
72.6744
73.6634
72.8699
73.4419
73.462
74.4903
74.3235
74.5527
74.3402
74.053
74.4896
74.7482
74.1047
74.1061
74.8375
74.6037
74.3966
73.6135
73.6413
74.921
73.4885
73.4694
73.0615
73.3187
74.3523
74.1362
73.2811
73.8305
74.4043
74.5245
74.8367
74.5214
74.2933
74.6717
73.4711
72.7672
71.973
73.4757
73.4086
73.3931
72.1712
71.2592
72.2193
73.0415
73.5594
73.618
74.14
73.2208
73.3557
72.2914
72.0439
72.5902
72.9907
73.6895
73.1841
73.4399
73.5158
73.5137
73.6635
73.2889
72.8194
73.2663
73.6621
72.6866
73.856
75.1011
74.1897
74.1359
72.6375
72.9311
72.6016
71.6875
71.7994
71.6713
71.7655
72.5442
72.9657
73.2403
73.9454
74.1475
74.1036
74.3278
73.5199
73.1454
72.9674
73.4745
73.5495
74.231
74.2626
74.5862
74.0508
74.2571
73.8992
73.8668
73.1011
72.6349
72.0983
71.952
71.9234
72.7402
72.6635
72.8355
73.8629
74.1089
73.2417
72.8792
72.3319
73.7261
73.7534
74.3529
73.7036
72.7209
74.418
74.5581
74.0666
73.4971
74.2033
74.2067
73.6884
73.9229
72.4626
72.9169
73.6997
74.1715
74.2703
73.9183
73.7587
73.6256
73.2863
73.2433
73.2607
73.7904
73.6355
74.5777
74.1644
74.1255
75.1823
75.1705
74.4119
73.8979
73.666
73.885
75.2312
75.0615
74.4986
75.0748
74.1242
74.8282
74.261
75.1387
73.7497
73.6019
74.4933
74.0807
74.9917
75.0494
75.1248
73.6062
74.9992
75.3338
75.0032
73.6791
74.6531
74.6804
75.5376
74.7733
74.4138
75.9193
76.5117
75.5101
75.958
74.9303
73.6524
73.6897
73.635
73.9256
73.0197
73.273
74.0198
73.5045
74.2136
74.4997
74.6808
74.633
74.256
73.0647
73.5955
74.2029
73.2155
74.8122
75.3674
73.8649
74.0021
74.0467
72.4504
73.9281
73.3661
73.5999
73.9689
73.313
73.2109
74.4169
75.2904
75.5863
75.2169
75.1001
73.7282
73.1053
73.9601
75.1453
73.657
73.8621
73.7178
72.6278
73.694
73.0021
71.7728
72.7373
72.6671
72.2227
72.3441
73.6422
73.2662
73.8779
73.8492
74.3591
74.1793
73.7731
73.6432
73.3551
73.724
73.8327
73.4424
72.5706
72.5086
73.4005
73.393
73.6053
72.8376
73.0227
72.6618
72.7539
72.604
72.9367
73.7422
73.0104
71.3411
72.6007
71.4591
71.3054
71.7229
72.0866
73.0398
73.4029
72.7825
73.0712
73.3103
73.4869
73.2718
73.2308
73.5267
74.6322
74.2992
73.9258
73.1252
73.8792
73.0316
73.0882
73.9802
73.6205
73.4798
73.3957
75.2463
74.4247
73.7686
74.7832
74.5903
73.6254
73.6023
74.2679
74.1934
73.9402
73.5395
74.1001
74.0825
74.3001
74.8645
74.0687
72.5064
72.6892
73.0282
72.5349
72.4873
72.3714
73.3504
73.4527
73.5646
73.5295
73.5116
73.1522
73.0305
73.4963
73.5483
74.8494
73.3831
74.003
73.7095
73.5989
74.6282
73.4817
73.6479
74.6142
74.6876
75.3306
73.9971
74.1507
73.7339
74.1276
72.8717
73.1023
73.2357
74.0164
72.9249
73.8129
72.4023
72.5701
72.1177
73.0209
73.6645
72.5505
72.9466
72.5775
72.5818
72.7135
73.7693
75.1657
74.9665
74.908
75.0128
74.5448
74.8969
74.9746
74.3831
74.1519
73.7081
73.1567
73.2142
74.1433
75.6014
75.1522
74.2852
74.8958
76.0234
75.758
74.1092
73.9178
73.4955
72.1246
72.8035
73.5517
72.9648
74.0769
73.3569
72.9445
72.6371
73.7543
74.5625
73.3785
74.0128
74.8279
74.0324
74.4994
73.6679
73.8294
73.5393
73.729
74.1288
73.5308
74.1906
74.7494
75.0667
73.4513
73.2221
73.1627
72.9424
73.1301
73.3893
72.4027
73.3178
72.6597
74.497
75.7582
74.481
74.9484
74.2452
75.3265
74.0055
74.6886
75.1608
74.4418
74.2604
74.474
73.7806
73.8783
73.6585
74.5838
74.0298
73.8301
76.0153
75.4066
74.7756
74.3505
72.7663
72.881
72.9362
73.5712
73.4129
73.5652
73.348
74.1065
74.5391
74.3259
75.2491
74.1513
73.8256
73.4044
72.9899
74.6467
73.8126
74.4017
74.585
75.5932
75.3488
74.864
73.9893
73.6089
75.5189
74.73
75.364
74.932
75.8176
74.9612
73.585
72.5457
72.3832
71.816
71.8377
72.3221
73.7831
73.2323
72.7894
72.169
72.5399
72.2245
73.6201
74.0994
73.5695
73.5227
73.3334
73.8292
73.2616
72.7897
72.7274
72.889
73.7338
74.1798
74.154
73.3381
73.7698
73.0992
72.7239
73.0727
73.7154
73.3326
74.1091
74.0244
74.2408
73.1313
73.8153
73.2092
73.8226
73.5175
73.4161
72.9754
72.9577
72.7489
73.8029
72.8116
73.6654
73.7441
72.7218
72.9115
73.1626
73.3424
73.0373
74.5778
74.0707
74.1356
73.3254
72.7084
72.5836
72.799
73.8012
75.0905
74.4439
