472.76
456.132
439.34
421.618
406.839
396.656
388.601
381.824
375.227
368.286
360.592
354.089
345.9
337.529
329.528
323.841
316.87
311.376
308.016
304.374
301.736
297.99
293.061
288.84
286.928
283.385
281.163
279.44
274.589
271.159
267.761
264.975
262.301
259.238
257.642
253.993
251.304
248.748
247.773
246.194
243.697
242.787
240.587
239.688
238.038
235.789
234.309
230.356
228.043
225.848
224.108
222.569
222.678
219.881
218.563
218.085
217.835
215.57
215.355
210.706
207.375
203.326
200.35
198.65
197.779
196.596
194.662
194.571
193.002
192.004
190.445
188.73
186.763
184.781
182.43
181.631
180.832
179.623
178.117
176.061
175.081
173.424
172.638
172.788
173.049
172.88
172.974
171.418
171.25
168.797
168.128
166.097
162.973
160.768
159.663
158.314
156.51
154.975
154.237
154.275
152.515
151.659
151.425
152.074
150.731
149.79
149.844
149.567
147.844
147.855
147.803
147.54
145.743
143.656
141.159
141.136
140.87
140.406
139.06
138.392
137.235
136.153
135.121
136.384
134.691
134.032
134.229
134.126
134.805
135.012
135.866
134.8
134.988
134.048
133.603
133.4
132.298
132.174
131.306
131.425
130.773
131.863
131.558
131.126
129.617
128.667
127.45
127.091
128.101
128.293
127.023
127.233
128.873
127.166
128.005
128.388
128.883
127.643
126.658
125.5
124.612
123.502
124.495
123.947
123.201
121.95
122.586
122.579
121.262
120.239
120.276
120.687
120.848
122.083
121.262
120.943
120.748
120.561
120.044
120.195
119.035
119.011
118.483
119.06
119.152
120.77
120.225
120.344
118.847
118.515
119.807
119.14
117.417
117.358
116.036
114.675
114.325
113.837
113.505
112.362
111.752
112.067
111.465
111.963
112.07
112.293
112.751
112.244
114.695
114.358
114.348
113.696
113.813
113.213
113.201
111.624
110.488
110.297
109.782
109.482
108.785
108.636
107.602
108.625
109.18
108.141
110.362
109.769
110.223
109.362
107.462
106.106
106.737
106.179
106.353
105.653
105.814
106.834
106.975
107.466
107.554
107.748
106.374
105.933
107.039
105.112
104.989
104.189
104.388
104.464
102.843
102.391
102.779
102.009
102.409
100.31
99.9622
100.255
99.3522
98.6992
99.1088
98.9654
98.5814
99.2951
97.9784
98.3833
98.6085
99.6992
99.8056
99.9563
100.996
99.6528
100.316
99.6593
99.6004
98.4673
98.6607
98.0382
97.6801
97.7608
96.3
96.7993
97.2319
97.2196
96.9099
97.0002
95.7824
95.3539
94.8397
95.7078
94.2944
93.5791
92.2562
92.3528
91.9688
92.1316
91.6488
92.2408
93.5539
93.3992
92.6845
91.4541
91.3622
91.2907
91.8868
91.7407
91.4125
91.61
91.9291
91.026
90.0044
89.0894
90.1392
90.6196
91.6837
92.3439
92.2835
90.8972
90.811
90.5901
90.8269
89.8043
89.9306
90.2037
89.5023
89.4901
90.4159
90.6688
90.7089
90.0936
90.7913
89.5423
89.5891
89.2983
88.9669
89.4435
88.7379
89.1324
89.8616
88.9917
88.5284
87.9974
88.0034
87.55
87.2073
87.8243
87.4359
87.9504
88.3533
88.4867
88.0689
89.2988
88.7771
88.3208
88.6418
87.8524
86.5986
86.155
86.5823
87.3854
88.0599
87.9182
88.4971
88.3498
88.0905
87.4947
86.9508
87.5976
87.4942
88.1778
87.2071
87.949
88.109
87.8399
87.418
86.3105
86.3974
86.6037
87.7409
87.2064
85.8057
85.3704
86.098
86.2747
86.2606
87.053
87.2148
86.7267
85.1308
85.3548
84.9237
84.6327
85.4936
85.3174
85.9327
85.8243
86.1022
85.336
85.1102
85.7049
87.0781
87.737
88.2821
89.0513
89.0955
89.2131
89.7334
89.3587
90.8473
90.1919
90.8022
92.4689
91.9497
93.7751
93.9494
94.5584
93.532
92.3393
91.4167
90.1607
89.255
88.2246
89.9792
88.4905
87.6162
87.0531
85.5075
85.1505
84.3529
85.8513
85.5286
85.1345
85.2296
84.4576
85.3311
85.0392
85.2368
83.7205
83.7473
84.1087
83.0745
82.2728
82.6087
81.9046
82.4049
81.698
82.9654
83.159
83.3391
83.4913
83.3486
85.0169
86.5335
87.6054
88.7866
89.3222
87.6857
87.0535
85.9653
85.3754
85.0582
82.8044
83.832
83.8571
83.992
84.377
83.6527
83.5583
82.0895
83.4292
82.8523
82.4142
82.6109
82.1342
82.8558
82.5284
82.4461
82.1119
83.2818
83.435
83.8085
83.5057
83.625
82.6717
82.8431
82.5016
80.9289
79.9356
81.2627
81.6
81.2846
81.0936
81.5677
82.6355
84.5742
84.4221
85.5267
86.3156
86.6128
85.6928
86.2255
85.3696
84.637
83.5511
84.9898
85.2263
83.4377
83.3327
82.6367
81.829
82.2731
81.3689
81.1201
81.7328
81.7315
80.5496
79.2413
79.5894
79.7999
80.4299
80.204
80.0658
80.3694
80.7925
81.2722
81.8191
83.1469
84.3165
83.8604
83.5832
83.1398
82.5992
81.8997
81.9094
80.1438
80.6744
82.4146
83.9585
85.9391
87.5641
89.7141
89.3859
88.5634
88.6309
89.9305
88.4286
87.266
87.5392
85.8648
85.2626
84.4498
83.6662
83.0586
82.7495
84.0754
85.2769
85.8019
87.0979
88.6048
89.3084
90.8701
90.9381
90.0771
91.2465
90.7643
88.5587
87.1495
89.1056
87.298
86.9492
85.8425
83.8523
83.4741
83.0924
82.8341
81.7387
82.5595
82.0924
81.5538
81.5611
82.5795
81.8674
81.982
83.5844
82.626
81.8825
82.4671
81.1276
82.1656
81.6677
81.1281
80.3005
80.3404
81.2576
80.3671
80.0513
81.1756
81.6696
80.2721
79.1257
79.1458
80.1305
80.1138
80.1923
79.9918
80.2025
80.809
81.1056
81.8136
80.7961
79.4275
80.2517
79.5748
79.8123
80.1726
81.2113
82.345
80.5034
80.1523
80.7991
81.6966
80.1193
81.5177
81.4288
81.5748
80.3287
80.0371
79.9589
80.6848
78.6643
78.7841
79.4866
79.2986
78.8052
80.4449
80.1049
79.461
78.7669
79.6362
78.931
80.1172
80.1527
80.3667
80.3177
78.9668
79.3111
80.41
79.9417
80.6759
80.3029
79.1064
79.2574
79.6253
78.6539
78.3625
78.6014
77.9372
78.4237
78.8394
79.1681
78.4233
77.9953
77.2653
77.1496
77.6972
76.5768
77.6694
77.858
79.1955
79.1566
78.4835
78.9983
78.3923
78.0429
78.3673
78.6124
78.2437
77.5749
77.9381
77.7057
79.0729
78.7084
79.0899
79.0544
78.7833
79.0477
79.3375
77.7289
77.8199
77.8041
77.0744
77.1013
77.8763
77.304
77.1793
78.128
77.8023
78.767
78.732
80.0936
80.4029
81.2718
80.8597
79.8754
80.5894
78.5429
77.8704
78.2701
78.0164
78.5095
78.6308
78.6982
79.0192
78.4016
78.5245
79.5093
80.4815
79.7066
79.72
79.5478
79.742
78.4424
78.1471
77.6737
77.5261
78.3347
78.1854
77.9843
78.4241
78.2585
77.9137
77.5366
78.098
77.8226
78.9668
78.2455
78.0051
78.8929
79.5258
78.6112
78.3643
78.2231
77.3246
76.5768
76.5504
76.7912
76.6364
77.1312
77.8143
77.9596
78.0506
79.1786
79.0737
80.1639
79.5138
78.2758
77.1507
76.2363
77.3468
77.1914
77.5294
77.4153
78.6335
77.8866
78.7393
79.4089
78.7289
77.6945
78.1968
78.7308
79.073
79.1638
78.8363
78.9004
78.0447
78.1123
78.2656
77.5792
77.5613
76.9933
78.2581
77.747
78.4501
78.3404
78.449
77.3456
77.2686
77.5213
77.0022
78.404
79.7521
79.6044
78.3713
77.6159
76.7415
76.979
76.6441
77.1682
76.086
75.8249
76.4418
77.3562
76.9258
77.3439
77.7842
78.3095
77.8785
78.1707
77.553
77.4914
77.5872
77.5767
79.1223
77.7187
78.1864
77.6694
76.8257
77.0224
76.7292
77.2595
77.776
78.7735
79.2148
79.8227
79.1217
78.7143
78.8897
77.6763
77.7175
77.4053
77.3055
77.9668
77.1456
76.5405
76.9103
77.3666
78.0772
79.2473
77.1727
78.3397
78.6766
79.448
79.2829
78.499
77.4567
78.1975
76.6659
75.5651
76.6287
77.1972
75.6439
76.0101
76.7819
76.9787
76.8652
77.1264
76.5601
76.2107
76.7637
76.0265
76.1884
76.127
76.7862
77.0736
76.2694
76.8709
76.9638
76.1973
76.5777
75.7932
74.713
74.509
74.9117
75.9993
76.2725
76.4838
77.0406
77.4269
78.7642
78.0935
78.4895
80.0748
77.139
77.2108
77.2081
76.7876
75.9955
75.8063
76.5038
76.3868
76.7506
76.2559
75.2428
75.1554
75.4046
75.5728
77.3221
76.5702
76.6675
76.0152
76.7869
76.9502
77.6591
78.6002
78.8683
77.9961
77.4165
77.6202
77.0021
75.7197
77.278
76.4237
76.3061
76.6246
76.5296
76.9238
77.4304
76.9748
76.9973
76.1414
76.5416
76.6878
77.4353
75.8129
74.9404
75.3818
75.5499
75.2154
76.2239
75.7512
75.9454
75.3547
76.3522
77.096
76.4632
77.5781
77.4013
77.575
76.6212
76.2457
77.2522
77.4019
76.6839
77.2646
76.2016
76.8929
77.1969
76.7211
75.2031
75.8054
76.8899
76.782
76.2551
76.5246
75.7387
75.5281
74.9861
75.7336
75.6979
75.7459
77.1249
76.8467
77.05
76.2029
76.4059
77.531
76.6162
76.5334
77.2549
76.9855
76.3792
75.2088
75.4466
75.5171
75.9633
75.7413
74.8775
74.5988
75.6896
75.6786
75.2413
75.7529
76.4805
75.4873
75.4058
75.6637
75.7497
77.3524
75.7311
75.5482
75.7224
75.7968
75.5576
75.7381
75.6352
76.2202
76.7243
76.0074
76.8208
76.2414
76.1079
76.4323
77.724
76.2604
77.2927
77.5262
76.3478
77.8504
78.3968
76.6475
75.8752
76.158
76.6298
76.8339
77.6168
76.947
76.3545
76.4668
76.5223
74.7681
74.6706
74.9707
75.6191
76.0853
75.8604
76.2933
76.2497
75.8967
76.7995
76.8735
76.9487
77.9788
76.0063
76.6655
75.6488
76.0078
76.3522
75.1907
74.9324
74.946
75.801
75.8833
75.4016
75.8562
76.4835
76.4004
76.8247
76.6142
77.691
77.7915
77.1088
78.4504
77.734
78.4003
79.4042
79.1634
77.2393
76.941
78.0644
78.4581
76.9732
76.632
76.3756
76.5004
76.3535
75.6457
75.5982
76.3286
75.9532
75.1256
76.3096
76.3895
75.7538
75.9283
76.7894
77.0899
77.1348
76.8151
77.7486
76.7471
77.1326
76.2695
76.0316
76.744
76.9516
75.9669
76.541
76.2476
76.8423
76.2335
77.9951
76.4406
76.7248
77.0258
76.1419
74.7443
75.6948
75.64
76.4258
76.1653
75.3367
74.8164
74.5064
75.8275
76.6002
77.9007
77.1494
77.5135
76.1753
77.0107
76.3351
74.7564
74.7617
74.8448
74.7814
75.2511
75.0152
75.653
76.6273
76.1735
75.3776
75.5366
75.0087
75.5007
75.1509
75.1714
76.638
76.6743
75.9572
76.862
77.2566
77.7163
77.525
76.3028
76.0224
76.8771
76.0505
76.3961
76.4128
75.6458
76.4258
75.8331
75.8192
76.3985
77.6625
76.9101
76.4428
77.3358
77.2402
77.9548
77.8699
78.2709
77.8521
78.2888
77.3331
78.0893
78.2036
77.5142
76.9314
76.6372
76.7794
77.4994
77.8918
77.2948
76.1689
75.9376
77.1056
76.7709
76.9336
76.1242
74.3846
75.9237
76.1531
76.526
76.0162
76.3969
76.7286
76.8874
75.9417
76.2105
76.0305
77.5672
77.5734
77.1318
76.419
76.4984
76.3551
76.8413
75.4468
75.1107
74.5741
74.8355
74.699
75.803
76.3304
76.5275
75.2353
75.6734
75.6251
74.6068
74.7664
75.8119
76.2034
75.9631
76.12
76.04
76.127
75.8029
75.1421
75.2633
76.2054
77.0182
76.69
76.0259
75.8534
76.2455
76.6519
76.6467
76.2491
75.7379
75.5028
75.8101
76.3048
76.1784
75.9237
75.7367
76.624
75.9693
76.0372
76.6518
75.3452
74.9081
74.4729
74.9607
74.865
74.5744
75.1236
75.2395
76.1382
76.6794
75.8708
76.4642
76.4183
75.9634
74.8124
74.8828
75.8117
76.0601
76.2588
76.4564
76.4738
74.6166
75.8147
76.7263
75.5699
75.5209
76.9545
76.9304
76.2111
77.3398
76.1686
75.6906
76.2272
78.0159
78.258
76.8633
76.1076
78.2799
76.9724
76.9101
75.8593
74.9935
75.8856
77.1415
76.6237
75.0923
75.9625
76.2299
76.2255
76.073
75.8295
75.8514
75.9263
76.885
76.5121
77.3439
77.8058
77.6342
78.2908
79.2356
79.6974
79.2186
77.8813
77.7344
77.7215
77.0456
76.4112
77.0237
76.3567
76.2037
75.2679
76.0107
76.2066
76.5726
76.5196
75.8701
75.8093
75.5619
75.0165
74.7676
74.8624
75.6075
76.434
75.4444
74.5237
76.1432
77.3515
77.426
77.8082
76.8149
75.7294
76.2887
76.2614
76.6091
76.1043
76.8999
76.6271
75.0336
76.2427
77.3212
77.4527
76.3959
77.3692
76.5577
77.5327
77.8348
77.9188
77.5333
77.1154
76.4149
75.7552
75.6392
75.574
76.0529
76.9542
76.9818
76.5739
76.3409
76.2193
75.7969
76.6563
75.9659
77.1189
76.0218
76.0515
75.8335
76.0519
75.8089
75.6531
75.9601
76.4089
77.0066
76.9938
77.0904
75.7898
76.7512
76.9907
76.9603
75.7193
75.8164
75.7426
76.9101
77.0036
77.9211
76.3995
78.0457
77.023
77.296
75.8432
75.4765
75.4397
76.0667
77.0838
76.4883
76.2143
76.3075
77.237
77.1462
76.7012
76.4054
75.2117
75.1581
76.02
75.7088
75.7523
75.8062
75.2057
75.2614
76.2401
76.5523
75.4427
74.9213
74.6557
74.4411
74.1834
74.6939
74.928
75.8734
75.7526
75.0471
75.6098
75.7493
75.7775
75.5617
75.932
75.9599
75.6228
75.4292
74.8261
74.8491
74.9845
75.3776
75.7777
75.7548
74.809
75.1445
75.683
75.5638
76.121
77.1825
76.2584
77.0811
77.6909
78.4478
77.4307
76.3365
76.5794
76.3273
76.2449
76.4705
76.3258
76.3331
76.4143
76.4899
75.3847
74.3435
74.2324
73.8158
75.1124
75.2428
74.3783
75.6626
75.9637
76.2559
75.4206
74.5918
76.4167
75.5024
74.3779
75.2351
75.0951
75.5065
75.5353
74.9456
74.7731
75.555
75.3507
75.3795
76.6067
76.4403
77.0323
76.107
75.0013
76.105
75.2206
74.3174
75.2624
75.0584
75.847
75.3721
75.6602
75.7228
76.0808
74.8285
76.0988
76.0844
75.2315
75.9089
75.7769
76.3345
78.0871
76.5795
77.076
76.1037
76.5611
75.9628
76.6427
75.7353
75.7028
75.659
74.8147
75.9088
75.1411
74.3339
74.9349
75.5266
76.4251
76.3994
77.1584
77.5287
77.5988
76.6858
75.7448
76.8101
76.3822
76.8541
76.6101
76.7881
76.6608
76.717
75.8952
74.7951
74.5342
75.2198
74.6435
74.5964
74.285
75.0864
75.3743
76.3024
75.9515
75.5697
75.2398
75.6994
74.6949
75.6376
75.6729
75.4194
75.622
76.3344
76.1641
76.5943
77.3922
77.6607
77.1743
77.6242
77.7051
77.4635
78.093
77.5251
77.227
77.8898
75.5699
75.5491
75.8687
76.3215
75.1767
75.1639
74.646
74.3111
74.0468
74.7
75.1794
76.6242
76.4823
77.0686
76.0292
75.0258
76.5008
77.3553
77.1747
76.4931
76.7044
76.371
75.8036
75.9767
75.6855
75.0804
75.3605
76.1646
75.5602
76.0428
75.5977
76.1677
76.6245
75.9705
76.2717
76.6458
76.9986
77.4907
77.2063
76.4963
75.6301
76.0787
75.7308
75.4477
74.5769
73.8872
73.6528
74.617
75.521
75.988
75.6697
75.1301
75.6741
76.7195
77.062
76.2295
75.6285
76.5377
75.7036
75.6586
75.7479
75.6017
75.5273
76.0385
75.6737
75.9712
75.2424
75.1724
75.7545
75.6408
75.9362
75.4744
77.2643
76.2421
75.6586
75.9992
75.3379
74.5309
73.9845
74.5896
74.5151
75.1951
75.7633
75.9537
75.5912
76.1939
76.5671
75.3009
74.6651
75.1445
76.3737
74.9817
75.0357
74.5758
75.4932
75.8064
76.4557
76.7091
76.9997
77.2281
76.709
76.7407
75.9646
75.872
75.6779
76.1292
77.1541
77.7156
77.9729
78.6689
77.8477
77.7692
77.5449
77.2013
77.3595
76.0332
76.9461
76.7093
75.3691
74.3455
74.1052
75.8596
76.7595
77.5552
78.9467
77.1727
76.7137
76.0544
76.0309
76.2089
75.8933
74.6392
74.372
74.3561
75.1148
75.1508
75.1476
76.5447
76.922
75.8272
75.7372
76.9615
75.9085
74.6426
75.25
74.7354
75.832
76.749
77.0256
76.8787
76.9164
76.2023
75.6993
76.3232
75.6976
75.6324
77.0646
76.1188
76.021
75.5816
75.7648
74.1124
74.0727
74.6459
74.2434
74.7269
74.6124
74.1173
76.6002
76.6479
75.7672
75.2896
75.9968
74.8362
74.9713
74.0697
74.2179
74.2848
74.8754
74.7766
75.1034
76.7355
75.7788
75.0741
75.4865
75.5463
74.7946
75.3431
74.5843
73.4853
73.1059
73.4127
73.9782
73.6315
75.2613
75.9959
75.8908
76.4955
75.4232
75.6239
75.3128
75.8744
75.0081
75.2088
74.8496
75.2759
75.3578
74.6316
74.5536
74.4604
75.9546
76.2187
75.0552
74.4631
75.2319
74.8155
75.1755
74.5826
75.7087
75.6745
75.8309
75.428
75.2041
75.2564
74.4029
75.7554
75.3877
76.4725
75.3507
74.6428
74.6626
75.4533
75.2461
75.4302
75.2061
75.8363
76.6586
74.8828
74.6374
74.6598
75.3546
74.8726
75.086
74.959
75.2261
75.2674
75.9226
75.1405
74.1379
75.0506
75.1777
74.8552
75.6514
75.7376
75.6705
75.9073
75.7854
75.4792
75.391
75.75
76.5189
74.5514
75.1742
76.1256
76.3565
77.1003
76.6078
75.7287
76.8819
77.2007
78.203
77.7612
77.7823
78.1183
77.4107
77.1636
76.7498
75.5323
75.616
75.2925
76.1718
76.4351
76.2597
76.8491
76.9447
78.1061
78.4056
77.2442
75.4625
75.5754
76.0244
76.0741
76.5419
76.4741
76.1577
75.2767
76.2782
76.5584
76.3659
77.3211
77.3819
75.9831
75.095
74.8447
75.2615
75.9239
76.0131
75.9015
75.7705
76.1417
75.7775
76.4508
75.4281
76.1503
75.4043
75.8048
75.8851
76.6625
77.1706
76.5059
76.4953
75.2595
76.2226
75.7078
74.5448
74.4308
73.4078
73.5182
73.7784
74.0757
75.5449
76.5051
76.5769
76.2794
76.6554
75.7387
75.6936
75.6365
75.7383
76.2833
76.2855
75.5809
74.5465
74.8889
74.0304
74.9999
76.4783
76.4796
76.8032
74.9839
74.699
75.0777
76.6094
76.7862
77.6243
77.5733
77.1807
77.146
76.7063
76.5849
75.826
76.1349
76.4107
75.1912
75.4525
75.0919
75.4104
75.8306
76.3274
76.7738
75.8601
75.438
76.6542
77.1386
77.3782
76.1782
75.9109
75.3499
74.2165
74.4262
74.5034
74.0803
74.3148
74.0041
74.831
75.2158
74.6383
74.2808
74.7603
74.6907
75.2754
74.7715
74.8182
74.6889
74.5416
74.5161
74.1168
74.5187
74.2367
74.377
73.3434
73.5489
73.0537
74.4062
74.34
74.8893
76.5305
77.2137
76.5183
74.8097
73.9242
73.5999
73.0682
74.4708
74.0861
74.5175
75.9668
77.0136
75.1746
75.7065
75.57
75.3014
75.1981
76.0335
76.1299
75.2953
74.5588
74.4917
74.5249
75.5762
75.7649
76.1403
76.3844
75.9115
75.7351
76.1947
77.2645
76.3497
77.6003
76.8939
76.9738
75.8588
74.5729
75.8121
76.6696
78.3881
76.409
75.7212
76.7357
76.2196
76.9211
76.5903
77.6052
78.7058
77.5151
76.911
76.7441
75.5149
74.7654
74.6156
75.3307
75.4855
74.3038
74.686
75.1066
74.1543
75.1408
75.0657
75.1038
75.1445
75.2289
75.2276
75.6502
76.3175
77.7684
79.4134
78.7922
77.1316
76.8362
75.8333
75.5164
75.0276
74.7596
75.207
75.0011
74.738
75.1285
74.3759
74.3584
75.047
76.0417
75.3977
76.7739
76.691
75.8948
76.2988
75.2905
75.6601
74.3002
75.3376
74.5541
75.6413
74.5269
74.4801
75.436
75.8666
76.1271
76.1988
76.8608
76.0799
76.5268
75.5262
75.4638
75.9787
76.0361
75.7718
76.7905
76.6695
76.4878
75.8142
75.9856
75.4717
75.5132
75.9658
76.1394
75.6011
76.0295
77.181
75.4961
73.9592
75.0142
74.6328
74.8022
75.4561
74.9276
74.6538
74.3258
72.4755
73.3833
74.4903
74.5867
74.3154
75.218
76.9303
75.6175
74.7188
74.7978
75.4634
75.2528
75.6535
76.068
76.527
75.6764
76.1138
75.3193
75.4504
74.3262
74.642
74.3653
74.6031
73.8353
74.1418
73.6064
74.9873
75.9469
75.8804
75.7022
76.0026
75.9331
74.4481
74.8887
75.3342
75.3599
76.139
76.0079
75.3197
74.3953
74.5081
74.9428
75.2974
75.7385
76.7282
75.5041
75.8984
75.4868
74.2869
74.7876
76.0795
75.3381
75.8514
77.0861
75.9137
76.7996
75.7106
75.683
75.6759
74.8233
74.0471
74.8293
74.4858
74.8769
75.852
75.3381
74.966
75.1831
75.5419
75.1987
74.7981
75.3744
75.382
75.3491
74.7009
74.1891
75.1311
77.4378
76.7067
76.1829
76.2615
75.3184
74.9374
74.3576
73.4617
73.5592
73.0403
74.1547
75.4824
75.1596
74.4293
75.0997
75.7208
75.0275
74.9787
74.9227
75.0415
74.8051
75.2155
74.3811
75.5075
75.4891
75.82
75.531
74.5412
74.9793
75.7068
75.3101
76.1345
75.662
75.7722
75.4053
74.9242
75.1008
75.9665
77.042
75.3038
75.6469
76.8957
76.1841
75.9398
75.5852
75.3709
74.4997
75.5409
75.0401
75.2192
75.9701
75.9299
74.3691
74.9388
74.3536
74.8877
73.9206
73.5414
73.6484
73.9782
75.0913
75.0878
75.822
76.2247
76.9854
76.4098
75.0871
75.5329
75.8097
76.1713
75.5914
76.462
75.7042
75.4681
75.3511
75.5736
74.6021
75.1601
75.2491
74.7608
75.5042
74.8506
75.2269
75.0542
75.8824
74.6
73.5128
74.5388
73.7353
73.8483
73.4287
73.9802
73.4061
73.6388
73.6439
73.0651
73.1427
74.4032
74.9192
75.2404
75.9295
74.964
74.7777
74.2373
75.8627
77.2457
76.8941
77.5884
76.88
77.2555
76.3571
75.8043
74.7606
75.4701
75.4563
75.4049
75.6667
75.4741
75.0661
76.6195
77.5
77.6842
77.29
76.6096
75.1443
74.323
74.325
73.6459
73.1762
73.1886
74.3399
74.5464
75.1113
73.2306
73.1775
74.3522
75.4549
75.5093
74.8601
75.1758
76.8813
75.4681
76.4643
76.192
76.1114
75.4434
75.315
76.5247
74.9479
74.9048
74.3197
75.749
75.5939
75.7063
75.4655
75.2064
74.3077
73.9174
74.3532
75.0871
75.3876
75.4952
75.7718
75.7359
77.1029
76.8475
76.7393
76.3683
75.776
75.4195
74.066
73.7471
73.9232
74.4625
75.8595
75.8479
75.4034
75.0661
74.726
75.2447
76.2065
76.0693
76.4316
76.0278
76.6947
73.5166
75.2848
74.5114
74.2914
75.1701
75.9831
74.8447
75.8851
75.6861
74.9271
73.5685
74.5584
75.2299
74.4485
73.9791
73.981
74.9305
74.4319
74.2477
75.4334
74.4826
75.7687
75.2939
75.8972
75.3549
75.2311
75.6701
75.7042
75.9715
75.4397
74.4736
74.6478
74.265
74.2541
74.6388
73.3751
73.7738
73.9411
74.5767
74.9465
75.276
75.7781
76.1207
76.5176
76.6007
76.6936
77.2531
75.4694
75.6602
75.5523
75.8137
75.8708
75.1928
74.2533
73.6572
73.7986
73.9398
73.8798
73.0501
73.1703
74.6123
74.4001
74.6554
74.7045
75.5155
74.5221
75.4174
75.1141
76.6219
76.2421
75.8497
76.0803
75.367
75.5639
75.8971
74.7159
74.3054
74.7298
74.4355
74.5272
76.1251
76.2881
75.6356
75.4386
75.0551
74.3632
74.881
74.9449
76.3623
77.2085
76.6559
77.0049
76.0226
75.7845
76.6555
76.4093
76.363
75.7936
76.8243
75.1688
75.7155
75.464
74.9855
74.8577
74.7526
74.4833
75.8896
74.6485
74.5824
76.2036
74.0133
74.6179
73.8663
74.9983
76.0287
76.0782
76.3101
76.2079
76.0781
75.3839
77.076
75.9079
75.0338
74.9599
75.527
75.9385
75.5324
74.6613
74.1074
73.4916
73.8078
73.3282
74.1028
74.5779
74.8367
74.7915
74.0229
73.9436
73.8912
73.8638
74.4241
73.6428
73.6869
73.1149
74.0461
73.9737
73.1862
74.2302
73.4111
73.1702
73.529
76.4396
76.4641
75.896
77.0075
76.2456
75.2728
75.8252
74.4365
74.128
74.5287
75.0497
74.9911
75.5675
75.493
75.9857
76.8151
76.6823
75.1933
75.5286
74.9896
75.1277
74.9042
73.7429
75.1743
73.7407
74.8582
73.6915
74.2627
75.103
75.7837
74.745
74.775
74.3774
73.8997
73.8212
74.0867
74.5797
73.5614
73.9822
73.6381
73.8627
73.7919
73.1248
74.0622
74.8079
74.9802
74.6573
74.8379
75.2114
75.7448
76.2041
76.4468
76.3108
76.0589
75.9658
75.7573
75.56
75.9137
75.2377
74.6261
74.54
75.4292
75.789
74.9899
75.1621
75.195
75.1846
75.2041
75.0021
75.9151
75.0844
74.7898
76.0464
76.8253
75.497
74.951
74.4584
76.1285
76.5075
75.6929
75.1897
75.111
75.0488
75.5918
75.8405
75.6644
75.5316
76.1632
74.9364
74.3576
73.7356
75.0279
75.0865
75.5352
74.507
74.8308
75.3873
74.4557
73.9058
74.1634
73.7152
74.477
73.3924
74.4573
73.2461
73.866
75.2013
75.5413
75.2129
74.8381
74.4561
74.8287
74.6057
75.3508
76.3182
76.5542
75.7128
76.0011
74.8783
74.5881
74.5334
73.316
73.7256
74.8363
76.4663
75.1559
75.0935
74.1732
73.5663
73.1118
74.0881
73.2241
74.1535
74.2787
74.5712
75.2943
76.2673
76.1524
76.6693
74.8507
74.2828
73.9827
73.0655
73.7093
73.1212
73.2676
73.8357
74.4521
75.3466
74.6219
74.0692
73.3057
72.7934
72.8777
73.2935
72.9882
73.1469
73.7022
74.2545
75.1636
74.9444
74.3106
74.4412
74.7211
75.9372
75.2497
74.6716
74.847
74.9033
74.9324
75.63
75.7941
75.5352
75.96
76.1798
75.4099
76.0683
74.5963
73.9614
74.4725
74.0813
73.6428
74.8491
75.5881
75.0897
75.0799
75.6078
74.0916
74.7574
73.8561
74.1333
73.0667
73.5484
74.0503
74.1384
73.8042
73.4734
73.8631
74.9017
75.3581
75.671
76.12
76.5471
75.3782
76.6513
75.4762
75.1428
74.4356
73.5573
73.8968
74.6061
74.9803
75.683
75.1374
75.4054
75.0768
74.8972
74.8733
75.6185
76.4212
76.7212
76.0101
75.3512
75.2254
74.6821
74.6369
75.0527
75.087
74.0238
73.371
73.8953
74.5641
75.7203
75.0833
75.4301
75.9634
76.39
76.8232
76.2964
75.2861
75.1663
75.7424
75.1048
74.6354
73.8069
73.0651
74.4164
76.3476
74.43
73.7294
73.4734
73.6257
74.5423
74.7267
74.0458
74.6866
74.6969
75.3009
75.0551
74.4058
74.6169
74.9643
75.9107
75.7833
75.9128
74.8119
75.087
74.7045
74.7625
75.101
75.8235
76.5619
75.8528
75.0094
73.7735
74.5329
76.2449
76.3331
75.0313
75.3794
75.1718
75.0053
74.277
75.2824
74.8207
75.2647
74.5057
75.2663
75.2469
75.6753
75.5477
75.5989
75.6671
76.3186
76.2521
75.0811
75.9646
76.3608
75.9872
75.3246
74.9721
74.7547
76.4243
75.6688
76.5305
75.882
76.8542
76.8752
75.0653
75.1352
75.0292
75.3211
74.4477
74.6561
74.8782
74.7033
75.7154
76.6872
77.1124
76.0387
76.2451
76.0205
75.8376
75.94
75.0393
75.1391
74.5976
75.7254
76.0694
77.4595
78.0903
76.3194
75.8578
74.9291
74.3036
74.4204
74.4292
74.6225
72.4706
72.2281
72.4304
74.0278
73.3877
74.2308
73.2673
73.1453
74.047
74.3538
74.5788
73.6984
74.9126
73.0208
73.2989
75.0945
75.8513
74.699
74.6749
76.0557
74.8046
74.4422
73.3898
74.3505
74.157
74.6792
74.3214
74.0451
74.0291
74.1939
75.4478
75.0996
74.9875
73.8338
73.5954
72.9317
73.5836
74.0233
74.7447
74.8634
75.1575
75.1148
75.9259
76.9557
78.596
76.0658
75.782
75.3127
74.7193
74.5233
75.2667
75.6901
75.6489
76.2109
75.4557
75.9785
77.0346
74.9057
74.8089
74.9442
74.2956
75.1603
73.9994
74.8502
74.622
75.2711
74.2314
75.2689
75.4721
75.8803
76.2887
76.771
74.892
73.9482
73.1515
73.7612
75.1206
74.5751
73.2479
74.5046
73.7229
74.5215
75.3782
75.0413
73.7031
73.2095
74.0853
75.353
75.2057
76.0291
76.1867
75.6003
75.2842
74.8929
74.7678
74.5722
74.6848
74.396
74.8387
74.9691
74.6962
74.4087
73.8807
74.1701
74.0047
74.8629
74.1194
74.9512
74.1605
74.491
75.3243
74.787
75.4199
75.1009
74.341
75.7761
76.3346
75.6151
76.1921
76.527
76.7339
76.1088
76.1099
75.0916
75.5751
74.4219
74.5542
74.2416
74.631
75.1493
74.9897
76.5642
75.6391
75.8946
75.8322
75.9555
75.8462
75.0954
74.4594
75.4283
74.1327
74.8417
74.7123
75.7685
76.0628
75.4594
75.9623
75.2143
76.0982
74.7655
74.3905
73.6226
74.139
75.4624
74.684
75.6025
76.5218
75.6506
75.5986
75.9677
75.3897
75.0415
74.2778
75.0483
76.9836
77.5984
78.0077
76.1209
75.4494
76.8028
75.2571
74.9783
76.0856
74.5276
75.3045
75.513
75.7878
75.4864
76.0003
74.4749
74.7591
75.273
75.7006
76.241
75.4985
74.8633
74.351
74.4659
75.3938
74.7983
74.3933
74.1463
73.7129
74.4815
73.8538
73.5739
73.7771
74.2437
75.0309
74.843
75.3659
74.9645
75.0181
75.773
76.8933
76.9361
76.6349
76.1792
75.3915
76.1367
77.2096
77.1511
75.697
75.265
75.0963
76.4218
76.8289
76.3624
75.8884
74.8084
74.296
74.4603
75.4153
75.7545
75.6034
75.3687
76.6154
77.2265
76.9008
76.0084
77.3771
76.2208
75.8495
75.0956
75.3912
76.7145
76.7268
74.7603
74.9027
75.3103
76.7837
75.0802
74.7864
74.7992
73.399
73.7582
74.207
74.5316
74.7109
74.6384
74.9236
75.8068
74.4038
75.9448
74.7956
74.0513
73.6601
73.7308
73.7064
73.4844
74.3825
75.0483
75.0734
75.6408
76.0121
77.0268
76.9351
76.1825
76.1959
76.0074
75.9087
75.5556
76.4982
76.2185
75.3356
74.8276
74.5176
74.4653
74.5757
74.8886
74.8398
76.1849
76.0004
75.4407
74.9219
75.3676
76.6092
75.2217
75.9515
75.4937
76.7408
77.1363
75.4065
76.1736
75.4621
76.503
75.2857
73.9252
74.238
75.3011
75.4359
76.0778
74.5359
73.2643
72.5112
74.3484
73.9965
74.1872
73.9856
73.304
74.4387
75.7618
76.0767
76.6497
75.58
75.5162
74.9489
75.7147
74.9955
74.4575
74.885
75.4859
76.2553
75.2522
74.7033
75.5441
75.4308
74.1392
75.6947
74.2513
73.565
74.2662
75.5248
75.7794
75.689
74.319
74.7293
75.1263
74.4437
75.1444
75.6682
75.8212
75.7659
76.3953
76.5252
76.1941
76.9107
75.2361
76.0139
75.2412
74.6329
74.5895
75.3209
74.5892
74.5617
75.43
77.6814
76.5803
75.5412
75.5269
75.2444
75.512
74.1243
74.8562
74.8562
74.0748
74.9284
73.7047
73.3159
73.2357
73.716
73.8885
75.0243
75.0641
75.1438
74.9548
74.164
74.9192
74.1416
73.9892
73.3713
73.525
74.5514
75.4245
76.0113
75.3234
75.0253
75.3368
74.5383
74.8926
75.397
75.3446
73.7176
73.7197
73.8306
73.6935
73.623
74.5518
73.6827
73.1255
73.9638
73.7303
74.2976
73.873
73.9056
74.2062
74.3576
74.8787
74.6893
75.1868
74.8502
75.5225
75.9077
75.9577
75.7539
75.5017
75.3201
74.9298
74.4465
75.3048
75.3628
74.3737
73.8165
73.9448
74.7578
73.7908
73.4502
72.9718
72.4276
72.5541
72.8407
73.1574
73.034
73.2676
73.8901
73.8328
74.4153
73.9883
74.5202
74.8648
75.9717
77.0292
76.2934
75.9317
75.6405
76.2854
76.203
76.9183
76.6047
75.4675
74.6413
75.8875
75.2554
74.9391
75.7643
75.1771
74.5505
74.768
74.556
73.7766
74.3502
74.0924
73.7848
74.8717
74.8
75.2382
74.4495
73.679
74.0586
73.566
73.5336
73.015
73.1083
72.6917
74.2171
74.7057
74.2737
75.0012
75.0076
75.9849
75.677
75.2151
74.9678
75.5484
75.7166
75.8204
75.2864
74.9753
75.3965
75.1988
74.8154
75.9178
77.1907
76.2633
76.3958
77.0086
76.1292
75.8746
75.3359
74.67
73.9265
74.6242
73.8872
74.5903
74.5879
74.3362
75.3499
75.6607
76.3299
74.3958
74.1873
75.0121
74.5348
75.7251
75.61
75.3299
75.1543
75.7816
75.1389
75.2227
76.2192
76.5564
76.3235
76.6189
75.9885
75.613
75.7651
75.1846
74.6029
74.222
75.5168
75.614
75.9337
75.0478
75.2869
74.5591
74.4627
74.5332
73.947
74.932
75.0494
75.772
75.8985
74.8317
74.1904
75.0409
75.1766
74.397
73.6018
72.876
73.9188
74.1325
73.8835
73.6888
73.9391
74.6416
74.774
75.0286
74.014
74.8562
74.6759
74.5143
75.4044
74.9101
74.8988
75.523
74.7942
74.1499
74.0796
74.8661
75.2864
75.8432
75.2147
75.1552
74.7937
74.4172
73.6206
74.3148
75.1217
75.3425
74.5688
74.9461
74.508
74.0426
73.3032
73.3206
74.2031
73.9399
74.4782
74.6838
74.4951
73.9966
72.6972
72.7492
74.0146
73.895
74.0174
75.173
76.209
76.3185
76.4637
76.8606
77.4521
75.5476
75.9567
74.953
74.5808
74.2341
75.3841
74.6238
73.7853
75.8447
75.0776
74.3644
74.4165
74.9792
75.4966
75.6972
74.9717
75.0072
75.666
75.4903
75.1151
74.587
73.8651
74.5497
74.8319
74.4544
73.701
74.1882
74.284
73.8687
74.3884
75.9195
75.2835
75.2999
75.0377
74.4264
74.7105
75.1941
75.1775
74.7015
75.1919
75.5455
76.4828
76.9363
76.6228
74.7453
74.2674
74.5178
74.7893
74.8796
73.6211
73.3625
73.5605
73.9654
74.5607
75.0014
75.3145
75.2474
75.0621
75.4032
75.8528
76.4811
76.7764
76.4013
74.7676
74.1285
74.9425
73.707
73.3991
74.3167
75.8857
73.6002
74.1405
74.8842
74.7267
73.8607
74.2316
74.0782
73.9278
74.7801
74.672
75.4394
74.7426
75.7898
75.9241
75.8375
75.4377
75.5732
75.8569
75.7712
75.9068
75.8718
75.9331
75.3323
74.6604
75.2868
74.5552
74.6512
76.2131
74.837
75.7834
74.9252
75.3342
76.3837
76.2861
77.519
75.6686
76.6294
76.1423
75.2579
75.0111
74.6838
73.8027
74.3533
74.8817
75.7395
74.4215
74.0157
73.2809
73.4069
73.3916
73.8381
74.0017
74.6305
75.9902
75.0456
74.9958
75.8605
76.4684
76.5074
76.0814
75.0303
74.4651
74.4875
74.0944
75.3389
75.5689
75.3943
74.8491
75.0956
75.0001
75.6536
75.9387
73.9026
74.3053
74.2653
75.0336
76.543
76.1389
76.211
76.838
76.3385
76.5328
75.0302
75.5702
74.3861
75.1605
75.0578
74.8982
74.2004
74.0194
73.9812
74.3579
73.8205
72.9165
73.1844
73.6424
73.6514
74.0814
73.6199
73.779
73.8074
74.1706
74.3112
73.9154
73.5502
74.7141
75.2506
73.7089
74.1541
73.9449
73.7666
73.7176
73.7742
74.9879
74.9735
74.9101
74.4193
75.197
76.1094
75.8211
75.2461
75.1265
74.1095
73.7611
73.3948
72.796
74.0544
74.5938
74.1119
75.0361
74.2277
74.2285
74.9779
74.3331
74.6374
76.0842
74.6387
74.2846
75.253
75.337
73.6192
73.8666
74.2091
76.3331
76.8863
77.029
76.7683
76.707
76.4258
76.1886
76.278
75.345
74.4995
74.0887
74.4729
74.1668
75.0614
76.0065
76.0101
76.027
75.4459
75.4613
74.4719
74.4884
74.539
75.7368
75.1562
75.6214
75.7608
73.327
73.5214
73.6916
74.2526
74.8982
74.2733
74.8535
74.9646
73.6735
73.9153
74.5765
73.5012
73.5749
72.5105
72.3798
73.5354
74.8369
73.0301
73.8176
74.915
76.4004
75.9755
76.121
76.2281
76.0388
76.2882
75.2101
74.8106
74.8737
74.3046
74.5485
75.3377
75.8227
74.0998
74.2592
74.0704
75.1121
75.2412
75.7894
75.1287
74.6444
75.0512
74.4076
74.2271
73.9788
75.0916
74.3829
75.1284
75.7135
75.0054
75.052
75.1887
75.7637
75.6893
75.7608
75.0048
73.708
73.8557
74.2515
75.8306
75.184
75.0401
74.524
74.4132
74.7506
75.2923
74.4177
73.7365
73.7553
74.4943
74.0715
74.4929
74.9035
74.4388
74.6761
74.9567
74.8058
75.4706
75.0674
75.857
74.5695
75.4197
73.557
73.4803
74.6052
73.815
73.9453
74.8025
75.7237
75.3339
74.4294
74.238
75.4869
75.5477
74.9246
75.4591
76.0707
75.508
75.3313
75.0482
74.5295
74.3725
74.3229
74.8525
73.0417
73.3785
73.119
72.9157
74.2367
74.4366
76.0003
75.9351
73.9037
74.3371
75.4066
74.4321
74.838
74.5547
74.8934
74.7854
73.152
72.7905
73.7346
74.2739
75.1884
75.6832
76.3409
74.0621
73.2787
73.7504
73.7496
74.8246
74.476
75.2264
73.9152
73.8504
73.3233
73.4263
73.4159
73.7544
73.5204
72.7613
73.1458
72.7902
73.5333
73.7673
73.5546
74.454
74.7603
75.4742
75.7926
76.78
75.9159
77.0569
76.817
75.4025
74.9295
75.1208
75.4017
76.5662
76.1535
76.9047
76.6668
76.1835
75.0497
75.7369
74.9977
74.3702
73.5361
74.6347
74.7551
74.57
74.4765
75.27
75.0708
74.5665
74.6875
74.8052
74.8168
75.7884
75.2913
75.0985
75.6038
76.2247
76.7182
75.9241
76.6591
75.5953
74.7031
75.0535
76.1204
75.4278
74.5144
74.582
75.5583
75.1953
73.391
73.4156
74.4925
76.1088
75.597
75.0817
74.5973
75.8046
73.9765
73.3524
73.5397
74.065
75.9307
76.3057
75.9124
75.359
75.659
74.9438
75.2277
75.6501
76.5969
77.0644
77.8736
76.5963
76.7939
75.3289
74.9051
75.4877
75.4949
74.7726
74.0833
73.9952
74.4659
74.103
73.1449
73.6777
73.0329
73.5102
73.3114
74.6636
74.3515
74.9162
74.51
74.4371
75.7238
75.9182
74.3693
75.1172
75.1798
74.5119
74.9214
75.3983
76.7907
75.7717
75.2113
75.818
75.7029
75.6272
76.5756
75.8715
74.9847
75.633
75.3878
75.6125
74.5018
74.858
76.0497
74.2862
74.5736
75.2195
75.8281
75.7765
74.5051
74.4004
75.2106
74.4121
74.8513
75.0379
75.1234
74.5715
74.3284
74.7076
75.3078
75.0988
75.5856
76.5858
77.0808
76.241
75.6637
76.9312
75.9114
76.3267
75.8997
75.6534
74.5219
74.2328
74.0133
73.9868
74.9381
75.0757
75.1823
75.1215
74.6965
73.7463
74.2026
74.463
74.7326
75.0615
74.5437
74.7238
74.6815
74.1669
74.3892
74.8037
75.5888
76.2988
75.449
75.5175
76.3598
75.9201
75.3637
74.3675
73.0919
74.2536
74.3803
75.0182
74.6137
74.5228
76.0085
75.1737
75.1179
75.6905
74.8972
73.8124
74.3652
75.4285
74.7181
74.3634
74.6317
75.1663
75.8209
76.1792
76.3516
76.6218
75.9759
76.0162
75.9606
75.7553
75.6169
75.3162
75.1369
74.9705
75.7132
76.1484
76.6556
75.8216
75.6932
76.0933
75.3274
75.1688
76.6338
76.6187
76.6565
76.9019
76.6173
77.3946
77.238
76.0626
75.4178
77.6745
76.2935
75.4802
76.109
75.6541
75.6864
74.591
74.7237
74.8313
74.5222
74.6995
75.8001
75.6523
75.4918
75.3466
73.4534
72.8355
73.1458
73.6563
73.2218
74.305
75.0688
76.5581
75.4714
75.1565
74.7118
74.2678
74.5564
74.0935
75.002
74.3836
75.0735
74.5113
75.0937
76.3061
76.1983
77.1287
76.3621
77.2009
76.3005
75.8962
77.5636
76.2255
76.5481
78.0048
78.7965
77.7021
76.1682
77.2687
75.4465
74.7248
74.7409
75.4601
75.4516
74.008
73.803
73.6394
72.9302
72.9672
73.5243
74.0302
74.5491
74.5773
73.9439
73.7494
74.3853
73.9881
72.9972
73.991
74.8401
76.7097
75.5743
76.9381
75.6207
75.0129
75.0771
75.3902
75.6617
75.4747
74.5912
74.3199
74.2294
74.9549
75.2154
75.5764
74.6466
74.4823
73.78
74.9566
74.9117
76.0915
76.4843
77.3922
76.2999
76.6409
77.376
78.0967
77.5493
77.1125
77.2545
76.1449
78.3188
77.6914
76.0181
76.9589
76.3617
76.2682
76.8517
76.7463
75.6524
75.3853
75.2541
75.7472
76.1587
75.3636
75.4644
75.567
75.1551
75.8291
75.2862
75.4285
75.106
74.383
75.0074
75.8199
76.2328
75.7514
75.3522
76.2885
74.47
74.6408
74.4954
73.9918
74.9283
74.5975
75.059
74.7981
73.8678
73.4907
74.3977
75.4161
74.6086
75.8226
75.1751
74.7864
73.0612
73.1669
72.6484
72.8889
73.2206
74.9268
75.0824
74.9457
74.6557
75.0815
74.0033
73.8531
73.2923
73.3426
72.811
74.1011
74.5446
74.88
74.4839
74.0816
75.3726
74.7313
74.3309
74.2686
73.3535
74.0105
73.7835
74.2432
74.401
74.2673
73.7175
74.5583
74.5524
75.085
74.6568
74.9295
74.9178
74.8497
74.4118
74.0666
74.1558
74.0764
74.4449
73.6857
73.5367
73.5836
74.1754
75.0198
74.4681
73.7553
73.4129
72.5212
72.3279
73.8228
73.8968
74.4212
74.1976
74.022
73.6457
73.7808
73.8244
73.8557
75.003
76.1218
76.713
75.8971
76.9361
76.3275
76.0631
75.5361
74.8461
74.7142
74.8677
76.339
75.8054
75.1239
75.833
75.3102
75.8924
75.9005
74.5781
75.6553
75.0345
75.4905
75.2991
74.4122
76.034
75.4432
75.2253
75.5202
74.4673
76.1655
74.9958
75.1455
74.6907
72.8822
73.5473
74.0004
73.917
74.0966
75.5557
75.4397
76.2117
76.8807
75.7823
76.4912
75.6061
74.3227
74.6748
74.2632
75.786
75.528
74.1614
73.4021
73.9942
75.1166
75.1243
74.111
74.542
74.792
75.3185
75.5353
74.6479
75.2077
76.8794
77.4172
74.8742
75.9839
76.5367
75.5788
74.3888
74.3824
73.9635
75.111
74.2192
74.4924
74.265
74.1736
73.6871
73.8637
74.1026
75.0488
74.0483
73.2082
73.9645
74.2473
74.2866
75.463
76.3975
76.8164
76.1868
76.4277
76.7337
75.6848
75.0913
75.7404
76.9428
75.7233
76.0762
76.1935
75.8959
75.4805
75.6465
75.5842
74.2316
73.8282
73.8704
74.3893
74.6809
75.8639
74.7965
74.8001
73.7843
74.5792
73.7364
74.4744
75.1514
75.1813
75.4342
76.8185
76.6574
76.0144
74.7563
74.6288
73.6884
73.319
74.2022
74.6737
74.0299
74.0944
73.749
73.9307
74.0921
74.0902
73.6141
73.6037
74.4889
73.7854
73.9627
74.1267
74.8378
74.7898
74.5394
75.6533
76.6689
75.4094
76.2856
76.2638
76.2813
76.9634
76.6822
77.1415
76.4521
75.1176
74.3715
73.8548
73.6245
74.5424
75.2925
73.5707
73.3179
72.4947
72.401
73.5778
73.953
73.6503
73.305
73.2406
72.8847
73.5791
73.366
74.0815
74.6453
74.4261
74.8873
74.6355
73.9038
73.2705
73.3321
74.6849
74.5973
72.6805
73.0592
73.9806
76.1148
76.1118
77.1019
76.2765
75.1917
75.327
75.2955
76.0533
75.6366
73.8862
73.7106
73.5529
74.9911
73.8575
74.5603
74.1033
74.6405
75.8619
75.2818
73.9075
73.8083
74.2868
75.5828
75.7757
74.6874
74.4987
74.5106
73.3564
73.3117
73.5166
74.2991
74.1919
73.2441
72.8826
73.1969
74.0991
74.4237
75.2066
75.8485
75.0397
76.9252
77.7985
76.1318
74.5458
74.936
75.8293
76.3037
76.671
75.4252
75.3762
75.4764
75.018
75.5109
74.6077
75.4659
75.6656
74.4387
73.4904
73.5254
74.6781
74.2507
74.3098
75.074
74.5366
74.652
74.3013
73.8622
73.8942
73.6407
74.9746
75.1431
74.3086
74.5022
74.578
76.0251
75.5308
74.7873
75.5476
74.7573
75.3484
74.9658
75.4777
75.6361
75.7307
76.7612
76.5599
75.4454
76.7074
76.0819
75.9676
75.9461
75.4732
75.5749
76.6316
76.3979
75.9546
75.3998
76.2477
76.6749
77.9563
77.1865
76.3776
76.2132
75.927
75.7902
76.3847
75.7833
74.6838
74.5086
74.0656
75.2689
74.9032
74.7044
75.6162
75.5557
75.3775
75.6412
76.8511
76.6463
77.6232
74.9973
75.6724
76.3609
76.3416
76.5831
75.1378
75.8053
76.3812
75.3974
75.4306
74.4974
74.3047
74.0511
75.0927
74.4057
75.0218
74.4158
75.4292
75.0916
74.746
74.5489
74.9072
75.3436
75.034
74.2123
74.0248
74.3644
74.7548
74.9711
75.178
74.915
75.4172
75.083
76.2128
76.8571
76.0087
75.9429
75.0627
74.7162
74.3712
74.4213
73.3071
73.6042
74.0467
74.3751
74.9875
73.8726
74.9617
76.6829
75.6173
74.8469
74.7725
75.4193
75.5529
76.7113
76.0393
75.7622
75.874
76.2185
75.0189
75.5265
76.4517
75.1042
75.5448
73.8909
73.9753
74.8594
74.9297
75.8006
76.0879
75.431
74.3363
74.7177
74.826
75.1441
74.7871
75.3972
75.7832
76.1006
75.9163
75.4753
74.1332
73.8574
74.1634
74.0539
74.5541
73.4547
73.4815
72.8067
73.3627
74.1837
73.6038
73.9404
73.183
73.588
73.8352
74.6311
74.9992
75.0474
74.7889
73.6027
75.1304
75.0582
76.0674
76.852
75.7675
75.6345
75.2506
75.4894
76.6315
75.1062
75.1494
74.6221
75.8586
76.1051
75.985
76.5649
77.071
76.1397
75.7256
74.503
74.1471
74.3318
75.1885
73.893
74.3399
75.509
75.0442
76.0926
76.1067
75.1672
76.3997
75.4808
74.9072
75.5585
75.3174
75.0117
74.6202
73.4208
74.6201
74.4534
74.572
74.5622
74.6072
74.8354
75.6867
74.7239
75.4246
75.2976
75.3822
74.7842
75.1556
75.0783
76.472
77.6798
76.1807
76.793
75.5376
76.2052
76.4276
75.8956
75.0764
75.9509
75.7936
76.3061
76.5352
77.0718
77.2573
77.0421
76.0615
75.8895
76.2175
76.5403
77.2207
76.9173
78.0656
77.7365
77.1734
75.4191
75.1237
75.1693
74.8706
75.3212
75.1208
75.5219
75.1016
74.903
74.9931
74.7715
75.3289
74.6454
74.3079
75.199
75.1118
74.7199
74.9778
74.911
75.983
77.0861
77.4176
76.3698
76.0674
76.0719
76.0983
78.3548
78.9056
75.744
74.1837
73.42
73.5287
74.0357
73.3616
73.9243
74.0855
73.1032
73.5816
73.8392
73.5675
72.8396
72.3091
72.9053
73.9336
75.2678
76.0908
75.3276
75.4934
75.8505
76.0021
74.9627
75.0095
76.0386
75.5103
75.2717
77.304
76.0603
74.6817
74.4475
75.6926
75.8978
75.7129
75.9954
77.3166
75.8575
76.3441
74.3809
74.6466
73.7663
73.8248
73.9221
74.8911
74.15
74.3898
74.2787
74.6896
75.3209
75.207
76.0449
75.6541
75.6345
75.8977
75.9257
76.0003
75.2273
75.6766
75.1662
74.915
74.4129
74.209
74.2411
74.5543
73.5776
73.7235
74.6584
76.022
75.2354
75.0549
74.9954
75.0154
75.4979
74.6544
74.6682
74.8313
75.6439
75.6281
74.9826
74.3613
75.4688
75.1981
74.4687
76.6663
75.954
75.4125
75.1894
74.7182
74.7797
74.6906
76.0882
77.0977
76.9342
76.2684
74.8211
73.7379
74.491
74.4736
74.8985
74.491
75.2839
75.1591
76.6263
76.2086
74.7452
74.4743
73.2443
73.196
74.1619
74.136
73.2274
74.4967
73.8213
73.9138
73.6703
74.1554
75.0182
75.6528
76.0718
76.0962
74.8984
74.0636
73.4797
74.6745
74.4435
75.3643
75.1379
74.9845
75.1157
73.6274
73.8062
75.5419
74.8971
75.3329
76.0322
75.7081
74.9794
75.6813
75.3617
76.7913
76.6936
76.5762
77.2444
75.3494
73.4725
73.4013
73.8284
73.1595
74.0309
74.6173
74.8444
74.6612
74.4096
74.5525
74.8563
74.1542
73.8017
74.1087
73.5194
73.8911
74.6201
76.371
76.3804
75.8236
76.2053
76.2854
75.0183
74.1821
74.1583
75.5184
75.0926
74.6375
75.2591
75.8712
74.9032
73.0541
73.21
73.1584
73.3527
73.8188
73.3111
72.8293
72.7518
73.2691
73.9763
74.3123
74.4992
74.1043
73.94
73.3974
74.6278
73.8027
74.3737
74.5358
74.7858
74.0573
73.8547
74.523
74.5921
74.9397
74.0587
74.8588
74.6442
74.5643
74.3993
73.3204
74.3681
74.7197
74.1011
74.8942
74.9684
75.2862
75.5489
75.1773
75.4649
74.705
74.4974
74.2151
74.179
73.8078
75.0365
73.7181
73.4844
74.9108
75.4047
76.825
75.3156
74.7031
74.0854
73.8776
74.9746
74.8016
76.0043
75.8587
74.8459
75.5813
75.6046
76.3271
77.1509
76.0866
74.2727
73.6622
73.1741
73.7105
74.2256
74.2049
75.7398
73.2997
73.7882
73.5831
73.6215
74.3321
74.9379
75.6393
76.2201
77.0516
76.6558
77.1219
76.3522
75.0711
74.0009
74.3579
74.318
74.5017
74.5358
74.6265
74.4738
74.1265
73.456
73.8607
73.7834
73.7011
74.268
73.8018
73.3718
74.0715
74.09
73.0659
74.0661
74.9276
75.5225
75.2405
75.5112
75.9834
75.8889
75.8984
75.9734
75.7361
75.8664
75.2537
75.6728
76.5004
75.4028
75.2944
75.7173
75.4729
74.9293
75.6792
75.7301
75.5819
75.1747
75.2701
75.2322
75.296
74.5224
74.0058
73.6436
74.5336
73.4715
74.5962
73.6832
73.9977
74.6919
76.8705
75.4443
74.5926
75.6665
76.3221
76.5091
76.4034
76.8503
76.5737
75.4891
74.8079
75.3392
75.6379
76.3259
75.2869
74.7734
74.5707
75.2786
74.7422
75.2509
75.6176
75.0838
75.8213
75.8747
74.8157
75.8594
73.6925
73.703
73.9023
74.6086
73.8893
74.1675
75.1026
75.8335
75.0964
75.124
74.3108
73.433
74.7229
74.3046
73.8922
73.7845
74.0514
74.3369
74.1745
75.3184
74.7624
75.536
74.6871
75.0786
75.3032
76.1395
76.8355
76.2446
75.8455
75.6087
76.1337
75.5611
75.4897
74.5033
74.7454
75.6192
75.8582
75.7355
75.7252
75.1085
75.1276
74.0023
75.0438
74.5716
74.4877
74.5681
73.8704
73.1342
73.3772
73.6896
74.6532
75.9081
76.3908
76.9453
74.4032
75.1331
76.4817
75.1994
75.044
75.1983
75.8205
76.5404
77.2496
75.6422
75.7267
77.2113
76.8474
77.2667
76.2493
75.4496
74.502
75.3142
76.7727
77.2123
77.3783
75.6667
77.0224
77.0847
76.1216
75.1456
75.2787
75.363
74.7001
74.6903
76.0792
74.2115
74.0789
75.5604
75.5703
76.3561
74.6735
74.9702
74.8161
74.546
76.0152
75.327
74.5927
73.7607
73.749
73.6002
74.7295
74.1302
74.5319
75.0106
73.7877
75.3839
74.9062
75.0085
74.0541
73.6482
74.7249
75.1777
74.434
75.2229
76.8839
75.8662
76.7916
74.2272
73.854
74.637
74.4745
73.9883
73.6635
73.0438
74.3662
74.5288
74.6879
74.961
74.4816
73.7382
73.3992
72.9741
73.7088
74.8509
74.4811
75.1121
75.0469
74.8236
76.4619
76.8061
77.7487
77.6965
76.4034
75.6679
75.2008
74.2541
73.409
74.2381
73.8212
74.3996
75.088
76.6331
77.3311
76.0824
75.7796
74.9165
74.9361
75.3321
74.8911
74.9874
75.6261
75.205
75.0004
75.1313
75.5275
74.3031
75.4883
75.1357
74.6995
73.8611
74.5875
74.9399
74.5357
75.1283
77.1536
76.0765
76.2063
74.5058
75.1305
74.8643
75.1801
75.9021
76.4663
77.472
76.818
76.8755
76.9584
76.8491
75.9687
75.7727
75.5189
75.411
75.7344
75.6857
75.6573
74.5808
74.4722
74.4554
75.2738
75.0488
75.0789
76.855
76.0764
76.8199
77.1696
75.7847
76.3917
75.7125
75.3494
75.0069
75.1226
75.4275
74.8446
75.3974
74.6418
75.4778
75.3868
75.2018
75.4687
75.3218
74.9567
74.2614
74.5061
75.3541
74.159
74.6386
75.8898
75.1142
74.5338
75.154
74.5953
73.7355
74.1183
74.7967
73.7184
74.277
74.2999
74.1788
74.2752
75.4005
74.5433
74.4852
75.2153
74.5507
74.228
74.8532
74.1709
74.5737
75.5806
75.0002
74.6181
74.9323
73.5284
75.6938
75.4501
74.4972
74.4454
73.1408
73.8152
73.9975
74.122
74.6127
74.6063
75.1087
75.1566
74.941
75.8379
76.2057
75.9423
75.3533
75.4124
74.0571
74.9742
74.3333
74.9962
74.9273
73.2117
73.5047
75.1037
73.7828
74.748
75.6414
75.3471
74.8863
75.1497
74.2882
73.7458
73.5931
74.5965
74.3678
75.0732
74.5324
74.9276
75.0402
75.0537
75.2842
75.2098
75.0748
75.3684
75.1611
74.5249
75.5894
75.9984
74.646
74.5429
74.6658
74.5214
75.4553
75.507
74.5385
74.4296
73.7782
73.4286
74.069
73.4544
73.4575
73.4864
74.181
73.475
73.5183
74.2492
74.005
75.1219
74.0445
74.1469
73.9915
75.2782
74.297
74.9343
74.9759
74.9429
75.2852
74.5967
74.3416
76.1264
76.1286
75.5225
75.4127
74.9686
75.2084
74.3453
74.2319
75.9432
75.636
75.6678
74.1604
73.5485
74.7418
74.9245
75.2199
74.3801
74.6803
74.4484
74.1676
74.5423
73.6762
74.6161
75.4699
75.1614
75.4527
74.9279
75.2183
75.4192
74.9598
74.5366
74.5703
74.0925
75.6183
75.3466
75.4819
75.6073
75.3917
76.3267
75.7939
75.1414
75.6143
74.6496
75.0063
75.6443
75.6537
75.3229
75.192
75.5528
76.0772
75.145
75.0234
74.7798
75.1017
75.779
75.5418
76.0327
76.2711
76.273
75.8496
74.9688
75.1385
74.9222
76.0886
76.4788
76.4788
76.5672
75.5626
74.9325
75.4223
75.3408
75.2941
73.7793
73.1292
74.1759
75.5202
76.358
75.245
74.3125
75.0567
75.0948
75.0888
76.8002
76.4774
76.4532
75.8024
74.7534
74.6557
75.2813
74.5492
75.5133
75.6454
75.5969
76.1982
74.9046
75.6206
76.2452
75.5288
75.87
76.1428
77.7764
76.109
77.2601
75.9734
76.0511
77.753
75.9677
76.8027
75.5022
75.3239
75.5237
75.0554
74.3833
75.1399
73.7672
73.1535
72.4709
72.7967
74.5988
73.4494
73.3266
74.6278
76.1251
75.5106
75.7363
76.1101
75.2896
75.0512
75.5989
75.6553
75.2805
76.7359
77.3993
77.0773
77.3156
77.3045
75.6657
75.0842
75.9277
75.8725
75.2511
75.2664
75.3695
76.5311
77.0661
77.1554
75.7954
74.9429
75.2736
75.7017
75.6085
74.3828
74.6324
75.2136
74.2696
74.6223
75.0881
74.5861
75.1394
74.446
74.2795
73.2777
73.697
74.7991
74.6469
74.3943
73.9761
73.9581
74.1046
74.0663
74.784
74.5023
72.9597
72.4033
72.4862
72.219
72.9199
73.1184
74.7187
74.941
75.8925
75.2359
75.2305
74.9706
75.8821
76.0542
74.5711
75.3896
74.3295
74.3775
75.5633
75.2827
74.9836
74.8417
73.9903
74.0493
74.3488
75.4225
76.3729
76.6177
75.9992
76.4721
75.7106
75.1534
75.2268
74.8921
73.827
73.8451
75.0538
74.0569
74.2899
74.0409
74.329
74.3915
74.3697
74.4765
73.2953
74.0103
73.7998
75.2723
75.5104
75.848
75.1886
76.3745
75.5419
74.7079
74.3968
74.8271
74.5802
74.5477
74.2414
73.6777
74.8505
75.3514
75.6192
75.2048
75.7746
75.2321
75.5015
76.1146
74.934
74.0245
73.8908
73.6951
73.7537
73.9481
74.6878
75.3978
76.1595
76.0856
74.7965
74.3068
74.6312
74.6337
75.3896
74.1338
74.1286
73.9912
74.8019
75.3572
75.4108
75.0926
75.5136
75.7002
75.4276
74.9813
75.6518
73.8602
73.0396
73.8029
73.8139
73.7343
73.8286
75.1802
74.6434
76.3917
75.7268
75.4394
74.5956
75.5116
75.1878
74.4833
74.4346
74.0634
74.9986
75.0913
74.7046
75.0678
74.776
76.3138
76.2004
75.2026
73.321
74.9303
76.1247
76.2995
76.5641
76.129
73.4511
74.2452
75.206
73.6203
72.9142
73.2053
74.0936
73.6397
73.0335
74.1271
74.4028
74.1259
73.5836
74.1502
74.001
73.8695
74.3875
74.6397
76.6158
76.6017
76.634
75.0447
75.7298
75.4754
75.3431
75.9351
77.0334
76.7574
76.1323
75.93
76.1009
76.2014
76.3025
74.4396
75.5919
74.902
75.8578
75.6368
75.1318
74.7446
74.4899
74.8509
74.7339
75.8313
76.1541
76.3199
76.6314
75.6115
74.8203
75.7381
75.099
74.1999
74.5624
75.6072
75.3429
74.9751
75.6299
75.2662
75.0794
75.8753
76.8004
77.0546
76.2563
76.4358
75.4669
74.5669
74.6432
74.9005
74.7223
74.3904
75.0962
74.871
75.1561
75.404
76.0941
74.4299
73.9404
73.7409
73.0435
72.9294
73.8129
74.7472
74.464
75.7424
75.3894
74.3024
73.9509
73.5511
73.1325
73.8844
73.815
74.2624
73.625
74.4092
74.386
74.0558
75.8032
75.2343
74.8731
74.6008
75.396
74.5973
74.5705
75.5784
76.7021
76.8139
76.046
75.8162
75.2838
74.7674
76.0489
76.8533
75.5935
75.6544
75.2508
74.7194
75.345
74.7772
75.8036
76.6602
75.8357
75.6345
74.5774
75.1492
74.1127
74.6786
74.591
73.3602
74.0087
73.2023
73.9051
74.2134
74.8986
74.5987
74.2149
73.8686
73.8596
75.2777
75.3726
75.8177
76.1918
75.6985
76.6943
76.5199
75.6655
75.3567
73.9166
74.5319
75.0149
75.793
75.6349
75.4296
74.5318
74.6427
74.0821
75.8587
75.1739
75.9522
74.7807
74.1815
73.122
72.5925
73.3154
74.1014
74.481
74.281
74.2826
74.3563
74.443
74.6782
75.5211
76.2907
75.2662
75.2798
75.2421
75.3988
75.1527
75.3646
75.4712
74.9508
74.995
75.3244
74.2208
73.7615
73.6021
73.9229
74.5008
74.3533
75.1909
75.7919
75.7335
75.1223
75.8692
74.2452
75.57
74.403
73.9385
74.0923
73.7921
73.5028
75.3395
76.2418
76.8749
75.1135
75.7489
77.6392
76.1937
77.0731
76.0199
74.9694
75.6302
75.1137
75.358
75.8415
75.4599
73.846
73.7816
73.464
73.9227
75.1194
74.7144
75.2423
75.2856
76.1067
75.5238
76.6698
76.4303
76.7537
76.0998
75.4424
74.1575
74.2843
73.7633
73.3383
74.0948
73.4369
73.5707
74.3069
74.6696
73.6479
73.8712
75.0646
75.0773
75.1578
73.5191
74.0847
74.0282
74.4813
76.2875
76.8904
77.1168
75.6786
76.2907
76.2194
76.4811
76.7181
75.6921
76.5167
75.2064
75.7205
74.4524
74.9058
74.9801
72.9294
73.4967
73.8976
74.0869
74.5412
75.3178
75.6664
74.0393
74.1016
74.4571
73.955
75.8323
75.2624
76.6507
75.8897
75.5275
75.0071
75.6176
75.7449
76.9217
74.6645
74.2849
74.4978
75.5579
74.8658
74.541
75.4502
75.1047
73.9766
73.4402
74.2916
74.8011
74.1867
74.6428
76.1271
76.48
75.5371
75.6394
75.0642
74.5971
73.7838
73.3947
73.7252
73.5931
74.5913
74.7865
74.3556
73.1539
73.3203
73.6043
73.5791
74.6316
75.2996
74.4156
75.8757
76.0871
74.8179
75.4447
75.3308
75.5854
75.8214
75.1253
74.573
74.9192
73.6266
74.6112
75.1252
75.0272
74.1626
74.4728
73.2985
73.5084
74.2166
73.2712
72.7848
73.4995
73.9849
74.5262
73.2276
73.1086
72.0638
72.5683
72.5075
73.1295
75.0791
74.163
75.0671
74.9397
74.706
74.3473
74.6647
74.5452
73.7736
73.4917
74.3313
74.1683
73.5525
74.8558
76.0356
75.7172
74.1831
75.3488
74.525
74.1353
73.3552
73.5108
73.5187
74.8975
75.9151
76.6216
76.5482
76.5708
77.3537
76.3387
76.3859
77.25
76.2547
75.3196
74.8737
75.1163
74.5695
74.8681
75.4688
74.3152
74.1256
74.103
74.6762
75.0277
74.4319
74.0366
74.073
74.514
74.1506
74.1255
73.542
72.9815
72.8143
74.8028
74.569
74.2594
74.0239
74.28
73.6719
74.177
73.4737
73.524
74.0443
73.9559
73.2466
73.7733
74.6471
75.5787
75.7339
75.3408
74.4774
75.791
76.1043
76.0039
75.6054
76.1676
76.6432
75.8925
76.1749
74.5664
74.8294
73.3814
73.7329
73.5322
73.4564
74.3874
75.0812
74.2861
73.4703
74.8083
74.6703
73.0464
73.785
74.7008
75.3721
74.8848
75.6516
75.675
74.7516
74.1103
73.4765
74.1075
73.5136
72.9048
74.2372
73.992
74.2979
73.0581
73.7666
74.7097
75.2133
75.0074
76.1563
74.727
74.6989
74.5499
74.0439
75.8074
76.4834
75.4219
74.5777
74.9696
75.1849
75.4573
74.3145
73.3256
73.0755
73.1816
73.0482
72.8805
73.9412
74.5057
74.5059
74.312
73.926
75.0422
75.5309
76.1154
75.6396
74.852
74.8
73.8368
72.5915
74.3614
74.4623
74.2477
74.247
73.8102
73.6136
73.1571
73.357
74.3609
75.0575
75.9806
76.7585
76.5155
77.305
76.8637
75.9663
75.357
75.9145
75.6848
75.6655
75.0116
75.1108
75.489
74.1149
75.2948
75.6579
74.9679
74.6648
74.571
74.7535
74.2575
74.8015
76.004
74.9272
74.7758
75.0818
75.0386
74.3122
74.6155
73.9992
76.1597
76.5353
76.6596
76.7255
75.541
75.4419
75.7358
75.3448
76.2811
74.7466
74.6547
75.0667
74.4248
73.634
73.5502
74.0092
75.711
74.992
75.2923
74.3091
74.7386
73.8745
73.981
73.5406
73.2459
73.9678
73.5271
73.6484
74.5964
74.9359
75.5804
75.8331
75.7938
75.5439
75.461
75.3145
74.0915
74.6179
75.166
74.5892
75.2492
74.8535
75.9848
76.0972
74.1624
74.2406
75.1276
74.1476
74.2134
73.3703
73.0103
74.1144
74.562
73.8454
74.9949
75.5777
75.4614
76.7726
75.9762
76.0223
76.6181
76.8393
76.1308
75.6871
75.0511
74.7881
76.2718
75.3303
74.4318
73.8699
73.681
73.7846
74.0042
74.2664
74.1553
74.5054
73.7136
74.1827
75.3002
75.4072
74.2546
74.773
73.4247
74.2882
74.9321
75.8463
75.8014
74.7304
74.8804
74.2664
73.7047
74.7397
74.3958
73.2436
73.3406
73.7474
75.2152
75.6984
74.8997
75.9287
75.3845
75.5402
75.6276
75.5071
75.2839
75.7463
74.7105
74.8815
74.7111
74.5092
74.9584
74.697
75.8512
75.4061
75.0828
75.8569
75.1014
75.6995
75.2722
74.8018
75.575
74.5233
75.0411
74.553
75.6345
75.5646
75.5586
75.3169
75.1602
74.35
73.2805
73.8096
73.1161
73.4355
73.5693
74.4669
75.3168
74.4488
74.0613
73.5131
73.0974
74.1114
73.9374
74.7714
73.7243
73.4725
73.5591
73.8525
74.4043
74.681
73.6227
73.8879
74.716
74.8699
74.9782
75.4669
74.2277
74.0365
73.7277
74.3996
73.557
73.5614
74.7479
74.8888
74.2199
73.8736
73.1707
73.7834
73.6377
73.5545
74.632
74.0411
74.3084
73.915
73.5028
71.707
73.0158
73.4174
74.5046
75.2048
74.6121
75.0786
74.6065
73.9401
74.2257
75.7076
75.2285
74.7603
75.205
74.4754
75.346
75.3528
73.9944
73.8916
73.8003
74.4814
74.5765
72.9236
73.6675
74.1707
72.9228
74.0239
73.8336
73.7281
74.0347
73.2484
73.86
74.3318
74.1098
74.2977
73.6081
74.7555
74.8534
75.3698
74.3556
73.8204
74.4305
74.5128
75.0258
75.6036
75.7338
74.1776
74.9327
74.1323
74.0566
74.3578
73.9439
73.4278
74.0624
73.9899
74.0323
74.7022
74.2306
74.7044
73.5985
73.4575
73.5738
74.5128
73.8313
74.8412
75.0208
73.5067
74.5832
74.5698
74.8732
73.082
73.0135
72.3467
73.7445
74.3187
74.5383
74.5277
74.3479
73.8339
74.0999
75.4228
74.1312
74.7225
76.3658
75.5836
74.6013
74.9411
74.698
75.2125
75.4093
75.0939
76.3793
75.8995
75.7081
74.2203
74.2393
74.1215
73.4332
74.065
73.6196
73.6669
75.1329
73.9098
74.0798
76.4112
75.3612
76.535
75.7577
74.7007
73.3119
74.2741
74.58
74.5344
74.2381
74.2274
74.1956
72.9356
73.4116
74.043
73.3785
74.8918
74.6218
74.1324
74.2109
74.699
74.5295
75.2498
75.6524
75.323
73.8696
73.3617
74.6292
75.4465
76.5717
76.2863
75.2925
75.4842
76.5133
76.3391
76.4274
76.0482
75.7805
76.2636
75.9612
75.7843
76.2686
75.1209
73.4038
73.4707
73.1068
73.0293
73.6311
73.5355
73.6542
73.4203
74.5071
75.7088
75.246
74.7546
72.9292
72.7662
73.9842
73.6578
74.8917
75.1387
73.4977
73.9697
73.6939
73.7281
74.0256
74.152
73.733
75.1597
74.1211
74.1867
74.4129
75.2208
75.5686
76.228
75.5283
75.0508
74.7056
74.9502
75.0597
73.8564
75.8287
75.5316
76.4698
75.206
74.5613
73.993
74.7055
74.223
72.9975
74.3304
74.365
75.1923
75.2027
74.9532
74.222
73.7607
74.3344
74.5397
75.2262
74.3393
74.6726
73.9038
74.7517
73.4855
74.377
73.7649
74.2809
74.7498
74.2169
73.8625
74.12
75.2394
74.5211
75.1152
75.7823
76.442
76.9159
75.9802
75.1911
74.3435
73.4373
73.6138
74.7843
74.5525
74.092
74.6743
74.9944
74.8481
74.7593
74.5216
75.1587
74.8656
74.4009
75.5122
74.2777
74.5427
73.462
73.9312
74.7024
73.9586
73.3513
73.1745
72.9289
73.579
73.5533
73.9111
73.7597
74.2131
74.2273
74.7256
76.239
74.8475
75.298
74.3435
74.9616
76.1258
76.1129
75.4533
74.3795
75.1704
73.6921
73.4935
73.5099
73.732
73.7336
73.9512
73.7875
73.7377
75.1231
74.143
74.3197
73.7478
73.3433
74.272
74.1254
73.8815
74.0884
73.1987
74.2646
75.2189
74.6512
75.0252
74.8228
75.7048
75.3605
74.9708
74.7428
74.0676
74.127
74.9359
74.6542
74.0206
75.9362
75.6266
75.9054
76.282
75.9647
74.6645
75.2173
75.0671
73.7544
73.4715
72.9969
73.941
74.3502
74.6953
74.414
74.6973
74.2051
73.5641
73.6926
73.6386
73.6212
75.1758
74.7861
75.2057
75.2832
75.0594
75.9792
77.4858
75.8091
75.714
76.0856
74.8735
75.2604
76.6985
76.4591
76.2558
75.6932
73.7059
74.4216
73.8828
74.5947
75.2763
74.236
73.4766
73.426
73.2635
74.069
73.191
73.413
73.7003
73.8636
74.6954
76.0617
75.9022
74.4173
75.0358
75.4288
75.2846
75.2856
75.4531
75.6294
74.7553
74.2827
74.2053
75.3143
75.3121
74.4005
73.3273
73.6196
75.3914
75.8553
76.311
76.1904
75.4534
74.6167
73.5148
74.6274
73.8917
73.7139
74.2625
74.5035
74.8107
75.7329
76.123
77.0341
76.8858
75.7809
74.9347
74.9773
74.9514
75.1546
75.2389
76.0892
75.2859
75.3577
74.6949
74.1366
75.0679
75.3435
73.9246
74.1379
74.6102
74.3117
74.6569
74.4468
74.6525
74.1696
72.7581
73.565
73.4329
74.0576
74.4276
74.9345
75.632
75.3195
76.3023
76.196
76.5089
75.3547
75.8974
76.0147
75.7265
75.4669
75.1745
75.0245
75.1174
74.8618
74.1526
73.7684
74.6065
74.7
74.2179
73.9541
73.742
73.4367
74.3086
74.7885
74.0919
73.9281
73.3558
74.9561
74.979
76.8475
76.3908
76.2473
77.162
76.9762
76.6094
76.2402
75.2759
74.5739
74.0844
74.8601
74.6618
74.913
75.2466
74.8654
73.6173
75.1076
76.1692
76.5461
75.1904
74.921
74.5553
74.354
73.9534
75.2507
76.1377
75.4058
76.25
74.9967
74.1101
73.6375
75.091
74.8332
74.1876
75.0214
74.8056
74.0196
74.3398
74.1784
75.1574
74.373
74.213
73.4761
74.2435
74.6022
75.5542
74.9822
74.3888
75.2881
74.709
75.3394
75.1353
75.2865
75.1234
75.4385
75.1517
75.5054
74.9551
74.4316
74.335
74.9059
74.7971
74.6257
75.7323
74.4431
74.4179
74.4464
73.9796
73.1057
73.8806
74.8757
76.1947
74.3538
75.097
75.0918
75.8708
75.2474
74.7642
74.9058
74.7726
74.2547
74.9519
73.9532
75.1323
74.4929
74.4444
74.9964
75.0626
75.3877
73.76
74.7708
75.6974
74.9161
73.6908
73.6332
73.2962
73.534
73.8074
74.7816
74.3823
73.3875
73.2555
72.972
73.0722
73.6005
74.2607
74.4581
75.3287
73.9962
74.4199
75.3185
76.3987
75.3367
75.2808
75.5988
76.0848
75.198
75.7751
74.3687
74.4509
73.7933
74.5839
74.404
74.803
75.5112
75.8552
75.4762
74.7622
75.2067
75.7918
75.2128
75.1276
75.7744
74.5091
74.0911
73.9914
73.7486
73.0309
73.9696
74.6365
76.0189
76.4083
75.7133
75.9079
75.7501
74.9133
75.723
75.0028
75.0727
76.2552
76.0024
76.0341
76.7036
76.2675
76.5551
75.6687
77.0632
76.7766
77.2822
77.5083
77.167
76.366
76.3409
75.9756
75.7952
74.9041
75.7034
75.7506
75.0057
73.702
73.5119
73.6137
74.5866
75.2558
76.0101
73.6383
74.4535
73.801
73.7597
73.4187
74.1972
75.6901
75.2507
75.5312
74.6831
74.8253
76.201
74.9683
75.6824
75.8802
76.187
75.9884
75.7604
74.2253
73.9759
73.9513
73.9272
75.0301
75.0388
75.8861
75.6468
74.9182
74.8362
74.0951
75.476
75.8596
75.3477
76.5654
75.0948
74.8813
74.2843
74.2271
73.757
74.329
73.9826
74.9971
74.7751
76.2142
76.6424
75.5537
74.9717
75.0002
74.6949
75.4228
75.5438
75.9909
76.3258
75.9833
76.1668
75.8886
74.8674
74.1682
74.148
74.1656
74.9888
73.7317
74.0592
73.4111
74.0869
74.5434
74.8689
75.2266
75.6076
75.6229
77.1644
79.1958
77.0053
76.6612
77.2404
76.2568
75.0139
74.8553
73.9214
72.4163
72.3289
74.0726
73.5158
73.8331
74.3341
75.0241
73.9066
73.9566
73.6758
74.4277
76.1627
75.3455
75.0111
75.8354
75.6817
75.9072
74.8512
74.1936
74.8319
75.2443
75.2698
74.8364
75.034
74.3686
75.3791
75.1289
74.439
73.1399
73.4023
73.4376
73.2385
74.0139
74.7065
75.6184
74.7511
74.0621
75.0191
75.0277
74.1884
73.4597
73.1602
72.8368
73.6861
73.902
73.3289
73.8378
72.5576
73.0324
73.3861
74.0653
74.1742
75.6796
76.5266
76.0027
76.7294
74.6379
75.4848
75.1157
75.039
75.8454
75.1178
74.5162
74.12
74.7484
75.0918
73.4213
73.6754
74.2642
73.8555
74.5532
74.9051
73.666
73.4898
74.0966
73.7789
75.336
76.0039
75.2526
74.8023
75.1941
74.6387
75.2859
75.2359
76.1789
75.8163
74.8806
74.6541
74.751
74.403
73.9413
74.5285
74.5942
74.9506
74.6558
74.4455
74.998
74.5229
73.6042
74.1308
74.5688
74.4892
75.0722
74.3165
73.7477
74.5379
74.8822
74.4621
73.1129
73.8574
74.3945
73.9048
73.6089
73.3053
73.9694
75.6937
74.4327
72.9399
74.913
75.0617
75.1776
76.1006
76.1938
75.9712
75.3739
75.0628
75.2428
75.2387
74.6046
74.0098
75.0625
73.1658
73.6071
73.4124
73.7672
75.7728
75.997
74.9512
75.0924
75.2852
75.2209
76.2103
75.5787
74.7924
75.2972
74.7996
74.6296
73.3204
74.4619
73.8595
73.8128
74.8076
73.589
74.5558
75.8838
76.059
75.2129
74.99
74.6663
74.5518
73.6072
74.4193
74.8713
74.6314
75.7879
74.7917
75.0699
75.6665
76.3659
74.9218
75.1375
73.5598
73.123
74.1507
74.6349
74.7414
75.5576
75.6629
74.9874
75.4747
73.8465
74.6604
73.9345
74.1127
74.2543
73.0247
74.0941
73.839
74.5076
73.8748
74.2084
74.7645
73.9274
73.3908
73.6352
73.8495
73.598
74.6494
74.8298
74.2517
74.307
73.8691
74.4503
74.7748
74.7079
74.2143
72.9616
73.5936
73.7685
73.0766
72.9287
74.0665
75.3059
74.2598
74.0036
73.3553
74.3537
72.3135
72.2978
72.539
73.3086
72.9138
72.0868
72.6074
72.7706
73.7063
75.0674
75.3286
74.657
74.9501
73.9846
73.9764
74.4367
74.3273
74.3766
75.2547
73.6616
73.8171
73.6289
73.854
74.3256
74.9627
75.4073
75.1941
75.3684
74.1617
73.628
73.7087
73.9465
73.9514
73.9057
73.8995
74.3237
75.9245
76.1016
74.7633
75.5323
74.8917
75.2904
74.448
74.4286
74.9019
74.8976
74.9713
74.9846
73.7473
73.6314
74.022
74.1636
74.9051
74.2928
74.7433
75.1063
74.3853
74.0164
74.5964
74.9052
74.5197
73.3838
74.687
75.3252
76.2685
76.6799
76.0551
74.5097
74.2816
75.3588
74.756
73.7746
74.03
74.5304
73.8255
73.8844
75.9513
76.5238
75.4123
74.0678
73.1587
73.8785
75.3801
75.4004
75.8048
75.8684
75.7221
76.8104
76.4607
75.2878
76.832
76.2513
74.9268
73.4506
73.5613
74.8422
74.8623
75.2276
75.2666
74.3718
73.7342
73.2866
74.7232
75.3483
75.5356
75.0299
73.9283
73.9035
74.2178
75.7469
74.6882
74.7843
74.1418
75.0436
74.9416
74.2748
74.3731
74.186
74.1593
72.8829
73.8742
74.3873
73.4717
73.4801
73.3342
74.1678
74.7142
75.088
75.5228
75.7598
74.7279
74.4356
74.898
75.2459
74.4865
75.3389
74.1029
74.8851
75.1339
75.1472
75.5126
74.4673
74.9628
75.1982
75.0197
74.6882
74.9976
74.4194
75.388
75.6454
75.5606
75.4322
75.3542
73.9936
74.5454
74.431
74.7066
74.2427
75.1823
75.5443
74.4012
74.205
74.6584
74.4652
74.1172
73.5484
73.6154
74.1128
73.6265
72.3798
73.3791
73.4743
74.1896
74.9074
76.1505
77.1138
76.0842
74.7504
74.7888
74.8275
75.3409
74.5915
74.192
75.7132
77.0988
75.1454
74.7929
74.6941
73.7435
73.0132
73.4402
74.25
74.4211
75.12
76.3114
75.9373
76.4376
76.2483
74.9901
75.4228
74.0851
73.2203
74.2687
74.3576
75.1946
74.5169
75.017
73.5711
73.7118
74.4293
73.7951
73.9398
74.4523
76.0518
75.7908
76.3736
75.277
74.5604
73.4794
73.6869
74.3188
74.1451
73.6064
72.88
73.8705
73.4708
73.6637
74.1121
73.2861
73.5387
76.1271
75.7338
75.1188
74.6204
74.9502
74.2689
75.5199
76.053
75.6836
74.6603
75.627
75.7953
74.5461
74.1176
75.0713
75.1158
74.8084
74.4268
74.8476
74.6625
73.6053
73.4082
74.1839
73.6533
74.2545
74.0617
75.2894
75.4625
74.4454
75.0509
74.1439
75.159
75.7655
75.5212
76.4562
76.3869
75.4038
75.5391
74.8887
75.7498
75.5782
76.0808
77.0054
76.0815
75.056
74.2179
74.7164
75.542
75.8871
74.976
75.9741
74.0349
75.1385
75.2876
73.989
75.0992
75.453
75.2576
76.2502
75.0769
75.4977
75.465
75.9316
75.5992
75.6361
75.5321
74.9041
73.9059
74.2226
75.3414
75.8215
76.5508
75.7567
76.3328
76.3253
74.4528
74.4802
73.6576
75.1809
74.8164
74.3433
74.5427
75.4502
75.6436
75.1612
76.436
76.0678
75.6509
75.5773
74.2464
75.6949
74.9264
74.2547
74.4338
73.5298
73.3712
74.0917
73.9966
73.7402
73.3043
72.9674
72.8181
74.5092
73.7794
73.2914
73.4375
73.9127
74.5694
73.334
73.4734
74.3681
74.8879
74.7109
75.3252
75.6492
74.9026
76.499
75.8668
73.9321
73.4823
74.118
74.688
75.5814
78.0229
76.1717
77.5009
76.2357
76.3971
76.3831
76.4378
75.755
75.5595
74.894
74.4073
74.2108
74.1716
73.7754
73.5006
72.9573
72.9421
72.4025
72.9092
72.9752
74.2544
73.6048
74.0551
74.4594
73.9802
73.8889
73.7535
74.4394
74.8815
75.1668
77.2928
76.4198
75.9847
75.9868
73.8148
74.7645
76.3649
76.0609
77.2326
76.5936
75.6219
77.0157
76.7183
76.6242
75.5707
74.8965
74.346
74.4878
74.787
73.736
73.9999
74.8808
74.2194
74.1735
73.6341
74.9206
74.7729
75.4078
74.6375
75.7817
75.0042
75.9773
75.195
74.7861
74.5316
74.7924
74.9354
74.4771
75.3825
76.536
75.8433
75.3644
74.9772
74.5664
75.0584
74.0934
75.4863
76.4262
75.2435
74.3027
74.8032
74.022
73.8137
73.6398
74.7114
73.934
74.2754
73.843
75.7008
74.7334
75.4583
75.216
74.7656
75.0086
75.5659
75.5895
76.6906
75.0075
74.5012
74.4333
73.8641
73.8592
74.639
74.2325
74.2431
74.4632
74.9432
73.8775
73.3226
74.1545
74.787
75.7374
75.5911
75.766
75.5878
75.2625
74.5076
73.4641
73.2088
73.5362
72.8271
73.6218
73.0181
73.493
74.0898
75.288
75.3764
75.3242
74.2125
74.4643
74.3451
73.3201
74.4877
73.5739
73.9089
73.5161
73.3716
73.5519
72.4721
74.3545
74.835
74.7858
75.0155
74.6909
74.7692
73.6159
73.2766
73.7722
74.1246
74.2162
73.7121
73.9767
73.1834
74.0076
73.6012
74.4773
74.0208
74.0485
73.4782
74.4687
74.7508
75.6969
74.2877
74.0065
74.6195
74.6495
74.292
74.8042
75.0043
75.5803
76.7846
76.304
76.4854
76.8964
77.696
77.4531
76.6714
75.8545
75.569
76.0277
74.3082
73.2637
74.3096
74.1127
74.5199
74.2459
75.6045
74.4521
73.7986
75.2488
73.4938
74.0694
73.9985
74.7873
74.7886
74.084
73.9095
74.4761
74.3179
74.5215
75.0533
73.6937
73.3274
75.1377
74.4193
74.7164
75.2709
73.6277
74.7058
74.6164
74.1118
74.3512
73.7603
73.4345
73.9051
75.2348
74.937
74.0257
74.7989
74.3106
72.911
73.1062
71.8017
74.0275
73.6506
74.3472
74.3898
74.2614
74.7311
73.1608
73.6363
74.1703
75.1679
76.6601
75.2639
76.1018
75.1024
74.3948
74.283
73.0346
73.3604
74.2803
74.8686
73.6854
72.3357
72.8062
72.3454
73.8042
73.0009
74.19
73.1321
73.3831
72.3484
73.2064
72.66
72.4171
72.8425
73.5573
73.5076
73.1987
74.2271
73.5852
74.0633
74.1452
74.1041
73.6785
73.6398
74.1003
74.1151
74.4017
74.275
74.8629
74.8356
74.4155
74.7198
74.1276
74.4696
74.0909
73.1299
73.261
73.7376
73.1828
72.6265
72.5374
73.1543
73.6231
74.4491
74.0471
74.4693
74.0322
74.1801
74.635
74.1457
74.9373
73.6081
74.0216
74.1019
73.7393
73.9956
73.8737
74.4581
73.9952
74.6
74.6
75.4313
76.4828
77.0222
77.3345
76.1356
74.8458
75.6751
74.6094
74.3098
75.1714
75.4257
75.8195
73.204
73.4238
72.9531
73.8234
74.7618
75.1041
74.4012
74.8192
74.7595
74.705
74.8153
74.2629
73.9224
73.2337
73.0107
73.1628
74.0244
73.3613
73.1989
73.5474
74.4243
74.428
73.5694
73.8058
73.7462
73.3033
73.8006
73.45
73.3326
73.3653
73.5831
73.995
74.2667
74.8745
73.4299
74.2475
73.8808
74.463
73.7828
73.0334
72.9576
73.4361
72.9611
73.1724
73.5119
73.6767
74.0168
74.9307
75.1882
75.7683
76.2385
74.3666
74.3863
74.6087
74.3417
74.4062
75.324
75.879
73.9351
74.615
74.0907
73.4296
73.2717
73.6978
73.648
75.1404
74.5227
74.2742
74.178
74.4872
74.5729
74.6361
74.5308
74.5017
75.2467
74.3958
74.4961
74.5113
74.5656
74.4171
74.6993
74.2739
73.7049
74.1262
74.454
75.348
74.6143
74.4874
75.2959
74.4785
75.0695
74.111
74.6221
73.7242
74.2004
74.372
74.243
75.626
74.01
73.5017
74.2763
73.2219
72.6686
72.8142
72.3199
72.9436
73.8167
73.9936
73.4126
72.7515
73.5678
73.3897
73.2639
73.2572
74.3573
74.6476
74.8398
75.1134
75.6072
74.5104
74.5288
74.5335
74.8403
74.6074
74.7246
75.18
75.2783
74.6055
75.5535
74.7517
73.9015
75.0823
74.3905
74.662
75.4683
74.3359
74.6863
75.5043
75.2435
74.7605
74.408
74.1776
74.1611
74.5527
74.4947
75.5871
75.0744
75.7617
76.251
76.1263
75.6369
75.5155
75.1458
74.4406
73.8568
73.8804
73.841
74.9093
74.0683
73.8631
73.9482
74.5932
74.7826
74.1654
75.3083
74.2369
75.3986
74.0875
74.3718
75.3043
75.5762
75.1027
74.4744
73.9058
75.4405
76.2291
74.3685
73.8637
73.116
74.5073
75.2231
74.5359
74.9449
74.4059
75.1915
75.0406
74.8747
75.4994
74.2659
75.0508
73.8864
73.4321
74.0984
74.1695
74.1371
73.8107
74.8191
75.1831
74.5911
73.7513
74.7622
74.9622
74.475
75.1383
74.4081
73.9413
73.2996
73.555
74.7932
75.51
75.5553
74.9109
74.1129
73.0786
73.1737
72.989
73.1675
72.618
72.6532
73.8254
73.4603
74.0408
74.0245
74.617
74.3259
74.1768
73.8253
73.9217
74.0108
74.1993
72.9357
72.989
74.4193
74.8131
75.8318
75.0376
74.9308
74.852
73.7286
74.0407
75.0028
75.6302
75.0269
73.7501
75.9706
75.8687
75.1387
74.3721
74.575
74.7917
74.9668
75.555
75.2886
76.0519
74.4757
74.2101
74.7071
73.9174
73.8599
74.5529
74.9434
74.957
75.3634
75.7017
76.699
75.1531
73.9549
74.8922
73.0651
73.9726
73.5419
73.2868
74.0129
74.5328
74.1369
76.477
74.9741
74.9795
76.553
76.8537
75.6371
76.7675
76.342
75.6038
74.4892
75.5435
75.2349
75.2763
75.481
75.7975
75.8599
75.167
75.3783
77.1636
77.007
75.6294
73.502
72.8016
72.3583
73.2835
73.9344
74.2527
74.3026
75.1352
75.4999
74.5129
73.9017
74.027
73.9108
73.2555
74.0905
74.7012
74.6646
74.4463
74.1307
74.8704
75.2326
76.5936
76.5988
74.8378
74.143
74.8086
75.0034
75.1596
75.2581
75.4592
75.731
74.3931
74.253
74.4611
75.018
76.2416
75.8918
75.007
74.8892
75.7529
75.681
75.1203
75.2805
74.5603
74.5293
73.2258
73.6236
73.3052
73.5416
73.5108
73.2987
73.8206
75.1301
75.1148
74.5033
74.8208
76.1331
75.6168
75.4651
76.2717
76.3813
76.1761
76.9349
74.0983
74.0511
74.3672
75.6051
75.558
76.2057
74.9732
75.3092
73.8928
74.0133
73.4822
72.887
73.3787
73.6915
75.3164
75.9948
75.6519
74.7066
74.1189
74.1226
74.789
74.7174
75.3863
75.6178
76.2879
75.3582
75.8125
74.6113
75.1801
75.2364
75.638
74.3534
73.9714
74.3398
74.4204
74.4648
74.5811
75.8507
75.949
75.1554
75.9114
74.8029
75.5353
75.8024
76.0743
75.033
75.3941
75.1692
74.8494
75.481
74.9163
75.1329
74.3219
74.4654
73.4516
74.8991
74.4201
73.914
74.2385
74.6549
74.5757
74.9412
74.7211
74.5939
74.6737
74.5628
75.236
75.5854
74.1718
76.0409
75.1699
74.3541
74.0635
75.529
75.5747
74.8782
74.6626
75.5723
74.3202
74.2192
74.3516
75.8473
76.1894
78.3654
76.9413
76.7415
75.3084
74.1721
74.6526
73.9138
74.5082
74.6811
75.9488
75.9825
75.2243
74.1012
73.321
73.4736
74.1416
74.4708
75.6758
74.046
74.6225
74.7965
73.8537
73.8071
74.5906
75.1531
75.4545
74.8028
74.7812
75.1119
75.3775
74.6013
74.7739
74.022
73.5242
73.5774
74.3023
75.4677
75.5043
74.557
74.4639
73.9349
72.9801
72.973
73.1984
72.8656
74.3021
75.3148
76.2417
75.3361
74.8427
73.669
73.5595
72.9062
73.335
72.8983
73.1099
74.2752
73.7686
74.5365
74.6819
75.9292
75.02
75.1433
75.264
76.1527
75.8742
75.3744
74.5714
74.7546
74.5766
74.2502
74.1755
74.1637
74.5138
74.2725
74.6041
74.6048
73.5103
73.769
74.1884
75.4118
76.195
76.603
75.7683
75.6816
76.3061
74.8122
75.9586
75.3909
74.482
74.8857
74.7416
75.3747
75.8367
74.6987
75.3443
75.5776
74.8719
75.3577
75.4391
75.7007
74.4211
73.4804
72.612
74.2182
73.8516
74.1374
73.8768
75.0432
75.53
75.7959
75.437
75.5482
73.9435
74.2858
74.4348
73.9797
76.4124
75.6622
75.2274
74.0358
73.7225
73.6016
72.9737
74.0009
75.3499
76.309
75.2257
74.4983
75.0653
74.7337
74.381
73.4402
72.6531
73.4686
74.4993
75.14
74.1822
74.6714
73.9122
73.7938
74.4983
74.3103
74.831
75.6975
77.1939
75.7939
75.2287
75.1444
75.3314
76.454
76.8153
77.2196
76.558
76.1677
75.501
75.6589
76.1716
75.9726
76.7123
76.6012
76.4705
76.5121
76.896
75.7392
75.0111
75.2317
74.0973
74.0882
74.7976
74.3147
74.8556
76.0586
74.8658
73.7405
74.7642
74.4454
74.1657
75.0019
75.0353
75.2294
74.932
75.3041
74.572
73.1183
74.4684
73.1797
73.2738
73.3413
72.6935
72.2169
73.0982
74.8028
74.8447
75.731
76.278
75.8393
76.3779
75.9148
74.4275
75.0847
75.5595
76.1236
76.2381
76.4894
75.3601
76.1697
75.3189
75.1523
73.9696
73.4888
74.3108
74.0195
73.4303
73.8603
74.3834
74.8041
75.2188
75.3168
74.8722
74.0177
73.1909
74.4656
74.4351
74.0668
75.6352
76.7714
75.6354
75.7426
76.365
75.5871
74.9792
73.9756
75.5168
73.6352
74.8088
75.4226
74.1798
75.2642
72.771
73.6416
73.8637
73.5782
74.2643
73.8155
74.6293
74.3186
74.2363
74.7682
74.3129
74.7893
74.8958
74.5857
75.5212
74.2925
72.9668
72.4472
72.9122
74.4869
74.3513
73.8426
73.2684
72.4698
73.2585
73.8798
74.3307
73.4692
73.6163
75.7918
75.5736
75.6184
74.2918
75.0382
75.2767
75.5034
74.7801
73.8504
73.6649
73.7269
74.1804
73.4917
73.2528
72.7099
73.2176
72.8702
72.618
74.2648
74.5394
74.4948
74.9013
74.7155
74.6704
74.4957
74.8499
73.8699
73.9084
74.3011
73.9609
73.7149
74.6169
74.7624
73.929
73.7439
73.4627
73.2345
73.6091
73.3279
72.9736
73.3581
73.1328
72.8362
73.1586
74.0806
74.5577
74.9354
75.3022
74.7144
73.7017
73.3046
73.3524
74.6557
76.1543
76.2464
75.6885
74.5923
75.5321
75.6604
75.8043
75.5092
74.7002
75.031
72.9853
72.411
73.119
72.718
73.7542
74.2701
72.823
72.3413
73.0571
73.4619
73.7537
74.0358
73.4642
73.1582
74.1148
74.9409
75.2537
74.6341
75.2375
74.2765
75.4424
76.7284
75.2629
74.6022
74.0556
75.4613
75.0809
74.8698
73.6015
74.1703
74.2502
74.8281
74.6284
75.404
75.7862
76.0956
74.9151
75.6969
74.9154
75.2117
73.9919
74.2458
74.6817
74.0022
73.4044
74.6001
74.7799
75.1211
75.8265
75.5003
75.0316
75.1708
75.0207
75.1356
75.2373
75.4742
75.0066
74.0873
73.8462
73.9107
74.2601
75.1642
75.5937
75.4198
76.1394
76.4729
74.4411
74.4177
75.0934
74.7691
74.383
74.0661
73.1575
73.0856
73.5292
73.9932
73.5344
74.5889
75.4243
75.2593
75.523
74.7253
74.725
74.3588
74.2332
74.8032
74.8579
75.1905
75.6452
75.3272
76.633
77.6322
77.3415
76.2559
75.3425
74.9317
73.7282
73.6991
74.0557
72.9742
73.0796
74.3412
73.2439
72.9866
73.1963
72.9946
73.2303
74.3459
74.4286
75.3161
74.0536
74.0483
74.8188
75.6472
75.4875
75.0401
74.4057
73.8921
73.3441
73.4778
73.8344
74.8191
75.0513
74.8415
74.6374
74.0583
74.3964
74.3235
73.4523
73.4515
72.7676
72.9144
72.5413
73.4445
72.8006
74.4998
72.7907
73.5379
73.8899
73.6862
73.1297
73.504
73.4036
74.3846
75.6293
76.606
77.1965
77.0662
76.5087
76.1954
76.2622
75.658
73.7689
74.2931
74.4182
74.3695
73.5581
73.3279
74.1388
73.3012
74.0241
74.7908
73.4084
73.691
73.2781
74.4468
73.3066
73.1067
73.6045
73.797
75.1625
74.231
74.4599
74.2642
74.666
74.6981
74.4937
74.9535
75.5573
74.1137
74.5129
73.7244
74.8317
74.57
74.8781
74.7673
74.3259
74.853
74.9158
75.7387
74.8406
75.6231
76.0061
73.7614
73.74
73.4524
73.6632
73.4029
73.3227
74.0107
73.6044
74.5216
75.1374
74.1284
74.2041
73.6687
74.5285
74.5365
75.0005
75.6131
74.9488
73.4864
74.2409
74.8101
74.3562
75.3679
74.8819
75.5778
75.4143
75.1203
75.6213
75.8524
74.5415
76.018
75.9652
75.8834
75.5155
74.816
75.5622
75.5339
75.7536
75.2328
76.114
74.3253
74.6431
75.5337
74.715
73.3806
73.1187
73.3859
74.2087
73.3986
75.199
74.8038
75.3506
75.2799
74.8981
75.6591
74.0792
74.8814
74.8385
75.494
75.9238
76.1602
75.172
75.4912
76.3962
77.2438
78.8343
78.7161
77.6525
77.7693
76.7917
75.6508
74.4658
74.1682
73.8804
74.3654
74.4141
75.1754
74.1504
74.8428
74.626
74.239
75.196
74.0184
72.9376
74.4408
75.3058
74.6574
75.9965
76.6578
76.4411
74.1915
74.2403
74.739
72.8969
73.4827
73.7285
73.858
73.1621
72.8136
73.4023
72.7526
72.9007
72.9851
74.0577
73.9465
74.0228
74.2346
74.7585
75.1692
77.0495
76.7307
76.9206
75.1622
75.517
75.3329
76.407
76.188
76.499
76.2311
75.4466
76.3187
76.5496
75.9863
74.9078
74.6654
74.2246
73.7271
74.021
72.5256
73.2266
73.1777
73.3927
73.4087
74.1821
74.6848
75.5906
74.8164
75.6471
75.8014
75.3738
75.5637
74.5266
74.9403
75.7725
73.9064
73.5996
74.2663
73.5272
73.6515
74.3129
74.5974
74.8624
74.8702
74.8899
74.4166
74.0831
73.6233
72.8241
73.1477
73.2931
74.0418
72.7874
73.1643
74.3569
74.4615
75.232
73.2682
73.1877
74.2564
73.939
74.8289
75.291
74.6145
74.268
74.0205
75.5799
75.3551
75.9525
75.8845
76.0465
76.2221
76.7276
75.4849
75.6202
74.5131
75.1256
74.6433
74.1593
74.7745
75.1379
74.0128
73.7412
72.8506
74.3368
74.61
74.7116
74.1487
74.9406
75.3764
73.142
73.801
73.4979
73.4729
73.924
74.0514
74.6395
73.2499
72.3215
73.0191
73.4084
73.2036
73.3775
73.4761
72.8079
74.1671
75.0111
75.5608
74.4242
76.1232
75.425
74.9754
75.5744
75.8526
74.9081
74.1906
74.0861
75.2359
74.916
75.2891
75.3965
75.1417
75.1132
74.6683
73.1932
74.0163
73.7851
75.5977
75.5688
75.5795
74.9428
73.9669
73.3522
74.3348
75.5036
75.8559
76.7237
75.9446
75.3833
74.9128
75.3206
75.1017
73.9037
73.7468
74.7016
75.3762
75.9464
75.8359
75.7258
74.6582
74.2394
73.2936
73.5443
73.8068
73.3896
74.2496
74.3822
74.5721
75.6124
76.4321
76.1024
76.0313
75.0044
75.3921
73.3713
73.5838
72.8718
74.3535
73.3083
73.5716
73.7493
74.0624
73.079
74.4183
75.6457
74.0505
74.2696
75.2468
74.302
74.4341
74.9035
74.2639
74.2053
74.2513
74.6443
74.0478
74.4811
74.2505
74.0086
74.1967
74.5507
74.2921
74.3575
76.2077
75.7105
75.7686
76.7029
75.5275
75.9837
76.4675
75.8734
75.3704
74.0618
75.0536
75.1503
75.3188
75.8976
75.521
74.5825
74.7813
74.8895
75.4291
75.4993
75.6786
74.682
75.1204
75.0295
74.6177
74.3589
75.6233
74.7215
74.2897
73.9501
74.6955
74.5442
73.6056
74.2125
75.2745
75.9577
75.6652
74.8892
75.5761
74.761
74.1677
74.3646
73.1026
73.8664
74.3336
74.4854
74.517
74.6474
75.5495
75.8481
76.1019
76.8745
75.776
75.1629
75.6282
75.3577
75.3787
74.1586
74.7234
74.865
74.5456
75.0892
75.2746
75.6218
74.6218
74.4101
73.5615
73.5882
73.8126
73.6902
74.1461
74.7809
74.638
74.2319
75.7887
75.0416
75.3283
75.0292
75.1361
74.108
74.3701
74.6259
74.9345
74.8933
74.7787
76.0306
76.4761
75.2971
73.3942
72.4305
72.9821
72.7066
74.474
74.6828
74.0884
75.5426
74.3432
73.5937
73.3939
74.0736
72.7259
73.1044
72.3801
72.7345
73.4002
73.1962
74.1795
74.4194
73.795
74.9103
75.5567
75.5194
74.3763
74.6477
75.3295
75.2855
75.4925
74.6383
74.3192
74.5458
74.7408
74.424
74.193
74.4354
73.5315
73.5815
74.5506
74.5508
74.3668
74.1745
72.7317
72.5536
73.3339
74.1801
75.376
74.3668
74.2231
73.4967
72.961
73.2896
73.5515
73.5652
74.4919
75.3556
74.8914
74.4664
74.2139
73.3553
74.2602
75.0026
74.6979
73.9791
72.6219
73.7212
72.0898
73.5786
74.5601
73.5828
74.2336
74.225
74.5543
75.8425
75.7758
75.9892
76.137
75.8286
75.3226
74.6047
74.0367
74.957
75.6533
75.1598
74.1441
74.014
74.9831
76.1489
76.3814
76.5763
75.2443
75.2093
74.9981
74.5742
73.8829
73.1486
73.9625
74.1389
73.7581
73.4156
73.5885
73.2853
73.9438
74.4921
74.5028
75.4024
74.3761
74.1894
74.7943
75.4495
75.688
76.0862
76.8484
76.283
75.1437
74.8184
74.5422
74.8924
73.1006
72.3862
72.324
73.4659
73.3994
74.6399
75.2439
74.7989
74.2048
74.863
74.6965
75.7072
76.1164
75.7109
75.5848
74.1698
73.9905
74.6255
75.3875
75.6224
74.2507
75.837
75.4774
74.3647
75.0251
75.6122
74.3678
73.6023
73.2854
74.3272
74.3228
73.5398
73.9413
73.3314
73.4286
73.829
73.9764
74.9596
75.857
75.6501
75.1613
74.2833
75.572
74.844
74.1529
75.561
74.7033
73.9836
73.552
74.02
74.5762
74.2687
74.4767
74.3029
74.6332
73.9138
73.6037
74.9628
75.352
75.9544
75.5781
74.3073
75.7253
77.1637
75.1374
75.2404
76.7047
75.6687
76.088
75.7145
74.8836
74.9279
76.1874
75.997
74.4046
75.0449
75.2234
75.3083
75.2049
74.6864
75.4161
75.9142
75.2429
74.5536
75.0628
74.9612
75.0925
74.426
73.4722
73.5976
73.9339
74.6757
75.6631
75.9201
76.9764
77.5296
77.3469
75.6748
74.4561
74.0302
73.2084
74.5963
75.8085
74.8598
75.1596
76.1791
74.8013
74.1192
73.4472
72.945
74.2174
73.8824
74.5267
74.4953
74.438
74.0846
74.2247
74.3019
75.0136
74.9005
76.0029
74.7958
74.2647
74.7589
74.0299
74.4507
74.1516
76.0672
75.5287
75.3976
75.0646
75.6173
74.9998
75.4654
74.3596
74.1873
73.6635
73.9387
73.7235
73.5462
75.0969
75.5974
75.9224
74.5232
74.0775
73.6774
74.6071
74.6065
75.0642
74.717
75.5103
74.1659
74.3896
74.9796
74.938
74.4655
73.829
74.537
74.3308
74.9475
74.1683
73.7965
73.5463
73.5448
73.7205
74.7628
76.5029
75.395
74.4994
74.471
74.7862
75.1026
74.7036
74.3464
74.6101
73.5424
74.3349
75.8692
75.4116
75.2456
75.3675
76.2922
75.6838
75.2339
76.4097
74.834
73.6798
73.4409
74.0262
75.4853
75.3999
74.7217
74.6011
74.2626
74.1551
74.6007
74.8696
73.1734
72.9422
73.695
73.7035
74.4403
73.5022
73.5434
73.3952
73.5522
73.5633
73.1401
73.0219
73.0459
73.9848
74.2827
73.7823
73.9309
73.534
73.5856
73.6977
73.6367
73.9522
73.7451
74.7402
74.3381
72.8202
72.005
73.2302
72.3577
73.2781
74.4164
75.3316
75.9266
75.3622
74.6602
73.1736
73.6057
73.354
74.009
73.5084
75.1384
76.206
76.1287
75.7078
76.5029
76.0202
75.0733
74.6071
74.4999
74.9748
74.542
74.6165
74.5658
74.5695
73.4714
75.2767
75.7921
74.3988
74.7411
75.0005
74.164
74.7376
75.165
76.6453
75.8495
73.7913
74.3019
74.8468
75.5413
74.0874
74.3619
74.5264
75.1654
73.8946
74.3932
74.4277
74.3088
74.3828
74.9671
75.3089
77.0499
77.6353
77.6258
75.6854
74.8
74.7638
75.0229
75.3118
76.5456
75.9213
74.4908
74.2804
76.3845
76.0896
75.8914
75.0904
74.634
74.2992
74.2371
74.8873
74.3589
74.5899
75.5057
75.6138
76.5277
75.5443
74.4327
73.0221
74.4768
74.5645
74.7504
74.5526
75.2057
75.2639
74.128
75.5093
75.5466
76.003
75.623
75.5188
74.5528
74.1469
74.2912
73.3721
73.74
74.1694
74.7334
74.2226
73.8979
74.0874
73.7158
73.8328
73.9807
73.5073
73.5666
74.2342
73.5224
73.6769
74.0744
74.2119
74.2687
74.2492
74.1579
74.143
74.4547
74.221
75.3652
74.468
73.8126
74.6008
75.7943
75.33
75.7973
75.4849
74.6335
74.5249
75.1062
73.7823
72.9338
73.6645
74.1849
74.2982
75.1673
76.0726
75.651
75.2541
75.5348
75.2625
74.3333
74.6407
74.692
74.6154
76.4495
76.433
76.2543
75.9754
75.532
74.5939
74.6167
74.6208
75.1218
75.4948
75.2718
73.8272
73.602
74.6816
74.2818
74.4039
74.615
74.6149
76.3909
75.4903
75.1215
76.0803
75.7589
76.0091
75.1294
74.7443
74.4017
74.6177
74.1678
75.1711
75.8127
75.7835
76.7497
74.7643
74.5924
75.1445
74.6589
75.7934
76.1055
77.1302
76.1859
76.4317
76.2412
75.663
75.4846
75.0853
74.5502
74.2729
75.7843
76.1842
76.0059
76.6505
74.8344
74.8868
75.2218
74.8344
73.8385
74.5321
74.3976
75.8161
75.2474
74.6559
75.4363
74.7338
74.433
74.1603
75.0158
74.8847
74.2367
74.5088
74.7127
75.1703
74.707
74.8119
75.8109
75.5409
75.546
75.2133
74.0413
74.7612
75.1196
74.2605
74.4005
74.1865
74.7096
73.5949
73.5289
73.3856
73.4735
74.489
73.7149
73.3762
73.0997
72.2021
73.8019
74.4859
74.0189
73.385
73.7317
73.271
73.9382
73.6659
74.2242
75.0772
74.2922
73.6895
73.0035
73.7771
74.7772
75.1563
74.2643
74.4006
74.1985
73.3406
73.2392
74.2641
74.2872
73.8025
74.6699
75.0924
75.8833
74.0654
75.1573
75.8991
75.4392
75.0352
76.2521
75.2835
74.6647
76.0301
75.5548
75.0199
74.2542
74.8377
74.3505
73.6636
73.3801
73.7149
73.6797
72.3841
73.1608
