475.461
461.956
451.501
439.668
428.53
416.707
403.887
393.578
385.371
375.263
365.217
356.39
351.765
346.4
341.425
335.998
331.741
328.242
322.852
320.021
316.378
312.007
305.787
302.34
298.799
293.136
289.882
285.814
280.838
277.184
273.076
270.08
266.72
263.496
261.572
257.681
256.513
255.143
253.274
250.711
248.228
243.697
240.858
238.35
235.334
234.725
231.547
228.464
225.671
223.692
220.873
218.593
217.1
216.568
214.875
213.74
212.302
209.269
207.907
205.955
203.379
202.609
201.229
200.392
199.16
199.084
197.547
195.71
194.879
193.824
191.059
189.718
186.367
184.47
183.997
184.443
183.364
181.331
180.792
180.252
178.554
177.134
175.702
174.186
172.728
171.956
170.359
169.191
168.336
168.093
167.32
166.442
164.428
163.194
161.536
160.92
160.722
159.586
156.926
155.863
155.126
153.796
152.499
152.768
151.382
150.448
150.75
150.841
149.775
149.889
149.734
149.148
149.235
147.977
146.87
146.817
146.489
145.777
145.059
145.451
144.369
143.458
143.326
143.881
143.486
143.559
142.777
142.099
140.837
138.652
138.228
138.232
137.024
137.614
136.886
136.922
135.477
135.926
136.499
136.99
137.922
136.903
134.615
132.705
130.9
130.117
130.157
129.337
129.532
128.203
127.117
126.908
127.331
127.025
125.927
124.551
124.137
123.182
122.139
121.394
121.42
122.121
121.899
120.286
119.51
119.34
117.864
117.54
118.46
117.687
118.561
118.307
118.223
118.492
118.04
118.177
117.682
116.989
117.35
116.253
115.539
114.75
114.567
114.498
114.172
112.995
112.578
112.679
113.103
112.578
112.344
113.364
113.308
113.132
111.939
112.126
112.948
111.871
112.17
111.282
109.764
109.086
109.777
109.214
109.12
110.41
109.719
110
109.748
108.856
108.423
108.901
108.849
108.278
107.971
108.349
108.796
108.38
109.136
107.836
107.665
107.171
106.686
105.595
105.985
104.324
103.448
103.483
102.752
102.699
101.528
101.751
101.92
101.625
101.429
101.677
101.452
101.656
101.054
100.841
100.579
101.865
101.672
101.135
101.106
99.7599
99.7321
99.7757
99.3015
98.1332
97.7433
97.449
97.5221
97.1058
97.1968
96.7668
97.3081
96.0299
94.8316
96.122
96.9841
96.5513
97.5011
96.676
96.4919
97.8133
96.8446
96.6795
95.8888
95.6537
96.6896
97.7379
96.9694
95.2414
95.3768
95.1799
96.2631
95.671
94.7628
94.5789
94.9778
96.6743
95.8885
95.6105
95.4258
96.0753
94.9975
95.1277
95.2777
94.6376
93.8001
94.5112
94.1075
94.6285
93.0941
92.8812
92.8117
93.9508
92.5844
92.0541
91.5432
92.8424
92.5999
92.4629
90.965
89.6612
89.9015
92.7796
92.0625
91.8554
90.3883
91.0835
91.7894
91.1644
90.7984
90.3092
89.7981
90.398
90.4332
90.2314
90.19
89.0482
89.1164
89.0176
89.9268
89.9943
89.8512
90.4085
88.8661
89.7446
89.2826
88.8638
88.1659
88.9503
89.445
89.661
88.472
88.3535
87.9828
87.0942
87.7508
87.5578
88.9527
89.5184
86.6948
86.7579
88.1324
88.1318
87.7348
88.075
87.3082
87.4303
88.1555
87.0189
88.5073
88.8186
89.1419
87.816
88.3237
88.5528
88.0384
86.8105
86.4395
87.8596
88.1036
87.3888
87.3846
86.79
86.6948
86.4234
86.2393
85.3498
84.8183
85.1615
84.9792
85.4465
85.7529
85.9371
85.4958
85.3833
84.7698
84.3562
84.5066
84.8049
85.4406
84.8049
83.9287
83.9915
85.1382
85.5758
84.5005
86.0682
87.6784
87.0349
86.6763
86.6059
86.9719
86.2061
86.2514
86.8833
86.7548
86.8092
86.4485
86.2817
85.7861
85.4638
84.875
84.621
84.7715
83.8751
84.7704
85.0576
84.8215
84.1622
84.4972
84.7519
83.7116
83.6256
83.7852
83.5304
83.0278
83.0032
83.0601
83.2987
84.4936
83.8039
84.0757
83.8403
83.7524
83.4592
82.7492
83.4806
83.7555
82.5045
81.9272
82.6757
82.5217
82.5853
83.2882
82.7325
83.1233
83.3613
82.6398
82.3382
82.6777
81.8334
82.5995
82.7308
83.4095
84.5288
84.3252
84.3018
83.693
83.0288
81.2402
81.6406
82.8461
83.3856
83.8325
84.7897
84.1065
82.518
82.1669
81.2189
81.0371
80.2581
79.6357
79.6691
79.7507
80.213
79.7197
80.485
80.6479
81.6882
80.8598
81.2253
82.4847
80.7803
80.7804
80.7907
80.3119
79.8457
80.111
80.5213
81.0224
80.7847
80.3557
80.8828
83.1771
82.7841
81.7499
82.0072
81.7912
81.8905
81.6355
80.75
79.4719
80.9072
80.8649
80.2184
80.7204
80.5199
80.1565
80.3794
82.1164
80.9301
80.2548
78.8355
79.7767
78.9491
78.1713
79.3503
78.5586
79.5701
79.1833
79.7056
80.5195
80.4503
79.4965
79.7978
78.9182
79.125
78.6124
79.3334
78.7738
78.3181
77.5767
77.1061
76.1213
76.4168
76.7385
77.5309
77.3701
77.855
79.1665
79.1505
78.9959
80.4664
79.7147
79.4451
79.1894
77.9426
78.5598
78.5196
79.1725
79.3514
78.9155
78.0228
78.6082
78.313
78.5025
77.883
77.6207
78.376
79.8452
79.6879
79.4118
78.645
78.9683
79.0382
78.047
78.4263
78.3459
79.2802
78.8942
78.4285
78.8994
78.4579
77.2352
77.2688
77.8797
78.9451
78.3004
77.836
77.3355
78.3612
78.9006
78.1864
78.785
78.4451
79.0801
78.7431
78.6453
78.6675
77.8396
78.7022
79.0017
79.1169
80.6765
82.0366
84.5888
84.1525
84.6029
84.512
84.551
83.4416
82.6593
81.69
81.3902
81.0248
79.756
80.0619
79.4035
77.4965
76.9277
77.2231
77.7392
78.1618
79.1792
77.0988
76.6806
76.1021
76.5324
76.2329
76.9013
77.3765
77.4436
77.3743
77.9278
78.015
77.4009
77.4698
76.8696
75.6138
76.7819
76.6601
77.5588
75.9745
76.6578
77.4681
76.6883
75.8782
75.9669
75.661
75.1109
76.1856
75.5653
75.2731
75.0237
74.9626
75.6597
75.6928
76.897
76.4373
76.1744
76.3184
75.9154
78.0479
77.8297
76.4132
75.744
74.9257
74.0509
73.7129
75.5236
75.7947
75.2905
76.8682
76.6755
75.6967
76.6271
76.6468
76.2821
76.8434
76.3992
76.9466
76.5614
76.3074
75.4183
76.0869
76.2696
75.9871
75.6431
75.3372
74.8386
75.3427
75.4037
76.2644
76.2673
75.2834
75.5219
75.643
76.0093
76.374
76.3364
75.2947
75.9816
75.7991
75.7271
76.3169
75.0903
73.5289
75.5795
76.1115
76.5222
76.6181
75.8546
74.4941
75.099
75.9461
76.0065
75.6259
75.5135
74.5634
74.5439
74.795
74.4525
75.1123
75.9428
76.8288
75.6488
76.2979
76.0945
75.3178
75.2869
73.6658
74.4176
74.9838
76.0149
74.9049
76.5356
76.4812
76.8935
76.9911
76.1286
75.8272
76.4673
76.4805
76.4284
77.176
76.7989
75.4036
76.6688
76.0799
75.4627
75.1328
74.7071
74.6238
76.7592
77.8426
78.2872
77.372
75.2698
75.7119
75.1829
74.448
74.8567
75.1935
75.0507
74.7362
74.8487
74.9328
74.4261
74.5122
74.5835
74.8534
74.2482
74.3513
73.7583
73.4731
73.2334
73.4801
74.0051
73.5741
73.9491
74.639
75.9888
75.1876
75.4518
75.4131
75.317
74.8641
75.1527
74.334
75.1507
75.6758
74.5676
74.0416
74.9533
76.0579
75.4598
76.4632
76.0004
76.9533
76.732
76.0461
75.3476
74.4744
74.6286
73.393
73.68
73.4789
74.8568
74.1909
73.8044
74.9686
74.4473
74.8863
74.0347
73.9442
74.7638
74.4945
74.3785
74.325
73.7399
73.6507
73.4514
74.0431
74.2834
73.9624
74.2788
74.1976
74.4918
74.6039
74.6969
74.6176
74.9109
75.2804
74.6496
73.6673
74.0819
74.5684
74.1399
74.3819
74.7797
74.6625
74.4768
74.4728
75.2714
75.8742
75.2397
74.8291
75.1057
74.5086
73.9138
74.8914
74.7451
75.2371
74.4285
73.9477
74.6128
73.2698
72.9546
73.1729
73.1824
73.4609
74.147
74.5584
75.0682
73.5209
74.4966
74.5069
74.1226
75.1946
75.2575
74.6425
73.4371
73.6815
73.5506
74.7773
73.7491
74.2004
73.9171
74.8591
75.1046
74.1492
74.9091
74.6725
74.4912
74.5344
73.3927
73.1898
73.7123
72.6842
73.6453
72.7933
73.4838
74.2743
75.3184
75.0821
74.4143
74.9038
74.0384
74.9394
75.6791
75.5907
75.811
75.5363
74.0581
73.6102
73.2479
73.8188
74.3918
74.6433
74.3517
75.5595
75.4232
75.9576
74.4584
73.9339
71.8867
71.9309
73.1613
74.41
74.3491
74.4514
73.9157
74.6229
74.467
73.8626
74.6198
73.8392
73.6252
72.8519
73.6335
72.7849
72.9861
73.4465
73.1419
71.4449
72.473
72.6844
73.0232
72.7343
72.0881
72.2251
72.8433
73.341
73.8123
73.4843
74.1438
74.0919
72.9635
71.8053
71.93
71.9516
72.8154
73.4074
74.3048
73.7938
73.2376
72.74
72.8175
72.8596
72.5064
72.9267
73.1251
73.8023
73.1669
73.8318
74.0549
74.1897
73.9041
74.3099
72.3528
72.746
73.7435
73.0202
73.7391
72.9861
73.4284
73.3193
73.7278
73.3502
73.815
73.8732
75.5151
73.7401
73.1751
73.6324
73.3584
73.904
73.8295
73.0133
72.9611
71.7765
72.5145
73.0608
72.5958
72.4119
72.2337
72.4583
73.0323
73.1324
72.5837
73.2301
73.9154
74.8915
74.3328
73.5477
72.9989
72.8777
72.8468
72.7575
72.9659
72.075
72.0774
72.7673
73.2836
73.1251
72.7519
71.5822
71.5175
71.1241
71.7987
71.957
71.7405
71.9799
73.1717
73.8157
73.8074
72.9839
73.5654
72.9679
73.6189
73.7072
74.8386
73.9417
73.4838
72.6995
72.7147
72.3607
73.2331
72.5464
71.8782
71.3613
72.2747
73.4586
72.9777
72.3982
72.0802
72.1506
71.732
72.1526
72.2415
71.6658
71.5714
72.5427
73.3466
72.4447
73.1986
73.6755
73.2262
72.0055
71.8686
73.7006
73.1566
71.7726
72.8451
73.6431
74.1059
74.3023
74.301
72.8758
72.4376
72.3742
71.911
71.9291
72.9142
72.757
73.2458
73.0568
73.7005
73.8671
72.952
72.8998
71.7912
71.1403
71.032
72.0904
73.398
72.0267
72.2717
72.3089
72.3556
72.0142
72.4907
71.7287
72.5854
72.3086
72.6567
74.2583
73.1805
72.7799
72.8782
72.7715
73.2469
72.7554
71.7863
72.0439
72.3976
71.875
71.4353
72.028
71.4858
72.2459
71.6643
71.1782
70.6227
72.0553
72.2508
72.7503
74.0729
74.1558
72.4458
72.8726
73.3565
73.1016
73.9909
74.3848
74.1481
73.5689
73.4398
73.7975
73.6472
73.7246
73.6217
73.802
74.002
73.5147
74.0923
73.522
73.3157
72.4616
71.8268
72.3256
71.8236
71.9146
72.4114
71.7736
71.8291
73.2878
71.847
71.8905
72.1193
72.9423
72.3541
73.2404
73.3819
72.71
72.657
72.4425
73.3862
73.4997
73.1328
74.8091
75.6888
73.8067
73.8425
73.5697
73.2556
73.4897
73.7429
73.5896
73.1786
72.812
72.9936
72.2974
74.3565
74.1409
74.3587
74.942
73.2947
72.2376
72.8065
73.1783
73.1243
72.2437
72.1771
72.7606
73.0218
72.4037
73.4604
73.6089
73.5053
73.3195
73.1602
72.95
74.0541
73.4954
73.4801
72.3292
73.1418
72.5074
72.5301
72.1744
71.5412
72.1457
72.3925
72.2259
73.4844
75.936
77.088
78.3708
81.1713
81.3048
81.8687
80.9467
80.4939
80.0634
80.269
78.3952
77.0666
76.0808
75.6386
75.3529
74.481
74.7813
74.5831
74.0461
74.309
73.8605
73.5312
74.647
75.3386
74.4054
74.6947
74.9529
72.7454
74.5238
73.3361
74.0973
73.5999
74.0131
74.4975
73.6007
72.4301
72.5374
72.6507
73.8367
73.7069
72.4743
73.0997
72.3489
71.7909
72.2319
72.1043
73.5943
72.1899
72.1632
72.3011
72.2019
72.5836
73.0036
72.7901
73.2595
73.5955
73.7238
74.6023
74.0276
75.1042
73.3443
72.8318
72.2143
72.0824
72.1703
72.7218
73.1978
72.4164
70.9944
71.0502
73.4493
73.4966
73.284
72.4896
71.9678
71.642
71.9564
71.5958
72.8205
72.3971
72.4797
71.8252
72.9459
72.5597
72.1541
72.7916
71.6672
73.0566
72.7967
71.975
72.0436
71.6093
72.4561
72.2938
71.946
72.2332
72.636
73.6851
72.1466
73.0352
73.4694
72.016
72.7957
72.2167
71.3978
72.7646
72.9323
73.3968
74.0258
73.8631
73.2155
72.9484
72.6575
72.5995
72.7352
71.8605
72.3437
72.2229
72.3589
72.9158
72.2908
71.9956
72.0932
72.501
73.3657
72.9327
71.9703
73.0381
73.1621
72.5358
73.4805
73.6086
73.9774
74.6279
73.4909
72.1188
72.1607
73.3922
74.5054
74.4945
74.3944
73.5706
72.0544
72.797
71.8751
72.0297
73.8142
72.8562
74.1636
73.4046
74.2157
73.716
72.6377
72.8304
72.9358
73.241
73.3025
72.8112
73.1328
72.9369
72.4458
71.7329
71.2067
70.8735
72.1938
73.0685
72.6914
73.2048
72.9794
73.6246
73.5141
73.1668
72.7849
72.7205
73.2225
72.8436
73.5236
73.2558
72.1546
71.0088
71.3964
70.971
72.1031
72.6356
72.2906
72.5466
72.8746
73.2364
73.3735
72.4219
73.9171
73.5425
72.9607
73.4668
73.9228
73.7028
73.1097
71.9173
72.2798
71.6441
72.4829
72.2388
71.3294
72.9108
73.4104
74.0102
74.6851
74.6751
74.5906
75.6112
75.9767
74.5682
74.3195
75.9653
75.6678
76.7948
76.5663
75.8147
73.6339
73.0242
72.9907
72.7699
72.194
72.1223
71.7421
72.7298
73.2226
73.0858
74.6224
74.3056
74.6671
73.746
73.3623
73.1371
72.602
72.8457
72.1317
71.3801
70.6216
72.1538
71.8588
72.2556
72.0867
71.7866
72.5821
72.0967
71.7548
72.9403
72.582
71.965
72.3018
72.2398
72.5328
72.241
73.0948
73.1871
72.7403
73.8855
72.9186
71.4372
71.4055
71.7371
72.0191
72.2111
72.4925
73.2854
72.8791
72.5799
74.5431
74.3974
73.4024
73.2664
73.7605
73.0941
72.7399
73.9959
73.4142
74.2756
72.9889
71.6707
72.6951
72.9323
73.3463
73.5153
73.7041
73.2924
72.2848
72.0726
71.1503
71.6619
73.6275
72.6588
72.3605
72.1506
72.6975
73.0668
73.035
73.6514
73.6694
73.6984
74.7398
72.8105
72.2909
73.0571
72.2021
72.9397
73.1343
72.8978
73.3395
73.9369
73.4857
74.0968
73.3634
72.8805
71.8957
72.4411
72.4314
72.3971
72.7173
72.7495
71.9013
72.5776
72.9232
72.9053
71.8186
72.7331
72.4398
71.3983
71.006
71.4039
72.1066
72.213
72.0342
72.4833
72.6437
73.9749
73.764
72.7938
74.0035
73.7068
73.3423
73.7948
73.5277
73.2643
73.0261
73.8256
73.0441
73.66
72.4093
72.3821
72.379
73.0752
72.3244
73.2933
73.2844
73.1657
73.8761
72.7188
72.904
72.3951
72.6071
72.5659
72.9302
73.1585
73.1045
73.3538
72.727
72.3952
72.8741
72.162
72.4366
73.0781
71.8627
72.7787
73.2119
73.9861
73.9331
74.3697
73.5344
73.7448
73.8898
72.8316
72.6038
71.7667
72.9977
73.2898
72.2612
71.9244
71.656
71.7013
73.2192
72.3535
74.3964
74.7184
74.4623
72.9603
71.8211
73.1816
72.6526
72.5083
72.1782
71.7634
73.0036
75.36
74.3264
74.0244
73.9098
73.4177
74.5811
73.6193
74.8978
73.6941
72.8626
72.3785
72.3292
72.8645
73.1138
73.4838
72.7504
72.3718
72.2272
72.0361
72.1058
71.9731
71.8281
72.4083
72.2727
73.0764
72.9667
72.5777
71.8609
72.1784
72.1809
72.0443
72.0548
71.9916
72.5617
72.4554
73.1355
72.3934
71.4979
70.5812
70.8782
71.8706
71.4073
71.8371
72.9163
73.1383
73.4212
72.3187
73.6463
74.2447
74.214
73.32
73.4522
73.3132
73.5089
72.5618
72.1013
71.3942
71.3107
71.9068
71.8185
72.1429
72.9763
71.7026
71.66
71.2373
71.0406
71.7337
72.6958
72.1092
73.5496
74.0294
74.0389
73.2262
73.013
73.4713
73.2714
72.2322
71.9898
71.316
71.1562
71.0422
71.9078
72.5686
72.9611
73.4047
72.5638
72.8365
73.2272
71.451
71.6935
71.9526
71.613
71.5111
71.8576
71.2195
70.9494
70.2659
71.3115
71.2591
71.945
72.4032
71.5568
72.0924
72.6405
72.2721
71.193
70.8623
71.4082
72.1293
72.4118
71.004
72.0842
71.6847
71.1565
72.2163
72.5932
72.783
72.0264
73.4937
73.1513
73.4196
73.9306
73.1363
71.5401
72.0614
71.8331
70.999
72.0432
71.4258
71.3226
71.9073
72.3163
71.8349
72.107
71.8918
72.7453
72.8529
72.1738
71.6756
72.0146
71.5082
71.2378
71.6932
71.4907
71.0657
72.3833
72.2582
72.19
71.3339
70.8307
71.3082
71.5681
71.8271
71.9209
72.4634
72.5763
71.7889
70.7263
71.3949
72.5644
72.4635
72.1341
72.4998
71.7076
69.8647
69.8382
70.1318
71.3888
71.4063
73.6281
73.5072
73.6943
72.1566
71.3609
71.2858
70.98
70.9977
70.7307
71.2361
70.682
71.0175
71.7994
72.2623
72.619
72.6714
71.7384
71.2427
71.4783
72.1782
73.4362
72.9859
71.6284
71.9117
72.9801
72.3089
72.4801
72.4206
71.7194
72.2931
71.1791
72.0078
71.2016
71.5049
71.5681
71.5268
71.635
70.6746
70.3241
70.5773
70.9317
72.0775
73.1029
73.0851
74.3769
73.8071
73.7975
73.2141
72.1144
72.9193
73.2765
72.5101
71.2125
71.2157
71.4267
71.2886
71.2729
71.4652
71.4767
72.5484
71.7488
71.4807
71.7853
72.0674
71.2735
72.0721
71.3655
70.4238
70.6456
70.7544
70.1641
69.5055
71.1055
71.4405
71.3894
71.7901
71.9886
71.2929
72.035
72.4756
71.964
71.5427
70.6597
71.6648
72.6404
72.5935
73.0364
72.3245
72.6875
72.9249
72.2749
71.0432
71.1354
71.293
72.3671
73.1356
73.2822
71.641
71.0465
71.4664
70.8295
71.2923
72.2967
71.5026
70.8671
72.1113
72.6126
70.8927
71.0278
71.34
71.1733
71.5217
71.727
71.8963
72.2482
72.5829
72.5937
72.7343
73.9093
73.322
73.5077
73.0844
72.3965
71.7985
71.9657
72.1283
73.7697
73.5994
72.0236
71.7056
72.4637
72.808
72.4335
72.1329
71.4545
71.4353
72.3217
72.3193
71.4099
71.6909
71.1835
71.6057
72.333
71.9934
73.7244
72.5365
72.2342
71.5812
72.3625
72.0395
71.1553
72.2419
71.9984
71.6463
72.0932
71.5206
72.7778
71.2123
71.5986
71.9126
72.6501
72.3421
71.7364
71.4311
71.4108
71.0491
71.666
70.8756
72.5737
73.3535
72.6668
72.688
72.326
71.4356
71.769
72.938
72.3798
72.5408
71.7755
70.4503
69.7983
71.1262
70.1916
70.5203
70.966
71.3739
70.7089
72.215
72.6767
71.9215
71.5592
71.574
72.252
72.6015
71.6199
72.4626
71.3372
70.3434
71.8373
72.6745
71.821
71.4094
71.0785
70.7424
71.2399
71.1387
71.5729
71.4634
71.1033
70.5898
71.6301
72.4531
72.065
72.226
71.8824
71.6846
71.2927
71.9637
71.4273
72.282
72.4833
73.3423
72.1914
71.2433
71.8641
72.5389
71.5545
73.4897
72.9761
72.7051
73.2031
71.8625
71.1979
70.638
70.6543
70.6901
70.6275
71.4806
70.6551
70.5438
70.9697
71.1839
70.873
70.5105
71.2953
71.9153
73.1209
72.993
73.5239
74.3554
73.0838
70.9481
70.5899
70.7743
72.4781
72.1865
71.3023
71.5553
72.162
72.5846
71.5416
70.7439
71.5016
70.9177
70.5128
70.3903
69.8436
70.9786
72.0338
70.4964
70.3132
70.6935
71.4384
71.1879
71.1883
71.8532
71.1542
72.0971
71.9175
72.6378
71.7026
71.2285
71.9393
72.1847
72.4457
72.6187
72.55
72.9323
73.4021
71.1274
71.6375
71.6455
72.1274
72.9466
71.761
72.1056
71.4132
72.0495
71.4465
71.345
71.6635
72.1369
71.2031
71.9656
72.2135
73.655
74.9818
74.3649
73.1166
70.6864
70.6298
71.1898
71.225
71.4514
70.2077
69.5007
69.6072
71.0933
71.7328
72.2126
72.4711
72.1997
71.8846
73.3468
72.3913
73.1802
72.4744
72.5728
71.9905
71.1112
71.296
71.1671
70.9813
72.1392
71.1668
71.8655
71.4649
71.8334
72.6821
72.3448
72.0439
71.1998
70.9787
71.4153
71.5918
72.5822
72.2183
71.2811
71.7704
72.4483
72.5187
72.2174
72.3619
72.8491
72.046
71.1541
71.3735
71.6691
71.5109
71.5581
70.6533
70.9069
71.0866
70.9066
70.3256
71.2002
71.294
72.1588
72.7138
72.2591
71.6519
72.7771
72.6685
73.1731
72.4163
71.6497
70.9888
70.5192
71.1416
71.4907
72.4009
73.3144
73.6587
73.0611
71.3092
71.3254
72.0973
72.6228
72.2304
72.7966
72.5167
72.3843
73.177
72.1168
72.4292
74.1108
73.8131
74.056
74.0889
73.2036
73.2502
72.8287
73.1447
71.404
72.3011
72.0648
72.1721
72.7538
72.3006
70.5966
70.3153
70.5024
71.0349
70.7515
70.7373
70.1895
71.404
71.6079
72.8539
72.1841
71.3111
72.5162
72.1684
72.6668
72.5363
71.8955
70.551
71.3181
71.9141
71.775
72.1323
72.0742
72.5341
71.4177
72.1559
71.3919
71.2125
70.5707
70.6565
70.9892
70.8284
69.6137
70.5994
70.9171
70.9118
71.5168
72.099
72.874
71.5226
72.5979
73.1475
72.5025
73.4501
72.2815
71.9906
72.165
72.5051
72.4265
71.7447
72.2299
71.1211
71.5255
70.9333
70.9049
71.195
71.272
72.3076
71.1177
70.9873
72.5491
71.9949
71.2951
72.8473
72.2059
71.2412
72.1762
72.74
72.4359
72.1654
73.0168
73.7859
73.4631
73.8598
72.5365
71.211
72.9171
73.0269
72.5685
71.5311
71.5627
70.8738
71.3525
71.2397
71.8192
71.9227
72.0938
71.41
71.0165
71.1369
71.5253
72.4261
71.8082
72.398
73.366
72.0666
72.844
73.386
73.6794
72.9512
73.2292
71.9601
71.0895
71.9672
73.4113
72.6542
73.856
73.1894
73.7925
72.7334
71.1211
70.6515
70.0031
71.0431
71.5471
70.6951
71.6633
71.5068
70.7517
71.9979
71.8176
70.3346
71.5496
70.9555
72.1476
72.3864
71.2408
71.9481
71.8721
71.388
71.4565
73.0367
72.8611
71.8452
72.473
71.4389
71.1573
70.8538
71.5734
70.7032
70.5885
71.0786
71.0915
70.878
71.0177
71.7984
72.3398
71.9637
72.7685
72.2707
73.3465
73.8668
74.3721
73.9496
72.5129
73.1585
72.3073
72.388
72.4329
72.2461
71.9262
71.474
71.8491
71.3249
72.9844
71.8069
71.3083
71.8265
71.071
70.3966
72.1499
71.834
71.5224
71.5579
71.2246
72.3158
71.2327
71.6143
70.978
71.498
72.6715
73.7987
73.1476
72.9701
72.5165
71.6011
71.0291
70.1136
70.2076
71.0964
71.9049
71.0556
70.8715
71.1752
71.6078
71.8855
71.3044
71.379
71.614
72.3352
72.0785
71.2133
71.2736
71.1882
71.0592
69.8052
70.5008
71.3634
71.6499
71.9049
71.5392
72.2311
71.5941
72.4733
72.6511
71.1042
71.9571
72.1923
71.8603
72.626
72.4938
72.6496
71.7805
71.5983
70.7727
71.1635
71.3645
70.9976
71.7725
70.2876
71.784
71.3852
72.551
72.9833
71.5454
72.1099
72.6428
72.2653
73.2042
73.2264
73.6743
74.059
73.1734
71.6389
74.8609
73.7811
74.2707
73.4982
74.296
73.0475
71.711
71.3049
70.0362
71.4345
71.002
71.2601
72
72.2676
71.6775
72.4428
73.1221
73.2903
72.8948
72.5357
71.5496
72.4252
72.1201
72.2568
72.6625
73.3657
72.7662
73.8444
72.8769
71.9885
73.149
73.1088
72.5653
73.3886
73.5009
73.0936
73.8985
73.74
72.5028
72.9516
71.6092
71.6258
72.6479
73.5648
73.971
73.1969
71.7729
73.4217
72.5172
72.7442
71.9161
72.0164
71.8782
71.595
71.0162
70.5636
71.2738
71.0535
70.6694
71.0536
71.2473
72.9334
72.1949
73.5078
73.0965
72.9091
72.008
72.7877
72.7239
71.6707
71.3427
70.3371
70.7013
71.2453
71.4075
71.0865
71.1694
71.7195
71.1675
70.421
71.4609
70.362
71.0262
70.0515
69.9146
70.4769
70.9995
71.2459
71.9924
73.5409
72.2857
72.2576
72.8591
72.6466
72.4451
73.0812
71.7012
72.0632
72.5421
73.2348
72.689
71.9603
71.9307
71.1698
71.6944
71.1493
71.1658
72.1971
72.3733
72.2779
71.6394
72.0136
71.3047
70.9861
70.6537
70.9072
70.8162
71.3846
71.8616
72.8211
72.9258
71.9131
72.1571
71.4586
70.5444
71.3522
71.9335
71.7805
71.6653
70.5409
71.7524
71.0288
70.9781
71.2766
71.2892
71.6637
71.7817
71.1525
73.0955
72.8686
72.6976
72.1596
71.8759
72.2702
72.8867
72.3881
71.9919
71.6339
71.904
71.1056
70.1315
70.2194
70.891
71.785
72.8006
73.0475
72.8832
72.7949
72.2339
71.6429
72.2333
71.1064
71.6578
71.8141
71.2252
72.464
72.2372
72.3656
72.2562
71.9354
72.5963
72.1321
71.3713
71.411
72.4634
72.8838
72.5804
72.7998
71.6428
70.7907
71.1188
70.598
70.4334
70.2612
71.0066
71.4578
71.0172
70.9451
70.5178
70.1562
71.6978
72.1076
71.4979
72.3445
71.3341
70.9674
71.4942
72.0175
72.1227
72.5949
72.9521
71.9907
71.9091
72.6078
72.9766
73.0435
71.1277
71.5849
71.9764
72.6873
71.8571
71.6982
71.8972
72.0076
71.5029
73.9166
72.9775
73.8457
73.622
73.5657
73.7862
72.7949
73.6499
72.5479
72.1869
73.8492
72.5068
72.3814
72.8845
73.0166
72.0742
71.7703
72.2847
72.3897
71.9956
72.752
72.2661
71.4427
72.1181
72.5545
72.6312
71.6933
71.2935
71.7676
72.4401
72.1707
72.5002
72.4583
71.9646
71.883
72.4349
71.3511
71.2716
70.9044
71.9505
72.3964
72.4421
73.6363
74.2335
72.3733
72.224
72.0384
71.9564
71.9267
72.3226
72.5227
71.7768
72.3328
71.9542
71.8342
72.356
72.4184
73.3491
72.524
71.1979
71.9952
70.7841
71.9808
70.9152
71.9623
72.2305
73.1129
71.6225
73.1078
73.1564
73.2379
72.3131
71.4825
72.1755
72.4873
71.8792
71.3937
72.9758
73.3715
73.4297
72.2185
71.6251
70.9301
72.1269
72.8981
72.516
71.9068
72.5736
73.7464
73.8746
73.3501
72.8542
73.6459
72.9581
72.2107
71.4119
71.7128
71.9877
73.5091
72.7489
72.3294
72.4216
72.1148
72.0849
71.6057
71.2967
71.1394
70.4762
70.2529
70.7386
71.4856
71.9963
71.0412
70.6068
70.4393
70.083
71.7326
73.233
72.8158
72.2434
73.2934
72.2947
72.0619
72.8887
71.9353
72.095
72.4955
71.8608
71.0061
70.9946
70.6372
71.6506
72.0018
71.8341
72.0552
73.3668
73.6999
72.5706
72.2715
71.357
71.1786
71.5658
72.3646
72.4324
72.7553
72.0212
72.4905
72.6765
72.6563
72.0042
72.3427
70.8222
71.2608
71.0525
71.0849
72.0281
71.6311
71.4451
71.2001
71.6273
71.1649
70.9742
71.7182
72.1127
72.4568
71.5595
72.2272
71.7269
71.8539
71.8705
71.3823
70.0365
70.6749
70.3951
70.4047
70.9571
71.8695
72.08
72.7971
72.4981
71.7291
71.9783
73.1702
73.6152
71.9764
71.85
70.671
71.4278
70.9353
71.178
71.6405
70.8893
70.6428
71.1828
70.5015
71.8918
72.1162
70.8363
71.2115
70.9197
71.0871
72.2514
73.0477
72.8449
71.4652
71.8986
71.8947
71.4616
73.4533
72.7651
74.3586
73.6369
72.9655
71.7003
71.7496
71.2952
72.0144
72.665
72.7604
72.3881
72.0163
71.8483
70.9339
71.1421
71.1926
71.8967
71.5809
72.512
72.6864
73.2921
72.8909
72.2044
72.3077
71.6181
71.8088
71.4877
71.8152
72.0453
73.0202
72.5088
72.2945
71.8915
71.2825
72.111
71.7673
72.2726
72.3851
72.2916
71.6131
71.3881
71.2501
71.8271
72.2315
72.4055
72.9619
72.5161
71.6678
71.9059
72.146
73.3257
72.0603
72.376
72.2021
72.0379
72.2137
72.9318
73.2934
73.7367
72.923
71.9675
72.9528
73.8409
73.6378
72.344
71.8964
72.3988
71.5181
71.4114
72.2188
70.9331
70.9473
72.3353
71.7568
71.0588
70.9347
70.1868
70.7119
70.1359
70.3881
71.3626
71.9362
72.4463
71.5347
72.461
71.7686
70.5145
70.7608
71.6636
70.8505
71.3065
71.8495
71.3799
71.4421
72.3066
72.3811
71.9343
71.6304
72.1773
72.5108
72.5103
72.3685
73.5449
73.7894
73.2389
74.3436
73.9194
73.4157
72.9916
72.1816
71.6984
71.3824
72.0394
72.1641
72.3179
72.2183
72.1908
71.6722
72.4598
72.3129
71.5672
72.7873
73.2276
72.1997
72.1709
72.8972
72.6991
73.1317
72.853
71.8675
71.2868
70.691
70.9708
71.332
71.1604
71.2028
71.903
71.5085
71.4085
70.7367
70.4602
71.2188
71.9708
72.0951
72.5608
72.2603
71.4641
70.821
70.9985
70.1657
71.956
72.5903
72.6252
72.5806
72.4455
72.4941
73.3874
74.6662
74.319
73.7894
73.6964
72.2888
71.8982
72.3707
72.2883
72.7856
73.0284
71.3782
72.1196
72.9256
73.0206
72.4929
73.3523
71.6685
71.9317
71.7514
72.1859
70.8487
70.6607
70.0798
70.0999
70.4668
71.1118
71.3865
71.8397
70.8706
71.5153
72.3853
71.9497
72.5191
71.3959
71.2603
71.9217
72.3108
71.6646
72.2369
72.5219
71.9158
71.9847
71.5012
70.5321
70.6514
71.1693
71.9438
71.4897
71.7768
72.379
71.6622
71.9405
71.0182
71
71.3155
71.1448
72.2444
71.8598
70.9729
70.6652
70.8695
71.1886
72.0233
72.0118
72.0955
72.7181
73.1542
71.6986
72.0744
72.4558
71.3243
71.4898
70.6253
70.7082
71.262
73.1708
73.6673
72.5402
73.3177
72.671
71.9835
72.7253
72.7744
72.5564
71.7536
71.7265
72.5025
72.2486
72.7782
72.1399
71.819
71.4805
70.9199
71.7369
71.4335
71.1809
71.9977
71.6422
71.4097
70.9409
71.1447
70.6991
71.3496
71.2463
70.7386
71.4317
70.9769
71.8089
71.3242
70.797
70.9086
71.0863
70.6772
71.0598
69.9233
69.878
69.0975
70.0159
70.4586
70.5208
71.3429
71.9048
71.3867
71.3004
72.2108
71.5397
72.2868
73.0999
72.5533
72.5421
72.4355
73.0573
72.7645
74.1472
73.5634
72.8721
72.9845
72.1359
72.7853
72.3016
72.1137
72.0596
72.1952
71.0152
70.8032
71.7788
72.8713
71.6647
72.1444
72.0438
71.9431
71.5081
72.3563
71.9245
72.1028
72.6482
72.2151
72.8107
72.0018
71.9026
71.7079
71.4799
72.1032
72.6356
72.7394
71.8899
73.0689
71.4085
72.2546
73.1702
74.0029
72.7274
73.0188
71.4109
71.7211
71.684
72.0977
72.6822
72.7388
72.2778
72.7839
72.5181
72.0096
72.736
72.9658
72.7683
72.568
73.5104
74.0151
74.3951
73.1943
71.6531
71.7187
71.2717
71.0088
70.6501
70.9346
71.3953
71.7924
72.2251
73.1674
73.1209
73.0326
71.7213
71.7495
70.9019
71.5485
71.2738
71.2662
71.611
71.6433
72.6666
72.3544
72.1531
73.2333
74.1934
74.8431
73.5776
71.4545
70.7561
71.1542
70.7698
71.1397
71.9151
72.2215
71.8723
71.4379
70.89
70.6258
69.9024
71.8931
72.3831
72.4887
72.1865
71.7228
72.0447
71.2252
71.6889
71.2435
71.1851
70.5821
71.2493
71.9754
71.7058
72.8468
72.9744
72.8314
72.0337
71.9475
71.4351
71.5895
71.5923
72.6281
72.6865
72.8988
71.6534
71.5978
71.7317
71.1753
70.5822
71.7038
72.1887
72.3977
73.7466
73.4179
73.3472
72.3242
71.0144
71.7804
71.4522
71.6163
70.299
71.2028
71.534
71.5349
71.3893
72.0551
72.3153
71.5442
72.0395
73.2949
71.7503
71.7965
72.1115
71.5553
70.5297
71.6948
71.1274
71.2555
71.2966
71.9694
71.9188
72.3765
72.1068
72.4085
72.2516
73.3195
72.9384
73.276
74.4355
73.4773
73.8987
72.1307
71.0971
72.2864
71.1918
70.6245
71.5433
71.6798
72.3886
71.7947
71.5757
71.8085
71.672
72.1157
73.1701
71.6811
71.811
71.8096
72.0388
71.0582
71.0003
70.8383
70.3478
71.6171
71.9716
71.6965
71.9439
72.6659
72.048
72.4562
71.9534
72.0849
71.79
72.6098
73.6386
73.6595
73.789
73.6217
73.4793
73.1703
73.2728
71.3331
72.0024
71.5262
71.6516
71.8058
71.7618
71.9132
72.137
72.6482
72.4759
71.372
72.3852
71.6823
71.6385
71.4305
71.0157
71.4466
71.316
71.8966
71.7765
71.1405
70.9182
70.637
71.5741
70.4954
70.9932
70.3292
71.2525
71.8581
71.6241
71.6011
69.9449
69.8408
70.557
71.342
70.7787
71.536
71.994
72.3383
71.8084
71.6549
71.4883
70.87
70.5645
71.2083
70.769
70.4767
70.7123
70.7116
69.5731
70.7101
70.8038
71.1025
71.1195
70.9099
72.3693
72.2193
72.2055
71.5324
71.2338
71.9903
71.8106
71.3044
70.8671
71.247
71.049
71.4505
71.1589
71.9363
71.6867
73.0787
71.7426
72.8154
73.3142
73.937
72.9727
72.239
71.7794
71.1584
71.1263
71.7306
72.2193
72.5961
72.4899
71.8786
71.7708
72.5044
71.9281
71.8217
71.793
70.6978
71.7796
72.3491
72.2952
71.3966
71.7797
72.0205
71.6124
71.939
71.9685
72.4087
72.242
72.3585
72.2436
72.4678
73.0713
72.0526
71.9505
72.7732
72.9524
71.9499
71.9257
71.8442
71.6863
72.1488
72.4643
71.8292
71.1017
70.9746
71.6329
71.6651
71.6048
72.2802
72.716
72.3437
72.2728
74.3194
73.7434
74.1411
72.731
72.7656
73.2836
73.1668
73.4297
73.0472
72.3387
72.2582
72.0789
72.6363
72.5973
72.6512
72.0708
71.8877
72.1076
71.2452
72.272
71.6274
72.5739
71.7364
72.5376
71.2338
71.53
70.8877
70.8947
71.1768
70.5018
71.1772
71.9054
72.4756
72.1788
72.0578
73.2084
72.6665
72.4325
72.1771
71.2799
72.7534
72.9572
72.6868
72.9237
71.8797
73.2678
72.3501
71.525
72.3762
71.119
71.9852
72.8177
73.356
73.5303
72.6662
73.5878
72.4335
72.5409
72.6461
72.2714
72.0383
70.4729
70.4124
71.1916
70.9331
70.6685
71.0308
69.6994
70.696
71.534
71.1781
71.296
70.7825
70.9135
72.0411
72.8269
72.5872
72.5931
71.6343
71.3362
71.8177
71.2431
71.0719
70.7699
70.7063
70.5686
71.1713
70.2169
70.2064
70.0898
70.0955
70.9586
71.3768
71.4171
70.9853
69.827
70.2031
71.1756
70.3918
71.0384
71.6593
72.6225
73.7224
73.4384
73.146
73.4815
71.6579
71.9734
72.3456
73.3759
73.8348
71.7934
73.5836
72.1031
71.806
72.8422
72.3782
70.7706
70.911
71.3911
71.8765
71.2958
71.9002
71.7206
71.8245
71.7103
72.1335
72.1962
72.1489
70.0299
70.7193
71.4859
72.2373
72.3175
72.4245
71.7435
71.748
71.3375
71.6184
72.0727
71.3656
70.9692
70.3356
70.1548
72.8221
72.3344
71.06
71.0828
71.1645
70.6263
71.7057
71.9046
72.6386
73.2926
71.9506
72.9617
72.3714
72.578
71.8784
72.8722
73.9213
73.5854
73.4223
72.5301
72.3973
72.6661
73.4154
72.1794
71.7164
72.5355
71.8441
71.2836
71.4592
71.3002
71.4455
72.33
73.3554
73.3782
73.4566
74.1228
73.5934
72.5654
72.3199
72.4315
73.0894
73.2026
73.1848
73.2977
72.2845
71.9549
72.7501
72.6462
72.0362
72.4678
72.5028
73.4177
73.5263
72.9782
72.1517
71.4216
72.2456
72.0648
72.821
73.1181
73.7904
73.2562
74.0407
74.5699
74.554
73.6321
72.9036
72.9617
72.97
74.0082
72.0759
72.3898
72.2168
72.1418
72.691
73.4581
72.0379
71.9079
71.695
71.3821
71.579
71.0411
72.2008
72.3558
72.0398
72.6771
73.1645
71.8417
71.7751
71.9401
72.385
71.8274
72.0949
70.9287
71.9438
71.4093
71.0472
71.1406
72.1639
72.4578
71.9434
72.9374
72.645
71.4908
71.6193
72.4201
72.3407
72.2228
72.9746
72.6428
74.2729
74.573
72.9609
73.8726
73.2842
72.4693
73.6304
73.2671
72.7676
73.6316
73.6924
74.0864
73.4023
72.6133
71.8494
71.079
72.5227
73.3311
72.9376
74.211
74.7785
73.0943
74.8433
75.4051
75.0532
73.4047
73.9912
73.6652
72.9995
72.5902
72.066
72.8673
73.2449
73.3411
73.2372
73.2199
71.857
72.5312
71.2107
71.2442
71.7182
72.3625
73.0439
72.0743
71.1985
71.16
71.0281
71.6133
72.3108
72.6321
73.497
73.1265
72.5269
71.8426
72.5156
72.6772
71.5085
70.078
70.6399
71.0111
71.3484
70.8096
72.1434
72.2047
73.1285
72.4127
71.8633
71.9864
70.9547
71.3461
71.2705
71.9946
71.5142
71.9477
72.0342
72.1351
72.8628
71.6862
72.0049
71.4033
73.0041
72.0053
71.3692
71.5715
72.2421
72.3951
71.2552
71.6013
71.9961
72.5245
73.4396
73.3417
72.285
73.0429
72.2542
71.2942
70.8519
71.5304
70.9699
71.4343
71.9316
71.97
71.8208
72.407
71.1917
72.4748
71.1318
71.2822
71.8904
71.5899
70.768
71.2
71.3695
72.8593
73.0459
73.1647
73.1758
73.7839
73.6832
73.8152
72.3819
73.4443
73.0469
72.4973
71.0957
70.3654
71.3088
71.9696
72.2795
71.7668
72.1213
71.6545
70.9305
70.4624
71.1369
72.0955
71.0746
70.1669
71.4506
71.4712
70.6932
70.877
71.6272
71.4364
72.9374
72.7166
71.5537
71.5237
72.3651
72.0713
72.4474
73.3559
73.131
73.4991
72.4321
72.4887
71.8345
71.6181
71.9772
71.1354
72.6621
73.2377
72.8374
73.0964
74.1245
73.8681
72.7733
71.3399
70.6764
70.8529
71.7113
72.2545
72.2685
71.637
71.9416
72.2009
73.2532
72.3684
71.5533
72.0288
72.0992
71.7797
71.6589
71.5116
71.6938
71.8133
72.078
72.1297
72.9743
72.4309
72.9367
72.6433
71.7386
71.8672
71.2169
71.4883
72.558
72.9049
72.4803
71.8242
71.8718
71.7376
72.5153
72.4667
71.9196
73.1578
72.1091
72.2104
72.1405
72.219
71.3177
71.7573
72.337
72.8055
71.2088
71.003
70.9349
70.9275
71.0269
70.9736
72.526
71.5597
72.2058
72.1975
72.7071
72.1253
72.3479
71.5134
71.3426
71.6094
71.2604
71.6711
72.0801
72.1487
72.1503
72.28
71.9567
71.4724
70.9644
71.9773
72.038
71.0638
72.5346
72.37
71.9959
71.3946
71.1693
71.4151
72.2231
72.2843
71.3984
72.7212
72.4603
72.5341
72.805
72.3108
72.6524
72.9277
73.4529
72.8011
73.4636
73.025
72.4977
71.9104
72.327
73.3971
73.0026
72.7357
72.8058
71.3843
71.7745
71.5929
72.0499
72.1939
72.6277
71.9442
71.8986
71.8841
71.0491
71.8284
72.3556
71.9321
72.1007
71.9755
72.8927
72.9727
71.8214
72.4285
73.1873
72.4832
72.6395
72.1254
71.9646
71.8383
71.5054
71.7656
72.0096
70.9197
71.7478
70.9845
70.2046
70.3289
71.4615
72.0958
72.935
72.8045
71.7811
71.3226
71.6781
71.2314
71.4344
71.9882
72.2563
72.7798
72.7289
72.1962
72.1672
72.1306
71.6659
70.6106
71.531
71.9083
71.9141
72.1961
71.809
71.9699
72.226
71.7751
72.0163
71.996
72.6001
71.9796
71.7416
71.7807
71.8049
71.9222
72.5767
73.2474
73.5058
72.4363
72.3962
71.3387
70.9751
71.3457
71.5725
70.9136
70.9986
70.6112
71.7056
71.4604
70.4105
71.0649
70.9022
70.5058
69.388
71.1625
71.1754
71.5438
71.21
71.3043
70.9338
70.2454
70.5869
71.2171
71.2625
72.5855
72.1547
71.9767
71.6122
70.7514
71.4306
72.3813
71.9704
71.5176
72.2313
71.89
73.1215
72.9608
73.8058
74.0296
73.7413
73.2502
73.5851
73.9103
73.8875
72.1187
73.1915
73.5528
71.8316
72.2045
72.4509
73.2025
72.411
72.6354
73.9857
72.2277
72.292
73.2755
74.2527
72.0038
73.1602
73.9063
72.7188
71.9955
71.4908
71.8468
71.5359
71.168
71.1823
70.9376
71.8734
72.4026
72.1209
72.1064
71.9115
71.9198
72.4681
72.9876
73.3681
71.9406
70.9193
71.4381
71.1513
71.6887
72.3813
71.9343
72.5892
72.0313
71.1594
72.5508
71.387
70.8399
70.9082
70.7914
71.7616
71.8408
72.3547
71.1831
71.2131
72.2848
70.7991
70.9685
70.4984
70.5703
70.4306
71.159
71.5291
72.2402
71.1583
71.4112
71.7971
71.0105
71.4669
70.8397
71.9594
72.0868
72.3136
72.365
72.797
71.5349
71.2373
70.3119
69.7063
70.2431
71.3873
71.9698
71.2274
71.207
71.6622
70.1359
70.5035
70.6898
71.5219
71.2492
71.849
71.0941
72.1868
72.1567
72.0929
72.2442
71.3528
71.8435
71.1189
71.5825
71.7755
72.3636
72.8512
72.9624
71.8308
71.9407
72.4225
73.3928
73.364
73.0128
74.0709
75.2327
74.5733
74.1154
72.5676
72.368
72.6301
71.4579
71.1791
71.4662
71.721
71.7501
71.2763
71.856
72.8396
72.0721
71.9582
70.8673
70.5046
70.6439
71.7985
72.5804
72.0505
71.5354
72.6778
71.8904
71.4054
72.1384
71.9523
71.4113
71.7954
71.5789
72.2901
73.2592
71.2127
70.7922
70.8729
71.4289
71.1043
71.662
72.1057
72.0444
72.3947
71.7217
72.5907
71.2846
72.5145
72.3388
71.9878
72.0652
73.1412
72.6301
72.8406
72.2698
72.3425
72.1775
71.281
71.4213
72.0148
72.029
71.7617
71.5255
71.2188
72.1457
71.8739
71.7585
72.0836
72.4804
72.2976
72.3118
70.893
70.4362
71.3095
72.1758
73.3067
72.5452
72.485
73.8628
74.2176
73.9089
74.0099
72.7715
72.6954
72.4428
72.5653
73.1363
72.3738
72.3715
72.2254
72.5761
73.6687
73.6032
72.9025
73.196
72.2061
71.947
71.4244
70.7464
70.841
71.3564
71.7095
71.6481
71.9368
71.6496
71.7118
70.8495
71.205
71.196
71.2662
70.7471
71.3474
71.7178
72.0822
72.9593
72.4702
73.0112
71.9868
71.2125
70.0806
70.2416
70.1888
69.5637
70.4571
71.1071
70.5586
71.4411
71.0567
71.3258
71.2825
71.4814
70.6614
70.7166
71.0399
71.5973
71.8565
71.2527
71.1444
71.1687
71.7602
72.0257
72.5973
72.1953
72.8608
73.5822
73.8773
72.2306
71.5368
72.4382
72.4628
72.2432
71.0327
69.9473
70.3774
71.4757
72.9352
73.1122
72.758
71.9352
71.9201
73.5616
72.7708
72.3598
72.8025
72.4338
72.4014
72.0867
72.4344
71.8828
73.1669
72.5235
72.5344
72.2724
71.2158
71.4976
70.0318
71.1713
72.9069
73.0049
73.6874
71.9401
72.3051
71.9469
70.6875
72.0792
73.6614
73.2017
72.1964
71.4219
70.6307
71.5564
71.9683
72.3107
71.9563
72.3481
73.3948
72.5964
72.6602
73.5082
74.2845
73.5977
74.5608
73.5947
73.3973
73.1032
72.7364
72.9153
72.0312
72.1557
72.52
72.0494
71.7131
73.4496
74.6275
72.985
72.9422
72.3208
71.2459
70.6537
71.5802
70.9819
70.7061
71.4482
71.4609
72.9151
73.2241
72.6343
71.1629
70.9136
70.5646
71.1151
71.4293
71.1147
71.7706
73.3189
73.0768
72.9682
72.0677
71.2663
71.9159
70.9558
72.1655
72.0821
71.7355
71.8702
71.768
71.6353
70.9862
71.8743
72.3553
71.9345
72.1643
72.7034
72.4735
71.2237
71.0454
71.4644
71.017
71.1991
72.2313
71.2453
71.3794
71.273
71.2422
71.3164
71.8376
72.0386
71.5965
72.3886
72.3778
73.106
72.6584
71.7257
70.9152
70.9833
70.3108
70.5072
71.6437
72.5915
72.7559
72.0588
71.9749
72.4397
71.562
71.3176
71.5483
71.226
70.7281
70.8849
70.0157
70.8929
71.7679
71.0634
72.2084
72.7932
73.2706
72.1834
72.6973
73.0647
73.7316
73.3214
72.4229
72.3714
72.4095
71.4587
71.1774
71.1815
71.4466
72.5262
72.3278
73.4996
73.2694
72.0149
70.4465
71.5391
71.3684
70.8982
71.1968
70.6706
70.7066
71.0358
72.3674
71.7531
72.851
72.4138
71.5643
71.9267
71.6093
69.8242
70.369
70.6076
71.7104
72.7002
72.6371
72.6765
73.5232
73.16
72.0307
72.5678
72.6866
72.3148
72.9872
74.1543
72.746
72.3548
73.0813
72.9245
72.2894
72.0881
71.8627
71.6818
71.0532
71.1937
72.5204
73.138
73.783
72.4739
72.7359
73.9445
74.3901
73.2226
72.1713
71.9254
71.9977
71.2632
71.6695
71.9151
73.553
72.1144
73.0711
73.5411
72.4562
71.7634
72.3551
72.4941
72.1235
71.7114
72.0027
71.2212
71.3397
70.4936
70.4096
70.9216
71.2523
70.9971
71.0954
70.5411
71.1441
70.0533
70.5707
70.1286
71.4236
71.0249
71.2285
71.4556
71.5458
72.7342
72.5584
73.1663
72.2053
72.6385
71.1413
71.6665
71.904
71.9438
71.3357
71.2047
70.0105
70.8597
71.3619
71.5073
71.3206
70.1093
71.459
71.87
72.3192
71.8061
73.4508
72.8749
72.6354
71.8264
70.6344
71.3158
71.4295
70.7584
71.3896
71.0593
71.0805
71.444
71.7428
70.6237
71.5452
72.0013
72.2026
71.5695
71.6801
71.528
71.5289
71.1656
72.1753
73.2823
72.5393
72.8732
73.5654
74.0125
73.7698
72.8686
72.3509
72.0668
72.5322
72.7889
71.9468
72.2539
71.9346
71.997
71.412
72.2862
71.103
70.6746
70.6533
71.2358
71.4017
71.7707
71.4027
70.9524
70.9663
71.2591
71.648
71.7239
71.7975
71.0981
71.5609
71.4682
70.8759
71.3083
71.8475
72.9273
72.8463
73.1501
71.3541
70.1698
71.1519
71.8434
73.0038
72.4639
72.5166
71.9638
71.2921
72.2709
72.8198
71.4008
72.0842
71.7262
72.3216
71.248
71.2247
71.9324
71.9382
72.2905
71.7757
72.2988
73.0646
72.5608
73.1159
72.1829
72.2606
71.4986
71.5083
71.9986
71.6106
71.2827
71.4951
71.5494
72.364
72.0823
73.2609
71.8504
71.7259
72.1778
71.7375
71.4341
71.2195
70.473
70.7981
71.1802
70.9362
70.5745
71.2492
71.025
71.0974
70.8614
70.4598
71.4722
71.6271
71.9169
72.8005
72.131
70.4905
70.209
70.5322
70.5015
70.8929
71.2202
71.3748
71.7518
71.6029
71.223
71.0898
72.4985
71.6327
71.1922
70.5249
71.0305
71.3594
70.9613
72.5816
72.3317
73.4237
72.3204
71.399
71.3151
71.8681
71.1671
71.7302
70.9925
71.8425
71.1328
69.6924
70.8091
72.3219
72.8359
72.6603
73.7388
73.2662
72.019
71.4732
71.1005
71.7184
71.4623
72.489
72.7054
72.5457
72.8354
73.3552
73.0367
72.8196
71.3037
72.3159
72.3745
70.8984
70.9282
71.4576
71.6721
71.4568
72.1937
70.7894
70.7477
70.5026
71.2878
71.4616
70.6933
71.7191
72.2884
72.6423
72.7966
72.9534
72.6382
72.3917
71.5933
71.0658
71.2942
71.4003
71.8937
73.1749
71.9992
71.5184
70.8733
70.7201
71.9337
71.4676
73.2064
74.1432
72.5515
72.3089
73.5271
74.8749
74.3638
75.1402
75.3721
75.5708
75.4707
73.4197
73.3194
72.7588
72.5921
72.1494
71.5942
71.2645
71.3828
71.4452
71.6703
72.0122
72.442
71.5432
71.6098
71.0606
70.7705
71.3782
71.8729
71.1692
70.5944
70.5998
70.6631
70.5212
70.5235
71.63
72.3838
71.268
72.0997
71.8326
71.5913
71.7731
72.2989
74.012
72.2061
71.6891
71.3897
70.5233
70.9429
71.5483
71.4134
70.8502
71.9794
70.9
71.1249
70.786
70.489
70.4078
70.9142
71.5557
71.8433
72.3253
72.0617
72.2638
71.6678
71.6005
72.0354
72.3089
73.0588
72.0378
73.2278
73.2455
72.2997
72.6567
73.101
73.3045
74.5056
73.4438
73.6797
73.6586
72.3406
73.0924
72.5653
72.5313
73.2496
72.0486
73.046
73.4733
72.5951
72.0746
71.7221
71.8509
72.0736
71.5409
71.7044
72.3379
73.972
73.8752
72.8928
72.8124
71.6179
72.4314
73.1868
73.6657
72.3958
72.3877
72.328
72.4122
73.0824
72.4443
72.0021
70.8158
71.2252
70.8049
71.1532
70.9236
70.7844
71.3613
71.3233
71.2612
70.0417
71.7114
71.699
71.0137
71.5675
71.7096
71.917
71.6119
72.3718
71.9469
72.2635
71.6746
70.5861
71.0664
71.387
72.4568
72.3109
71.3465
71.3648
72.2765
71.555
72.0658
73.1707
72.5662
73.3632
72.6046
73.9915
73.434
73.0324
71.67
72.277
72.1023
71.4882
72.1539
72.378
72.859
72.4912
72.3116
73.3897
72.9393
73.4627
73.2548
72.5584
71.7917
70.6396
71.4124
72.3559
71.7024
71.4014
73.4143
72.1493
71.9367
71.529
70.7734
72.1422
71.2398
70.5118
71.8267
72.0647
72.3273
72.5385
72.1741
72.4496
72.3852
73.5408
73.2173
73.3213
72.891
73.3756
71.7901
73.5408
73.0842
72.4286
72.588
72.9941
72.3154
72.5523
72.5934
71.7095
71.4809
71.8703
71.2491
72.628
72.6128
72.1058
72.5182
72.0589
72.3724
72.4064
71.2172
70.8746
70.5004
72.2791
71.2522
71.4118
71.2499
71.8211
71.5324
72.0024
71.2444
71.4921
71.0706
71.9806
71.3698
71.3598
71.5338
73.4422
72.7794
71.784
71.8683
72.2892
71.7174
71.8948
72.033
72.0304
71.6472
71.2685
70.4243
70.6446
70.8936
71.9904
71.8589
71.0407
70.6445
70.7047
70.6406
71.6513
71.951
71.2025
71.9751
72.1264
71.9474
70.8472
70.9284
71.3787
70.9778
71.5057
72.0287
72.0832
72.2429
72.8668
73.2465
72.1461
71.3651
72.1924
72.2167
72.2864
72.399
71.2836
71.5075
71.2934
70.9384
70.6209
71.3997
71.5412
73.2449
73.0542
72.1779
71.2504
70.6982
71.3655
71.9713
71.5463
72.1355
73.3554
72.7524
72.5595
71.4686
70.6662
71.7378
72.8683
73.1421
73.5607
74.2111
75.0841
74.5708
73.7312
71.6594
71.202
70.8452
71.2316
70.8877
71.1464
70.2006
70.8273
71.3576
73.4574
71.8357
70.917
70.7548
70.1555
70.3238
70.3366
70.6542
70.932
71.7324
72.0055
71.2842
72.1122
71.1107
71.779
70.9773
71.5099
72.4737
72.8226
71.2617
71.7968
71.4302
72.028
71.8878
71.4622
72.1702
72.8405
72.304
72.0611
71.5168
72.2634
72.969
72.0221
73.1108
73.1904
72.6324
72.4974
72.4814
73.5048
73.5306
73.0709
72.3494
71.8723
70.9804
72.7453
72.7686
72.0104
73.1958
71.9643
71.8943
72.1615
72.0815
72.729
72.8384
72.5177
71.964
72.2099
72.532
72.1617
71.5023
72.5414
72.3637
72.9532
72.0466
72.3263
72.3901
72.2778
72.9635
72.767
73.5285
73.0532
72.9984
73.6582
73.3634
72.0542
71.3703
72.1764
71.0359
70.7941
71.9006
73.1783
73.72
73.6759
73.2371
73.4135
73.5743
73.695
72.6635
72.0718
71.7541
71.9534
71.7064
71.6749
72.0133
72.4862
72.2937
71.0734
70.7899
70.5115
70.4332
70.8955
72.2643
70.9968
70.2425
70.0284
70.6521
70.4197
70.7546
71.359
71.1953
71.7929
71.4545
72.5292
73.0919
72.9004
72.7303
71.4188
71.9271
71.2869
71.3518
71.4481
71.8802
70.9794
71.5947
72.1995
74.3913
74.6808
73.952
73.0818
71.689
72.4788
71.975
70.4647
71.2393
70.7504
71.9665
72.4239
72.5446
72.4076
72.7972
71.5894
70.6343
73.3067
73.4472
72.6621
72.6112
72.1291
71.9662
71.7154
71.4472
71.1566
70.9658
70.9876
70.7314
71.0263
71.6856
71.154
71.1795
71.355
72.2016
70.9936
72.0586
72.6404
72.8122
72.2623
72.2841
71.8691
72.0817
72.3524
72.0347
72.0312
72.0421
72.8404
72.4853
72.6092
72.3402
71.7239
72.4444
72.5755
72.7772
73.2839
73.2762
71.2064
70.9087
70.8878
70.9484
71.8197
72.4454
72.0684
71.5138
72.9681
73.8482
73.7145
74.4088
73.9358
73.1674
72.5238
73.4617
74.0505
72.2456
72.3113
73.2827
72.3657
72.8929
72.8187
71.7473
71.7607
71.9564
72.9396
72.1421
72.1639
71.0474
71.7122
72.4665
71.8625
71.2587
71.2703
71.2698
72.8579
73.0273
72.072
70.8419
70.9718
70.3267
70.3522
70.4418
69.371
70.331
70.1742
71.1246
71.0425
71.6141
71.3196
70.8841
70.5313
70.9281
69.5909
69.9534
70.2365
70.2289
70.3606
69.7094
70.4228
70.6195
70.1438
69.8093
70.6142
71.3822
71.5985
71.0566
71.0402
71.5679
72.0002
71.496
71.4304
72.4528
73.5183
72.9581
72.1689
71.5968
71.7954
72.5058
72.7089
72.6301
72.7236
72.2334
71.6765
71.6134
71.7562
72.6661
72.1997
71.4592
71.3213
70.4678
71.5793
70.9023
71.4124
70.2856
70.2808
71.7424
71.7809
70.7136
71.3495
70.3044
70.3781
70.685
70.5047
70.5161
71.2682
71.11
70.5822
71.1897
71.8082
70.999
70.7216
71.8326
72.3437
71.5455
71.1362
70.5794
70.5191
71.1358
71.8093
72.1784
71.9496
70.955
70.9277
71.4742
71.4381
71.1606
70.8821
70.5976
70.7733
70.6762
71.3011
70.7268
71.3745
70.2832
70.5282
70.5915
70.8242
70.5989
70.4546
70.7869
71.0906
70.9198
71.6812
71.9082
72.051
72.882
72.6842
73.5042
73.8066
72.7873
71.9261
71.418
71.069
71.2274
71.3102
71.2659
72.031
71.4211
72.0281
72.3479
72.6138
71.0768
71.0301
70.9153
70.2753
70.499
71.6215
71.4182
71.0787
71.8323
72.756
71.7734
71.6215
71.2318
70.8592
70.6515
70.8238
71.1555
71.1896
71.4511
71.6206
73.0747
72.5572
71.9904
71.2046
72.3443
72.0024
72.3323
74.073
73.0806
74.2603
73.6573
72.5505
74.3022
71.9937
72.17
72.4784
72.7276
73.4082
72.3277
73.4088
72.4265
72.3763
71.7083
71.2335
72.0926
71.8079
71.5588
71.8561
71.5216
71.553
71.7726
72.4352
72.3415
71.6176
71.8834
72.3061
71.795
72.623
72.659
71.7114
72.4556
72.6873
72.3171
72.4373
73.3422
71.8838
72.2083
71.9243
71.3536
71.6908
71.0692
71.7704
73.1229
72.7215
72.221
71.5057
71.1136
71.5127
72.3836
71.9171
71.4001
71.6615
71.3924
71.3846
71.2082
71.0727
70.7109
70.7887
70.1951
70.6837
71.2486
71.7775
71.55
71.6775
71.6371
71.714
71.9018
72.3917
73.0434
71.1791
70.3267
71.4019
71.974
72.6345
72.4424
72.0863
71.5429
71.8542
71.3343
72.2782
72.6227
71.9689
72.1115
70.8339
72.3138
73.31
73.0787
72.8674
73.1663
74.2633
74.4298
73.1355
71.4339
70.9794
70.5873
70.8675
71.228
70.6035
71.4354
72.1586
72.8524
72.8486
74.1489
72.9495
73.1043
74.0771
74.4207
74.43
73.4912
72.7754
72.2773
72.9505
72.5455
71.9492
71.846
72.5338
71.8302
71.7032
72.0378
71.6237
71.8652
72.5211
72.6055
72.8444
73.0884
72.2563
71.4694
71.4442
72.032
70.9598
71.5084
71.3708
71.2462
71.5384
70.9827
71.8744
72.7308
72.3388
71.4953
73.063
72.2171
71.4595
71.3024
71.5101
71.4269
70.9878
70.6395
71.7221
71.8797
72.0644
72.1566
72.3293
73.9916
72.3879
70.2796
70.2058
71.2782
71.552
71.5933
72.5926
72.3137
72.2835
72.0563
71.8825
73.0931
72.1036
72.5373
72.2107
73.0942
73.0219
72.4581
71.352
72.3031
72.6154
72.2184
71.5002
70.4612
71.8936
70.9978
71.4796
70.7327
70.2106
70.2766
70.9357
72.2617
71.4177
70.3602
70.8993
71.8154
72.1807
72.089
72.4741
72.2423
72.4086
73.2056
71.9292
72.2432
71.693
71.0402
71.2213
70.8615
71.3284
70.9973
71.0962
72.0517
73.3236
72.4003
73.2479
72.5432
73.0935
73.2825
73.2982
72.765
73.5364
73.029
72.0743
71.7948
72.5986
70.8105
71.4474
69.9559
70.4606
70.4418
70.9683
71.222
72.045
71.4786
70.835
70.5122
71.1155
71.412
71.8654
71.5036
72.2394
72.4911
73.9243
73.3921
74.027
72.507
72.0243
71.7107
71.5514
72.3626
71.8704
72.3729
71.7146
71.9969
71.4802
71.6124
71.7623
72.9233
72.8862
72.6634
71.5342
70.9214
72.4738
72.7355
73.8798
73.3101
72.9961
72.1692
72.8394
72.8878
73.0245
72.6153
73.3526
71.6767
71.6677
70.8133
71.0429
71.1405
71.7406
71.2996
71.0244
71.092
71.1024
70.9841
70.9102
71.8595
71.9919
72.0001
72.1458
71.9975
71.6768
71.2786
70.8175
72.5381
72.218
71.1704
72.5186
72.1843
71.7553
71.7977
72.616
71.3263
70.0422
70.0416
70.3473
70.431
71.3592
70.3953
71.2245
71.6174
71.1595
71.489
70.6561
71.497
71.3526
72.5267
73.3992
72.1174
72.7487
73.2575
72.6072
72.3792
72.9352
72.8712
72.1727
72.5675
71.9179
73.0009
73.5068
73.1524
73.0212
72.6483
71.5154
70.5764
71.5108
71.553
71.9286
70.8085
70.5446
71.2429
71.2893
71.8501
72.2204
71.3769
71.2798
70.7792
70.8806
70.5084
70.3715
71.682
71.7548
70.8584
71.2842
72.3355
72.037
71.951
71.5373
71.3899
71.745
71.3312
70.7326
70.1554
70.2023
70.6374
70.1203
69.9262
72.0477
71.1627
71.6867
71.9787
71.7707
71.4935
73.3171
73.2784
73.7808
73.436
74.5193
73.4005
71.159
71.7331
71.3383
71.0862
70.8593
71.6211
73.2654
72.9337
72.9482
72.9258
73.6176
72.2802
72.9446
72.8985
72.4664
72.4076
72.0902
72.4733
73.0555
72.8709
72.7985
72.6724
72.2082
72.7306
72.6888
73.1512
71.5792
71.4048
71.2026
70.9855
71.6586
73.0177
72.0603
70.5845
70.507
71.9842
72.0776
72.1534
70.7468
71.3034
72.0041
72.205
72.0869
70.9911
71.3195
70.929
70.8282
72.1711
72.4038
73.1857
72.7312
72.8173
71.845
73.2104
71.8882
71.2147
71.3479
72.3138
72.4132
72.5442
72.8523
74.3262
74.4995
73.1914
73.1997
73.0075
73.2547
72.4976
71.806
71.7602
71.0736
72.188
72.0875
72.0863
72.3403
72.658
72.0765
71.9047
71.8691
71.3407
71.0347
71.7601
71.3602
71.8154
71.7915
71.7314
72.3189
72.2458
72.6494
72.8453
71.9064
72.2751
72.3293
73.2754
73.0054
72.5968
73.1928
72.252
71.5298
71.8774
72.5166
73.5969
72.8699
73.864
73.0482
73.1042
73.446
74.4235
74.6552
73.5767
73.6196
73.6034
72.3369
73.6545
72.9544
72.4658
72.6667
72.3148
71.0502
71.4311
72.6249
72.6626
72.1881
72.3011
72.0358
72.7181
72.9972
72.3811
71.9015
72.171
71.9164
72.3056
71.6671
71.3075
71.5129
71.5158
72.5365
71.2525
71.0375
70.8555
70.8627
70.789
72.3461
71.1053
71.0947
70.9097
71.9231
71.5728
70.5056
70.4405
71.1891
71.1088
70.9883
70.583
70.3387
71.0986
70.9769
70.4566
70.5656
71.1246
71.1567
72.7862
72.6062
72.9188
72.5278
71.8512
72.5584
73.0425
72.2152
71.1743
71.6096
72.6714
71.5932
72.1941
72.1066
72.3437
73.2579
73.0826
73.2204
71.7469
71.737
72.0792
72.3182
70.5797
70.5235
70.2276
70.9244
71.5869
71.0794
72.0401
71.6791
70.633
71.0369
71.6141
72.2173
71.4701
71.5678
70.9773
71.3036
70.8753
71.5116
71.1177
71.6025
71.4035
71.5727
72.0556
71.6974
72.6501
72.0749
72.5944
71.8213
71.6607
72.01
73.1326
73.952
74.0029
73.0845
73.7203
72.7914
72.2847
71.7935
71.3646
71.8543
71.3378
72.6635
71.5211
71.7308
71.2145
71.6406
70.8953
72.1163
72.651
72.0827
73.446
72.8715
74.3548
73.9403
72.8877
72.7446
71.2614
71.5202
71.0916
70.4608
70.675
70.7259
71.7316
71.9417
72.2434
72.7693
72.28
73.1197
72.6667
72.7553
72.9042
72.3256
73.1848
73.0352
72.5522
72.4241
71.0575
70.7234
70.2835
71.0359
71.4011
71.4937
71.6454
73.0554
73.6096
73.2176
74.4553
75.129
74.0383
73.3351
74.5877
73.7132
73.2362
72.8057
71.951
72.9248
71.1099
72.7428
73.5798
73.2158
73.1403
72.1954
72.415
73.0021
72.7338
72.0743
71.1405
71.1881
71.1634
71.2932
70.8825
70.9323
70.8745
72.8489
71.9586
72.0447
72.4492
70.8729
70.616
70.9471
71.7174
72.2911
72.3805
72.4037
71.7227
71.897
72.7521
71.8526
70.456
71.8775
71.784
72.7526
73.1837
72.5718
73.4254
72.9039
72.5224
71.5867
71.0695
71.2006
70.878
70.4872
70.7547
71.2496
71.1339
71.3715
71.6259
70.4916
70.664
70.3945
70.3289
71.7421
71.5194
72.0374
72.337
72.2322
73.9418
73.3064
72.6691
72.2356
71.7796
70.7438
71.0886
71.7624
71.0373
70.3135
71.437
72.4547
71.5651
71.1
71.7589
72.1553
71.347
71.6202
71.7513
71.138
71.3035
70.8285
70.9089
72.3746
71.9628
71.8303
71.5958
72.7833
72.486
71.5672
71.7735
71.4312
72.9631
72.0009
72.0168
72.3289
71.1191
70.8617
71.2222
71.7014
71.1865
70.8304
70.9868
71.936
71.3402
70.9831
70.9837
71.6868
71.9159
71.5767
71.3442
71.8428
72.0802
71.7224
71.1252
72.411
72.8945
72.7616
72.1187
72.314
71.9243
70.9492
71.8601
70.7983
71.8459
70.3795
70.5213
71.3345
71.7031
71.5617
73.0059
71.9255
71.7835
70.7253
70.5639
70.6311
70.7249
70.5185
71.2402
71.8397
71.345
70.7796
70.9485
71.2146
70.4508
71.1421
71.5322
71.24
70.6236
71.3375
72.1194
72.7388
72.4931
71.0763
71.1808
72.2852
72.7056
73.0038
73.2913
73.7218
72.882
71.9734
72.5403
72.218
71.1443
71.0212
71.0589
70.1928
69.2835
69.7963
69.7599
70.2554
70.8042
71.0984
70.5646
70.5813
70.4076
69.3866
70.6792
71.0033
71.322
70.7044
71.1131
70.8529
70.8323
70.922
71.5702
72.497
73.3107
74.1931
74.7389
72.7657
73.2664
72.9151
72.5855
71.871
72.9327
72.3533
72.7214
73.0218
72.7585
72.4524
72.4544
72.7459
74.3743
72.3084
73.1487
73.4951
72.8239
73.8989
74.2657
74.6985
73.6884
72.7272
72.6702
73.4002
72.0723
72.6385
73.8063
73.1236
71.6979
71.415
72.1843
72.0197
72.1645
73.4851
72.9185
73.068
71.6541
72.8087
73.1843
72.4922
72.2714
71.8561
72.1669
72.1652
71.5432
70.8559
70.5713
70.5985
70.5633
71.3202
71.8464
72.3517
72.2541
72.0009
72.0712
71.6299
73.8645
73.357
72.0869
71.0297
72.3542
71.8518
71.2977
70.9091
71.3609
71.814
71.4955
70.8244
71.6138
72.4591
72.9893
72.2061
72.4178
73.9191
71.8184
72.3745
72.833
72.6596
71.9811
71.7054
72.3203
72.7021
71.5099
70.688
71.9817
71.8748
72.2666
72.9772
73.0607
72.2242
73.6181
73.1791
71.9642
71.6923
72.179
72.7324
73.0201
71.154
72.0917
72.0251
72.4001
74.0715
73.0046
72.9722
71.4194
70.5645
71.9563
73.8235
72.883
72.4107
73.0054
72.2253
71.8925
71.8685
71.7221
71.4129
70.6448
70.2079
71.5736
71.8458
72.5786
71.6241
70.912
70.9271
71.0844
70.9598
70.9673
72.2221
71.6217
72.9452
73.5237
73.5974
72.8749
71.6915
72.4866
72.375
73.4658
72.0917
72.571
72.8199
72.028
71.3739
71.2756
71.9899
71.7619
72.5181
71.5359
71.6334
72.009
72.6319
72.1625
72.7475
71.9018
70.9909
71.4834
71.0541
70.5315
70.4047
70.7667
71.2794
71.3254
71.39
72.1243
72.2429
71.1528
71.3806
71.8229
71.9542
72.1981
71.6793
72.0838
72.9119
73.5264
73.5851
72.5866
72.6408
72.5125
72.7705
71.8594
71.5759
71.694
72.1103
71.7571
70.6867
70.5999
71.9184
72.4214
72.4564
72.8057
72.987
71.3943
71.253
70.4582
70.507
70.8332
71.3922
71.1433
70.3151
70.296
70.6016
71.6798
72.0489
71.7643
70.9548
72.0189
71.3146
71.7522
72.8839
72.8485
73.1994
74.1552
73.3194
74.1049
74.3983
73.7286
72.4973
71.8582
72.1547
71.8593
72.0592
72.6766
71.4546
70.5741
71.6261
71.3664
70.7209
71.7051
71.3195
71.1385
71.1489
70.7722
70.5862
70.1003
71.1463
71.0932
72.4399
72.4958
73.0777
72.3301
71.6401
71.6156
71.768
71.1134
70.6043
70.6054
71.8566
71.7577
70.9386
71.9623
71.6468
71.3069
71.2792
71.5077
71.7215
73.0503
72.2791
71.5579
71.0173
71.6928
71.7714
71.6747
71.7912
71.9047
71.8874
70.085
70.8714
71.439
70.8327
71.6488
70.8814
70.7809
70.6816
71.0244
70.6868
71.9758
72.8902
73.9371
73.0984
73.824
73.1914
72.9379
71.9419
72.4845
72.0797
71.4957
71.031
71.2148
71.4239
70.668
71.2877
72.5219
73.2091
73.0048
71.0878
71.6803
71.2916
72.2616
72.3254
72.3975
72.5806
71.8044
72.5864
72.6357
71.3873
71.8437
72.4991
73.2326
72.7419
72.4498
72.1931
72.1674
72.312
73.1598
72.4843
72.1886
72.2308
73.8182
72.6614
72.9911
73.3581
73.1452
72.9619
72.4145
71.8772
72.1602
71.6129
72.1828
71.7045
71.818
71.7166
71.3829
71.1287
71.3313
71.3458
71.1521
71.4103
71.2458
71.5001
70.6807
70.3642
70.0839
71.0881
72.3904
70.2785
70.8225
71.4014
71.879
72.055
70.8587
70.688
71.4473
72.2761
71.6998
71.4438
72.4535
72.536
71.4041
70.9646
71.0899
70.3477
70.9288
71.5586
72.9982
72.0761
72.3724
72.1685
71.7172
72.7593
72.2804
71.9575
71.1511
71.2633
70.4783
70.5435
70.9729
71.6097
72.4763
73.863
72.8034
71.6556
71.2911
72.5213
71.8233
72.3019
72.8019
72.3665
71.5634
71.7319
72.2208
71.8837
71.3235
72.8928
72.2854
71.3491
73.1095
72.736
73.0926
72.7391
71.6138
71.454
71.227
69.5537
70.4836
71.8174
71.8221
71.2747
71.6106
72.9044
71.6563
71.3896
71.2595
70.8117
69.9213
70.0455
69.9298
71.7129
72.0851
71.4871
70.7145
69.8546
69.773
70.6272
70.7725
70.9343
70.8435
69.8738
69.3809
69.9352
70.8209
69.9995
71.9237
71.6795
72.1391
71.8896
72.3732
72.4075
72.2712
71.5159
71.8505
72.2613
72.6054
73.6127
74.1358
72.1392
72.3826
72.43
70.5125
71.1806
70.4441
71.3073
71.554
71.4161
71.3101
73.1258
71.6235
71.3245
72.468
71.9398
71.7368
71.8578
72.3418
71.7549
71.9472
71.9947
71.1935
71.4821
70.8625
70.9442
73.2625
71.7719
70.6623
69.7503
71.8126
71.9969
71.7872
71.8826
71.7818
71.3164
71.024
71.9494
72.4987
72.7314
71.653
72.058
71.8703
71.5217
72.2426
71.8121
72.1246
72.0929
71.8443
73.0468
71.0847
72.0845
71.4201
70.9411
72.0899
71.9925
71.5099
71.2568
71.104
70.1885
72.0827
72.3275
72.6972
72.2138
71.7976
71.4966
71.4737
71.4861
71.3715
72.5791
73.1957
71.9533
71.4258
71.5323
73.0103
71.0008
71.4147
72.1523
71.2319
71.6227
71.4405
71.3205
71.0863
69.7013
70.7809
72.4096
72.9966
72.1169
72.4357
71.253
71.5608
72.7792
72.2519
72.7242
71.8884
71.9091
72.4164
72.3772
72.2491
72.5062
72.9095
73.3232
73.4331
72.1103
71.2853
72.6233
73.1154
73.0378
72.4711
72.3237
71.8316
71.0005
72.2063
72.1848
72.5344
71.6796
71.4325
72.6078
72.6846
72.866
72.5642
72.1862
71.879
71.7734
71.4459
71.157
70.8344
70.6778
71.6355
71.6251
73.5024
74.0251
72.7875
72.1458
72.2717
72.4624
71.088
71.3213
70.854
70.5072
70.8197
71.1493
71.8006
71.2146
70.9761
71.4267
71.7298
71.1173
69.8328
69.6342
70.0405
70.5207
71.1291
72.3827
70.9889
71.7567
71.7649
70.8527
71.3606
70.9354
70.0827
71.3238
72.3629
72.2712
71.1753
71.6979
72.6599
72.0194
71.2771
70.8024
71.165
71.001
70.7435
71.0978
71.5989
72.1473
71.8911
72.3042
72.6042
72.4379
73.3834
72.7716
72.4715
71.8696
71.8719
72.4357
72.929
73.2046
73.6796
73.2733
72.2094
71.0742
70.7225
73.5081
74.3404
74.0784
73.0293
72.7291
72.7979
72.7
71.992
72.732
72.6042
72.6258
73.375
73.7133
72.6115
73.2118
71.4808
72.1553
72.1737
72.1848
72.6828
73.75
73.4869
72.417
72.7315
71.4704
72.2279
70.9304
71.1294
71.452
71.3615
71.8803
71.6707
70.9161
70.4977
72.0066
72.6267
72.4938
72.1573
72.7384
72.6264
72.3469
71.7597
72.0692
72.0772
73.097
73.6249
73.5208
72.7672
72.1627
71.5378
73.0542
71.5327
71.7634
71.6659
71.5395
71.4921
71.3163
71.4807
72.3846
71.9645
72.0308
71.8655
71.2567
71.0388
71.909
72.0042
72.7132
71.613
72.2597
71.7523
70.9457
71.3494
71.5811
71.6456
71.34
71.4537
70.8337
71.16
73.3312
72.6172
71.2431
70.9557
71.2643
71.49
70.65
72.0219
71.2823
71.8315
71.8982
71.7956
71.3194
70.4138
71.4494
71.8911
71.8023
71.4456
71.9513
72.0612
71.3947
71.2481
71.8477
71.373
71.2439
71.612
70.5856
71.066
70.7329
70.6388
70.667
70.8274
70.6756
71.4101
71.6441
72.1108
71.3982
71.3519
72.0873
71.5255
72.212
72.9761
72.0924
71.2383
71.2519
71.4732
72.0826
71.2633
72.1252
72.3387
71.7123
71.0801
71.3323
72.6008
71.0826
72.3025
72.379
71.9921
71.1405
72.3112
72.192
72.0131
71.3229
72.6506
73.3207
73.414
72.2146
71.5826
71.5503
71.2015
72.0746
71.9747
73.8751
74.1675
74.5451
74.0558
74.0378
74.9535
72.8025
73.8913
73.2673
73.5882
73.018
71.9853
70.5194
71.2534
71.5409
71.731
72.1736
71.352
71.4026
70.4941
71.7231
72.1376
71.3706
71.7786
72.2477
71.6239
70.8562
71.0098
70.4469
71.2613
72.4884
72.4729
71.7247
72.1264
72.468
71.9944
71.9777
71.2095
70.5604
71.16
72.1882
73.2363
71.5947
72.5034
73.2885
72.0535
71.3931
72.2998
72.1735
71.4447
72.0888
72.389
72.7132
73.0046
73.2995
73.0188
72.2922
72.8824
72.7095
71.9726
72.621
72.1806
72.0216
72.7371
73.239
72.7197
72.1608
71.4447
72.355
72.8995
72.8796
72.5946
73.4083
72.6053
73.743
73.8678
74.0185
72.9354
73.0383
72.6524
72.419
72.0628
71.3706
72.3402
72.3273
72.5635
71.1824
70.3679
70.6795
71.6239
72.4533
72.0088
71.8916
72.6009
73.1585
71.8303
72.4673
71.2158
71.6335
73.8213
74.3772
74.028
73.1777
73.046
72.7087
73.0005
71.6376
71.0957
70.2214
70.4125
70.2139
71.5482
71.7825
71.564
72.1581
72.4137
72.6775
73.622
73.4352
72.6914
73.0586
71.8323
73.0931
71.657
70.7678
70.5224
71.4194
71.8046
71.7092
71.7264
70.1981
70.9756
71.4604
71.6863
72.9017
73.4545
72.0917
72.4147
72.0491
72.519
71.6893
71.6764
72.0281
71.6731
72.7385
71.7425
71.9078
71.7366
71.4678
70.7508
71.8946
70.5844
71.1685
71.3009
71.9915
73.7431
73.1213
72.7999
72.6946
72.3914
73.008
72.1186
71.9504
71.8526
71.9205
72.0033
72.0342
71.7672
70.9728
71.0874
71.1216
72.113
70.9115
71.5683
71.5191
71.3167
72.6413
72.5343
73.2633
72.1382
72.8296
71.0461
70.7467
71.1183
71.1796
72.1169
72.4621
72.6324
73.363
72.7812
70.6946
70.9982
70.7669
71.3998
71.2147
70.7158
73.0017
73.2359
72.3504
72.6038
73.2444
74.2061
72.5709
72.2839
71.1896
71.5876
71.705
72.2942
72.0181
71.8523
72.0334
72.4263
72.7476
72.7397
73.48
73.4853
74.0473
74.278
72.6185
71.0007
72.159
72.0196
71.9699
73.0143
71.9541
71.2288
71.746
72.0323
72.3772
72.9849
72.5038
71.9811
71.5486
71.4289
71.4105
72.1666
71.6924
71.7564
71.7707
71.911
72.4368
73.1232
72.6019
71.9497
71.6961
71.4064
72.2972
71.6173
70.8126
71.5667
71.8177
71.459
71.8035
72.1326
72.1538
72.9066
72.4876
72.3722
71.5298
72.015
71.3725
71.1026
71.2689
73.4549
72.5777
72.9819
72.3831
72.4565
72.9147
71.863
72.0565
72.7022
72.4708
71.4062
72.744
72.3673
71.5378
72.974
72.9448
71.4465
71.8388
71.3143
71.9599
72.4292
72.976
73.7037
72.3719
71.4183
72.3586
72.8197
73.0063
72.1839
71.8943
71.0927
72.1011
72.9519
71.9238
70.7112
71.8689
71.6816
72.5982
71.5407
72.3369
72.3363
71.987
71.7499
71.6636
71.8607
71.539
72.6343
72.2793
72.3972
72.959
71.9174
71.9395
72.2815
71.3743
71.0714
70.8223
70.8502
71.9214
71.5916
71.3328
72.4448
71.8816
72.4265
72.2219
72.9433
71.8149
71.9207
73.095
73.7129
72.7341
72.266
71.4079
71.4216
71.6546
71.4665
70.9188
70.8485
70.5123
71.3984
72.0279
72.4557
72.3943
72.04
71.6817
72.5592
73.1779
73.6349
72.7885
73.7144
74.4818
74.8821
75.4728
74.6979
74.1625
71.5483
71.341
69.8903
70.0512
70.3754
71.2454
71.4471
71.0114
71.4411
71.4104
70.3905
69.6294
69.9876
70.0539
70.1123
71.2007
71.5147
72.5314
72.7123
72.6781
72.3329
71.7074
71.5191
71.6425
72.0486
72.422
71.9012
70.6168
71.1305
70.36
70.6307
69.53
70.0162
70.9175
71.5488
71.1174
70.5392
71.7764
72.2986
72.054
71.1603
72.2629
71.8162
70.8006
71.3075
71.0101
71.7335
71.6695
71.4153
70.4506
70.495
69.7432
70.6775
70.9487
71.1275
71.3681
71.5489
71.6113
70.9715
71.2385
71.1994
71.0134
71.6752
71.9882
71.3281
72.0109
71.6597
71.4505
71.8061
72.2857
71.8096
73.3838
71.6271
71.3472
71.4943
71.293
72.7519
72.4691
71.7816
71.453
71.1757
71.8327
72.0103
71.7262
70.9468
71.4537
71.7353
71.8772
71.2441
72.283
72.8856
72.7013
72.5445
71.6276
72.5987
72.9466
72.5678
73.1393
72.2617
72.4705
72.1643
71.2541
70.9083
71.0146
70.8929
71.4127
72.6229
71.7087
71.5752
72.0112
71.2766
71.3326
71.2935
71.0805
72.5005
71.6809
72.1722
71.5671
71.8624
72.2376
72.2885
73.8618
73.4384
72.467
71.6983
72.1518
72.1092
72.2447
72.5462
72.5432
72.1551
72.6422
72.313
71.3533
72.9644
71.6245
71.7754
71.5939
72.7411
72.3712
71.8727
71.4126
71.3423
71.5473
70.6921
71.4921
71.8159
72.1004
71.8424
72.3284
72.5138
73.4172
72.8623
72.2925
72.049
71.5813
71.1188
70.9257
70.4534
70.9635
71.2128
71.6403
72.2129
71.0484
71.0363
70.4591
71.4671
73.2266
72.4262
72.7312
73.1964
71.6791
71.6946
72.2896
72.2296
71.5884
72.235
71.9707
71.9786
72.6638
72.6544
71.735
70.8521
70.8707
70.8433
71.2207
71.6248
72.0023
71.6548
71.1415
71.7734
71.4607
71.3055
72.2035
73.4372
72.026
72.5662
73.3976
72.16
71.8665
71.2942
71.0258
72.9246
72.8189
73.2269
73.3891
72.6825
71.0822
71.1956
72.5037
72.7203
72.9612
71.7803
71.9319
72.4235
71.7603
71.7877
73.1677
71.7743
70.5057
70.4415
70.5597
70.2605
70.8816
70.3426
70.1253
71.2607
71.7341
71.7913
71.8043
70.9071
71.1062
70.5763
70.8541
70.6646
71.0288
71.827
70.9233
71.568
71.6638
71.6203
71.4515
72.3739
72.3565
71.5452
72.1945
71.7843
71.5719
71.4801
71.1723
70.9139
70.8702
71.9834
72.275
73.4026
72.8963
72.548
71.7622
71.375
72.3264
71.3249
71.7797
71.7375
71.519
72.4625
71.0995
71.7518
71.3605
72.335
72.8715
72.5795
73.2709
73.6387
73.4492
73.0182
73.7065
73.1794
72.6062
72.1127
71.3148
71.688
70.8303
71.2958
71.486
72.493
71.9626
73.2883
72.4873
71.9715
71.9158
71.5597
71.849
71.1762
70.7503
71.5326
72.1506
71.7875
71.9852
72.2084
72.1982
72.007
71.0799
71.3002
71.4219
70.9491
71.5607
71.6078
70.8386
70.9149
70.8943
71.7663
71.145
70.9561
71.634
71.6808
71.9285
71.924
71.9134
72.6969
73.0337
72.1658
71.8488
71.9709
72.2215
72.6339
73.0899
73.4364
73.1431
73.1811
72.8666
72.6594
72.7513
73.9044
73.4529
72.6539
72.8836
71.5518
71.1543
70.9916
70.4474
70.4709
70.9112
71.3162
70.7179
71.8367
71.5799
72.2292
71.8371
70.8772
71.1976
71.2435
71.7058
71.8829
71.8003
71.7286
71.371
70.7918
71.1827
70.5946
71.2167
72.0799
71.2948
72.021
72.2005
72.3536
72.0712
71.8066
71.5537
71.9354
71.7533
71.811
71.7279
71.754
71.2323
70.5807
70.7289
70.0291
70.6195
72.3887
72.0142
71.871
72.9332
73.1059
72.5272
72.6014
72.5776
71.7608
72.1356
71.5881
70.6182
69.2528
71.5948
70.4695
71.9136
71.3057
72.029
71.3296
71.1881
71.3214
72.5677
73.5846
73.3055
73.0003
72.3215
72.4829
71.2619
71.8522
71.983
72.3317
72.6572
71.508
72.2518
71.7865
72.151
71.6382
72.1335
72.69
72.742
72.6005
72.6849
72.8447
73.017
72.095
71.8798
72.5881
72.9168
73.728
74.3203
74.6804
75.096
74.1896
73.9618
73.4957
72.2095
72.0995
71.8726
71.2166
70.727
71.433
71.0806
70.641
70.8451
70.7847
71.8187
71.8537
71.797
72.1598
72.7154
72.2084
71.2034
71.2496
71.8786
71.8936
72.4334
71.1137
71.2585
71.3742
71.8825
71.9681
72.3846
71.6823
71.8172
72.0558
72.0223
71.7654
71.5553
71.5117
71.5637
71.0404
71.7852
72.7573
71.6572
71.9259
71.9091
70.9111
70.7157
70.671
69.9701
69.2705
70.2817
70.6243
70.9633
71.8689
70.6964
72.3047
72.5829
72.6332
73.1444
71.8815
71.5187
71.3752
72.1269
73.3041
72.5985
73.082
72.3104
72.8326
73.331
73.478
72.4219
71.5607
70.8021
71.9823
71.2803
71.6302
71.3263
72.2022
72.057
73.3537
72.7541
72.4595
72.3278
71.096
72.5136
72.9493
73.7449
73.7427
72.6517
72.1629
71.9864
71.9141
72.1313
71.4618
70.9431
71.7873
70.9284
70.9074
70.9693
70.522
71.4475
72.0906
72.015
71.7904
71.5747
71.7343
72.0876
72.2228
71.4642
72.3246
73.0428
72.2645
72.2079
72.166
72.7267
72.3031
72.5183
73.4893
74.0706
73.0022
73.055
71.5857
72.2397
72.2734
72.2343
70.5264
71.2489
70.6063
71.3727
71.1811
73.4219
73.9962
72.4965
72.6986
73.3141
73.9622
72.5249
71.8668
70.851
71.3523
72.4572
70.6739
70.8019
70.5217
71.4362
71.7913
70.4321
70.6127
71.3841
72.2881
72.4213
70.9947
70.989
70.9533
71.6933
71.1095
72.087
73.0588
72.7279
73.4506
73.5376
72.4024
72.6663
72.4945
71.2486
71.7178
72.6404
72.5515
74.2098
75.0539
74.0613
72.9577
71.6677
72.9339
72.449
72.0043
71.521
70.6888
71.0707
71.4413
70.6546
70.2642
70.4507
70.8381
71.2705
70.8285
71.687
70.511
71.2438
71.9633
72.1718
72.2281
72.3838
71.3537
71.3654
70.8195
71.4768
71.525
70.7134
71.4112
70.9624
72.67
71.1626
71.6437
71.8956
72.1778
71.2468
71.0403
70.4156
70.0836
70.6934
71.0913
69.9826
70.2792
71.0308
71.3484
71.8072
72.4896
72.2266
72.5104
71.6308
71.3542
71.0761
70.4941
71.0866
70.8439
71.7715
72.1542
71.0996
71.5195
71.6133
71.7854
71.1819
71.1428
71.3687
71.2178
70.9838
71.6813
73.0037
73.6092
72.9526
72.4528
73.4692
72.3655
72.7782
72.7794
72.2169
73.4663
73.4435
72.9143
72.5098
72.9543
73.4863
73.2296
73.013
72.8586
73.4765
72.2023
71.9863
71.9531
71.2867
71.9461
71.631
71.8347
72.0562
71.2569
71.3604
72.5698
72.6032
71.5097
71.5691
71.5458
71.8011
71.3228
71.9843
71.6764
71.2373
72.1457
72.1471
71.7232
72.0339
71.6149
71.7319
72.2049
73.3261
71.5945
72.0049
71.2978
71.1053
70.1771
69.9343
71.0209
70.0947
69.6852
70.0768
71.2911
72.2565
71.3206
72.5574
71.4047
71.4828
72.1564
72.5629
73.0257
72.0415
70.966
71.1234
70.7451
71.3362
71.8414
72.3629
72.94
72.3649
72.8799
72.4849
71.8706
71.538
71.4538
72.1495
72.3682
71.4854
71.7784
71.6136
71.6252
72.101
71.7619
71.446
71.813
71.0831
70.7531
71.4337
71.0134
70.6504
70.8998
72.2174
72.624
72.1486
70.9097
70.9125
72.252
72.3164
72.9452
72.6239
73.9768
73.4147
72.9368
73.0243
72.8538
71.4526
69.9536
69.9797
71.6799
72.3681
72.4993
72.575
72.8315
72.72
72.0754
72.0114
72.4402
72.4213
73.6378
73.1205
73.3591
73.6299
73.7693
71.7609
72.918
72.002
72.1396
71.1504
71.8394
71.1775
71.7857
72.4969
72.9914
72.6476
71.9527
71.3275
72.5657
73.1247
73.6046
72.9212
72.9643
73.2133
72.6014
73.4045
73.0998
72.2255
71.0142
71.0558
71.332
72.1211
71.527
71.6337
71.9924
71.4562
72.1554
72.1194
72.2223
71.5394
71.4718
70.479
70.2634
71.4742
71.2719
70.3541
72.1116
71.7551
71.0299
71.6708
71.7826
71.7527
72.1585
72.1472
73.3332
72.3242
71.187
72.1918
72.7841
72.9768
72.4776
72.4111
73.6668
72.8041
72.7687
71.8602
72.0705
72.0095
73.7759
72.537
71.3868
72.7227
71.5765
71.4112
71.7616
71.1978
70.7441
70.4138
70.2562
70.5505
71.3745
73.2761
73.7569
73.9799
73.3452
72.5981
72.6946
72.8177
72.2453
73.0223
72.9518
73.0846
72.16
72.8014
73.2177
72.4852
73.6531
72.9034
72.5256
72.7245
71.9085
71.0517
72.1965
72.0977
71.1588
70.5272
70.2708
71.2901
72.4242
71.3708
71.698
70.6536
71.3654
71.6979
71.2291
70.4043
70.7031
70.9601
70.2835
71.5377
71.0993
70.9131
72.1091
71.8056
71.8673
70.8609
71.7906
71.753
72.0387
72.2294
72.864
72.2209
71.0932
71.7084
71.6089
71.9815
71.509
71.3937
71.9392
71.345
72.6794
72.5668
71.4803
73.0459
73.531
72.6632
73.1898
71.8191
71.9096
71.9058
72.4236
72.4951
72.912
71.3511
71.5505
71.8837
72.1737
71.44
72.7094
72.2646
72.3312
72.7256
73.1939
73.616
73.6916
72.8677
73.3022
72.6344
72.661
71.9673
71.9473
71.5189
71.4424
71.1903
71.694
72.0747
71.2986
70.5117
72.3786
73.7285
73.8375
73.3424
72.5926
72.3382
72.0164
71.1787
72.567
71.9024
72.6247
73.2606
73.606
73.2957
73.5365
74.2784
73.1878
72.6292
73.4491
73.4126
72.722
73.5361
72.2037
72.0403
71.6001
70.6424
71.7536
71.4699
71.2425
70.6063
70.9483
72.5191
71.8472
71.6407
72.0532
71.6801
72.4206
72.4109
72.0417
72.3617
70.6926
70.6773
71.3844
71.5301
71.1429
70.6188
71.2785
72.4156
72.6126
72.492
71.8195
71.2119
71.1921
70.8332
70.8595
71.626
71.6009
71.5682
72.4004
71.8105
71.2845
71.5727
71.3654
71.8227
72.3445
72.8347
74.271
74.6449
74.9131
74.3369
73.4443
71.6752
72.5007
71.8898
71.4283
71.9937
70.9919
70.6912
71.0381
71.1617
71.2292
71.4984
70.3496
70.9492
71.5247
71.4997
71.457
72.1619
72.5165
71.8414
71.9431
73.3471
73.5389
73.6112
72.723
73.753
73.3162
72.9955
71.3517
72.1464
71.8271
71.9388
71.9897
70.8427
70.198
69.9909
70.8402
71.6757
71.564
71.2992
72.2091
72.7029
72.2536
71.2231
71.6666
72.145
72.2564
71.7369
72.411
72.9141
72.9325
71.6201
71.5248
71.8092
71.1554
71.4405
71.6975
70.5042
70.8379
72.8182
72.763
72.228
71.5702
72.1356
71.8923
71.9898
71.541
71.4694
71.8356
71.1533
72.6845
71.9526
71.4561
71.4496
71.4988
71.9566
72.2962
71.1375
71.118
70.9196
70.7816
71.0987
72.5986
72.3332
72.1764
72.3015
72.4472
71.9158
71.706
71.5479
72.2563
70.8878
70.421
70.0069
69.8277
71.1511
70.9928
71.1664
72.5407
72.3553
71.6768
71.6481
71.7145
72.5743
73.2469
72.3143
73.3889
72.2115
71.9336
71.4534
71.9795
72.0999
71.53
71.6591
71.6628
71.2917
71.0618
70.8063
70.4072
71.1396
72.0599
71.6912
71.3946
71.2093
71.3815
71.2789
71.7256
72.5751
72.5748
72.4663
73.051
72.8294
71.4336
71.1493
70.6623
71.0743
71.1745
72.377
71.1657
71.8319
72.3534
71.0176
70.8751
71.6214
72.9162
71.7864
72.1199
72.9018
72.1195
71.6701
73.1701
73.4449
72.761
73.0588
73.7098
73.4227
72.1021
71.7723
71.9021
71.8642
71.7156
71.3485
69.9062
70.6232
71.0106
71.4251
71.869
71.1244
71.8689
70.7079
71.1343
71.6446
72.0077
70.8143
71.0342
72.5842
72.685
73.1905
71.6804
71.7387
72.2039
72.9844
71.6914
72.0342
72.4188
71.6702
72.2279
71.8701
71.2959
70.934
71.0428
71.8923
73.1593
72.5337
72.5761
72.4856
72.8219
73.1746
72.9306
71.758
71.6037
71.2214
72.0414
72.0896
72.2512
72.5662
72.5998
72.1133
71.5555
71.4451
72.4299
72.5738
72.8558
71.5845
70.7367
70.8964
71.6148
72.1345
71.6504
71.2317
71.4427
72.1705
72.1546
73.1853
72.2798
71.9268
72.1952
73.6793
72.0485
71.2318
71.8022
73.2658
72.8582
72.3397
71.9254
72.8446
73.5604
72.8104
72.036
71.6064
71.1815
70.6735
69.9516
70.8154
71.6278
71.9402
70.783
70.5936
71.3317
70.9735
69.8145
71.1036
71.2827
70.9913
70.5805
71.3743
72.1372
71.2859
71.1548
71.6409
71.271
71.2058
70.8391
70.8328
71.2472
71.771
73.0084
73.1327
72.7571
72.393
72.7182
73.5312
72.6738
72.7895
72.6202
72.3206
72.3641
71.3435
71.0657
70.0146
70.3527
71.2239
71.3061
71.3156
71.5424
71.2599
71.308
70.8544
71.4116
71.6949
71.3388
70.5218
69.9131
71.3607
70.982
71.7462
70.5882
69.8597
69.9107
70.7559
70.9118
71.0587
70.4229
70.4127
71.7978
71.4301
71.8712
71.6875
71.7995
72.5528
70.7586
70.3537
70.7048
71.2903
71.8132
71.7462
71.3313
71.3357
71.7295
71.9251
72.6937
72.233
72.0194
72.5302
72.8694
72.2687
72.6198
72.3422
72.5165
73.078
73.0232
71.6621
72.0345
71.8402
72.9572
72.4806
73.2924
73.3664
73.5069
73.4128
73.3127
71.4917
71.6779
71.0229
70.7937
71.0394
71.3882
70.2925
71.0206
71.5818
70.2381
70.7144
72.2915
72.4048
72.1557
72.3885
72.4395
71.9644
71.8733
72.01
73.0784
72.7287
70.8491
71.1644
70.4459
70.443
70.5052
71.1277
71.0248
71.1894
71.8679
71.8819
71.4209
71.6795
72.3176
72.1831
72.9244
72.644
72.6445
72.6517
71.9756
71.3757
71.209
72.0602
72.1365
71.9143
72.6485
72.0144
71.6954
72.0482
71.9897
71.4427
71.9205
71.0056
72.3554
72.0374
72.4779
72.6526
72.2959
72.4647
72.7919
72.8247
72.2894
73.2948
73.1203
72.7668
72.4226
72.2289
72.2152
73.167
73.1531
72.2375
70.8706
70.6194
71.0731
70.44
70.7184
71.8544
72.2193
73.2377
73.8229
73.7588
73.8486
73.4415
74.1229
73.5424
72.6639
73.008
73.3963
72.4444
72.55
72.1402
71.0677
71.3146
70.8183
70.3236
71.1103
71.0218
70.4223
70.5034
71.2276
70.2598
70.2157
70.2964
69.9041
70.7998
71.6149
72.9128
74.0746
73.0943
72.8369
72.0296
72.5169
72.2028
71.7492
72.0014
71.3789
71.7633
72.7356
71.9021
71.6087
71.4785
70.4117
70.0871
69.4659
70.2704
71.6718
72.2968
71.8984
71.8962
71.9646
73.3279
72.3114
72.3764
72.4811
72.5462
72.4911
71.5242
71.1397
73.341
72.7323
71.9826
71.5708
71.8541
71.2264
73.5499
71.1613
71.5089
71.0936
71.229
70.6532
71.482
71.0738
70.9446
71.4573
71.7403
71.8445
71.7457
71.6606
72.4911
72.9404
71.9948
71.0452
70.9225
71.7675
70.9382
70.3153
69.9229
70.1994
71.0471
71.9855
71.9898
71.5452
70.9152
71.1759
71.1195
70.9922
71.6051
71.3816
70.9439
70.2401
70.5484
70.9527
70.9791
72.7956
72.2314
72.2839
72.2772
72.5635
72.9603
71.7476
72.3247
72.0127
71.1925
71.0457
71.986
70.8554
71.0926
70.3037
69.5365
70.8522
70.5822
70.1893
70.6603
71.0389
72.1213
71.5314
71.4235
70.3383
71.5172
70.8491
70.0967
69.41
70.7255
70.7471
71.0877
71.3906
71.7311
72.0207
72.0787
72.2092
72.2046
72.0621
71.8212
71.5091
70.0997
71.8105
72.8299
73.1616
72.1695
72.7963
73.1206
73.117
74.4852
73.7287
72.8831
71.207
70.8063
71.7236
71.2438
71.9187
72.3075
72.0473
70.5094
70.8028
72.3804
73.4407
72.9759
73.4923
73.2266
73.0673
73.6731
73.5189
73.5905
73.6184
72.2563
71.9603
71.1216
70.7577
71.7448
71.363
71.4595
71.6857
72.1937
72.2476
71.7399
70.578
70.9124
70.926
70.4538
69.8938
70.3928
71.6642
72.1743
71.5838
71.9658
71.3113
72.0589
72.3108
72.1996
72.8019
72.395
72.2468
72.979
72.5845
73.3705
72.0559
72.3989
73.2386
72.7681
73.0479
72.5757
72.4102
71.6266
71.7948
70.608
70.9014
71.1329
71.4126
71.5994
72.553
72.9655
72.7322
73.3617
71.9454
73.7125
72.3824
73.5442
72.656
72.8615
72.8208
72.0344
71.7831
72.1439
71.8357
72.7292
71.7446
71.5556
71.2013
71.7678
73.3344
72.3451
72.5183
72.9605
71.2821
71.0419
70.8971
70.6971
70.2307
70.4779
70.8042
70.8384
71.0418
71.5591
71.5695
72.9568
72.1058
72.075
71.5027
71.7594
71.4306
71.4195
71.5214
71.3805
71.9545
71.8252
72.5941
72.4583
71.9313
70.8509
71.6595
70.9902
70.9578
70.2544
71.2942
71.0091
71.4715
72.0073
72.1622
72.8322
73.2887
72.913
72.9648
72.8705
72.1542
72.3239
72.8272
72.1967
73.7929
73.1544
72.8569
72.2878
71.604
70.8931
71.9119
71.9355
72.4988
72.759
72.0944
72.8722
72.6011
72.8978
73.1142
71.67
71.69
73.1422
75.1279
74.5271
73.4827
73.7106
73.6701
73.6905
73.5554
73.0697
73.0637
73.7898
73.3408
72.4225
72.977
73.219
72.6797
72.2114
71.9424
72.2135
72.0358
71.913
72.1817
72.5691
72.7273
72.2756
71.8943
71.6506
71.7972
71.281
71.0394
71.1986
71.9712
74.0645
74.4572
73.3509
71.992
72.1186
72.3879
72.1846
72.0688
71.4107
71.6197
72.396
72.1197
73.5355
74.2163
72.9174
72.7787
71.0276
71.6889
72.3399
72.2863
70.7124
70.8198
70.3344
70.6962
71.1941
72.0776
72.0633
72.1354
70.9118
71.0586
72.4625
72.4041
71.9384
71.3973
70.8484
71.9727
71.6982
71.2983
71.3408
72.7658
72.1041
71.6686
72.16
73.264
73.0954
74.1363
73.7058
72.1177
72.4804
71.7357
72.2141
72.1103
72.0516
71.586
72.1731
72.2774
71.729
72.5428
73.2213
73.2067
72.791
72.9031
72.7576
73.0193
71.8062
71.8392
71.8045
71.6818
71.0572
70.5152
70.967
71.3474
70.3385
70.6042
71.2261
70.5
69.7854
70.4035
71.5952
71.0762
70.6249
71.6404
70.5926
71.7548
71.5295
71.6055
71.8456
71.1981
71.397
72.2949
72.1261
71.4242
72.0159
72.4264
72.3526
72.161
72.0002
71.6447
71.6259
72.1879
72.0868
73.9668
73.1184
71.5845
71.6961
71.8586
71.4355
71.7424
71.4576
71.7288
71.345
71.8221
72.3196
72.8048
72.9064
71.3179
71.538
71.9066
71.7942
71.4603
71.8443
71.594
71.1921
70.4671
71.3898
70.3583
71.206
71.2384
72.3853
72.4648
72.1476
71.4519
70.8078
70.7858
71.4247
72.0239
71.7996
71.4233
71.9911
71.4828
70.6467
70.3365
71.0602
71.1233
71.4904
70.8274
71.3413
71.205
71.9531
73.1303
73.0715
72.6053
72.3679
71.7039
71.5311
71.5252
71.4301
71.0026
71.4025
71.8361
72.3249
71.8913
72.1509
70.9356
69.8553
71.4097
71.4169
71.2742
70.638
70.2486
70.1301
71.0417
71.2849
71.172
71.6308
70.6909
70.4642
70.5288
70.7423
71.3876
72.3297
73.0216
72.5842
72.9245
72.452
72.3687
73.2843
73.2894
73.0587
73.182
72.9293
73.017
72.6178
72.3867
72.2853
71.4623
71.7081
71.6866
71.7028
70.5827
70.3798
70.6298
72.1291
71.8101
70.9188
71.7038
71.5145
71.6576
72.1519
71.8876
71.8956
73.5555
72.3227
72.2602
71.7114
71.4651
71.5488
72.0606
71.4094
72.3714
72.2515
72.2724
71.4542
71.155
72.0358
71.0353
71.0225
70.8837
71.5709
72.8711
71.5001
70.766
70.966
70.875
72.905
73.7456
71.9571
72.2398
72.7957
72.1018
71.6441
71.4082
71.8578
71.7461
71.7335
70.8656
71.4207
70.5109
71.9739
72.8259
72.0403
71.1313
71.2013
71.528
70.9396
70.0723
70.6003
71.4483
71.8673
70.6342
71.517
70.4223
70.5096
71.8657
71.5563
72.6305
72.6831
73.5119
73.6068
73.1642
73.1879
72.5038
70.7267
71.7273
71.4218
72.4821
73.3811
73.1514
74.2224
73.479
72.6577
73.0283
72.5886
71.9938
72.8541
73.1029
72.5386
72.2844
72.7842
72.1988
71.8469
71.925
72.2179
72.1392
71.6024
72.0567
72.9966
73.6515
73.4297
73.8414
73.7765
72.939
72.2996
71.2221
71.5816
71.5878
71.7367
70.3347
70.769
70.3261
71.301
71.665
72.6168
72.2486
72.1567
72.4027
72.8576
71.7018
72.7432
74.9243
74.3989
73.8819
72.7135
71.6104
71.9946
72.5075
72.7784
70.8413
70.5333
70.4258
71.2205
70.1215
71.4788
71.733
71.8003
71.6203
71.8825
71.4451
72.1043
72.1668
72.7131
73.0965
72.5105
72.175
72.7063
72.9498
72.0853
71.996
72.2308
71.9948
71.8696
72.7329
72.3482
70.4795
69.6896
69.8013
69.453
70.7375
72.3263
71.7404
69.6739
70.5067
71.7009
71.1963
71.0301
71.1339
71.6267
73.3027
71.4649
72.9292
71.7382
71.5051
72.7372
72.4636
72.1674
71.4696
71.6702
73.5544
73.537
72.5224
71.8123
71.1063
71.6332
71.0341
70.7888
70.8395
70.4252
71.4637
73.2843
71.5521
71.4537
71.5789
71.4422
71.6264
71.1527
71.5992
72.3102
72.1106
71.9633
71.2539
71.2796
70.9065
70.2261
70.1579
70.228
70.5879
71.0204
71.1502
70.7947
71.6918
72.1369
71.5621
71.4024
71.6576
71.8804
71.7376
71.6518
72.2847
72.0327
72.5042
73.106
72.6756
72.5394
71.8974
72.2648
70.9352
71.6944
71.414
70.8578
71.6507
70.7918
71.2828
72.8696
71.8702
71.4414
71.2448
72.0711
72.0824
71.1301
70.8935
71.1398
71.6124
71.6773
72.1431
72.1661
72.0311
72.2555
72.5033
73.6756
73.3005
73.1667
71.9091
73.2298
73.002
71.6624
71.5529
71.1395
72.0855
72.8142
73.3362
73.4021
73.6548
72.0453
71.6045
71.937
72.3284
71.5883
72.5134
71.5653
72.7882
73.3071
73.0167
73.1706
72.6597
72.1985
70.818
71.397
70.4222
69.8461
70.3738
70.8461
71.705
71.3265
72.5599
71.9252
71.1891
71.1193
71.7507
71.9176
71.233
70.9075
71.3421
72.8471
72.3323
72.6899
72.5001
72.3732
71.6915
72.2143
72.48
72.2669
71.2118
70.9685
71.4983
71.1144
70.878
70.586
70.8382
70.9706
70.6594
71.8462
70.9911
71.4651
71.3159
72.371
72.6903
71.6119
71.9157
72.0271
73.048
73.3292
71.7265
72.0065
71.2307
71.0513
71.4814
71.5311
71.0435
70.5589
70.0736
71.0861
70.2659
71.2389
72.7271
71.5757
71.7741
71.7075
71.5661
72.0414
72.516
72.4821
71.3749
71.5536
71.7187
71.5068
70.9584
71.4148
71.1125
71.0425
72.2209
71.7552
71.41
70.8138
71.0275
70.9679
70.618
70.773
71.1554
70.8216
71.2467
71.7739
70.478
71.0672
71.4417
71.1489
72.2395
71.9902
71.2406
70.3393
71.3802
71.9551
71.2169
72.2706
71.877
71.4342
71.4863
71.0788
71.3108
70.7664
72.3502
71.3268
72.0686
71.2192
72.5426
72.4782
71.8861
72.2858
72.3849
73.1335
71.4135
71.9492
72.7284
71.8006
72.0795
72.612
72.3742
71.5673
71.0474
70.8726
70.924
70.7743
70.3134
70.8305
70.7946
70.7759
70.332
70.8674
71.1904
72.2678
72.3077
71.5068
71.4735
72.2891
71.8229
70.9249
71.9739
71.8908
72.47
72.2249
72.522
71.8815
71.0161
71.4768
72.7259
73.3712
71.5454
70.066
70.8359
71.3312
70.8139
70.0612
70.2593
70.8197
71.0675
71.4613
71.1707
71.0882
71.0643
71.7686
72.4135
71.7583
72.1407
72.5701
72.4024
72.2346
72.1601
72.7943
71.4617
70.4823
70.3439
70.3085
70.8239
71.4408
72.0689
72.4855
72.3225
73.2852
72.8254
72.4512
73.0309
73.2295
73.4527
72.0788
71.295
70.4449
71.7732
72.755
73.1936
72.4015
71.8223
72.1902
73.4475
72.0289
71.9673
73.2191
72.2192
70.831
71.1707
71.5619
71.833
71.8824
72.4214
72.3551
71.7635
71.4348
71.9468
71.7208
71.4842
71.6172
71.6055
71.6417
71.0347
71.4408
71.6703
71.0079
70.345
71.1207
71.483
73.0926
73.4641
73.1383
73.3785
73.3906
73.5871
72.7351
72.7854
71.8839
72.7406
