474.474
459.148
441.563
425.762
408.522
395.533
385.777
377.365
368.751
363.277
359.669
355.101
348.73
342.98
338.118
332.968
328.326
324.799
322.141
319.938
317.471
315.443
313.226
309.734
308.666
306.879
303.922
300.722
298.642
294.694
288.572
283.593
279.001
273.573
270.378
267.041
265.271
261.852
259.674
257.583
254.327
252.157
249.797
248.464
246.305
243.564
240.83
240.014
237.474
236.879
235.47
232.221
231.373
230.919
228.681
227.118
227.834
227.971
227.864
227.499
226.31
225.24
225.388
223.651
221.387
220.322
219.252
217.428
215.051
212.854
210.931
210.25
208.319
204.691
203.403
201.864
199.771
199.366
198.076
195.796
194.153
194.334
193.176
192.058
190.487
189.484
188.316
186.261
184.527
183.899
183.392
183.664
182.596
182.536
180.885
181.381
179.862
179.642
178.706
178.645
178.743
176.704
174.654
173.643
172.761
172.237
172.608
173.14
172.841
170.332
169.674
168.954
168.461
168.798
169.29
169.094
167.213
167.042
167.386
167.425
167.474
165.374
163.147
159.89
158.028
157.166
155.922
155.68
154.131
153.372
154.425
154.164
153.397
151.795
150.669
151.35
151.106
151.112
151.619
151.204
149.976
150.486
149.81
148.32
148.259
147.291
148.195
146.844
144.35
144.097
143.423
142.076
142.625
141.49
141.445
141.748
141.625
140.157
139.829
139.36
138.756
139.932
140.265
140.485
140.623
140.843
140.752
140.311
140.877
138.819
138.231
135.809
133.829
134.573
134.265
132.403
131.308
131.356
131.252
130.654
130.566
129.008
128.346
127.774
128.324
127.116
126.072
124.547
124.547
124.793
124.985
124.145
125.004
125.042
124.393
124.14
124.722
123.701
123.589
121.714
123.487
124.029
124.131
124.672
124.768
124.728
123.941
122.618
123.08
121.215
119.882
119.47
119.619
118.544
119.473
118.32
118.442
118.688
117.98
119.006
116.564
116.566
115.937
114.075
114.594
115.091
114.006
112.787
113.368
112.321
111.977
112.343
111.993
111.811
111.359
109.969
109.785
110.788
110.307
109.825
107.885
107.3
106.931
107.608
108.406
109.762
111.361
111.368
109.677
109.8
108.035
106.554
105.66
105.714
105.718
105.387
105.068
105.351
104.231
104.088
103.329
102.584
101.763
101.558
102.584
102.379
103.627
101.572
101.587
101.149
100.226
99.9962
100.988
100.416
101.868
103.069
102.575
103.798
104.072
106.46
105.841
105.398
107.085
107.379
106.573
105.408
103.94
103.264
102.167
101.392
99.763
100.166
99.6638
99.2392
98.8673
97.7895
96.9423
95.9441
95.5445
95.0483
94.5866
96.9284
97.569
96.8066
96.3939
96.5516
96.7669
95.6483
96.4887
95.1332
94.5555
94.0711
94.2871
94.0099
92.7575
93.6905
93.1196
93.0756
92.9199
92.8996
92.7014
92.4925
92.7717
91.7841
92.736
92.2878
91.1109
91.6632
89.9325
89.8643
90.4096
91.1932
89.6956
90.3769
89.7903
90.0399
91.2774
91.3803
91.3087
92.8571
91.861
91.2974
90.7275
90.2281
89.2621
88.9524
91.0767
91.9934
93.3166
94.18
95.7141
95.5242
97.1516
97.3477
97.0398
94.911
93.5986
93.0863
90.4761
92.1788
93.7788
94.0466
94.9528
95.5775
97.9035
99.6043
99.5605
98.0445
98.0287
96.6717
94.7613
93.9748
92.9535
90.8337
91.3415
88.7703
88.8788
88.4557
88.8966
88.3516
88.0839
88.2911
89.4053
88.6355
87.6252
87.7958
86.9668
87.0868
86.931
87.3524
88.2235
88.1849
87.183
86.4504
87.2862
88.539
90.1923
90.2363
89.743
90.0684
89.1455
89.3477
89.7455
88.2334
86.8005
86.0066
86.49
86.8647
86.4248
86.6919
87.0227
86.4789
86.7027
87.336
86.5427
87.0888
87.3658
87.7432
87.519
87.1358
87.6539
86.6286
86.7751
86.4565
85.6734
86.269
86.4352
87.1954
86.671
85.7562
87.1488
87.408
85.4746
87.0382
84.7956
86.5304
86.5458
86.9314
87.4959
85.6624
86.2438
87.0044
87.2333
86.8222
87.6496
87.7693
86.3263
87.2717
88.6738
89.5538
88.9822
89.9502
88.1539
87.203
85.7095
85.668
85.2867
85.1566
85.1332
84.7088
85.5399
85.9848
84.7403
83.5089
83.4753
83.6141
84.1488
84.0427
84.3232
83.4544
82.7506
83.5224
83.6579
83.8193
83.5512
83.4828
84.154
84.7605
83.903
83.3938
83.8078
82.5732
82.2862
82.569
83.749
83.9046
82.8053
83.1372
83.6038
83.422
84.0937
84.6971
85.5685
82.5842
83.289
83.2226
84.4862
84.167
84.9889
85.3363
86.8825
88.8574
89.9698
91.4349
92.3533
92.2506
92.2638
91.1052
89.8881
89.7181
88.3156
86.6913
86.7029
86.7386
85.8756
85.8935
84.0295
83.1951
82.2069
82.9425
82.3048
82.6561
83.9821
84.2429
83.9054
85.4388
84.4726
84.2715
85.6936
85.7371
85.5914
85.8432
85.4655
84.8425
84.4844
84.6744
84.2336
83.4892
84.0863
83.6502
83.6051
81.8843
82.9612
82.6639
82.3326
83.7593
83.2528
82.6547
82.5272
83.3394
84.2519
84.2431
84.2873
82.7522
83.2347
83.509
83.7455
83.6345
82.6865
83.0007
82.6196
82.958
84.0077
83.9109
84.6154
85.1008
85.9162
87.0444
87.9544
89.8472
88.885
87.6794
85.962
86.0359
84.5091
85.0308
85.8153
86.6247
88.929
89.6769
90.0077
88.8547
88.6832
89.5474
88.9683
88.703
87.0937
87.2034
86.1509
85.4883
83.3109
82.681
83.0458
82.5199
82.9924
83.8918
84.8346
84.1489
83.427
83.3935
81.2522
81.6547
80.5742
81.3671
82.0768
82.9256
82.2963
82.0148
81.091
81.0122
80.3817
80.1023
81.1831
81.5998
81.2793
80.7484
80.863
81.3776
80.7439
80.246
80.4149
81.3138
81.7359
81.4078
80.2571
79.6987
80.0245
80.0564
81.2792
82.2281
81.537
81.8211
81.7131
80.4852
81.2628
80.295
80.1361
79.7798
79.0346
79.4609
79.7456
79.9589
79.8846
80.6971
80.2387
81.0801
81.2009
81.8115
80.7377
80.6147
79.898
80.5553
81.2995
80.1522
80.4555
79.9886
80.9695
81.4221
80.539
81.8793
82.2228
82.1542
81.3281
79.6219
80.3214
80.1058
80.5788
80.9982
80.6909
80.0732
80.5155
81.1781
81.0518
81.205
80.3285
79.6006
78.4277
78.6173
80.1783
80.4103
79.7117
78.8923
80.0548
81.0287
80.6833
79.4709
79.5596
79.5626
78.7754
79.4549
78.2901
79.178
78.6088
79.2405
78.5139
78.5619
79.692
79.4207
77.6645
79.0515
79.274
78.8313
78.549
77.9978
78.098
78.7943
78.6215
80.5997
81.0067
81.1401
80.828
80.1468
80.858
80.693
80.6936
79.9531
81.3579
80.8884
79.1613
78.0497
77.9069
77.8903
79.4244
78.4247
78.9002
78.5135
79.6117
80.0527
79.5394
79.8336
78.8178
78.5006
78.34
78.0866
79.0024
78.2047
78.3836
79.2171
81.3232
80.422
80.6456
80.9547
80.6302
80.5161
79.6619
78.6055
78.5109
79.1157
80.0302
79.9066
79.4124
80.1741
80.3541
80.6584
79.9289
79.5463
78.8163
78.2267
77.781
78.3776
78.924
78.4196
78.3465
78.766
78.8253
79.4046
78.5407
77.663
77.9442
77.9018
78.6152
79.1031
78.7778
79.4397
78.0142
77.683
78.9384
79.3918
78.7883
79.4485
79.6657
79.9047
78.8572
79.3022
79.8144
80.0831
78.1373
77.9586
77.5884
77.8041
78.2321
79.6294
79.4998
80.8044
80.2885
80.2645
78.9822
79.0215
78.6278
77.3352
77.8397
78.28
77.3999
77.2616
77.404
77.0882
76.7487
76.9794
77.3706
79.4054
78.3417
77.874
77.7018
79.0415
78.6046
78.6481
78.2604
78.8236
78.9026
78.1881
78.4334
78.537
79.426
79.0862
77.5506
77.7295
76.1977
76.9391
77.8444
77.0437
78.0407
78.6584
78.8869
79.5006
78.6613
80.3472
77.9882
78.5609
77.7299
77.7987
77.5432
78.2144
78.9462
78.2366
77.9696
76.9509
77.8799
79.0726
78.9536
78.1976
77.7627
77.8938
79.5614
78.6874
79.2224
79.0252
78.7697
78.6266
78.6944
77.3421
77.1323
76.7983
77.2527
77.9483
79.4615
78.6269
77.7796
77.337
77.6959
78.4775
78.1192
78.5422
78.9055
78.2735
79.288
79.38
79.1682
79.4672
78.3476
77.6695
78.3778
77.856
78.6923
78.3836
78.3408
77.1009
76.4655
76.1514
77.3834
77.0864
77.9851
76.744
77.6808
78.2356
79.6974
78.3158
78.3682
78.0918
77.7173
78.7922
79.5642
79.0163
79.1361
77.5501
77.8378
77.0065
77.4815
77.559
77.4418
77.5982
77.8251
77.4627
78.5205
79.5606
79.7221
79.0555
78.903
79.0818
79.4288
79.69
79.0206
78.4756
78.5562
77.5601
77.8834
78.1633
78.0705
77.8772
77.7974
77.6963
77.3473
75.9928
76.6501
77.8625
77.5129
76.8926
77.2895
76.3237
76.7841
77.7689
77.1583
78.0035
77.7282
77.7911
77.4175
78.1547
79.9586
78.9089
77.7591
76.985
76.7203
77.4459
79.0314
79.2457
79.619
78.6977
78.0706
77.4641
77.2664
76.4931
76.2945
76.1687
77.0745
78.0897
78.2843
78.2857
77.3375
78.4371
77.0934
77.2688
76.204
76.8953
76.7675
76.8629
76.9498
77.4724
78.554
79.999
78.4996
78.4769
79.0667
77.7055
77.548
78.2153
77.9621
79.0164
79.086
79.7083
79.7763
79.2621
79.0256
78.6861
78.3369
79.0454
79.4074
79.3164
80.1326
80.8139
79.5029
79.5177
78.8726
78.0446
76.6769
77.4562
78.0816
78.2812
79.0259
78.8071
78.8181
77.8253
77.2669
77.1361
76.5845
77.6779
78.235
76.5405
76.5967
77.2119
79.0618
79.4863
78.7474
77.2264
77.1265
78.0129
78.7012
78.0335
78.6457
77.3314
77.7811
77.7433
77.9413
78.4505
78.0639
78.2685
77.0784
76.5088
76.923
76.045
76.8828
77.4963
77.127
78.9371
77.9435
76.6795
77.6136
76.32
77.242
77.6249
78.0547
77.6639
79.1799
78.6377
78.022
77.0801
78.0622
79.3918
80.0933
79.8939
77.5519
78.4321
78.0677
78.411
78.59
78.5975
77.122
78.1435
78.1807
77.33
78.0918
78.6306
78.594
78.3282
79.7422
78.4953
78.2641
77.4334
77.0045
78.1893
77.6193
77.2921
77.6271
78.519
77.2845
76.6081
77.5386
78.8778
78.9246
77.9284
77.177
75.7486
75.9605
76.5757
77.25
77.7471
77.3883
77.7075
77.7578
76.4389
77.3471
76.7327
78.3462
78.2645
78.5175
77.4446
76.6995
76.9069
77.5332
77.1774
76.5439
76.8659
76.2342
76.5083
78.0759
77.8855
77.9402
78.8575
78.5007
77.4672
78.05
77.8961
78.53
76.7739
76.9925
77.6408
78.1272
77.2106
77.2227
77.7285
77.1868
76.9988
76.9284
76.9241
76.6591
76.7503
76.1813
76.2811
76.0674
76.9406
76.6128
77.2211
78.6921
78.0449
77.0914
76.5401
76.1271
76.7438
76.8865
76.7395
76.9756
76.4136
76.5644
78.1145
79.0996
79.2772
79.4141
80.0157
80.4982
79.4102
79.3968
79.3474
79.8787
79.2471
78.8575
78.7044
77.9563
78.7456
77.0818
76.9495
78.1291
78.1856
78.1126
78.0943
79.5081
79.1534
77.8848
77.8429
78.2217
77.9076
76.7206
77.2151
78.1466
77.8243
78.2385
76.9575
76.9475
77.434
77.192
76.6539
77.5415
78.7848
79.3543
79.7745
79.3064
77.6386
78.4827
79.1024
78.6376
79.7717
79.7283
77.7588
77.1897
76.589
77.7629
78.61
79.1574
79.4431
80.3265
80.1749
79.6834
78.5045
79.0952
78.164
77.4379
77.8737
77.7695
77.6043
77.4344
77.4668
77.1413
76.4626
76.3006
76.8012
76.7039
77.5389
76.6805
78.7605
77.8353
79.0209
77.5412
77.322
76.2864
77.4275
76.1276
76.4007
77.1822
78.4475
77.4755
76.8676
76.6339
76.2166
75.9904
75.806
75.9128
76.1749
76.2403
76.1281
76.2492
76.7012
76.4449
76.3259
76.324
76.8338
76.796
75.3021
76.5206
76.0088
76.9332
77.3952
79.0916
78.8461
78.364
77.4789
78.5273
78.8227
79.109
77.7218
79.7819
79.9949
78.7654
79.1856
79.0998
79.1352
78.6968
77.0052
78.2596
78.8682
79.2496
78.3257
78.6001
79.0897
79.6378
77.8924
77.7096
79.023
79.1523
79.6616
78.8938
78.199
78.8581
78.7208
78.782
79.3944
78.6198
78.8509
77.7682
76.8961
76.0348
76.8361
77.8256
78.6763
78.8055
78.1166
77.7716
77.893
77.38
77.4823
77.2994
78.1757
79.688
79.5135
78.3871
79.8193
79.0377
77.2342
76.9916
76.8183
76.7233
76.7253
77.4724
77.9097
76.654
76.3396
77.6372
77.2384
77.8659
77.9988
77.3367
78.8057
78.9084
77.9071
76.9307
77.8629
77.6405
77.5439
78.9887
78.0239
77.9105
78.1477
77.9379
78.0862
75.7587
76.5657
77.7069
77.1534
77.1754
76.7065
77.0649
76.7384
77.3135
77.1158
77.9289
79.2211
78.7449
78.5766
77.3567
78.6225
78.4563
79.8559
78.9963
80.0361
79.2015
79.7893
79.1839
77.7032
79.0258
77.6828
77.8427
77.8507
76.9921
77.6091
77.8941
77.4157
77.3056
77.2233
76.9645
77.5789
76.665
76.4423
77.1401
77.7545
78.0745
78.5039
79.5819
79.6706
79.0094
79.6624
79.4588
77.5863
78.5412
78.1751
77.7195
78.2457
80.2233
80.7647
79.3273
78.6338
77.8324
79.0802
77.9327
78.2496
78.087
77.7254
78.1323
78.49
78.0485
77.5912
76.0425
76.0955
76.9077
77.1342
78.4433
77.7396
78.0155
77.2668
77.9746
78.3647
77.8117
78.275
78.7696
77.2241
76.8865
76.6514
77.7883
78.2007
77.6013
78.4574
78.4137
78.5592
78.3818
78.8512
78.6694
79.0863
77.5747
79.187
77.8196
77.816
77.1941
77.755
76.483
77.6627
78.4515
77.6221
77.0721
77.1218
77.3402
77.6145
77.2057
78.2097
77.4478
76.9709
76.5613
76.5788
76.8868
76.4254
77.0227
77.1696
77.1886
76.0994
76.0469
76.9378
77.3851
77.4026
77.985
80.0419
79.7199
81.2834
79.3378
79.4761
78.63
78.0698
78.8097
79.7162
79.445
79.8851
79.6719
79.2021
79.8917
77.7937
78.7623
77.7186
77.9566
78.7694
78.2954
79.1421
77.7758
76.7089
77.1208
77.0504
77.3033
77.1061
77.8492
79.2269
78.8691
78.396
77.2871
77.2999
77.3923
78.1373
78.7322
77.6832
78.2572
78.6008
77.2846
77.9265
77.7313
77.0771
77.1459
76.1789
76.6413
78.4712
78.3669
78.8862
78.2703
78.75
78.2089
78.3426
78.161
77.9476
77.8852
77.5996
78.6649
79.2401
79.6636
78.6665
78.4783
78.6932
77.7806
77.3029
78.4219
78.4106
77.2912
78.265
77.0057
77.102
77.4033
76.2233
76.4583
77.1032
77.3299
76.7083
76.6755
75.6038
75.9827
75.6449
76.6311
75.9839
77.4789
78.422
78.037
78.1887
77.8617
78.6304
77.8223
78.4908
78.7817
77.7426
78.3079
78.0262
77.742
78.1739
77.086
76.1522
76.7495
76.9818
77.6616
77.7406
77.7558
78.2605
79.05
78.392
78.1177
78.1835
77.9233
78.6118
77.1334
76.9234
76.9259
76.808
76.2884
76.9188
76.8599
78.0045
79.0797
78.8127
77.3508
77.076
77.4469
76.5524
76.5268
76.8644
76.949
75.9394
76.5377
77.347
78.574
78.0309
77.5344
77.9184
77.58
77.4621
77.2619
77.6042
77.0517
76.688
77.2794
77.0781
77.6261
77.3654
77.9922
76.9661
76.1305
77.3566
77.0372
76.6093
78.3242
78.3869
76.812
76.4485
75.357
76.267
77.183
77.315
77.7083
76.5104
76.5155
75.8799
75.0108
75.4659
76.4836
76.9816
77.0961
77.506
78.1053
77.2382
77.3208
77.7361
78.1559
77.1212
77.1003
76.7987
76.8297
76.4582
76.7566
77.3519
77.6606
76.9408
77.3594
77.1656
78.4385
78.8252
78.7066
78.709
78.1788
77.5205
78.284
78.7782
77.719
78.3187
77.4421
77.1792
77.1543
77.665
77.3101
77.812
76.928
76.8161
76.8239
76.0807
77.3988
77.4696
78.1644
78.3278
78.2308
78.2038
78.7345
79.3294
79.4713
78.5188
78.3973
77.6183
77.881
77.8948
78.8548
78.1434
77.7621
77.5095
78.7901
77.8233
78.9995
78.0226
78.095
78.738
78.9299
77.5097
76.913
77.2851
77.9863
76.7345
77.877
78.6832
78.4337
79.1962
79.13
79.8098
78.8013
78.6105
78.2526
76.9737
77.4791
76.8723
76.9858
76.9827
76.2252
77.7536
77.6392
76.5789
76.0047
76.5856
77.9703
78.2484
76.5914
76.7206
78.0901
77.9513
78.6196
78.0664
77.7146
78.7593
78.5947
77.969
77.9577
77.6226
78.064
78.6076
78.9221
78.0971
78.8055
79.2549
79.3992
77.712
78.2146
78.5947
77.468
76.0837
76.5797
76.9755
77.6585
77.1578
76.8007
76.7913
76.6349
77.0033
77.0725
76.8079
77.8966
77.9079
78.9163
78.7087
79.0001
79.3584
78.8129
78.854
78.5598
76.9725
77.173
77.3713
78.4337
76.8519
77.5001
76.5019
76.7866
77.3406
77.1133
76.4624
77.2973
78.2348
78.1205
79.2392
78.2358
76.8547
76.3522
77.9166
78.7724
79.2199
78.3501
77.9178
77.3128
77.6929
77.6357
77.213
77.2849
77.5054
76.8558
76.2238
76.2896
77.1854
78.1037
77.7416
78.1089
78.0942
77.6598
78.0794
77.0052
77.8777
78.7743
79.708
79.0446
79.1497
77.899
77.7708
77.2989
77.8599
76.8309
77.1616
77.5804
77.341
77.6608
78.596
78.0205
78.6133
78.0713
78.3431
77.9417
77.515
76.9657
76.5538
77.4911
77.7146
78.1841
78.098
77.1034
77.9902
78.7976
77.8826
78.3045
79.2697
77.8998
78.1767
78.0733
77.7601
77.7884
77.3187
77.0792
76.7388
76.7082
76.3196
77.4441
77.1511
78.226
78.195
78.0703
77.1656
77.3564
77.9051
77.7265
77.6034
77.6378
78.1972
78.0559
78.9286
78.1831
77.488
77.6355
79.2117
78.3926
77.1029
77.8676
77.5779
77.0686
76.9942
76.0074
76.9275
75.7412
76.8875
77.0871
77.3795
76.5762
77.4051
78.3544
78.0076
77.8175
77.6285
76.7465
77.4309
78.0286
77.7135
77.7025
77.7706
76.8915
76.6015
77.3126
77.1456
76.4094
76.9
76.7961
77.0373
77.1837
76.9134
77.8071
77.8429
78.0641
77.7076
77.334
76.1634
75.7369
76.6551
77.4141
77.5879
77.0413
76.5593
76.5617
76.3559
77.1864
77.3228
76.7442
77.4611
76.557
77.8453
76.8541
77.3705
78.2291
78.2685
78.6246
78.7805
78.746
79.9217
79.1419
78.0066
77.6948
77.5704
78.4481
78.028
78.0839
77.2997
76.3163
75.8453
75.5934
76.0992
76.6928
76.1402
77.1019
77.407
78.3735
78.9231
78.5165
78.644
78.9301
77.359
76.8766
77.149
77.346
76.0928
76.4747
78.1085
77.682
78.5542
77.5191
77.8935
76.6013
76.5638
77.3178
77.2011
77.0432
77.0208
77.5821
77.3364
77.4594
77.1784
77.9225
76.8808
76.3831
76.8825
77.5071
76.8992
77.6626
77.7816
78.1518
78.0057
77.902
77.5639
78.4551
78.5665
78.1268
77.2198
77.6126
77.4938
79.1319
78.1579
78.8725
78.6033
78.8551
79.5606
78.9865
77.6817
77.642
77.5914
78.2905
77.6949
77.7776
78.7468
78.8381
79.0532
77.6479
76.635
76.2828
76.5022
77.305
76.8888
77.7426
79.885
79.1258
78.7548
79.0022
78.3326
77.681
77.3507
78.0528
77.4863
76.3332
76.1924
76.1027
76.0677
76.819
76.5546
77.4739
78.3293
78.3399
77.6495
78.2528
78.6401
78.2659
77.7862
76.8846
77.2258
77.6985
78.4382
77.5996
76.9997
76.9261
76.431
77.2493
77.851
76.7667
76.2869
76.6309
78.3565
79.2474
77.2317
77.8234
77.6224
77.4522
76.315
76.4703
76.5266
76.7798
75.8844
76.7083
76.2153
77.2462
76.7821
76.5584
76.2644
78.0254
77.7253
77.7926
76.4913
76.8465
76.6804
77.3201
79.1963
78.145
77.6342
77.6728
77.5214
78.5039
77.7554
78.4212
78.6703
78.082
77.0629
77.2136
77.0548
78.7611
78.4211
79.2128
78.4522
77.9825
77.7225
77.4114
77.0168
76.6363
78.1946
77.286
78.2509
78.2468
78.0492
79.3284
79.4353
79.729
79.5068
79.5142
79.8098
79.3273
78.5249
78.5912
78.2085
77.8253
77.6869
77.3054
76.8828
77.0933
77.454
77.337
77.5657
76.6678
76.8087
76.7411
76.7412
77.9062
77.5153
77.0121
76.3708
77.0829
78.3305
78.8429
78.2469
78.1713
79.0919
79.4166
78.5129
78.135
78.1427
77.8643
77.5595
76.8648
77.3256
77.099
77.1402
78.0169
77.4624
77.0694
77.5113
76.5365
75.1525
75.343
75.6846
75.9072
76.4202
75.9274
76.9715
77.3907
77.9946
77.72
76.974
77.5569
77.0998
76.3417
75.8712
75.895
76.0722
76.8593
76.0773
75.5107
77.3554
77.5121
77.3975
76.5386
76.3977
76.2772
77.2225
76.4915
76.519
77.0744
78.3551
77.1877
78.1719
77.77
78.3054
76.985
78.4069
76.7043
77.3785
76.9138
77.605
77.5708
78.1343
78.6711
79.422
78.4997
78.743
78.6892
78.7256
79.2737
78.031
78.5349
78.402
79.8165
79.0484
78.6458
78.7308
78.2042
77.7793
77.8493
77.4148
77.2882
77.2609
77.4272
77.4974
77.1881
76.516
77.3421
78.6551
78.6438
77.8472
78.3234
78.3559
78.8576
78.5123
77.6175
78.3387
77.6844
77.1946
77.158
77.5389
77.9656
77.2928
76.6547
77.2275
76.4987
75.8637
76.04
77.1966
77.4838
78.0785
78.0178
77.3831
76.0927
77.3779
76.7979
77.6294
76.6326
78.33
78.7315
77.9242
77.3814
76.2868
77.3609
76.6449
75.4809
76.6104
77.8309
77.413
77.656
76.6107
76.8465
75.8113
75.9694
77.2829
78.2189
77.9829
79.5271
78.4972
78.3753
78.6171
78.5301
77.214
78.0788
77.9197
77.7144
77.3821
77.9432
78.4466
77.3683
76.7369
77.2861
76.8423
76.4441
77.2889
77.8342
77.7255
77.1599
78.2268
76.0366
77.547
78.1465
76.5395
76.6413
75.9543
76.2321
76.9045
75.8572
75.337
75.973
75.8408
75.9169
77.1339
76.684
76.8625
76.926
77.3522
76.6607
77.9233
77.262
76.8205
75.4646
75.972
76.5838
77.3951
76.4561
75.2841
75.8937
76.7401
77.265
77.6654
77.3515
76.4979
77.7133
77.0245
77.3253
78.8825
78.3658
77.1353
78.1637
78.6316
78.8406
79.5798
77.9626
78.3378
76.7401
77.2883
78.3573
78.2414
78.41
76.707
78.1315
77.2314
76.5262
76.5235
76.8447
77.6183
77.158
76.4692
76.1477
75.8029
77.6422
75.6372
75.6976
76.3682
76.7216
77.9438
77.9448
77.2416
78.5706
77.0496
76.1144
76.5066
76.689
76.386
76.7183
76.1618
76.99
77.0019
76.9674
76.3973
77.5828
77.3256
78.1895
77.5101
77.0408
76.3864
77.3561
76.4898
77.4979
78.6427
77.9936
79.1793
78.6741
77.5625
78.8612
77.9981
77.7564
78.0478
78.7128
79.0236
78.0421
77.8944
78.0854
76.8179
77.11
76.4469
77.3346
76.878
75.1197
76.385
76.3753
76.6845
78.3754
76.8545
76.9001
76.9508
77.4528
76.5567
76.9014
76.758
76.0753
76.0685
77.173
76.9164
76.8083
76.5124
76.9167
77.3969
76.618
76.7264
76.7042
76.2209
77.2206
78.5077
79.0088
79.6522
78.6713
78.9193
77.8589
78.2032
77.9298
78.2098
78.5622
78.9889
79.2618
79.0758
79.7366
79.585
79.7362
78.3215
77.5659
76.8123
77.5732
78.3436
76.914
78.1267
77.5105
77.2538
76.2199
75.3012
76.5233
78.9344
78.896
78.5276
77.9163
78.2515
78.1867
77.9771
77.7364
77.0584
76.6102
77.3206
76.3503
76.1262
75.5985
75.5881
76.1686
77.4608
76.9276
77.1788
76.615
76.6483
76.9659
76.4417
77.2486
76.3521
77.2272
77.0089
77.1574
77.5795
78.7186
77.4889
77.0533
76.5976
76.5772
77.0712
77.3499
76.8648
77.3948
76.9002
76.9976
77.0259
75.6319
75.1737
75.0398
74.8815
76.023
76.0231
77.0333
77.3939
77.1568
76.9581
78.8594
77.6147
77.7823
76.9364
77.2715
76.5627
76.2932
76.6366
76.6039
77.5171
77.3755
76.0313
76.3259
77.4375
77.3392
76.7227
77.088
77.1301
78.2963
77.9311
77.2555
78.1641
78.2926
77.602
77.6708
77.0752
77.6527
78.5335
77.2962
76.8301
78.3951
78.9318
78.9775
78.1227
77.5747
77.7162
78.4713
78.1925
77.3737
77.1879
77.5696
77.3808
76.6131
76.9017
77.6242
77.7863
78.6009
78.0307
78.7829
78.5722
77.9354
76.1712
76.1308
76.4819
74.939
75.6538
75.5988
76.0939
76.3092
76.1177
75.5209
75.6821
76.1226
75.4609
74.9818
76.2964
76.6517
77.1075
76.2448
76.6366
77.479
77.9955
79.5774
79.8753
77.6013
77.6108
77.9967
77.8505
77.783
77.852
77.1749
77.3098
77.5457
77.5509
77.9037
76.7987
78.28
77.9748
78.6902
77.145
77.119
77.9583
78.6535
78.1406
76.744
75.7894
77.1982
77.5714
77.0994
77.3159
76.6646
75.7133
75.6695
75.4851
75.6533
76.4275
76.9048
78.1658
77.6537
78.1406
77.8382
77.8559
77.5147
76.6031
78.4521
77.3702
76.0709
76.8617
76.9012
76.6257
76.4679
75.4265
75.5492
76.4762
76.6831
77.0781
76.7953
77.1222
78.3625
76.8137
77.0439
78.1872
77.6308
78.1605
77.2619
77.6165
76.6121
76.8587
76.2833
75.909
75.6723
76.3988
77.0114
77.6348
78.0571
78.0229
77.0187
77.2872
77.0818
78.2393
78.767
78.6442
79.9035
79.9139
79.132
79.6898
78.7313
77.4333
76.7213
77.1807
77.9494
77.7439
76.7476
78.5198
78.1692
78.2385
78.177
78.3654
79.2114
78.5044
78.1901
78.5528
78.1171
77.1464
77.7222
77.3191
76.8555
76.7637
76.9743
76.9275
77.2596
77.2591
78.4484
77.7426
76.879
77.2461
77.4354
77.2555
77.1373
76.4288
76.2105
76.3863
75.6425
76.0935
76.3748
76.5006
76.0431
76.8016
78.3336
77.3128
76.0045
75.4753
76.3826
77.0477
77.7689
77.3969
77.3462
78.0733
79.4495
79.0017
77.9251
78.5561
77.898
77.6961
77.1426
77.3874
79.2319
78.3164
77.8492
77.8806
77.5956
77.4966
77.6056
77.0583
76.4026
76.823
77.0843
76.87
77.5539
77.3253
77.1369
77.3074
78.2509
77.764
78.2312
76.1991
77.3286
76.7286
76.2379
75.9031
76.3335
76.483
77.1919
76.789
77.1593
76.6982
75.631
77.0589
76.7095
77.2945
76.995
77.3832
76.6931
77.4843
77.3864
77.1749
76.1473
76.5069
77.352
76.1468
77.1727
76.6445
76.3558
76.66
76.7005
78.0623
77.9107
77.2506
77.0073
78.0183
78.3164
78.2897
78.5949
78.3885
78.584
77.0074
76.616
77.3319
77.5732
77.6223
78.6153
78.4764
79.6388
78.294
78.4141
78.6185
78.8916
78.876
78.7526
78.4486
78.867
77.7369
78.6303
76.9812
77.1044
77.3354
78.7361
77.0408
76.6044
77.1269
77.8655
77.0411
78.4185
77.4078
76.6679
77.6594
78.1171
77.0876
77.06
78.0836
78.0062
77.6105
76.8709
77.2076
76.8877
77.9823
77.8717
77.2723
77.2159
78.6451
77.2096
77.9369
78.1466
78.6048
77.1165
76.6023
78.7461
77.4948
76.4151
76.899
77.2493
77.8473
78.8145
79.8612
78.3617
78.4271
77.9291
76.9931
76.3013
75.7355
76.3658
77.0961
76.778
75.6743
76.4817
78.6401
78.4228
78.5005
77.8928
78.9218
77.4496
78.2422
77.0152
76.7836
76.774
77.2338
77.0528
76.8143
76.9182
77.2823
78.5085
77.8045
79.1942
78.9154
81.2637
79.4916
78.9222
76.8822
77.2888
77.27
76.361
77.4419
77.0024
76.2584
75.8926
76.4592
76.2889
77.3545
77.1558
76.7118
76.9775
77.9333
77.7971
77.6233
76.6347
78.538
78.6148
78.9259
79.0241
78.7939
77.8363
77.6349
77.679
76.7569
76.2091
76.8855
76.972
76.5554
77.3679
76.2558
76.773
77.9954
77.7645
77.5578
77.0102
75.1909
75.3492
75.8615
76.4676
76.6275
77.0955
77.7719
78.215
77.0801
78.0255
77.7911
78.1486
79.0448
77.147
77.221
77.1925
77.6179
77.8337
78.7466
77.9143
76.1236
76.9703
76.4086
76.6951
76.4933
77.5532
78.1594
77.2229
77.2914
76.9526
76.1555
77.1829
75.585
75.4227
75.6166
76.1447
75.9438
75.8544
77.0242
79.1914
79.4962
77.9845
78.1844
77.587
78.1307
77.2652
75.7869
75.511
75.4971
76.9445
76.2637
76.9031
76.6443
77.6507
77.0853
78.181
77.3221
76.2992
75.976
75.7889
77.0696
75.3242
76.7242
76.5626
77.0205
77.7272
78.9574
78.7608
78.6611
78.2856
77.0318
76.5806
76.2149
77.3055
78.037
78.2863
78.9662
77.4996
76.1932
76.1244
76.3856
76.7321
76.048
77.53
76.7128
78.3642
79.6382
80.1104
79.2836
79.3024
79.5925
79.316
78.0664
79.0762
78.0609
77.0755
75.2654
75.539
75.7148
76.4597
76.1572
77.0432
76.7238
77.5338
76.527
78.2604
77.3031
77.562
75.8049
76.3009
75.8031
76.7897
77.5137
78.9536
77.4975
76.6874
76.7674
76.3608
76.5131
77.5584
77.2805
77.6287
77.7102
77.6348
78.1206
77.9132
78.3548
77.6162
77.1136
78.1126
77.7986
78.7926
78.4882
77.5286
77.5172
79.4228
79.2994
79.8461
79.5813
77.9829
78.4943
78.66
77.1601
78.169
76.6209
76.8037
77.152
77.1082
78.1054
78.6473
77.6081
78.5128
78.5645
77.787
78.8913
79.244
78.3394
77.3218
77.8884
77.9325
77.3036
76.8864
77.5239
77.4629
76.5011
76.557
77.3006
77.7531
78.1055
78.4102
77.3367
76.9325
77.9404
77.3411
77.4706
76.9655
77.0026
77.7647
77.5826
77.481
76.8159
77.2897
77.1309
77.3668
77.2165
79.0226
77.6741
77.424
77.0906
77.1754
77.7406
77.6646
78.2461
78.0439
77.828
78.0361
78.3976
79.1371
78.4646
78.6893
79.26
78.2029
78.4912
77.8191
78.2718
78.387
77.8817
77.6558
77.4393
76.754
77.3398
77.2342
76.5877
77.1634
78.0231
77.8228
77.7824
77.191
78.3029
78.7715
78.4726
78.1797
79.3601
77.731
77.8716
78.0513
77.3537
75.6941
76.2625
77.284
78.7485
77.9286
77.6909
77.6286
76.5658
77.9657
78.6975
78.7637
78.0521
79.4212
78.1413
78.1234
76.7765
77.2316
77.3787
76.9571
76.6241
78.2738
77.8462
76.4366
75.9602
76.3425
77.5611
77.1648
77.2767
78.9044
78.4154
78.3627
79.2757
79.8777
77.3868
78.4548
77.7916
78.0408
77.6345
78.3862
77.809
77.702
79.1295
80.0109
79.1575
78.6609
77.3196
77.8592
76.9355
77.2704
77.4583
78.7832
78.014
76.8686
76.5973
77.9009
78.6213
79.1864
79.3672
78.6461
77.6441
77.3701
78.0356
77.1573
76.7201
77.454
76.7321
78.4805
78.1538
77.6006
77.8643
76.7907
77.6933
77.0727
78.0095
76.9254
76.7198
77.1876
76.9279
77.6332
76.2438
78.0449
77.8919
77.3566
77.586
77.5835
78.2792
77.0543
76.6274
75.9362
76.0461
76.5058
78.1687
78.6629
79.7359
79.2654
79.144
78.5769
78.197
78.2997
77.414
76.6725
75.5752
76.2753
76.6542
77.5685
77.5201
77.4061
78.0103
78.0548
78.6415
78.9094
77.939
78.9264
77.8693
76.6794
77.0315
77.6455
77.9388
76.2639
78.1684
78.0479
78.2882
77.5997
77.0829
77.3735
76.4195
75.8828
77.5377
78.0924
77.7021
78.3596
78.2261
76.8618
76.2224
76.8546
76.4208
76.6868
77.1891
76.3233
77.0174
76.046
77.6638
78.8748
79.0325
78.6687
77.4148
78.043
78.8902
78.17
78.1426
78.0087
78.8025
77.3412
77.7612
78.9142
78.4988
79.2088
78.8887
78.1434
76.7376
77.0423
77.2096
77.3269
77.1243
76.9294
77.2111
76.6182
76.3823
75.8908
75.8948
77.0161
78.4052
76.3886
77.474
76.4891
76.7231
76.541
77.7899
76.7947
76.7614
77.8667
77.7139
76.9321
76.481
77.5076
76.6125
77.4887
77.1245
77.7756
77.2681
77.3536
77.1365
77.2856
77.7469
77.6365
76.5885
76.877
76.8588
77.0411
76.568
77.6147
77.3695
76.9466
78.3876
77.3133
76.4802
78.0709
76.8284
76.5225
77.8005
79.1871
78.8324
78.1023
77.9865
78.6182
78.6776
79.3508
78.417
77.3958
78.1868
78.0745
78.6406
77.3034
77.3243
77.4381
77.4625
76.7881
76.3441
77.9441
77.5598
77.4436
78.0451
78.133
76.8463
77.4401
77.4621
77.3651
77.96
78.1707
78.2308
77.2199
77.4415
76.7259
76.7328
77.3738
76.9406
77.4211
78.2707
78.4123
77.3212
77.6708
79.2723
77.7725
77.9448
76.8557
77.2499
75.8343
75.5034
75.2778
76.0834
76.1571
76.4153
76.833
77.7835
76.8309
77.3879
76.2773
77.2862
77.4346
78.6106
78.4438
77.4507
76.8449
76.3776
76.622
76.5074
77.1085
76.3394
77.804
77.8515
77.6357
77.0634
77.7948
76.9925
75.728
76.6037
76.9271
77.2974
78.0169
76.617
76.8251
77.3772
77.4402
78.0726
77.9389
78.3428
78.2256
78.4061
76.954
76.1093
77.1042
77.1868
77.4868
77.6254
78.8354
78.2127
78.3696
77.638
78.0543
78.7981
79.6291
78.8852
78.0273
77.5495
77.1603
76.5959
75.892
76.1857
76.3364
76.5812
77.428
78.0316
76.8617
76.7979
77.1275
77.2914
77.6575
77.6782
77.6586
79.2464
78.503
78.2109
78.3725
77.7144
77.9301
78.3734
77.0644
77.9923
78.5148
78.4593
78.4039
77.3448
76.9803
76.4848
76.066
76.2726
76.6512
78.1165
78.6593
80.2081
78.8026
77.3739
78.271
78.6385
78.1663
76.9311
76.6418
76.0015
76.3021
76.273
75.7608
76.8242
76.6666
77.2987
78.1498
79.4084
80.7659
79.3683
79.4467
79.181
77.254
77.7888
76.9786
76.5852
76.953
77.5268
76.9563
76.8523
77.3545
77.0109
77.1885
76.2356
77.0709
76.1651
76.6608
77.3324
78.6601
78.5808
77.32
77.9976
76.4571
76.5267
77.0364
77.4603
77.4437
77.7937
76.8822
76.4361
76.5389
76.5564
76.7967
76.1406
75.0401
76.172
77.1356
76.2881
75.1099
76.3283
76.2251
76.1091
76.3745
77.183
78.1735
78.2085
77.8572
78.5748
77.825
77.0008
77.9468
78.0811
77.5319
77.4056
78.6691
78.0087
79.205
77.9132
78.0089
77.3625
76.5264
76.526
77.2256
78.3677
76.7272
76.5342
76.8154
76.5236
76.8373
78.4529
77.756
76.5772
76.4757
77.338
77.7007
77.4827
78.7942
78.188
78.0528
78.589
77.4756
76.6085
76.6373
77.015
77.6114
79.5766
79.5279
78.9653
78.3689
78.3197
77.7688
76.888
77.3281
77.2747
78.0424
77.8682
77.0659
76.6348
76.6108
77.4681
77.8303
77.0091
77.431
76.005
76.665
77.3875
77.5212
76.6135
76.0578
76.066
75.8116
77.4866
76.8558
76.6279
77.7147
77.3346
77.64
76.1962
75.8067
77.111
76.9015
78.1896
77.5852
78.6422
79.1526
77.4474
77.6036
77.6641
77.9951
78.6923
77.8707
77.2482
75.9997
76.2886
76.3424
75.8944
76.4139
77.1907
77.0483
77.4233
77.4185
78.6306
77.5171
78.4621
78.115
78.484
79.5868
78.7476
77.3737
76.8639
76.5405
76.1267
75.5996
75.2084
76.205
76.2858
77.0234
77.6067
77.111
77.7296
76.8014
77.0933
75.999
76.396
76.1474
76.8195
78.3491
78.5101
78.2929
77.5968
79.3097
78.9006
79.7322
80.7711
79.0264
78.8738
78.6015
78.1545
77.4025
77.5192
76.8111
75.7703
75.8383
77.2147
78.5254
77.8766
78.6402
78.5322
78.8551
78.3899
77.0371
77.5085
77.2661
77.5188
76.8472
77.5804
77.4461
77.8038
76.3763
77.1307
78.1106
77.1313
77.3106
77.9527
77.7016
78.045
77.3745
77.5594
78.5197
78.383
79.3739
79.8068
80.2772
80.4388
79.579
78.4836
78.1521
77.2515
79.4604
79.4071
79.848
79.8986
79.289
77.757
78.0509
77.904
78.674
77.6292
78.1935
76.6426
76.8606
77.1978
78.459
76.997
75.6446
77.5456
76.0032
75.1686
75.7972
75.5157
76.9023
76.0777
75.9935
76.5927
77.8769
77.2926
77.2825
77.5294
76.988
77.5634
78.3754
78.562
78.7861
79.4875
79.7581
78.7688
78.2806
79.2664
79.1709
77.2745
77.2534
77.4255
77.9344
77.3535
77.8624
78.1035
78.5347
77.3546
78.2919
78.9718
78.0621
77.3502
78.3939
78.3973
78.0031
78.3075
77.5718
77.3971
76.6609
76.962
76.6776
76.8312
76.8208
75.7296
76.1075
76.7831
78.2589
78.1047
76.5401
77.2529
78.1267
77.4783
76.7057
76.7597
75.7675
76.4889
76.1772
78.0484
76.7195
76.2544
77.8528
77.8599
78.4668
78.0035
78.9598
76.8036
76.5494
77.953
77.6516
77.6869
77.853
77.3486
77.5217
78.0238
76.6672
77.3349
78.3237
78.1405
77.1141
77.8064
77.6986
76.7715
76.9634
76.9283
77.9208
78.0084
77.9616
78.7163
77.9298
77.6978
77.1935
77.1417
78.3248
79.0139
78.2947
79.1849
78.6241
79.6925
77.8531
77.0212
77.2972
76.8946
77.7439
77.7218
76.6998
76.8274
77.0409
78.0287
77.6773
76.7673
76.5383
77.5327
77.4315
76.5352
77.0807
77.6488
78.8289
77.7437
78.322
78.3634
77.9566
77.3836
76.4423
77.3485
77.074
77.5073
77.7977
78.4048
77.8118
76.3548
77.2572
78.7531
78.4432
77.5554
76.4662
77.01
76.5538
77.982
76.6069
76.5415
77.3925
77.4975
78.1114
77.9539
77.8575
75.4459
77.085
76.7564
76.6127
77.3435
76.8542
77.0808
77.6868
77.3355
77.2539
76.5678
76.7744
75.6321
76.7569
75.9571
76.2073
77.2064
76.373
75.7658
76.4762
77.261
76.9336
77.3665
76.9346
77.4347
77.2063
77.4918
77.721
78.5792
78.6151
77.0975
76.4063
76.7181
76.8018
77.3013
78.2845
77.7496
77.5821
77.4779
76.8708
76.6015
77.7586
79.1238
78.6553
78.4277
78.2043
78.9147
79.5531
78.6975
79.5745
78.4289
77.6377
77.3144
78.3846
78.8941
78.7416
78.6385
76.9611
77.7069
78.6352
78.2879
77.4743
75.845
76.8152
78.1311
77.9645
78.9074
78.0803
78.5782
77.4681
77.6245
76.0792
76.0034
76.2602
78.2375
78.0125
76.3838
77.4502
77.5552
77.345
74.9814
76.3208
75.3157
76.6839
75.9177
75.8474
75.8906
75.925
76.9005
76.6284
77.263
77.4269
77.3535
76.0501
76.8693
77.8208
76.8032
76.4621
77.5809
77.9242
78.7764
77.6237
77.5191
77.7107
76.9871
78.3767
78.5124
78.0058
78.1943
77.6558
77.6812
77.7431
78.3098
78.0777
78.0026
78.3753
78.0675
76.8285
77.7268
78.6171
78.5998
77.4749
77.7957
78.7542
78.0522
77.8246
78.5575
77.7223
76.9853
77.5046
76.7237
76.443
76.8199
76.8668
75.9779
76.4399
78.1101
78.3008
78.9697
78.4665
78.4002
78.6308
79.4035
79.1461
78.8213
78.6251
77.4808
78.0742
77.91
79.7795
78.8913
77.6028
77.6485
76.6403
76.5189
77.5447
77.5457
78.1437
78.1875
77.8425
77.862
78.7313
78.5823
78.2507
79.2402
78.156
78.6522
77.155
78.6545
78.5581
78.1052
77.4442
77.0303
78.3899
79.2292
79.3343
78.7809
77.2344
77.2792
77.4793
77.4313
77.5161
77.4854
76.3199
75.9817
75.4638
75.3386
75.8978
75.8274
76.1264
75.6742
76.8161
76.6465
77.1141
78.6433
78.4862
78.0412
77.7713
77.6184
77.6784
77.8345
78.5592
77.1896
76.5817
75.8821
76.6112
77.4574
76.8421
77.1265
77.1606
77.4919
76.8189
76.7188
75.9451
76.3188
77.2844
77.8318
76.9364
77.4685
77.2003
76.5709
76.427
77.2288
76.6999
77.3755
76.3544
77.5368
77.4187
77.2911
76.9141
77.2448
75.4036
76.2002
75.8289
75.7286
77.0307
77.2911
77.849
78.308
78.2711
76.9967
76.8204
76.3922
75.525
76.1074
76.7343
76.7642
78.3913
78.5524
77.6689
78.6805
77.8357
78.2143
76.853
76.5809
77.2617
78.741
78.429
77.0304
77.2406
77.4555
77.2385
77.8144
78.5766
77.9559
77.4159
77.7828
78.3724
79.3313
79.0362
77.6693
77.1961
77.5105
76.8828
76.066
76.4439
77.4242
76.5652
76.3331
76.1936
76.7421
76.235
76.7598
77.3052
77.4931
78.8354
77.489
78.3402
77.9038
78.5295
77.4763
77.4157
76.5916
76.7185
76.3571
76.9778
75.9755
75.9154
76.6743
75.8493
76.3135
78.5682
78.5449
78.5932
79.1601
79.6305
77.5159
77.078
76.5148
77.0091
75.297
76.2936
77.1469
76.5615
76.7712
76.6946
76.146
77.2618
77.4544
77.5455
78.0185
77.117
76.5924
76.1805
77.5148
77.0699
76.7965
76.7121
76.565
77.2032
76.8765
77.3487
77.0907
76.3462
76.8362
76.9458
77.3185
78.134
79.767
79.4823
78.8978
79.7801
78.7249
79.2026
78.7875
78.3381
78.1784
77.4384
77.2473
77.5472
77.7898
77.8881
78.6224
78.0238
78.8959
78.1177
77.9875
77.6532
78.276
77.8361
78.3614
77.2985
77.6463
78.3702
79.6149
79.6397
78.1395
79.4112
78.7473
78.6858
79.5166
79.1502
78.3979
79.2162
78.4645
76.4911
76.9151
76.7567
78.5144
78.0026
78.7438
77.1562
77.4091
77.6588
78.4966
78.3604
78.0125
77.3649
78.4481
78.4318
78.4404
78.2624
77.1601
76.9254
76.2466
74.9646
76.682
78.2894
78.2756
77.9527
78.6542
78.6646
78.3298
79.7958
78.8882
79.5239
79.3134
78.0417
76.9674
78.7981
78.7018
78.9408
78.8974
78.4892
78.4197
76.8054
76.5848
76.3373
77.0816
78.6069
77.9703
78.6047
77.8774
76.2352
75.7835
76.3632
76.9935
78.8329
77.5469
77.1717
77.6956
77.8837
78.3285
79.0021
78.4935
77.8292
78.1036
78.662
78.1085
79.0342
78.003
77.244
76.5746
76.7475
76.6734
77.8106
77.9648
78.5941
78.8364
78.2798
77.6563
76.5653
76.3799
76.8448
76.3824
76.3048
76.1412
75.8447
76.9581
76.4038
77.7505
77.4095
77.6151
77.3142
76.01
77.2377
78.0822
77.3212
76.2788
76.0902
76.4088
76.5234
76.6882
76.5821
76.4545
76.0495
76.6159
76.6968
75.8694
77.541
77.2559
76.4111
76.3915
77.0041
77.6924
78.0511
78.6644
77.4229
77.7073
76.7337
76.1351
76.1321
76.7542
76.4297
76.8974
76.9475
76.8202
76.3018
77.552
77.33
75.7232
75.6596
76.9641
77.7436
77.3
77.0855
77.7439
76.2185
75.9048
78.044
77.7598
76.7229
76.8272
78.1928
78.3651
78.3902
78.0338
77.2661
77.7901
78.6133
77.0687
76.6531
77.6587
77.8832
78.5561
77.2849
78.1359
78.3359
77.3117
78.2746
77.8366
77.3377
78.0696
76.4596
76.3356
76.5912
76.1933
76.7992
76.5847
77.2529
77.017
77.0088
77.2582
76.919
76.5131
76.4284
76.9507
77.6568
77.8518
77.8457
78.3533
80.1695
77.5637
77.8075
78.1198
78.3916
78.3471
77.427
77.4773
77.3212
77.4519
77.2304
76.5192
76.2362
75.2647
76.297
76.0339
76.7889
76.0636
77.4938
77.945
78.9584
78.7471
77.0427
77.4608
78.2086
78.089
78.0145
78.6933
78.1966
78.4765
78.7233
78.3331
78.7864
80.1707
80.0671
79.1352
80.8488
79.4578
79.7304
79.5676
79.2998
80.2529
78.4932
77.3271
78.0756
77.5049
78.0665
77.4928
77.5275
77.3902
76.8308
75.9642
76.5614
76.6467
77.2482
77.1496
78.1885
78.9834
79.5582
77.7058
79.6742
78.2319
78.3907
78.4182
79.6722
79.4996
80.5314
78.9852
78.6184
78.1491
78.3527
78.4334
77.8399
79.1385
79.5362
81.1677
80.8006
81.11
78.7669
78.229
80.2858
79.044
78.8797
78.1356
78.4943
78.374
77.3372
76.4128
77.1277
76.0179
75.9548
76.5083
77.5094
77.6104
77.3427
78.095
77.6998
77.4291
77.9646
77.4386
76.4408
77.3228
76.2328
77.838
78.5569
77.8411
78.2527
78.8065
77.589
77.2275
76.6017
76.3955
75.6555
76.2332
76.8035
76.9776
78.0861
77.4583
78.1085
77.663
76.2774
76.3899
76.2456
76.2103
75.5479
77.2872
77.6533
77.6251
77.3317
76.6151
77.1148
77.8824
78.8224
77.8592
76.8899
77.2951
77.083
77.0055
77.2351
77.151
76.7285
77.042
76.4391
75.7719
75.7085
75.8666
76.3884
76.0378
76.0827
77.378
77.3221
76.4803
76.8658
75.6493
77.203
78.2151
77.6584
77.1286
78.2693
77.3881
78.1714
76.6417
77.1733
77.7008
77.1585
77.1687
77.1908
77.0329
76.7364
77.1337
76.5869
76.4944
76.6234
75.9679
75.9289
76.5534
76.2444
75.8936
76.1904
76.5319
76.1011
76.6817
75.8568
76.1229
77.1693
76.7243
76.0429
76.8396
76.6835
78.4903
78.3412
77.2755
78.5449
77.7094
78.5166
78.2999
77.1579
77.7153
76.5503
75.9443
76.4737
76.616
76.0882
75.6894
75.2474
76.6716
76.206
76.0999
75.2646
75.9473
77.1699
77.4872
78.12
78.2686
77.5825
77.8543
78.019
78.0165
77.5605
78.1327
77.8472
79.0182
77.8931
79.2493
78.7922
78.814
78.8916
78.9724
78.116
75.5722
76.3487
76.5834
76.4458
76.6022
77.2629
76.4935
75.7852
75.9731
75.9435
76.1104
76.2311
76.3382
76.7783
77.054
75.9801
76.5499
77.3069
77.1879
76.9469
76.6703
76.9603
77.018
76.9782
77.1788
76.1397
75.9399
77.4291
76.5098
76.7847
77.1294
78.3217
78.3348
78.8605
78.6067
79.2192
78.5267
78.5186
77.5424
77.0815
78.8413
79.1093
77.15
77.1515
77.1677
77.7866
77.7931
78.3415
78.2231
78.0505
77.8338
78.011
77.2863
77.4239
76.6277
76.3704
76.648
75.806
75.4603
76.2432
76.2129
75.7939
76.6725
77.3805
77.748
77.8723
78.8457
77.9499
76.6141
76.774
77.6496
77.3694
77.2952
77.295
77.2124
77.5385
76.8553
77.1645
78.0482
77.5973
77.9889
77.3546
76.2139
76.373
76.5224
77.9343
78.1709
77.635
78.122
78.0309
77.9725
78.9419
78.7721
77.5047
77.3105
76.9183
78.3957
77.9869
78.5274
77.9986
76.9532
76.3167
76.2044
76.3982
76.9419
78.316
78.052
77.9383
78.0742
78.1021
76.9837
78.1546
77.7441
76.8116
76.8525
76.5973
78.1237
77.8706
78.1991
77.9778
78.0107
76.488
77.282
77.4976
77.7203
77.1536
77.1075
77.677
77.3873
78.1216
76.286
76.2339
76.6708
76.7265
76.3738
76.5118
76.5254
77.0937
77.6394
77.1446
76.4668
76.2155
76.1907
77.3303
77.0903
75.8072
75.9625
76.676
77.0002
77.357
77.637
78.4248
78.8296
78.7246
77.9672
78.9961
77.6026
78.0772
78.9552
78.3309
77.615
79.3258
78.72
77.6561
77.3845
77.7621
77.6439
77.9796
77.8602
77.9332
77.8367
77.5072
77.7145
79.1669
77.1056
76.8808
76.9821
76.6885
76.6402
77.3833
76.5817
76.9496
77.3655
77.3018
76.6671
76.9981
77.6226
75.891
75.5081
75.9529
77.5545
78.5537
78.5747
77.6505
76.8991
76.7151
75.9843
76.9084
77.923
77.5432
77.3699
76.0853
76.1008
76.6421
77.2622
77.1045
77.4325
76.9729
76.6684
77.9763
77.8344
77.7422
78.1859
77.6762
76.6613
76.6381
76.8952
76.3111
76.4166
76.7492
76.9584
76.8195
76.4026
76.2411
77.203
77.0066
77.9757
77.2199
77.85
77.6571
77.1877
76.2873
76.1634
76.555
76.3636
76.2976
77.3914
77.3681
77.5467
78.6062
79.612
79.5345
79.0215
79.425
79.7376
79.4949
78.5868
78.9043
77.7361
75.99
77.1163
76.8997
78.4082
78.2794
78.8299
77.8952
78.157
77.531
76.2396
76.6375
77.7434
77.3858
77.503
75.8375
76.3516
77.3798
77.5961
78.5832
79.6749
78.8699
78.0513
78.5867
77.0633
77.506
77.3898
77.7466
77.1554
76.7324
77.8221
78.4848
79.9055
80.4049
79.196
78.301
79.0812
80.0759
78.3868
77.8496
77.7404
77.0057
76.9879
76.9608
78.4077
78.6403
78.7226
77.8573
77.3265
76.8707
76.4523
76.4145
76.5586
75.732
75.8685
75.4266
75.6481
77.1361
76.0904
76.5465
75.9539
75.5021
75.9407
76.1848
76.9038
76.5742
76.8706
76.6114
75.7286
76.0568
76.5873
76.2484
76.4799
76.8431
76.6398
76.6163
76.2089
76.9154
77.8476
78.5559
78.7273
78.3944
78.6192
77.2148
77.9623
77.675
77.6244
77.618
77.8234
77.6964
78.0422
78.0382
78.7599
78.241
77.6668
77.9023
77.6987
76.7188
76.1357
75.4548
75.8002
76.0932
75.8529
76.704
77.2357
78.1452
77.5813
77.9327
78.9113
76.8382
77.6058
78.174
77.2491
77.345
77.1405
77.207
75.9561
75.9474
75.4753
75.6021
75.6663
76.3726
76.4678
76.054
76.3592
76.3866
75.7397
74.7468
75.4856
75.9468
76.3615
76.5208
76.6967
76.4152
76.7503
76.8279
76.5667
76.4872
76.8361
76.7362
76.7571
77.8573
78.5233
77.9173
77.5928
77.2922
76.4238
76.6161
77.4981
78.3043
78.3231
78.5797
78.2518
77.9908
77.7916
77.0295
78.7284
78.1661
79.0353
78.5118
78.1892
77.3934
77.93
77.9397
77.5187
76.8849
77.2204
77.0416
78.0517
76.8801
78.0089
77.4831
76.9239
76.3154
76.028
76.2464
76.0842
75.8502
76.8452
76.8676
76.3306
77.1745
77.1577
77.933
77.4978
77.724
78.5208
79.2209
79.4635
79.6299
79.2137
79.994
78.6385
77.4212
77.1249
77.4753
78.1568
78.1678
78.178
76.9265
78.6449
78.1792
78.1799
78.1368
77.7666
77.5527
76.663
76.4324
77.5808
78.6691
79.9601
79.8775
79.2517
80.0445
80.3274
79.6467
78.9066
77.337
77.4387
76.8619
76.6821
76.8963
77.6936
76.8125
76.3563
75.7595
77.637
76.3966
76.7396
76.7625
77.3321
78.8662
78.0665
76.9135
77.3059
77.5419
77.8108
77.6149
77.5785
79.0923
78.9586
78.4047
78.3524
78.0023
77.9721
78.6326
78.7786
78.7419
78.0085
78.5755
76.7771
77.4413
78.3903
78.9195
78.7118
78.0177
78.3019
77.7802
78.8619
78.3072
76.8396
76.8702
76.0975
76.2819
76.2426
76.9066
77.4225
77.9161
77.3451
77.8312
77.4005
78.375
78.7503
78.0341
77.666
78.7615
79.3235
78.6497
76.6732
78.3277
77.614
78.4626
78.0404
77.161
77.2796
76.7127
77.0773
77.9927
77.7342
77.069
77.326
76.3511
77.3733
77.2473
77.9692
78.4534
77.0602
76.3726
77.2062
77.5614
77.1923
75.6756
77.0782
77.6552
76.6211
76.5716
76.6773
76.6599
76.3913
76.9113
76.2703
76.8147
76.7057
76.1291
75.9029
75.0077
75.4288
76.6521
78.5273
78.4635
77.8798
77.1807
77.373
77.8908
78.7047
77.0692
76.7661
76.322
77.7573
78.7869
78.9025
77.6166
76.9807
78.5
79.466
78.6424
79.2357
77.7618
77.7054
77.8317
76.9771
76.4548
75.7287
75.5719
76.6587
76.447
76.2012
76.8081
76.329
76.3612
77.1995
76.2441
76.3361
77.7403
76.6399
77.6071
77.4576
76.7251
79.0713
78.9502
78.7259
78.4576
78.8913
78.0647
78.7773
78.339
78.6376
78.8335
78.3907
78.1608
78.4108
78.0188
78.2314
77.4201
76.6106
76.6315
76.8424
77.9155
78.2258
79.3591
79.5221
78.6711
78.172
78.9183
78.2489
77.8431
77.0583
77.1727
77.6377
77.5205
77.6031
77.5994
78.2014
77.92
76.9353
76.614
76.2262
76.3878
75.2017
75.0227
74.565
75.1111
76.1604
76.6485
77.2489
76.8691
77.73
78.3141
78.5715
79.514
78.6765
79.1709
79.5007
79.4156
80.8016
79.0861
78.4918
78.7411
78.8139
79.7386
78.7331
79.4898
79.767
76.5665
77.3748
77.6358
77.4057
77.361
76.2064
77.2595
76.3183
76.7446
77.5126
77.2126
76.984
76.6834
75.5416
76.0214
76.9522
77.4148
78.0165
78.6017
78.581
78.9114
77.7828
77.5461
76.8738
77.2151
77.6888
76.7862
76.4323
75.7227
75.5477
74.751
75.309
75.3587
76.6313
76.8835
77.4893
77.5992
76.8223
76.1481
75.9623
76.298
77.4533
78.0945
77.0863
76.906
76.3349
75.8463
75.8553
76.8812
77.1205
77.3995
77.4835
77.4379
77.8515
76.671
76.6579
76.1604
76.8826
77.7829
78.5909
79.1177
78.7829
78.8759
80.8623
78.3809
79.1588
78.4502
78.8817
78.1885
77.9344
78.1428
76.6859
77.7656
78.7924
79.6995
80.3073
79.6815
79.9395
78.6262
78.7604
77.3567
77.1993
77.3914
77.6185
77.7158
78.2353
76.8681
77.4433
76.9718
75.9634
76.8154
77.0745
79.2771
78.557
78.6155
77.6736
76.7921
76.1899
76.4282
76.3584
77.4394
76.9867
77.4543
78.4035
77.6049
78.135
78.9669
79.1952
78.5547
78.8898
77.1837
75.4191
75.7646
75.7405
77.2673
79.2762
79.2207
78.7521
77.7567
77.3141
77.1499
77.2203
77.8468
77.611
77.1697
76.6772
77.0027
75.8367
75.5919
76.8215
76.4283
77.4523
78.5548
79.8048
79.3407
78.4831
78.6907
78.7883
79.2958
78.3595
77.574
77.5687
78.5265
80.3926
79.5666
79.2577
78.7356
78.8907
78.9217
80.3146
79.9754
77.3521
78.19
76.6176
77.7329
77.8783
78.2147
78.8126
78.7423
78.9241
78.2439
78.9331
78.8876
80.0993
79.5036
78.8497
77.5549
77.5738
77.178
77.5597
78.4544
78.109
78.0673
79.0413
78.5531
78.9877
78.4749
79.1489
77.5754
77.0882
76.9542
77.459
76.1122
76.2068
77.2264
77.4004
79.5795
78.8379
78.3408
79.2957
78.3229
78.7508
78.7103
78.3108
79.069
79.039
78.5242
78.6437
78.1543
78.828
79.6128
78.5368
77.3251
77.076
77.9194
77.3422
77.8645
78.574
80.5233
79.0116
78.1198
76.2782
75.8256
76.6342
76.542
76.8322
76.7278
76.6319
77.9962
77.602
78.3197
78.3404
78.2239
79.0252
79.0425
79.3826
79.1634
79.625
79.1312
78.662
77.8165
77.8462
78.3968
76.6852
78.3041
79.0614
77.4281
76.6177
76.2099
75.6488
75.7832
76.3062
76.7709
76.0913
77.0975
76.5395
76.3387
76.6922
77.0435
78.4779
76.8069
76.3632
76.0241
77.4068
76.7974
76.7544
76.7313
76.6911
76.6917
77.4227
78.1012
77.5961
76.2091
76.1081
76.1487
75.3402
76.3399
77.8156
76.7888
77.4242
76.4618
76.6584
76.1885
76.793
78.4396
78.3063
77.9297
77.4969
77.7269
75.9615
75.9847
75.3504
75.9097
77.4741
78.0606
78.112
78.6825
77.0403
75.9901
76.8952
77.4287
76.5308
76.9137
77.5232
77.3015
76.5331
76.9014
77.0787
76.4108
77.0756
77.8613
77.1532
77.4313
76.4653
77.6525
77.5039
76.7725
76.48
75.6614
75.8842
75.7399
76.5493
76.8973
76.3033
77.0679
76.7011
75.6465
76.8573
78.0483
77.6088
76.9304
76.3592
77.1232
77.4524
77.7456
77.0773
75.9614
76.574
76.5912
76.7217
76.6274
76.9372
77.1946
76.0624
76.6289
76.0455
77.4253
76.5943
77.8274
77.9525
76.9836
77.6293
76.3794
76.7087
77.461
77.13
77.1768
77.6871
78.2864
76.1738
76.9267
76.4149
75.8941
76.8356
77.3401
77.7407
78.37
77.9741
77.6724
77.5143
75.992
76.9043
76.885
79.0031
79.4689
77.8238
77.5483
78.3241
77.7333
76.9415
77.3357
78.3656
77.5659
78.3436
78.1776
78.7285
77.9359
76.9473
77.2409
76.8419
76.934
76.2371
76.2279
77.1342
77.6955
78.4988
77.8078
78.3172
78.4005
79.9231
79.2938
78.6288
78.7039
79.2535
78.6341
78.5696
77.941
76.9984
76.0917
76.5627
77.942
77.1298
78.0472
76.9428
77.2398
77.0589
76.7009
75.6377
77.627
77.3649
75.7505
75.5443
75.4595
75.8857
76.9576
77.9229
80.3204
78.9577
78.0404
78.4961
79.3179
80.2575
79.2223
78.4467
78.1307
78.6966
77.2152
77.5948
76.6245
76.554
76.8722
75.8143
75.772
75.7407
76.3792
75.7561
75.5651
75.7835
76.1074
76.3907
77.275
77.5947
77.6217
78.5587
77.0073
78.6433
78.7109
78.9312
78.3262
79.2271
79.1148
80.268
78.7265
78.9936
78.122
78.0743
77.3618
76.5524
76.2925
77.4455
77.2721
77.1797
76.625
75.8245
76.0576
76.9244
78.0842
78.9735
80.1323
79.657
78.9175
77.5514
76.8885
76.8689
77.657
78.1088
77.6416
77.5337
77.4108
77.2212
78.2
77.6078
79.1945
77.617
77.5522
76.7477
78.0879
77.7839
77.6933
77.0778
77.4576
77.0526
77.1856
77.7153
78.3844
77.6088
77.0788
78.6562
79.4104
80.2758
80.4972
80.8197
81.4544
79.1003
79.3126
78.9281
78.1766
77.992
78.9492
79.3185
80.4782
78.14
78.6253
76.921
77.5719
78.232
77.6204
78.5324
77.3131
76.9933
76.1855
75.3754
76.6004
77.2916
77.9073
78.2216
77.6966
77.1418
76.7315
77.3137
77.5186
77.6928
77.1109
78.6387
78.6215
77.9065
77.5749
76.8379
77.3359
77.1343
75.8705
75.0411
75.4585
76.2233
76.4274
76.9453
77.6208
77.3574
77.008
76.2329
75.8962
75.826
76.0846
76.5229
75.8499
75.0269
76.1814
76.5158
77.0326
77.024
76.7299
76.8377
77.5195
77.7767
76.8105
77.7237
77.767
76.6382
76.5887
76.9827
77.4798
78.2011
76.4245
76.2473
75.7705
76.742
76.5841
77.1197
77.6311
77.5636
76.9319
77.0315
76.5599
77.8817
78.9001
77.1294
78.1214
78.3179
77.8259
77.4225
77.4533
77.6912
77.2427
77.9694
77.9316
77.2286
77.1625
77.3719
78.6055
77.1451
77.002
75.8323
77.0823
76.7542
77.217
77.9666
76.7859
76.0056
76.1667
76.8047
76.3855
78.1714
78.3089
78.1998
77.7334
77.2554
76.4871
77.5698
77.9921
78.2835
78.3937
78.5637
79.0146
77.9312
77.1188
78.6021
77.1283
77.1167
77.3796
78.6093
78.8452
79.8526
79.9171
79.9592
78.7013
78.8038
78.5985
78.3747
77.5783
78.2704
78.703
78.8589
77.7854
77.3412
76.9674
77.1201
77.429
76.5045
77.4772
78.042
77.8985
79.1863
78.8849
77.8472
76.9161
75.0839
75.4288
75.4574
75.5952
77.2589
78.0259
78.0353
78.0367
77.0149
78.058
77.114
76.588
76.5919
76.7282
76.4416
76.1033
75.987
74.8733
76.3902
75.606
77.3768
78.0357
78.0981
77.1586
77.7666
77.5431
79.1696
79.8619
77.5816
78.5816
78.6271
79.0856
79.4536
79.2247
78.7998
79.1349
79.1294
78.0831
77.7852
77.4409
76.6819
76.6155
76.9595
75.2329
75.9284
75.9338
76.5175
76.9337
76.8078
76.0744
76.3797
75.2937
75.4067
76.1102
76.8404
77.0206
76.8581
77.3495
77.5781
78.1509
77.5542
77.2433
76.7067
76.066
77.2343
77.4796
77.2796
77.7149
76.9011
77.3842
76.9902
76.9242
76.1404
75.9213
76.8587
76.6136
77.1566
77.3264
77.1521
76.4148
75.5185
75.3377
75.9539
76.1186
76.6564
76.8181
76.4751
77.2085
77.58
78.522
77.5632
78.7054
78.8122
77.3816
77.1837
77.535
77.5432
77.3209
77.6672
79.0951
79.6258
78.3638
79.2422
79.6366
78.9834
78.1658
78.0471
77.0057
76.4436
77.0742
77.0685
77.1066
76.5895
76.5795
78.4821
77.8023
77.0958
77.9878
76.6735
78.162
77.247
77.6302
76.498
76.8593
76.8896
77.0865
77.5558
77.296
76.8182
77.2368
77.2264
77.0246
75.509
77.0193
77.1528
76.4305
78.1632
77.3523
76.7476
76.6667
76.8982
77.8347
76.4899
76.535
77.4808
78.2696
78.3111
78.2244
76.8136
77.4849
79.3287
79.0105
77.145
75.9179
76.1974
76.2454
75.2051
75.468
77.623
77.176
77.0895
78.3335
79.4286
79.3018
79.2761
78.8621
76.6876
75.9189
75.3158
76.4064
75.5059
75.5961
75.9577
78.0219
77.678
78.151
77.7003
76.1331
76.242
76.478
77.2281
77.483
78.163
78.204
77.6292
77.4866
77.097
77.3731
77.2397
77.8994
78.1417
77.7667
77.5883
77.8655
77.527
77.1237
77.3526
77.6516
76.9173
77.6055
78.1976
77.8564
77.7619
76.5903
76.0581
75.9362
75.6431
76.8558
76.1403
76.7639
77.6778
76.3762
76.2367
76.6107
77.3122
76.2773
76.9179
76.236
77.9776
77.0953
76.9497
78.2003
78.129
77.1525
77.0158
77.3649
77.7492
77.9757
79.4854
76.7069
76.2389
76.539
76.8342
77.675
78.7368
77.3031
77.7413
78.0472
76.9965
76.576
76.8283
76.8463
76.8735
76.1872
76.3882
76.9293
77.0532
77.7942
76.2145
75.6714
77.0578
77.7318
77.4781
77.9843
77.2581
76.5889
76.4545
76.0199
76.0867
76.4524
76.6141
75.4673
76.6371
77.876
76.6287
77.3025
77.8365
77.6072
77.3604
76.8229
76.7104
76.6683
77.1379
76.7604
76.8297
77.2605
76.9961
77.3547
78.643
79.0167
77.5304
77.8355
78.3015
77.2667
77.1019
77.1116
77.2614
77.7066
77.7874
78.5067
77.9633
78.2787
77.541
78.4228
77.3936
77.1986
78.5154
76.8776
78.5627
78.2205
76.5077
75.3746
75.5605
76.2347
76.2763
76.911
77.6553
77.8741
77.7316
77.9636
78.0205
78.1979
79.0495
78.2347
77.8251
77.7151
76.7163
76.7307
77.7562
76.5271
75.4058
75.6831
75.9563
77.6591
77.7066
77.7096
78.146
78.1355
78.4551
78.8471
78.5241
78.6735
78.0998
77.112
78.6723
78.5257
76.9071
76.9077
77.9876
76.7126
78.2912
77.1071
78.3818
79.2981
78.6417
78.2878
78.3711
77.2915
77.3144
78.3727
78.3549
77.4398
76.8536
76.1348
76.7528
77.0868
77.3261
75.8221
76.3845
77.1868
78.977
77.9586
78.06
77.5747
78.0847
77.548
77.6147
78.6549
78.8589
78.9762
78.423
77.9445
78.5449
78.6796
78.0574
78.1589
77.3324
78.1741
77.6036
78.853
79.5212
78.9117
79.1521
78.0087
77.9575
77.309
77.678
76.5367
76.5851
76.8905
75.0834
76.4297
77.7723
77.6228
77.0842
77.9461
78.825
77.666
78.0945
77.3107
76.3392
76.5217
76.6147
76.7846
76.2798
76.3991
77.003
76.8073
78.8471
78.5783
77.1842
76.3184
76.3742
77.6252
77.8946
77.1434
77.4603
77.5274
77.7518
77.4943
76.4979
77.0632
76.383
77.3094
76.0402
76.4974
75.6902
75.9793
75.9663
76.1226
77.0669
76.5711
77.9333
77.531
78.2903
76.9945
77.7973
76.7161
77.3087
77.0249
76.4965
77.4089
78.3652
78.4739
78.8084
79.8947
79.6324
79.6134
79.9437
77.9458
77.7437
78.4302
78.0382
77.7257
77.9381
78.2882
77.6733
77.3823
77.6424
77.624
76.9038
77.4514
78.7383
81.2487
79.5699
79.0624
77.881
78.9997
78.78
80.6697
81.6732
80.0307
80.0527
79.0587
78.0729
78.8475
78.7382
78.9115
77.5317
78.1235
77.5916
77.685
77.9603
77.1504
77.7941
77.2113
77.7029
78.7198
77.7552
77.0589
78.5644
77.7398
77.6644
78.363
77.389
76.9322
77.7233
76.6764
76.2181
77.4158
78.8457
77.891
76.5312
76.079
77.3225
77.856
77.4517
78.3779
77.8847
78.5562
78.2617
78.7081
78.6255
79.8764
79.3769
78.8045
79.648
77.5456
76.8978
77.2361
78.6471
78.419
77.2781
76.5691
76.5659
76.3713
76.7693
77.3626
78.2671
77.9887
76.6253
77.9366
77.2443
77.5059
77.4142
77.205
77.0681
76.3953
76.2058
76.3986
76.4961
77.5224
77.6889
77.7936
78.6379
78.1315
77.7587
77.3185
77.49
77.3516
76.3268
75.9513
77.5023
78.387
77.4705
76.3519
76.1783
76.2416
75.58
75.9011
76.3862
76.4398
76.3972
76.2626
77.5462
78.1083
78.9637
80.2239
79.5485
78.5172
78.4942
78.1445
79.121
77.746
79.3168
77.9947
79.0402
77.8307
77.8559
78.1313
79.1074
77.3682
77.5849
79.0575
79.2943
79.2284
78.4826
79.3568
79.2688
79.231
78.0506
79.7203
77.9085
77.576
79.0894
77.5695
77.6086
77.8557
77.5128
76.6331
76.7799
77.147
77.7052
78.348
78.3555
76.8854
77.4493
77.963
77.9055
77.8136
77.7478
78.0018
78.5109
78.3272
78.5916
77.9252
77.9734
76.996
77.182
77.408
76.6019
76.6076
77.6428
77.1666
76.1327
76.7176
76.0041
75.759
76.475
76.754
76.7479
75.8598
75.4373
75.8472
76.7068
78.3597
78.7351
79.3828
80.4716
79.002
79.0386
79.2478
78.2692
78.5834
78.798
78.43
76.5606
77.2251
75.9841
77.0193
78.3338
78.5311
78.2584
77.1404
77.9691
78.0275
77.3061
77.9722
79.2776
78.4035
77.7509
77.5958
78.4581
78.4334
78.5838
77.0663
76.4166
77.5218
77.1418
78.4863
78.7752
79.7097
80.1004
78.6137
77.9093
77.471
76.6812
75.6571
76.6245
77.2088
77.3771
77.5298
76.2734
75.3799
75.3946
74.7542
75.2767
75.8528
74.6519
75.2591
75.5703
77.1884
77.6051
76.5521
77.5244
77.6065
77.2128
77.937
76.3594
76.3998
76.0411
75.6745
75.9285
76.3719
77.4714
76.7408
77.1462
78.1494
79.0755
78.5788
77.7267
76.7397
77.1711
76.5664
76.4794
76.18
75.3175
75.3887
76.3153
75.7747
75.4011
76.0078
76.8217
77.7845
76.002
76.6903
77.4129
76.9705
75.9235
77.0676
77.5853
78.9546
79.1152
77.0162
76.1909
76.0102
76.6473
76.8387
76.7801
76.958
77.8568
76.4809
76.5666
75.4723
75.9187
75.0825
75.462
75.8452
76.3396
76.4006
75.7553
75.4647
75.849
76.3677
75.8222
76.1702
75.9801
74.9832
76.0789
75.1751
76.6908
77.1263
77.0299
77.574
77.0401
77.043
76.5362
78.1053
78.1709
77.5325
77.5868
77.1589
77.6598
76.7477
76.7183
77.4661
76.4607
76.5061
76.8014
76.0758
76.0006
75.6802
76.0568
77.3387
79.6546
78.2088
77.6521
77.93
76.6704
76.488
77.6244
77.7773
79.0769
78.8175
78.0905
78.5141
78.3842
78.0875
76.6585
77.3071
77.3541
76.7953
76.711
75.4893
76.3922
76.6874
77.7718
79.525
78.0645
78.2436
77.5595
77.112
76.212
76.5069
76.4114
77.8584
77.5738
77.4507
77.474
77.4201
77.3108
77.5151
76.6805
78.3872
77.6833
76.8884
76.4519
77.376
77.3804
76.7934
76.6759
77.0789
78.5795
78.0167
79.0926
77.8167
77.6554
77.0741
76.3453
76.9909
76.4312
75.6143
75.5797
76.4703
75.9354
76.1432
75.7838
75.8723
76.1221
76.2221
77.2048
75.8429
76.1935
76.5381
77.2425
78.6985
77.5228
77.199
77.0086
76.6647
77.6694
76.1176
75.9645
76.5894
77.1258
77.8178
77.4378
77.4206
77.5518
77.0059
78.5793
78.3134
79.0281
78.0415
78.3848
76.6924
77.534
78.1436
77.2821
77.1457
77.1861
77.0544
76.3521
75.2515
76.1927
75.923
76.3335
76.7218
77.2923
76.4886
75.882
75.6391
74.905
75.4785
75.7996
76.9122
77.7206
77.3822
77.454
77.1053
76.7988
77.5293
76.7433
75.8294
75.7454
75.927
76.066
77.0777
77.1271
77.6952
78.0305
77.7472
77.3846
77.9194
78.4507
77.5998
78.4337
77.8359
77.3563
77.3364
76.5823
75.93
76.0294
75.6622
76.1137
75.9628
76.7144
77.1803
77.7862
77.0938
77.9816
79.8204
80.0234
78.4009
76.6642
77.4092
77.1032
76.9758
77.4421
77.2918
77.7978
77.8793
77.7984
76.8008
76.1865
77.2959
75.9777
76.6222
76.4807
76.4437
76.406
75.6823
75.8199
77.3791
77.494
77.6231
76.1523
76.6926
76.7149
77.2647
76.8992
76.7415
77.0443
76.7781
75.7994
76.7078
77.4227
77.6118
77.8519
77.4185
77.5804
77.1908
77.7175
77.7177
77.3106
77.7765
77.6554
76.4152
76.9479
77.9783
78.9828
79.1573
79.0657
78.8292
78.7858
79.3171
78.9442
79.1518
78.1233
78.0469
78.1037
77.7877
78.2066
78.7507
78.2668
77.6367
77.0605
76.4394
77.128
76.0413
76.4872
77.0327
76.9578
77.016
76.6335
77.1704
77.4674
78.6903
79.5348
78.6961
78.8302
79.6455
79.2302
79.4703
78.1062
77.8993
77.4667
77.7046
78.1551
77.2728
77.8914
78.8683
78.0003
76.0686
75.5171
75.3541
76.6472
76.3342
77.7086
77.5835
79.0632
77.8778
78.3077
78.3697
78.3711
77.853
76.7088
75.7011
76.01
76.8945
77.2675
77.1853
76.1384
77.7872
77.6279
76.2829
76.3592
77.1809
77.217
77.6264
78.3073
77.9039
76.7283
76.0403
76.1716
76.2098
76.1346
76.0203
76.9484
76.7982
76.8436
76.6862
76.3398
74.9591
75.6547
76.3365
76.8047
76.3709
76.3575
77.9434
77.0374
77.334
78.8687
78.2408
78.4661
78.0936
79.1855
79.2313
77.9663
78.2313
78.05
77.3855
77.2392
75.7436
76.4211
76.9409
77.2048
77.466
77.5818
76.5187
76.8284
76.693
75.3108
76.1948
78.1124
77.9379
78.6739
77.4359
77.8442
77.2676
78.4111
78.2711
77.655
78.0261
78.2168
78.129
78.1408
78.9887
78.3617
78.659
78.4797
76.5627
75.7473
76.9373
77.1142
76.6786
76.7162
78.3805
77.1941
77.5333
76.6617
77.25
75.7017
76.0857
76.9135
76.4184
76.1349
76.1285
76.2639
76.3605
77.5143
76.8136
77.3391
78.2018
77.2909
77.9606
76.5818
77.7698
76.8168
76.486
75.1835
74.7678
75.5206
75.5131
75.2582
75.7432
76.8411
76.7146
76.4421
76.4815
76.342
76.6024
76.7163
76.3628
77.5099
78.1933
78.6655
78.084
78.2274
78.132
77.0386
79.2978
79.4306
78.0989
76.9102
77.7247
77.3322
77.5607
77.3655
77.199
77.7299
77.5144
76.2219
76.6035
77.6924
77.9078
78.3528
79.285
79.3104
78.7526
78.548
78.0988
78.1428
76.827
77.0055
76.2343
77.3266
76.5466
77.9135
78.8195
78.4329
78.4596
78.2443
79.3397
79.1976
79.6658
78.7247
79.0761
78.4804
78.0508
76.8768
76.149
76.2493
76.3162
76.6684
76.5085
76.9118
76.9171
76.1216
76.2194
76.0748
75.8983
77.099
77.514
78.3317
77.2026
78.3748
78.026
76.9937
76.9235
76.0991
76.4871
76.1151
76.3869
75.7578
75.8272
76.5937
77.1612
77.1383
76.9569
77.6991
77.471
77.4125
77.4605
76.9566
76.9396
76.8923
76.8257
76.9594
76.7857
75.9921
76.3125
76.3101
76.1962
75.5482
76.238
77.2284
77.2145
76.6518
75.7116
76.2876
76.6067
76.2453
77.2513
76.2832
77.4698
78.2493
78.5969
78.3597
77.7919
77.5289
77.095
77.155
77.3565
77.7568
77.2392
76.8092
76.0621
75.5593
76.3753
76.4312
75.412
75.0656
75.1061
75.4547
74.9679
75.2798
76.3255
76.2224
77.7548
77.7703
77.6583
77.7076
78.2529
77.3782
77.0689
75.8552
76.1502
76.8034
76.8137
77.3399
76.7049
77.4422
77.2079
76.7381
76.3021
77.4402
76.6553
76.4678
76.2205
77.5499
76.5583
75.4039
75.9704
75.4051
76.0573
77.2596
77.4104
78.2293
78.0447
78.1055
76.3484
75.8265
74.7547
74.7471
75.2604
75.5515
77.2514
75.9966
76.1752
77.2836
76.3216
76.6182
76.0619
75.7302
76.4403
77.1665
78.2794
79.4051
78.3582
79.8519
78.5489
77.4455
76.2647
76.1112
77.1716
77.6223
78.0225
77.4211
76.0451
77.3788
78.901
78.0553
78.7649
78.4118
79.3662
78.9145
78.2579
77.715
76.7607
76.9543
76.3427
75.8215
75.7304
75.4743
75.6742
75.869
74.8546
74.188
75.1191
74.9103
76.2588
77.617
78.3995
77.9156
77.3947
77.2491
76.4051
75.9878
76.8799
76.8513
76.7429
77.1595
76.6877
77.0105
77.3132
77.8411
76.2154
75.9582
76.6544
76.2883
75.01
76.3196
77.0707
77.4064
77.2015
77.2302
76.8947
76.8551
76.5566
76.4633
76.6905
76.6881
77.5758
76.8391
76.9177
77.1262
77.104
77.949
77.3514
77.6051
76.7393
75.8653
76.2188
76.885
77.5555
76.5511
77.0006
78.4657
78.8597
78.9569
79.2665
76.8762
76.6304
76.3995
76.5014
76.5873
77.295
77.1292
78.3622
78.9765
77.6726
78.1768
78.2102
78.4323
78.388
77.3349
78.1098
78.3455
77.7329
77.6897
76.1472
75.7869
75.6082
76.1506
76.754
77.9215
77.3079
76.651
76.2303
76.2614
75.6097
75.0725
76.2622
76.7533
76.4068
76.3699
76.0349
76.8312
77.8927
77.286
76.9749
76.666
76.2695
76.4257
75.2176
76.2993
76.9715
77.4916
77.3336
78.4499
79.094
77.3466
77.7396
76.5575
77.5768
77.007
76.449
75.1835
76.4214
77.408
77.2364
78.7925
79.4519
78.2102
78.5811
79.5057
78.8619
77.1069
76.0622
76.545
76.5407
78.455
78.3308
78.6793
77.1229
77.1269
76.1129
77.4256
78.9263
79.534
79.254
78.0258
76.5765
77.5141
77.1351
77.6168
77.177
77.8278
77.9475
77.8063
77.2863
77.7536
77.5563
76.4198
76.4981
76.6472
77.1337
78.2313
78.2537
77.0542
77.6899
78.4288
76.7081
75.3696
75.2265
75.2025
75.3114
75.5926
76.327
76.2698
76.8677
78.2389
78.4573
79.0755
79.2648
78.4524
77.2284
76.4291
76.1588
76.6192
77.5124
77.43
78.388
78.0846
78.5732
77.1488
78.2786
77.3046
77.6577
77.3443
77.4369
77.3841
77.0893
76.5568
76.4932
76.1324
74.7082
75.4861
76.5863
77.5963
77.6839
77.8659
78.0603
78.5855
79.1473
78.4375
77.4801
77.2296
76.801
76.7151
77.7684
76.3145
76.8432
77.8202
77.4293
77.742
76.0699
77.1758
76.6233
76.2753
76.4458
77.3634
78.0365
76.554
77.7007
77.6983
78.1065
79.9234
78.5772
77.0409
77.1653
77.5207
77.5297
76.8486
75.8106
76.6265
77.1447
78.4557
77.8075
77.5444
79.0334
79.1562
77.7353
77.5015
76.5864
77.4318
78.0594
77.7447
77.9648
77.1204
76.8106
76.4373
76.1923
75.4735
75.9472
76.1539
76.8756
77.4654
77.3769
77.3257
76.6946
79.3331
78.2325
76.5049
77.2492
76.4217
77.6595
76.7624
76.4548
75.2269
75.7592
76.3072
76.5075
76.5831
77.1278
76.7481
76.7383
77.5141
77.4675
78.1604
77.8565
78.5631
77.672
77.9507
78.1409
77.0081
76.9395
77.657
77.2026
75.9412
76.2519
77.6408
76.8914
77.0981
77.7744
76.6896
77.278
76.3187
76.3958
75.8232
76.233
76.1996
77.0905
77.1069
78.78
78.217
77.6176
78.0183
77.6144
78.5228
78.1111
77.6411
77.7057
76.9561
77.782
77.4946
78.3081
78.6025
77.9655
78.647
77.4835
77.6871
76.5824
76.5274
77.7228
77.6168
76.9503
76.6532
77.1581
77.5172
77.1068
77.1063
76.9987
77.1013
77.4501
77.0566
76.4455
77.9161
78.4381
77.7138
76.6712
77.7416
76.7704
78.5248
78.6817
78.9951
78.0294
78.02
77.0881
76.5403
75.6423
76.172
75.6044
75.6507
77.3177
77.785
77.4605
78.7165
78.2371
77.5083
78.5257
78.5837
77.5608
76.345
76.1625
76.2059
76.517
76.6792
76.01
76.3949
76.1074
75.2569
75.6548
76.9644
77.266
78.1998
77.9987
77.5189
77.3312
78.0053
79.052
79.242
79.0195
77.4359
78.0298
77.6651
77.8531
78.4931
76.5068
75.444
76.5183
76.8425
76.9085
75.8647
75.7325
76.842
76.7547
76.6257
77.7971
77.8476
77.3914
78.2345
78.8853
77.9082
78.4087
79.2285
78.2662
79.6845
79.2997
79.0765
78.258
78.757
78.0456
78.2533
76.8905
76.9477
76.8841
75.7726
76.3702
76.1921
76.5569
77.1908
76.8402
77.3145
77.7931
76.5085
78.492
76.9408
76.9184
77.2853
76.8391
75.9664
75.8781
77.1038
78.2665
77.4223
78.0588
77.1685
77.267
77.3564
77.3857
77.6561
77.849
77.3998
78.0173
77.9833
78.2591
78.7474
78.8029
78.2999
77.1662
76.8152
76.3509
76.5755
76.6695
75.764
75.65
75.6301
74.4901
76.0417
76.0727
75.8995
76.2912
78.6436
79.1245
78.373
76.8896
77.1124
77.1197
78.0317
78.8907
79.4292
79.6772
78.0627
76.6658
76.3982
77.4076
80.1184
80.0061
79.4088
77.9872
77.4017
76.1675
76.3334
76.6674
76.7955
77.2785
77.8136
78.4254
78.7695
79.2593
77.9193
77.2176
77.5289
78.0446
77.4786
77.3832
78.3533
78.703
77.9991
76.9022
76.4087
75.7117
76.7779
77.1707
77.4602
78.3102
77.129
76.5353
76.4565
76.7301
76.5959
76.6971
75.8189
75.457
75.316
75.607
76.9424
76.8357
77.1928
78.0211
79.1033
77.9914
78.0383
76.9848
78.0898
78.2637
78.6944
78.9502
78.1849
76.6693
78.4133
77.3959
77.3094
77.2003
77.3166
76.6698
76.6528
76.6117
76.2858
76.6806
77.0501
78.298
77.6062
77.9709
76.115
75.8766
75.148
75.4945
75.8537
76.2928
76.2583
77.7935
77.8933
79.2101
78.535
76.9896
76.7793
76.5743
77.9134
79.0825
80.6339
79.4302
81.0934
79.577
79.8195
78.2419
77.7869
78.5126
78.6213
77.746
79.1335
78.3515
77.065
76.9264
76.4102
77.4685
77.3092
75.9964
77.2005
77.677
75.8231
76.432
75.7311
76.9083
77.4605
77.3266
78.9405
77.6276
77.3228
77.398
78.2517
77.6126
77.1194
77.484
77.7299
76.4662
77.7262
77.1949
76.2286
76.3245
76.9162
77.5288
77.4077
77.1105
77.1973
76.8781
76.3089
77.0063
77.9475
78.2864
77.9844
77.2482
76.5201
76.4623
76.4451
76.7655
76.3586
76.453
76.4698
76.4145
74.9226
75.7765
76.8084
76.3754
75.5644
75.118
75.6436
75.7238
76.5135
76.6113
76.0456
75.779
75.9348
75.455
76.7456
76.418
77.9023
77.5631
77.9702
78.4172
77.058
77.0909
76.1334
77.7493
77.6969
77.9127
77.278
76.3178
77.4222
77.5244
75.8115
76.6121
76.5568
77.3161
76.9226
76.7178
76.7563
77.4919
78.6933
77.5676
78.647
78.5593
78.0193
77.8889
77.3817
77.6169
76.695
76.3929
75.402
76.1115
76.8233
76.6527
76.918
77.1898
76.5268
76.8228
76.4735
77.9309
77.3187
76.8614
77.2859
77.4962
76.8991
77.8839
77.2486
77.1961
76.3615
76.4251
76.9897
76.7176
76.2159
76.0346
76.4099
75.5069
75.8179
77.8809
77.0998
76.8426
77.2945
77.8516
77.5042
78.3726
78.7105
78.2089
77.3814
76.3176
76.9528
76.1843
76.5544
77.6562
76.3487
77.9061
77.6195
77.1422
76.9365
76.5345
76.1327
77.8448
76.6006
76.4633
77.0105
76.105
75.82
76.6239
76.4399
76.9541
76.6833
76.2618
76.0298
77.4052
77.871
77.922
77.3819
77.7297
77.1727
76.9175
76.614
76.2935
75.8437
75.6259
76.8537
77.4432
76.9801
77.2684
76.4624
76.3788
78.1962
77.3895
77.7977
76.9532
77.7846
76.4081
76.2812
76.7154
78.178
78.7326
77.8319
77.7055
77.9077
77.68
76.4438
77.7773
76.5323
76.4988
76.9701
76.8659
76.1449
76.1259
76.2073
75.986
75.5427
74.6683
75.6096
76.9071
77.2295
76.9262
76.4488
75.9334
75.7426
74.5299
73.9775
75.5004
76.2908
75.3782
77.4056
76.3403
75.8148
76.3329
75.6265
75.0152
76.3472
76.9297
77.3448
76.8003
77.1422
76.4772
76.7666
76.9996
76.3082
76.4722
76.3104
76.5545
76.3277
76.5489
76.6064
77.0308
77.1941
77.2649
77.0021
76.2935
76.0818
76.9886
76.6082
76.3722
75.9874
75.6853
75.738
75.0117
74.6254
75.4504
76.2565
75.9374
76.7632
76.952
76.5843
77.7115
78.0193
78.6217
76.6516
76.0578
76.4201
77.212
77.9669
76.9908
77.5017
75.6773
75.6384
74.9485
76.0565
76.0699
75.9771
75.8661
75.0973
74.3412
74.9921
76.5613
76.7076
76.3199
76.5731
77.0294
76.7639
77.1015
76.8691
77.2166
77.6948
76.1772
76.3598
76.2399
76.2342
76.3159
77.4308
77.0893
76.2007
77.5517
76.5441
76.6267
77.0527
76.1207
76.826
77.7193
77.6774
76.1779
75.986
76.4693
77.5157
76.8358
77.2063
76.5513
77.0082
76.6495
77.0049
76.7911
75.2266
74.9208
76.1816
75.3669
75.8889
76.1334
76.7517
76.7546
76.5323
76.2528
76.2554
77.6687
77.3817
77.3718
78.3135
79.3757
77.7647
77.0187
76.4212
77.6824
77.1092
77.65
77.7919
77.4228
77.8259
77.257
77.9432
77.6667
78.2347
79.4618
79.4182
79.9995
79.5115
79.1767
79.0023
77.0177
76.745
77.1826
76.4284
76.3481
76.1672
77.1147
77.9093
76.7162
77.083
77.4718
78.0493
76.9283
76.5171
77.4826
78.9649
79.1816
78.6319
77.0308
77.7486
76.676
77.8899
77.3227
77.4766
78.0508
78.688
77.9774
77.6915
77.5991
76.7419
75.903
75.9981
77.993
77.2371
76.1226
76.6535
76.136
77.0961
77.5062
77.1296
76.9826
77.3567
77.5702
76.7102
75.871
77.206
76.7711
75.6961
75.6335
76.5883
76.7053
76.7581
75.8884
75.651
76.3394
76.8227
77.7856
77.0765
76.5712
77.2979
78.877
78.7196
78.0911
76.3771
76.7665
76.8993
76.5941
76.9971
78.4977
76.9712
78.3914
78.4349
77.461
77.7019
77.0284
76.5102
76.779
76.3561
77.552
77.9486
78.5228
77.9633
77.4515
78.4602
78.0446
78.8075
78.1862
76.8904
78.1589
77.5837
78.3588
77.9517
78.1743
77.3003
77.9919
77.3785
76.8709
76.7124
76.5065
76.7876
76.5876
76.476
77.568
78.0474
77.4174
78.6839
76.9404
77.8611
77.0332
77.3729
76.3421
74.589
74.7045
75.8837
75.1143
77.2755
76.2291
76.0415
77.3022
77.0067
77.2161
78.0161
78.0349
77.2762
77.5231
76.3628
77.1312
76.6335
76.3234
76.6603
77.1915
76.8198
77.076
77.5613
77.4019
76.7755
76.7734
76.0128
76.5108
76.0597
76.8527
76.538
77.3635
78.0588
78.3379
79.2143
77.9612
77.6788
78.127
77.431
77.089
75.5336
76.4912
76.3823
77.1547
76.7161
76.0822
76.048
75.794
77.1381
77.7732
77.7739
77.0976
77.061
77.2169
77.4226
76.7857
76.6198
76.4585
76.813
75.6105
75.477
75.1622
75.6159
75.6743
75.0799
75.7712
76.1474
76.0862
76.6547
77.9632
77.647
77.1574
77.3579
76.7696
77.5509
77.9863
76.3841
76.9914
77.9591
77.8317
77.5051
77.1231
78.7622
78.0857
78.5745
77.9458
76.7417
76.6056
76.7107
77.1319
77.0233
77.1042
77.2164
77.2211
77.1615
74.9913
76.2889
77.6265
76.8122
78.7158
77.2123
77.9596
77.3837
78.1101
79.0356
78.3148
77.6667
77.9764
78.0607
76.7451
76.1938
75.8873
77.3186
78.2476
77.214
78.5917
78.9968
77.3024
77.5873
78.4879
76.426
77.0831
76.4727
77.2936
77.703
77.2217
77.2599
75.4408
76.7449
76.2333
76.2627
76.9179
75.5777
77.1223
76.3958
76.0719
77.0435
79.3696
79.2011
78.7404
77.8688
78.2876
78.3821
78.5695
78.2526
77.2145
76.1268
77.3537
79.206
79.9194
79.0927
78.5893
77.9919
77.377
76.452
76.6755
76.8223
76.9001
77.423
78.2283
76.69
76.7743
77.2064
76.5568
76.0256
76.4615
76.212
77.1988
76.7056
76.4863
75.5322
75.4824
76.5616
76.4291
76.4586
77.2331
77.498
77.6544
76.8703
77.4294
76.9524
78.1179
77.5981
77.6726
77.8039
76.9491
77.6269
78.7902
79.1899
78.7792
77.9953
77.1459
77.0947
77.0904
76.8723
78.28
78.3009
77.6376
77.769
78.4231
78.3025
79.2781
77.8712
77.2611
76.4619
77.3002
77.0561
77.3777
76.7619
76.784
77.2147
76.5692
75.6576
75.7258
76.6139
75.8066
74.2869
75.2006
77.1215
76.6807
75.2911
76.681
75.7685
77.0032
77.0096
75.9645
76.643
75.9985
76.205
76.6103
77.4645
77.3944
75.9
76.4574
75.7673
76.2684
76.6552
76.0864
76.4587
75.8003
75.066
74.6146
74.7979
75.6156
76.7628
76.078
76.1104
75.8323
77.419
77.425
77.3957
77.7223
78.6939
77.2805
76.74
76.5252
77.5667
76.7531
77.5545
77.4632
78.5319
78.1254
78.0134
78.3363
77.635
76.5281
77.3503
75.6826
76.3289
75.8126
75.9055
76.188
76.5068
76.877
78.2278
77.9165
77.8126
76.5522
77.5927
77.4915
78.0799
78.1898
77.3456
77.6336
77.3466
76.6911
77.6199
77.3916
75.9939
77.2365
76.137
75.87
74.931
76.5197
75.4179
76.1034
77.3796
77.4217
77.284
76.5422
77.8917
78.2521
77.7732
77.3353
77.496
77.3035
78.0901
75.8829
76.0369
77.1617
76.8779
76.3933
75.9297
75.5775
75.101
74.1118
74.7939
76.1981
77.285
77.8753
78.0126
77.5754
76.7877
76.4232
76.9529
76.5093
77.6543
78.8301
77.8836
77.5818
77.334
77.7032
77.4602
76.9826
77.386
77.8155
77.5262
76.3128
76.0025
76.0937
76.5698
77.0569
76.4377
75.8697
76.0973
76.4642
76.7837
76.5315
76.9742
76.4976
76.1844
75.5013
75.6458
76.1388
76.1394
76.3695
76.4457
76.5652
77.0949
77.7194
78.3643
78.1112
78.4567
76.9715
77.8274
77.0366
77.3656
77.436
78.7541
77.2963
76.268
76.5632
77.8372
78.5671
78.3449
78.684
77.0281
77.0288
76.5604
75.8304
75.5805
75.0743
75.5225
76.0934
75.2656
76.7942
76.9337
76.108
76.5187
76.3236
75.7483
74.896
76.0159
75.8673
77.0577
77.1996
76.4476
77.0143
77.0301
76.2888
76.0824
77.2602
78.0581
77.9523
77.9994
77.0766
75.6491
75.9571
74.9174
76.0496
75.6754
75.3922
75.8837
76.0888
75.3079
76.2227
76.2262
76.0644
77.2426
76.928
75.9866
75.4878
76.301
77.161
75.829
75.9782
76.2322
76.7514
76.1313
76.9195
76.4444
77.1825
76.6873
78.3987
78.3567
78.6916
78.3281
78.1431
77.3357
77.271
77.7307
77.337
78.3375
78.8225
77.7433
78.5076
77.9853
77.7243
78.1441
77.7051
77.2794
77.9866
77.7202
77.9862
77.156
77.5403
78.2919
77.0302
77.4588
76.9483
76.7936
76.2339
76.2879
76.7631
75.3311
75.942
75.7793
76.6613
75.8405
76.1277
76.5836
76.818
76.6468
76.6706
77.6174
77.2688
76.1641
76.348
77.3706
76.869
77.3446
77.4626
76.7768
76.8034
77.4361
76.9478
76.8342
75.9461
76.2259
76.1046
76.4705
76.3075
77.0577
78.2061
79.282
79.3082
78.106
78.6577
77.8458
77.6845
76.0751
76.2798
76.8307
76.8028
75.9302
75.8034
76.9049
78.1606
77.7071
77.7274
78.4068
78.5899
78.8186
77.3465
78.2738
78.1513
78.1691
78.686
78.5565
79.1996
79.311
79.2098
78.5141
76.6798
76.5258
77.7534
78.0775
78.3605
77.4674
77.7364
77.7167
77.3122
77.2043
76.7896
77.9768
76.1756
76.2469
77.6667
76.9714
75.838
76.0925
76.3614
76.1832
76.7938
77.0898
76.8229
76.5927
76.8197
77.4623
77.0015
78.1291
77.7369
78.2096
77.8373
77.43
76.205
77.1665
76.5227
76.5916
76.1088
77.7586
77.0946
78.0528
76.7355
76.1351
76.2305
75.8647
76.0692
76.0461
74.3529
75.1916
75.2166
76.0038
76.5813
76.3032
76.2647
76.3129
75.141
74.8605
75.1605
75.5434
76.0027
75.8014
76.5366
76.4476
76.5052
76.6893
77.305
76.785
76.9079
76.9379
77.3456
76.8787
76.7037
76.8553
78.2533
77.6087
76.1631
76.3437
76.5955
77.117
78.0354
78.109
77.9245
77.1807
77.758
76.7993
76.3048
76.4227
77.1649
76.6557
75.8398
77.7823
76.6555
76.1328
77.2865
76.4082
75.6818
76.0756
76.4448
76.7519
76.634
77.1338
77.536
77.8929
77.1752
76.1168
76.0835
75.7451
76.3775
76.7052
76.1918
77.9598
76.3268
76.2513
76.4793
75.9126
75.8456
76.461
77.0629
76.7232
77.578
76.8822
78.4206
77.3234
77.2184
78.6181
78.2864
77.5198
77.8062
77.3465
77.7065
78.4806
76.9184
77.3187
77.5111
77.659
76.5025
75.8221
75.7072
76.6171
76.9022
78.0951
77.993
77.3345
78.7366
77.9552
76.9517
76.05
75.9462
75.8433
76.1347
75.309
76.1513
75.3741
76.4797
78.0968
78.9817
78.6301
78.1904
78.1076
78.5711
78.1264
78.2296
78.9958
77.6953
76.828
77.404
77.4423
76.181
75.7837
76.3925
75.8177
76.006
76.4062
76.6818
76.3601
75.8216
75.8838
76.099
77.7865
79.6052
78.6702
78.17
76.4782
76.7216
76.0269
76.6474
76.6828
75.7286
76.631
76.5436
76.6363
76.955
75.9251
76.5626
76.6286
75.9759
76.4836
75.8628
77.2869
76.1839
75.9839
75.8633
75.0805
75.2061
77.0515
76.8888
75.9666
75.17
76.0168
75.2018
77.0258
76.1825
76.1641
77.0841
76.6619
76.6486
77.2353
77.7291
77.3162
76.5624
76.6171
77.0972
77.2627
77.6588
77.8953
77.3388
74.8479
74.3722
75.1363
75.3704
75.7674
76.0264
77.0181
77.1939
78.4396
77.875
77.3063
76.6281
75.9802
76.1735
75.9277
75.9748
76.2331
76.2294
75.6059
77.1111
77.719
76.9104
76.3596
76.2391
75.4499
76.6802
77.7642
76.8779
77.6235
78.3323
76.6453
76.5403
74.4461
75.8728
77.5908
76.5838
76.6267
76.1912
75.7643
76.5459
76.9648
78.0481
78.3188
77.8826
77.7597
77.8453
78.6373
78.4225
77.2859
77.748
77.5325
76.6449
75.8266
76.157
76.4305
76.4832
77.0837
77.3256
76.7926
77.9063
77.0625
76.3905
75.6623
74.828
75.2655
75.7399
75.983
77.0945
76.9934
76.933
76.8463
77.0481
76.5856
76.3922
76.1834
75.0597
75.3548
76.0479
76.7854
76.6303
77.4982
77.6804
77.3563
77.4853
78.2422
78.099
76.7848
77.193
78.2753
77.9812
77.9344
77.6496
76.8981
76.7761
78.0191
76.3985
76.7103
75.7159
77.5024
76.89
76.006
77.8488
79.0321
77.9597
77.0699
77.0882
76.2907
76.3596
76.78
77.3615
76.0996
77.1557
77.1803
76.0265
76.8682
77.4492
78.3043
77.0749
77.4995
78.8313
78.5137
78.2546
78.0656
78.8388
77.6168
78.0162
77.3726
77.1499
76.5582
77.0958
77.164
77.3817
76.824
78.4163
77.5337
77.2192
78.0084
78.5054
77.1079
77.2408
77.4642
76.651
76.7937
77.1917
76.6506
76.9312
76.4373
77.2303
77.5976
77.3468
76.8064
76.0136
75.6789
76.3285
76.2842
76.7529
76.2075
76.5617
79.0374
80.3003
79.4687
79.2648
79.4094
78.4123
78.1223
77.4241
76.9584
76.1482
76.4156
75.8864
76.3302
75.3496
75.34
75.7423
75.9954
76.9108
76.9831
77.4151
76.9582
76.3737
76.9267
77.0063
76.5392
77.7862
77.0756
77.4318
78.1237
78.5313
78.6367
77.0632
76.0942
75.4507
75.7681
76.0834
76.0977
76.877
76.9433
77.7521
78.1718
78.7856
77.6103
78.5816
76.4455
76.6698
76.9423
77.2443
76.546
76.9042
76.1557
76.7439
75.2041
75.1391
75.6133
76.5759
76.0449
76.7207
76.5478
75.4919
75.5444
75.5732
76.1525
76.6773
76.0157
75.9286
75.9799
76.5442
77.2169
77.3714
76.8696
77.5444
77.3551
78.0331
77.9532
77.1878
77.9963
78.7701
78.8654
77.1734
77.7156
77.4964
77.1147
76.5227
76.8575
77.9016
78.2497
77.4882
77.4053
77.3991
77.7635
77.2205
77.8137
77.5821
75.8536
75.5904
76.6094
76.2188
78.0913
77.3247
76.1697
76.92
78.1451
78.4781
78.9905
78.6018
78.4708
78.456
78.1832
78.188
77.4364
76.9825
77.7792
77.941
78.0474
77.408
77.8375
78.3284
78.7404
77.6073
77.3954
77.2105
76.9143
76.7095
77.0644
77.165
77.6622
76.4048
76.959
76.7099
76.709
78.246
77.5242
77.2617
77.9236
77.5206
78.5999
77.7975
77.6098
77.5325
77.9829
78.0541
76.8342
76.6854
76.8772
76.0781
75.5537
76.1998
76.3968
76.8967
76.9292
77.1549
76.8912
78.1215
77.9376
78.3891
77.2192
79.1554
77.4581
77.6323
77.8957
79.0285
79.2006
78.0471
77.9979
77.8278
77.4992
76.5392
75.4698
75.4868
75.3398
74.8274
75.6944
76.5395
76.5488
76.532
78.1076
77.4174
77.085
77.4192
78.1511
78.4678
76.2342
76.1083
76.4052
76.6376
75.8813
76.3319
77.0956
76.8794
76.6536
76.6664
78.0132
77.7197
77.1921
77.4546
77.5533
77.1553
77.3729
78.3921
75.849
75.3108
75.6379
75.812
76.9232
76.9696
77.5814
77.0038
78.0686
78.6304
78.4797
78.3053
79.4094
79.3445
79.4506
79.1358
78.1167
78.8714
77.7309
76.7179
77.1951
76.4908
75.7601
76.1161
76.9677
76.0425
76.122
76.385
75.4838
75.3028
75.9793
75.8399
76.3921
76.4223
75.9073
75.8362
75.4047
76.1639
77.2354
78.1686
78.2751
77.1297
75.7761
75.8423
76.4537
77.1051
76.4922
76.8332
77.876
78.7615
78.4539
77.5404
77.909
77.6221
78.2363
76.4658
77.6822
76.7226
76.3033
75.9271
75.7446
75.4574
76.4458
76.6378
77.0774
76.3287
77.1674
77.5045
76.0938
75.652
75.728
75.9168
76.3775
76.3918
76.6839
76.8247
76.233
77.2161
77.4974
78.1237
78.4863
78.0983
78.0652
76.555
76.3678
76.3916
76.4926
76.3387
77.2112
76.5299
76.625
75.755
75.5743
76.0047
77.0652
76.8532
76.1413
74.9752
76.077
75.8858
75.9802
75.6241
76.536
77.038
77.2729
75.9401
75.5911
76.3309
76.4128
77.2837
77.7147
77.7459
77.0792
77.7848
75.5823
75.6454
76.6888
75.6147
76.8205
76.0934
75.6895
76.6794
76.1653
77.7417
78.5863
78.0044
77.3352
77.1398
77.1801
77.5572
77.7398
77.8433
77.748
78.588
77.8195
77.5413
77.4495
76.4634
77.7521
78.594
79.2043
78.7255
77.9924
77.9408
78.0963
77.5347
77.3265
76.7391
75.4556
76.813
77.0914
77.3046
77.1269
77.5383
77.0444
77.9188
78.2177
77.7795
77.4627
77.9919
78.4842
77.5819
77.7545
78.4185
77.9413
77.6825
79.5797
78.8517
78.7135
78.3607
77.3468
76.3726
75.9075
75.9709
77.1359
77.4561
76.5371
77.2708
77.868
77.2994
78.4475
76.3504
77.2032
77.1386
78.0401
78.8446
78.3696
77.6331
77.9505
77.1207
76.7216
76.0901
75.7979
75.5395
76.3613
75.0429
75.6908
75.5272
75.9113
75.8785
76.2046
77.9722
76.1793
76.1377
77.063
77.0356
76.5088
76.9708
77.1943
78.2768
79.1987
79.8244
80.7201
79.8576
78.5183
79.0902
79.3395
79.26
79.5013
78.1667
77.8292
77.8192
76.7068
76.283
76.9154
75.9282
76.5504
76.0626
76.1959
76.7808
76.6291
76.7975
77.7544
78.9335
80.8114
79.2582
77.7166
77.595
78.321
78.0443
77.6896
77.2119
76.6392
77.4055
77.3847
77.5814
79.0301
78.2939
78.9706
78.998
79.5656
79.549
77.7904
76.3019
76.74
78.0256
78.3198
79.6001
78.2264
79.3336
78.7115
78.2604
79.5993
79.9001
78.6039
77.6619
78.5684
77.7709
76.7781
76.0142
76.1356
75.2012
77.2506
78.3887
77.8617
77.0019
75.7931
75.352
76.5114
77.7077
77.3203
77.1939
76.2358
75.4678
76.4828
75.8508
76.7515
77.4427
78.2485
78.3998
77.4559
76.9446
76.8737
76.9968
76.6279
77.2726
76.0859
76.825
77.1544
77.0133
78.1115
78.9946
77.933
78.6455
78.5479
78.1877
77.5498
77.2352
76.915
77.1781
77.0965
75.896
76.7802
76.1748
75.9824
76.2094
75.0392
75.9822
76.2837
77.6789
78.2517
76.5566
76.5438
76.2363
76.0507
76.4401
75.7727
76.374
76.435
76.3232
76.8673
76.7824
76.6427
76.605
78.6149
78.0791
78.0794
78.0415
78.4156
78.0918
77.9226
77.4397
77.6636
77.0358
76.8579
75.7407
76.4057
77.5496
78.0804
78.7262
77.4764
78.1734
78.2088
77.9184
77.0738
78.0261
77.3682
77.0308
76.4851
75.5669
75.8704
77.2691
77.8454
77.4957
76.7617
76.431
75.3287
75.393
75.27
76.6184
77.0877
77.8363
78.8951
78.0534
77.091
77.5225
77.7805
77.2309
77.1949
77.1519
77.2469
76.8216
76.0822
76.4873
77.6752
77.5528
76.5172
76.369
75.6266
75.5171
76.2426
76.957
78.3197
77.7873
77.0042
76.5587
76.4805
76.5237
76.5425
77.0258
77.7239
77.3759
78.9522
78.7828
79.363
80.0955
78.2341
78.2093
78.8696
78.3245
77.1178
77.1627
77.1214
77.1081
77.9966
78.9438
78.5956
77.5602
77.4716
77.2161
77.3029
77.3609
77.4715
78.5535
78.4341
78.454
77.9776
78.466
77.7578
76.6762
78.1066
78.4277
77.4682
77.0672
77.821
77.4782
76.735
77.0232
76.3204
76.4776
76.0124
76.8918
78.0542
78.4085
78.2409
79.4405
80.1387
78.8971
79.3947
77.6809
76.4775
76.1947
76.4043
76.7206
77.4237
75.2214
75.6193
75.1966
74.5681
74.2207
74.6546
75.6728
75.0716
74.7457
75.9096
76.6188
77.2999
77.7508
78.4049
76.1545
76.7211
77.9999
76.9063
77.069
77.0014
76.8425
75.7296
76.3707
76.0146
77.854
77.8752
76.0043
77.1124
76.5977
77.1314
76.8993
76.8236
76.9349
77.2182
78.1676
78.8317
78.3111
77.6565
78.1247
78.8492
79.8986
78.6332
78.3056
77.2638
77.1089
78.1632
77.9857
75.522
75.6267
75.958
77.0619
77.5431
78.0984
79.292
78.5883
77.9293
78.1461
77.477
77.8476
77.9526
77.6653
76.4025
76.5476
76.9017
77.1878
76.4704
76.1684
75.6937
75.9532
75.9425
77.0613
76.9607
